[ 0.45813584  0.36718166 -1.2107542   0.34398997 -0.5460866  -1.1872567
  0.18920751  0.21521835 -1.7099484   2.727209   -1.1103657   2.2024841
 -0.9137383  -2.251125   -0.05140996  0.32221505  0.3680283  -0.29848668
 -1.2323217   1.1004891   1.5200218   1.941655    0.06565502 -1.681269
 -0.5811666  -1.3008834   1.153245    2.361344   -1.2206641  -0.37581584
 -0.38188913 -0.95202583 -0.7287583  -0.12067     1.5890535   0.9039874
 -0.85805506  0.03623084 -1.9228449   0.21246748 -1.2630242  -0.28848338
  2.0646899   0.7528917   0.62313324  0.20414256  0.13898917 -1.4661916
 -0.13961089  0.13473088  1.8201383  -0.7443991  -0.5024049   0.35123834
 -0.4824842   2.0836751  -0.01861668 -0.1856675   0.60396     1.7016233
 -1.2032784   2.7086132   0.5938709  -1.4990101   2.0020733  -0.30224743
  0.23169833  0.9212017   0.6443     -0.01810085  0.3346475  -0.01197668
  0.8331816   1.5523139  -1.3153332   0.76615334  0.99266076  1.7302624
 -1.1734058  -1.0256392   0.50185406 -0.6252499  -0.84608334 -0.14192416
 -0.60272247  2.7324677  -1.3803825  -0.17643745  0.6515842   1.2613975
  1.0703659   0.14518745  0.6942132  -0.43545333 -0.7384817   0.09254167
 -0.22264667  0.10379085  0.65787     2.0336876   0.18374997 -1.0351442
  1.5057966   1.4200649   2.106074    0.5188025  -1.1994826   1.0857176
 -0.52889335  1.7192415   0.32392418 -1.0285308  -1.7648635   1.8835015
  0.2639142  -2.7663624   1.4812984   0.09233997 -0.7420283  -2.2922375
  0.72030425 -0.26354918  0.3894225   1.6751066  -2.1573765  -2.4015377
 -1.0334316  -1.7361225   0.5427349  -1.3584985  -0.17951834 -1.2067333
 -0.7870733  -0.0471033  -0.5766175   1.8779274   0.92732424  1.1029483
  2.347415    1.501305   -0.04108842  1.0632108   1.1604842  -2.3813193
  2.1262965   0.6905442   0.31814003 -1.1454366   0.9401142  -0.697095
 -0.9764567  -3.2850173   0.34514165  1.4607149   0.13073742  0.46870995
  0.8789366   0.71074086  2.219969   -0.6505333   1.8803315  -2.3489392
  0.60642    -1.4874276   0.40111995 -0.33819166  1.3972493   2.6846466
 -0.8657833   0.70319587  0.9642792   1.15404    -1.5302783  -1.4826068
  0.14241332 -0.37258503 -0.81900746  0.36391914  3.0068808   0.30667332
 -2.3920534   2.3621147  -1.7417456   1.9687217   2.4486473   0.3293133
 -0.32106668  0.8859759   0.40342084 -0.12126917  0.45014414  0.18823747
  2.3598423   0.0594542   1.8556901  -0.23947833  0.80560327  0.44316414
 -0.75939006 -0.15926002]