[ 2.5625747e-01 -3.6541501e-01 -4.8379505e-01  7.0215750e-01
  1.9372900e+00 -2.9430252e-01  1.3252299e+00  1.2910250e+00
 -2.6298175e+00  8.2723498e-01  1.0838650e+00  2.1469150e+00
 -8.5966003e-01 -2.2635899e+00  1.2726851e+00 -1.6600001e-01
 -2.6705498e-01 -1.1421050e+00 -1.5332075e+00  2.0703325e+00
 -1.0959001e+00  4.2731323e+00 -2.7350678e+00 -2.4668249e-01
 -4.4798502e-01 -7.4058509e-01  7.8801000e-01  3.6973126e+00
  9.1507480e-02 -1.9431050e+00  3.8539255e-01  2.8660500e-01
  8.0564749e-01 -1.2380600e+00  2.6034675e+00  3.2319646e+00
 -1.1707550e+00 -1.6597250e-01 -1.3872151e+00 -5.9843749e-01
 -2.6301498e+00 -5.4857755e-01  3.9990673e+00 -2.0604475e+00
  4.7189245e-01  1.8322799e+00 -5.4507744e-01 -8.9491254e-01
 -3.4204960e-02  4.8135501e-01  6.9722247e-01 -5.1901752e-01
  4.7019252e-01  3.0137274e+00 -1.2307451e+00  1.6290926e+00
 -4.6584001e-01 -6.1295241e-01  3.8376749e-01  1.5498425e+00
 -6.2268746e-01  1.6982248e-01  1.2464650e+00 -1.2608275e+00
  4.0695754e-01 -1.9687247e-01  1.6320250e+00  1.7453001e+00
  5.7092506e-01 -1.3180600e+00  7.7233255e-01 -1.6644150e+00
  2.1423600e+00  3.0225677e+00 -1.9022350e+00  2.8883801e+00
  2.1626751e+00  6.8854988e-02 -2.0479226e+00 -1.6558975e+00
 -1.3404250e-01 -1.5455450e+00  1.9858000e-01 -5.9840006e-01
  3.6499000e-01  1.7352400e+00 -3.7242502e-01  1.3881474e+00
  4.0810204e+00  9.1135001e-01  1.2302250e+00 -6.1787254e-01
  5.9149247e-01 -1.0033975e+00 -9.7010255e-01 -6.6594255e-01
 -2.0716200e+00 -1.0498451e+00  2.5944746e-01 -1.2498050e+00
  4.7330251e-01 -2.9354699e+00  3.4916074e+00  2.0728424e+00
  2.1946623e+00  1.1247876e+00 -5.6197500e-01  6.9229251e-01
 -2.4388423e+00  4.1310000e+00  9.3279004e-01 -8.3780748e-01
 -1.7134176e+00  1.2696499e+00  4.1122823e+00 -1.7703450e+00
  3.6514497e-01  1.2001050e+00  1.4894300e+00 -4.0787496e-02
  2.3176050e+00 -1.8281176e+00  2.7602224e+00  6.4488000e-01
 -2.6811051e+00 -1.3869350e+00 -1.8428351e+00 -6.5579498e-01
 -1.6088926e+00 -2.1743751e+00 -9.0627742e-01 -1.0546499e-01
 -1.0154751e-01  7.2886002e-01  6.9701493e-01  6.2651253e-01
  9.6525002e-01  3.8712499e-01  3.1010549e+00 -3.4413505e-01
 -8.1986499e-01  1.5433326e+00  5.1708001e-01 -1.3715250e+00
  3.5648495e-01 -9.5144749e-01  5.6055248e-01 -2.3668199e+00
  1.2571424e+00 -7.6765752e-01  8.8460505e-01 -9.7853494e-01
  1.3582524e+00  1.3951401e+00  1.1988503e-01  5.4032999e-01
  1.2100925e+00  2.6439924e+00 -1.8516248e-01 -7.0554745e-01
  3.3331776e+00 -2.4752975e+00 -8.6231244e-01 -6.9575757e-01
 -1.8608526e+00  4.8068750e-01 -5.9806240e-01  4.1774149e+00
 -9.6412754e-01 -4.2752498e-01  2.3072476e+00  3.4409575e+00
 -2.1244998e+00 -1.8821576e+00  8.8522500e-01 -5.1382512e-02
  5.8670503e-01  2.6485751e+00  7.7704746e-01  2.2811422e+00
 -2.9352076e+00  3.5923049e+00 -8.3988005e-01  1.7029324e+00
  3.4179401e+00  7.7966249e-01 -2.0597747e-01  3.2802749e-01
  3.6910498e-01  4.9836248e-01  4.9285999e-01 -1.8412999e+00
  8.2275504e-01  1.2624425e+00 -1.1077975e+00 -5.9541500e-01
  1.0291674e+00 -1.6040248e-01 -3.3575296e-03  1.3704200e+00]