[-0.30168498 -0.264335   -0.12268999  0.38387    -0.85573006 -2.382895
  1.510535    0.14410496 -2.603755    1.5785449   1.4919      1.14206
 -2.590245   -3.595825    1.41124    -2.492605   -2.058935    1.5083951
 -1.95982     1.2268949  -0.801025    3.44062    -0.51448    -3.4015849
 -1.440525   -0.63546    -1.9425249   1.51614     0.891      -2.500835
  0.95730007 -0.23106498 -0.954965    1.414555    4.307005    0.80583
 -3.86598     3.61962     0.58219504  1.836705   -3.256335    0.4192351
  3.559795   -2.1252348   1.5713351   4.834175   -1.0160651  -0.36503005
 -2.3271103   2.188875    2.897355   -0.43932998  0.51029503  3.066255
  0.200115    2.2018101  -0.971305   -0.96554005  1.003095    1.3015848
 -0.25093997  2.177075   -0.85691005 -2.161515    1.3468399  -0.80070996
 -0.27745494 -0.18402004  1.026185    0.2901652   1.44409    -1.547945
 -0.40376496  4.188005   -1.268735    0.60866505  2.171225    1.92371
 -0.5048051  -3.844235    0.698305    0.22789502 -0.70573    -2.591455
 -1.550055    3.627205   -2.231955    0.03814    -0.29771495  1.064165
  2.2200902  -0.50935006 -0.352475   -1.247745    3.169035   -0.821695
  0.18257499 -1.12043     1.0550599   1.0833501  -0.49823    -0.60052
  3.40243     1.210015    1.7622601   2.1289601   2.44627     0.8306
 -2.503395    2.0762649   0.67086494 -1.712545   -1.613205   -1.058015
  0.5577251  -2.886835   -1.610445   -2.31706     1.37553    -1.2878852
  1.7172999   1.6701499   1.8997049   4.5045404  -0.78613997 -1.8765199
 -1.81294     1.44021     0.12664497 -0.62922996 -0.07204998 -0.666505
  0.469015   -0.33681     1.569055    0.33401504 -0.33341     2.158885
  4.42361    -2.065185    2.23281     1.264995   -2.031995   -0.35733002
 -0.74649006 -0.523385   -1.42641    -2.5735102  -0.99333495  0.60041004
 -2.4875898  -1.475175    0.176475    2.18945    -0.33336002  3.71003
  3.297115    1.087915    3.2872252  -0.14110501  3.07409    -2.8295898
 -3.06421    -2.34445    -1.68663     2.7440948  -1.4757102   2.6296499
 -0.00529996 -0.64425     2.604575    4.187665   -3.497695   -2.943245
  0.819845    1.3278099   1.025885    3.235265    3.780375    1.6811949
 -2.3409152   1.2628301  -1.3810999   0.719635    4.92898     1.7267101
  2.0553398   3.4781098   0.98947495  0.10455501  1.8623348  -0.13863504
  2.144975    4.215795   -1.7287049   0.14587998  1.6661499  -0.163335
  1.86267     2.2562099 ]