[[ 2.33571506e+00  5.99555016e-01 -7.91485012e-01  3.31860518e+00
  -1.85260013e-01  1.21257997e+00  8.84615064e-01 -2.61213517e+00
  -7.22079992e-01  1.79902005e+00  3.24710011e-01  1.81967008e+00
  -9.66295004e-01 -2.17748499e+00  1.41113508e+00 -2.90647507e+00
   9.28319991e-01  2.02004999e-01 -3.39649990e-02  1.57418501e+00
   7.87340045e-01  1.66959500e+00 -3.03653002e+00 -2.28134489e+00
  -1.02799997e-01 -5.64300001e-01  6.67675018e-01  5.68724990e-01
   2.79701996e+00 -1.94850993e+00  1.12198007e+00 -2.45574498e+00
  -1.16821504e+00 -6.70605004e-01 -1.42684996e-01 -1.39694989e-01
   1.82169497e+00 -1.72661495e+00 -8.69790018e-01  2.01959997e-01
  -1.27114999e+00  3.09430003e-01  6.18770003e-01  3.67215008e-01
   1.15711999e+00  7.16004968e-01  9.08719957e-01  2.33594999e-01
  -7.36650005e-02 -6.38049990e-02 -7.26749972e-02  1.70207500e+00
  -1.88538504e+00  6.46224976e-01 -8.12735021e-01 -1.01783001e+00
   4.66880023e-01 -5.79554975e-01 -1.27217996e+00  2.88999993e-02
   8.84789944e-01  1.59560990e+00  2.68754989e-01 -4.99075025e-01
  -3.46345007e-01  5.01639962e-01  1.00598001e+00 -2.89199986e-02
   7.76889980e-01 -1.01031494e+00 -1.07922006e+00  5.30300021e-01
   1.49094999e-01  1.92533994e+00 -1.49510002e+00 -4.61849980e-02
   1.49523008e+00 -1.69442511e+00 -9.19004977e-01 -1.60585499e+00
   3.84050012e-01 -7.12900013e-02 -6.57835007e-01  1.20003998e+00
   6.63214982e-01  1.21799493e+00 -8.84050056e-02 -5.54090023e-01
   1.79499993e-03  2.33576989e+00 -9.34910059e-01 -3.72804999e-01
   1.46497500e+00 -1.18000002e-03 -2.28363490e+00 -4.88899976e-01
  -2.54559016e+00 -1.26811504e+00 -1.51489997e+00  1.17196000e+00
   6.53474987e-01 -3.26588988e+00  1.09157002e+00 -5.99800013e-02
  -1.12853992e+00  7.20939994e-01 -1.51199996e+00 -1.43179998e-01
   8.89115036e-01 -1.09097505e+00  9.39809978e-01 -2.38038492e+00
  -1.15342498e+00 -2.42289990e-01  2.49685502e+00 -8.11895013e-01
   1.11047006e+00 -2.43365005e-01 -1.14353502e+00 -3.36100012e-01
   1.14451993e+00  4.05099988e-01  1.44388497e+00  1.93590000e-01
  -2.21033502e+00 -1.42827010e+00  1.15123010e+00 -7.17315018e-01
  -1.62085998e+00 -1.24438500e+00  1.96274996e-01 -1.41189504e+00
  -2.86262512e+00  1.93284988e-01 -5.73790014e-01 -1.21306002e+00
   1.17056501e+00 -4.27895010e-01 -4.20574993e-01 -7.35249996e-01
   5.78849986e-02 -9.08599943e-02 -1.59437001e+00 -6.50959969e-01
  -4.84259993e-01 -6.63070023e-01 -8.50700021e-01 -9.65169966e-01
   2.85716510e+00  9.62989986e-01  3.72595012e-01 -1.70729506e+00
   2.14087987e+00 -3.57060480e+00 -2.35437489e+00  1.51270998e+00
   1.89948499e+00  2.26810503e+00  2.17905498e+00  3.06928492e+00
   1.94243503e+00 -1.32217002e+00  5.35250008e-02 -1.11154996e-01
  -2.79751015e+00  5.33400029e-02  6.85209990e-01  1.03022003e+00
  -9.70664978e-01 -2.21273994e+00  1.35904503e+00 -2.35230994e+00
  -1.18754005e+00 -2.77312016e+00  3.25260013e-01 -5.52860022e-01
  -1.57495499e+00  2.13499999e+00 -7.24740028e-01  8.30709994e-01
  -1.76432502e+00  3.15436506e+00 -3.11015010e-01  3.52885008e-01
   2.19390011e+00  1.18951499e+00 -1.02841997e+00  1.96980000e-01
   1.22426498e+00 -8.26125026e-01  9.60905015e-01 -7.28850007e-01
   2.17969999e-01  3.84850025e-01 -6.50739968e-01  3.45369995e-01
   2.43100002e-01  1.25574493e+00 -6.49845004e-01 -1.67567992e+00]]