[ 3.23236614e-01  5.32186687e-01  9.41206694e-01  1.23200667e+00
 -8.00080001e-01  6.63540065e-01  3.02258015e+00 -7.49490023e-01
 -1.00266993e+00 -1.34439659e+00  1.89110661e+00  2.12670326e+00
 -2.39358997e+00 -3.73863673e+00  1.00814998e+00 -1.43594992e+00
 -2.98436671e-01 -9.22143281e-01 -3.01599503e-02  2.36337328e+00
  1.62340009e+00  5.18171024e+00 -1.43529332e+00  1.85702002e+00
  8.66916716e-01 -6.61893249e-01  1.15632665e+00  3.38979340e+00
 -4.79726702e-01 -3.15093994e+00  1.70839980e-01 -1.02032673e+00
  2.54503310e-01  1.39981019e+00  4.17863035e+00  1.84541667e+00
 -1.64490998e+00 -9.40099731e-02 -1.11896324e+00  4.79469985e-01
 -2.68458343e+00  3.35643983e+00  4.09875345e+00 -2.75816679e-01
  6.84099972e-01  1.85706690e-01  7.38413334e-01 -2.70380330e+00
 -2.41666719e-01  5.65813363e-01  4.34786648e-01 -4.57336634e-01
  1.44713342e+00  7.69106567e-01 -1.79106665e+00  2.93772626e+00
 -1.96871662e+00  2.42383376e-01  8.43456745e-01  2.08969331e+00
 -5.34793317e-01  2.35650992e+00  4.63619977e-01  4.10667108e-03
  1.31392324e+00 -5.26269972e-01 -9.69990015e-01  1.78419673e+00
  1.93249667e+00 -1.95551002e+00 -2.93999970e-01 -2.11958337e+00
  1.02735329e+00  3.12362981e+00 -1.59588659e+00  2.92531323e+00
  5.46850026e-01  9.73893344e-01 -9.05146658e-01 -2.47175336e+00
  1.69271660e+00 -3.18334675e+00  1.06859672e+00 -8.32883298e-01
  3.82500023e-01  2.91353011e+00  1.26944983e+00  2.24186349e+00
  1.87359974e-01  1.55417347e+00  1.51426327e+00 -1.82493341e+00
 -2.52199564e-02 -5.89940071e-01  1.03886330e+00  1.04257333e+00
 -7.45463312e-01 -1.42644322e+00 -1.05814993e+00  1.18786655e-01
  1.28673995e+00 -3.82544994e+00  1.00405991e+00  1.34525335e+00
  2.00928664e+00  9.95136678e-01 -9.61806715e-01  5.39006650e-01
 -3.02720332e+00  2.64147019e+00  9.57843304e-01 -9.27893341e-01
 -2.00922322e+00 -5.59156656e-01  1.91406608e-01 -2.92531657e+00
 -2.14990020e+00 -6.49213314e-01  1.74735987e+00  1.42347991e+00
  2.77156377e+00 -2.33983684e+00 -1.17229998e+00 -5.47566600e-02
 -1.61964989e+00 -2.52472997e+00 -3.76307702e+00 -1.29202998e+00
 -7.35296726e-01 -2.49663329e+00 -2.72401180e-02 -3.94368672e+00
 -4.06913280e-01 -1.15964341e+00  1.77258337e+00  3.27326655e-01
  2.73186713e-01  1.56280339e+00  1.43090010e+00 -1.17696667e+00
 -8.44780147e-01  1.03079665e+00  8.97806644e-01 -1.60896683e+00
  1.06689322e+00 -4.14267015e+00 -8.28593314e-01 -9.15526628e-01
  1.22389662e+00 -3.22064328e+00 -5.20020068e-01 -2.10549664e+00
  7.85820007e-01 -1.53361666e+00  2.35886648e-01 -4.13343340e-01
  6.83589935e-01  6.77896798e-01  3.05441666e+00  6.19996727e-01
  4.35490322e+00 -2.56089330e+00  1.21836996e+00  1.97993338e-01
  1.47594321e+00  1.46285677e+00 -6.10233136e-02  3.47678351e+00
 -7.67566681e-01  1.19808006e+00  2.20286623e-01  7.61143386e-01
  3.98183316e-01 -2.81874347e+00 -6.79806709e-01 -2.66973406e-01
  1.19367337e+00 -4.83890057e-01  1.23885000e+00  3.13933305e-02
 -2.59556675e+00  2.10742354e+00 -1.39278996e+00  3.68274307e+00
  3.49309993e+00  9.96480048e-01 -6.21713340e-01  7.00093269e-01
  6.64230049e-01 -7.50953376e-01 -9.09269989e-01 -6.43980026e-01
  5.29269993e-01  7.52430022e-01  1.62001669e+00 -6.54083312e-01
  1.93765008e+00  1.70890665e+00 -5.78209996e-01  2.39386633e-01]