[-6.7728335e-01  1.0476233e+00  7.3399983e-02 -7.4794668e-01
  1.9454996e-01 -6.9918340e-01  8.0477667e-01  1.0702000e-01
 -3.8023701e+00  8.3251667e-01  1.7191434e+00  2.6036065e+00
 -3.5824668e-01 -2.5356300e+00 -7.6593317e-02 -6.6525006e-01
 -2.0467799e+00 -1.1637233e+00 -6.8548328e-01  3.5703936e+00
 -4.6520999e-01  2.2425368e+00 -9.2279339e-01  1.6250901e+00
  5.9648001e-01  1.1781068e+00 -2.6368669e-01  1.5196434e+00
 -2.0920100e+00 -1.2448334e+00 -1.8093168e+00 -2.7807033e+00
  1.4209167e+00  4.0063667e-01  5.9894767e+00  1.5432466e+00
 -9.1955662e-01  3.8828334e-01  4.5535001e-01  7.3598337e-01
 -4.5383668e+00  9.5873319e-02  7.6486999e-01 -6.9144005e-01
  6.4794004e-01  9.7315669e-01  1.6645168e+00  8.0855006e-01
  1.4663299e-02  2.7265234e+00  1.6737033e+00 -2.0870268e+00
  8.7440342e-01  2.7493966e+00 -9.8718667e-01  2.1826735e+00
  5.1357335e-01  3.8021669e-01  1.7997700e+00  1.2672499e+00
 -8.2632667e-01  1.7481099e+00  1.1906267e+00 -2.1470501e+00
  1.7455134e+00 -1.1074834e+00 -8.9468008e-01  3.0436735e+00
  3.5033326e-03 -9.7464997e-01  1.0578338e-01 -1.7648734e+00
  2.8198900e+00  1.0400801e+00 -3.9170101e+00  1.5241033e+00
  3.0952659e-01 -2.4860673e-01 -2.5545266e+00 -3.5567768e+00
  8.0885339e-01 -2.9507065e+00 -5.3078336e-01  7.5942326e-01
 -3.1924067e+00  1.4906566e-02  1.7770667e-01 -5.0798345e-01
  1.1308302e+00  1.4048300e+00  8.2553349e-02 -3.3076334e-01
  1.6431002e-01 -1.1615300e+00  1.3633499e+00 -6.3330013e-01
 -6.0969990e-02 -1.4654900e+00 -2.7205673e-01  1.8259765e+00
  1.1735801e+00 -2.9095500e+00  3.6526566e+00 -1.3201001e+00
  1.3859267e+00 -8.8247663e-01 -9.4829994e-01 -6.4367998e-01
 -2.0066602e+00  1.8720665e+00  1.0496833e+00  1.8901434e+00
 -4.1211668e-01 -5.0505334e-01 -2.0550330e-01 -3.4893532e+00
  3.0292332e+00 -1.9547994e-01 -9.4203663e-01 -9.1350001e-01
  5.1416535e+00 -2.1407700e+00  2.4548433e+00  2.0846665e+00
 -1.7170067e+00 -1.6501766e+00 -1.4216766e+00  1.1553267e+00
 -2.9260668e-01 -9.5400000e-01  1.0814034e+00 -4.5368341e-01
  9.8447675e-01 -9.0226650e-01 -1.7516633e+00  2.0898366e+00
 -2.4654400e+00  2.1720333e+00  1.2743200e+00 -1.8872499e+00
  2.9504332e-01  6.2242669e-01  2.0728300e+00 -3.1347568e+00
  2.4044836e+00 -3.5954635e+00  1.6913800e+00 -3.5484934e+00
  1.4570235e+00 -1.5870733e+00 -6.0927004e-01 -2.5056267e+00
  1.6160101e+00  1.5568067e+00 -7.3973995e-01  5.6326336e-01
 -9.3276000e-01  1.3017067e+00  4.5896335e+00 -1.0071033e+00
  3.1086733e+00 -2.4951999e+00 -1.2540101e+00  1.0724334e-01
 -1.9466480e-03  1.0535933e+00  4.1879332e-01  2.3428166e+00
  1.3856300e+00  1.0775501e+00  1.5445000e+00  2.2715099e+00
 -1.4881001e+00 -2.5548067e+00  9.3635321e-01  9.4486338e-01
 -8.9603335e-02 -1.3642365e+00 -4.9943662e-01 -7.3659664e-01
 -3.7262366e+00  4.2390665e-01 -2.5498000e-01  7.6710337e-01
  3.4549968e+00 -3.9979002e-01 -8.6906987e-01  1.5748731e+00
  2.0650201e+00 -6.3760328e-01  1.2991834e+00  6.0461998e-01
  2.0617332e+00 -1.1564133e+00  8.4184664e-01  2.9146767e+00
 -6.3110667e-01 -9.4365317e-01 -1.5678334e+00  1.5133634e+00]