[-4.67986017e-01  3.84001970e-01  1.32193998e-01  1.13794112e+00
  9.07600045e-01  9.83334184e-01  1.49019992e+00 -9.02570903e-01
 -1.67825603e+00  1.15552294e+00  5.43648064e-01  2.29022408e+00
 -1.27356410e+00 -4.54161119e+00  1.58056006e-01  1.80231050e-01
 -1.13586092e+00  1.08915046e-01 -1.79054093e+00  2.38158917e+00
 -1.03348899e+00  1.71919703e+00 -4.22118038e-01 -3.72206986e-01
  3.48792017e-01 -1.68957293e+00  1.47291303e+00  1.94579577e+00
  1.88554019e-01 -3.13607991e-01  1.06820917e+00 -8.43310133e-02
 -1.74214005e-01  7.25380003e-01  4.42780924e+00  1.77846599e+00
 -7.08485007e-01  9.37204003e-01 -1.14084697e+00  9.15325940e-01
 -2.58131981e+00 -2.58576959e-01  2.33841085e+00  7.36631036e-01
  1.48472500e+00  1.27970004e+00  7.20001478e-03 -1.51652014e+00
 -6.74076974e-01  1.25356793e+00 -4.97570038e-01  8.02026093e-01
  2.53274024e-01  1.53971612e+00 -6.79583013e-01  1.71039796e+00
 -6.24287963e-01  2.00287604e+00  1.66889095e+00  1.63344312e+00
 -1.03526592e+00  3.11650133e+00  5.73868036e-01 -1.87607706e+00
  6.13306999e-01  8.40761006e-01 -1.34432197e+00  4.38395977e-01
  4.88986015e-01  1.68482208e+00  1.85559118e+00 -1.13681388e+00
  2.02857494e+00  1.89364791e+00 -2.76979589e+00  2.25418305e+00
  5.87253034e-01  2.01679182e+00 -1.26592994e+00 -8.69596004e-01
  1.99304014e-01 -1.56155396e+00  5.39581060e-01 -1.18575788e+00
 -9.35206056e-01  2.55592704e+00 -7.16213048e-01  1.26110291e+00
  1.05910408e+00 -1.85875967e-01 -2.48100068e-02  7.47019887e-01
 -1.68532103e-01 -2.12323189e+00  7.95923948e-01 -1.42765903e+00
  5.49176037e-01 -1.20151913e+00 -6.69340968e-01 -2.72984982e-01
  2.45407200e+00 -2.54718232e+00  1.94786489e+00  2.37070918e+00
  1.73449588e+00  4.49230015e-01  1.23860119e-02 -4.38500335e-03
 -2.35876039e-01  7.85551965e-01 -3.27629745e-02 -1.32064104e+00
 -9.88633037e-01  3.71936023e-01 -7.53888011e-01 -2.76559830e+00
 -9.29001987e-01  5.16603112e-01  6.84910044e-02  1.10194612e+00
  3.35415721e+00 -2.87780881e+00  1.18775320e+00  8.74926925e-01
 -2.64897895e+00 -2.35626388e+00 -1.89782596e+00 -5.48579037e-01
  2.38950968e-01 -2.01651096e+00  4.95658010e-01 -6.08085036e-01
 -3.51709947e-02  3.77633035e-01 -8.31762969e-01  2.12716699e+00
 -2.03622222e+00  1.73569894e+00  1.29339385e+00  5.63937008e-01
  9.68665898e-01  2.43790698e+00  8.24027061e-01 -2.29769611e+00
  4.40579981e-01 -1.70072293e+00  7.56650195e-02 -1.45510507e+00
  1.49092591e+00 -1.12607503e+00 -1.63308010e-01 -2.76053309e+00
  9.29644942e-01 -5.97356975e-01  2.72441983e-01  7.74717987e-01
  9.45576012e-01  1.46584499e+00  2.33234787e+00 -1.88508004e-01
  2.83559990e+00 -2.20326591e+00 -7.76254058e-01 -6.67389035e-01
  1.14212799e+00  8.67677987e-01  1.18833506e+00  3.51465297e+00
 -8.04492116e-01  6.93013012e-01  2.10711986e-01  1.01263499e+00
 -8.33411038e-01 -1.86606908e+00 -3.47577006e-01 -5.88766992e-01
  3.36399563e-02  6.09372020e-01  1.28084600e+00  2.92789936e-02
 -3.90050507e+00  1.15091205e+00 -1.43472207e+00  2.75627422e+00
  3.52748990e+00  6.55009031e-01 -4.66476023e-01  5.68561971e-01
 -3.21316987e-01  3.28751028e-01  1.34920907e+00 -1.84375018e-01
  5.29931009e-01  5.10954976e-01  2.53403962e-01 -6.14202023e-03
  1.23652506e+00  2.80118942e-01 -1.34011805e+00  1.31837714e+00]