[-0.04599335  1.8851551  -0.48957828  0.20629334  1.45985     1.5280784
  1.0777184  -0.94738334 -1.1782951   1.8778033   0.31945163  2.9585867
 -2.2442067  -3.6572583  -0.60954326  0.41713175 -1.7527367  -0.4954467
 -3.6051047   1.9108385  -0.18632334  2.6676483  -0.8884683   0.3985683
 -0.35316    -0.98051     1.3246534   2.5111783  -1.0473601  -1.0970067
 -0.07789332 -1.5666118   0.361905    0.14300834  3.7322216   1.9233402
 -2.0704117   0.2553183  -1.4194802  -0.7865484  -3.8738697  -1.5305352
  3.620635   -0.19206493  0.2459467   1.2439266  -2.8712215  -1.7182668
  1.3343884   2.1021316   0.26298332  1.0997916   0.221555    1.4701067
 -2.444153    1.5594783  -0.6185283   1.1872716   0.1923716   2.0478299
 -1.10965     1.8145868   0.73029494 -1.8386316   1.6598517   0.05417164
  0.8646717   0.9232518   0.83861834 -0.7212549   2.4490616  -0.13871165
  0.87431335  2.0840983  -2.3542435   2.2918918   1.885745    0.35101333
 -2.44975    -0.5903566  -0.208535   -1.2825667  -0.2525283  -0.6379317
  1.54788     2.8006732   0.06312667  2.3325665   2.4311583   1.4370633
  0.71410674  0.84461164  1.7566584  -1.1783266  -0.7926166  -2.4598901
 -1.828375   -0.50084335 -1.537175    1.21166     1.3733817  -2.7669284
  3.5832665   1.6041433   0.8027616   0.8124817   0.10574833 -0.72247165
 -2.6549814   1.6613415   1.9729099  -1.9592099  -2.4671533   0.7944667
  1.416545   -2.1599867   0.4184933  -0.390775    0.9112466   0.8797917
  2.158595   -2.8605068   3.0458698   0.38381493 -0.7771499  -1.8343967
 -3.12371    -0.9888034  -0.36361662 -1.4977001   1.1286666  -2.3486698
 -1.3413833   1.1299584   0.202715    0.10713824 -1.5370984   1.0200783
  1.192065    1.5357217  -1.1887482   1.6704501   0.96527165 -2.0824966
  1.9913583  -0.6445884   0.5050116  -3.4989402   1.34608     0.13804832
  1.05885     0.85885334  1.8019651   0.9210301  -0.19677006  0.27282998
  1.6502384   3.3249981   1.4379417   0.06548166  2.7939117  -1.1629066
 -0.6630933  -1.1774498  -1.6657567  -0.57615334  0.34072503  5.2451463
 -1.348235    1.7362283   1.3779167   1.6705183  -1.8873152  -0.6645084
  0.17343998 -0.58151495  0.57951826  0.39011502  0.09672994 -0.6602784
 -3.4117749   1.6645417   0.686155    1.8649598   4.0214815   0.9510517
 -0.52432495 -0.7330067  -0.41935667 -0.623855    1.81309    -0.68512493
  0.9592034   1.3136933  -0.36941662  0.73801166 -0.26074836  1.2328
  0.08117501 -0.46419835]