[[ 1.05383297e-02  2.47516679e-01  5.90340018e-01  7.01901674e-01
   3.52358321e-01 -4.20721655e-01  4.72093339e-01 -7.12599965e-02
  -1.00919501e+00  3.90961677e-01  3.63753339e-01  3.96563311e-01
  -4.50485011e-01 -6.88256691e-01  2.65553335e-01 -1.22408370e-01
   8.37999582e-03  1.04371667e-01 -4.06735001e-01  2.75718336e-01
   3.99433324e-01  5.14329990e-01 -6.63731694e-01 -1.37151664e-01
   3.27054997e-01  3.51000031e-02  1.65466671e-01  8.60781689e-01
  -3.98674972e-01 -6.73051685e-01 -1.79086655e-01  1.03916725e-02
   5.73883454e-02 -2.84508328e-01  1.69325002e+00  1.86074972e-01
  -3.23816538e-02 -1.75766667e-01  1.60894980e-01 -2.44878342e-01
  -8.21409985e-01 -1.16741657e-01  9.70364968e-01 -1.34295002e-01
  -1.46556666e-01  1.05246834e+00  3.77788305e-01 -6.34011686e-01
  -1.33261641e-01  8.13424975e-01  7.71753351e-01 -3.07606677e-01
   5.71661653e-01  6.98463341e-01 -1.08137997e+00  3.19266667e-01
  -1.38993337e-01  2.51360017e-01  1.96545001e-01  6.56371673e-01
  -6.24408330e-01  7.41238336e-01  4.89476681e-01 -8.55345011e-01
   7.58166686e-02  1.11803333e-01  4.78138328e-01 -3.19893330e-01
   1.10227500e+00 -1.29116674e-02  1.24609832e+00  1.44906665e-01
   1.34698999e+00  1.05558336e+00 -1.74318663e+00  8.83523345e-01
   7.03003327e-01  2.78195004e-01 -5.83891690e-01 -8.47184996e-01
  -1.51256661e-01 -8.01428338e-01 -5.18086707e-01 -8.26029999e-01
   1.01478338e-01  3.07150006e-01 -5.36636665e-01  3.06296666e-01
   1.45228171e+00  1.77303334e-01  3.26124995e-01 -5.18000126e-03
  -2.07738360e-01 -3.43429993e-01 -6.35658326e-01 -4.44956700e-01
  -3.12279999e-01 -4.50091650e-01  2.30086644e-01 -3.93226678e-01
   6.41245008e-01 -1.15548503e+00  1.11286330e+00  3.99151683e-01
  -2.54023333e-01  5.59786677e-01  2.69553324e-01 -5.19233321e-02
  -6.22779985e-01  1.93053325e-01  5.49609999e-01 -5.31411710e-01
  -2.73873329e-01 -5.37258357e-01  5.39978345e-04 -6.83486660e-01
  -1.81865056e-01 -5.16093314e-01 -3.96310002e-01 -2.54206667e-01
   1.02515169e+00 -5.79141666e-01  2.67666578e-02  6.57749971e-02
  -3.90928308e-01 -1.19014007e+00 -2.53039976e-01  5.85620008e-01
  -1.60806671e-01 -1.00253669e+00  5.26738365e-01  2.26661667e-01
   1.49026672e-01 -4.40341632e-01 -5.44704979e-01  7.09213336e-01
  -1.44626662e-01  6.17706666e-01  3.61386677e-01 -3.34689975e-01
  -4.37633296e-02  6.68876688e-01  4.53146656e-01 -1.05642664e+00
   3.28868320e-01 -4.05201664e-01  3.84750009e-01 -1.13604502e+00
   1.46302168e+00  4.17499741e-03 -1.63503329e-01 -2.24446664e-01
   9.37968294e-01 -5.83994995e-01 -6.12538338e-01 -3.79596670e-01
  -3.27969998e-01  1.03295501e+00  7.83698380e-01  3.55599999e-01
   1.04907004e+00 -8.62211714e-01 -1.05362997e+00  1.24890000e-01
   7.12081651e-01  2.33648320e-01 -9.85216672e-02  9.12124972e-01
  -2.05818327e-01 -5.22599975e-01  1.18178328e-01  7.45920022e-01
  -2.05165009e-01 -4.54561681e-01  4.55518345e-01  4.79654988e-01
   1.41985006e-01  2.00116680e-01  3.04984997e-01  1.65429994e-01
  -7.27289975e-01  5.97139974e-01 -3.34741672e-01  3.32118332e-01
   8.73788317e-01 -4.13630029e-01 -3.21021671e-01  6.53833399e-03
   2.36559995e-01 -2.99554984e-01  3.57579996e-01  5.20999978e-03
   6.58216675e-01  2.15205004e-01  1.16853334e-01  1.37540003e-01
   5.36408325e-01  1.42583450e-02 -2.14538346e-01  3.61120015e-01]]