[ 5.9783340e-02  7.0247000e-01  2.4931665e-01  2.3555899e+00
  1.0798800e+00  1.9959866e+00  2.9288000e-01  2.7851036e+00
 -8.7908000e-01 -3.7388000e-01  1.9825300e+00  2.4747834e+00
  4.5237336e-01 -2.5519366e+00  1.4790832e+00 -4.6396998e-01
 -1.8483534e+00  1.0781000e+00 -2.3594766e+00  2.7230968e+00
  6.8781334e-01  3.7736633e+00 -1.4940599e+00  8.1452674e-01
 -1.0566067e+00 -1.3244634e+00 -1.3245400e+00  2.1337767e+00
  8.6732334e-01 -7.1003333e-02  2.8149664e+00 -1.5163368e+00
 -6.3714665e-01  1.2075334e+00  4.0423632e+00  2.6480398e+00
 -2.3118966e+00 -4.9106669e-01 -8.6397332e-01  5.9491330e-01
 -1.1123233e+00 -4.4823367e-02  2.8700533e+00 -7.7119666e-01
  1.0219733e+00  8.5724670e-01 -1.0588499e+00 -8.3328336e-01
 -6.6733561e-03  1.6061798e+00  1.9685434e+00 -2.5609335e-01
  3.5888663e-01  2.3533304e-03 -1.1360101e+00  1.5926566e+00
 -7.9720324e-01  5.4904336e-01  9.1915005e-01  2.5199134e+00
 -3.2246658e-01 -9.3019676e-01  2.4075334e-01 -2.5151734e+00
  8.6435670e-01  6.8735003e-01  1.6692673e-01  2.2327499e+00
 -3.2184997e-01  3.6257339e-01 -2.5113344e-02 -8.4205335e-01
  5.9606332e-01  1.1828400e+00 -3.1866333e+00  1.9399133e+00
  2.4659865e+00 -6.1463278e-02 -1.6898299e+00  6.5408999e-01
 -2.7627000e-01 -1.2212666e+00 -4.8484001e-01 -2.3252699e+00
  1.1297266e+00  2.3362367e+00 -6.7899340e-01 -2.1873339e-01
  2.5396099e+00  1.2301601e+00  1.8167667e+00  7.1597987e-01
  9.4020337e-01 -3.1437334e-01 -1.5274934e+00  5.6215000e-01
 -1.5304565e+00 -2.5205300e+00 -7.0414668e-01  5.0680000e-01
  1.2143101e+00 -2.5608633e+00  1.1986666e+00  1.6129866e+00
 -8.0926996e-01  8.7368006e-01 -1.0173003e-01  1.2964600e+00
 -1.3545799e+00  3.0701168e+00  1.2673899e+00 -2.5427334e+00
 -1.5322967e+00  1.2830533e+00 -2.1881668e-01 -2.4479034e+00
  1.5191201e+00  1.9757333e+00  6.4767003e-01 -2.2181337e-01
  2.1815534e+00 -2.4593699e+00  3.3119268e+00  7.2741002e-01
 -2.2214667e-01 -7.6224661e-01 -2.1057234e+00  1.5594233e+00
 -5.8786327e-01 -3.0111835e+00 -1.9435767e+00 -4.1124335e-01
 -9.3557996e-01  3.6236644e-02  2.6060066e+00  1.9180065e+00
  8.2203668e-01  2.0066302e+00  1.4502133e+00 -1.5470400e+00
 -2.4413669e-01  2.2736065e+00 -9.2986695e-02 -1.1692901e+00
  2.3602703e+00 -1.4606433e+00 -1.1239234e+00 -2.7290566e+00
  2.7512531e+00 -5.6019002e-01 -1.8893799e+00  2.8056669e-01
  1.0967665e-01 -2.2800023e-02  1.4640199e+00  1.5271034e+00
  3.0210665e-01  3.1990366e+00  3.7855664e-01  1.1386400e+00
  3.3230898e+00 -4.5304370e+00 -2.4968731e+00 -2.0438066e+00
 -2.8968665e-01 -4.3706998e-01  1.4949232e+00  3.1979599e+00
 -1.7697266e+00 -1.0303005e-01  2.7752266e+00  2.4598932e+00
 -1.2397867e+00 -1.9117333e-01  2.9885000e-01 -1.0503300e+00
  2.5661566e+00  1.5782601e+00  1.0442199e+00 -3.2214674e-01
 -2.6433566e+00  9.1924995e-01 -8.3073670e-01  1.8725266e+00
  4.8340831e+00  1.0360566e+00 -9.3510658e-01  2.5375235e+00
  1.5228601e+00 -5.2454662e-01  2.2506766e+00 -1.9830668e-01
  3.9231269e+00  9.4047666e-01  3.1467133e+00 -7.8199701e-03
  1.5237335e+00 -1.0629634e+00 -2.5931034e+00 -1.2153665e-01]