[ 0.25108942  1.3387922  -0.41670114  0.1913253   1.6907082   0.5622665
  0.34307292 -0.7043523  -1.4220536   0.361497    0.5660235   2.4105315
 -1.0042181  -3.0824335  -0.0487553  -0.2735171  -0.67046237 -1.7612082
 -2.247371    1.1251206   0.2969247   2.7353764  -1.349299   -0.14905535
 -0.7874617  -0.32081294  1.4929457   3.2575288   0.02290061 -1.1550417
  0.00758002 -1.0239581  -0.55195826 -0.16160236  2.9522483   2.1059995
 -1.6977358   0.30183002 -1.3310928   0.4983488  -2.8510194  -0.6007135
  1.924679   -0.65359116  0.9819234   0.72405356 -0.5075506  -1.3313977
  0.89345586  1.1085206   0.54866296  0.44177413 -0.5852318   1.0028853
 -0.97440004  1.6147194  -0.37193236  0.9452447   0.51742524  2.0352068
 -0.5420041   1.4114035   1.7936457  -1.3382759   1.3609881   0.71341944
  0.7625617   0.80572593  0.3173106  -0.10662117  1.20889    -1.4629211
  0.95855176  1.7844177  -1.9332641   1.1514606   1.12264    -0.02783588
 -2.1202447  -0.41912055  0.1890676  -1.0367      0.14737059 -1.3232969
  0.589633    2.5990205  -0.5028311   1.3484824   1.7808564   1.5721948
  0.94122773 -0.22583     1.3442736  -0.6414059  -0.52635765 -0.29305708
 -1.3207096  -0.3909965  -1.1718988   0.10842289  0.21288413 -2.726908
  2.9693217   0.94779     1.7643076   0.24066235 -0.8439072   0.06301826
 -2.40068     2.1417136   0.5811735  -1.2140346  -1.7269582   0.8517576
  0.90343755 -2.0331314   0.5901894  -0.19931293  0.4766365   0.23815943
  0.9851541  -1.5116419   1.8322829   0.98960304 -1.0025235  -1.5895287
 -2.0015378  -0.07343763  0.72623646 -0.96239775  0.48622647 -1.548293
 -1.1088724   0.59725237  0.38013998  0.32288766 -1.2855558   1.4414877
  0.904617   -0.08461707  0.2500882   2.0079412   1.268631   -1.200654
  1.0773225  -1.0242124   0.8104806  -3.0972104   1.1013005  -0.14151883
  0.8294323  -1.1468117   0.89175415  1.2707782   0.2792806   0.03990823
  1.3341306   2.7202275   0.9119059  -0.69713414  2.3441682  -1.8683747
 -0.3439788  -0.3237988  -0.82059413 -0.19085412 -0.4864071   3.9687078
 -1.9971771   0.75739175  0.958614    0.80985826 -1.4198084  -1.7475353
  0.39124057 -0.33916295 -0.47678533  1.1155615   1.741997   -0.60458773
 -1.9138446   2.127332   -0.34194413  1.8385764   2.7020748   0.22280706
 -0.08306648  0.43948826  0.28676003  0.5175377   1.1801971  -0.38940054
  1.8879812   1.6937325   0.9821546   0.53312826  0.3164794  -0.04084704
 -0.23284237 -0.03264649]