[-0.22658502  0.67376     0.348195    0.08101168  0.21301997 -0.13233835
  0.17619    -0.03028501 -2.2745998   0.23414004  0.31170338  1.5645933
 -0.62273335 -3.158685    0.660885   -0.40901673 -1.333095    0.27695167
 -3.0339031   2.0964568  -0.89555335  3.2418149  -1.3478084   0.1222733
 -1.3183066  -1.5673233   2.2688785   2.7959664  -1.7990351  -0.503845
  1.6680766  -0.5038733   0.04183833  0.78663     2.9848683   1.8224865
 -1.8308415   0.3070183  -1.1679717  -0.3902283  -3.6052048  -0.78117824
  1.9545183   0.31227997  0.15712835  1.7832683  -0.6597     -1.0592016
  0.9641617   0.45646158  1.2737466   1.6088351  -1.0938884   2.0822532
 -0.8278766   0.41227332 -0.04067001  1.3718067   1.1560916   2.2602432
 -1.3841451   2.1691415   0.20572336 -2.04582     0.21007831 -0.4247733
  1.1910567   0.43227002  1.494595    0.03019666  1.2355018  -0.7912049
  0.25268665  1.92767    -3.3149269   0.47186002  1.0670849  -1.2322
 -1.4838833  -0.35385498 -0.6299266  -0.9745117   0.08971167  0.17895333
  0.13179667  3.4308834  -1.817215    1.7769798   1.4899502   0.3417783
  0.32362166 -0.49574503  2.02646    -0.37486997 -0.15584166 -1.2669767
 -0.78771836 -0.40749332 -1.2055566   0.66612005  1.4821149  -3.2648017
  2.9487717   0.9468932   1.1106083   0.81776834 -0.48358846  0.9875267
 -1.9486467   2.3164482   0.46824494 -1.76451    -1.6208383   1.2441634
  0.9315999  -3.0382416   1.0662183   0.8833417   1.7168932  -0.34891006
  2.4329166  -2.8216817   1.3511868   0.31335    -1.1731367  -1.5223533
 -1.9158483  -1.5520767   0.36763668 -2.8031852   0.52911335 -0.587945
 -1.615935    0.13641675  0.01937003  1.6723367  -1.1285466   0.9796117
  1.80582     1.0870867   1.16709     1.8451267   0.2158     -1.9330502
  2.0483897  -1.4150633  -0.77416664 -1.9937216   1.5920318   0.71547836
  0.02540332 -0.8352317   2.0049684   1.0489134  -0.30513668  0.28622162
  2.7115948   2.0284283   1.62501    -0.81718665  3.5150852  -0.76404333
 -0.48051    -0.17101331 -0.4889516  -0.4482017   0.89625496  2.8676784
 -1.0187666   0.878325    0.62853503  0.8742034  -1.00908    -1.6391749
 -0.25544167 -0.249155   -0.7434717   1.1750684   2.522455    0.20616166
 -3.4273598   2.390025   -0.9991601   0.768655    3.3776767   0.56567
  0.35381007  0.3403667   1.0932066  -0.02316669  2.1761734  -1.3980817
  1.7294283   1.77039     0.6724334  -0.45257163  1.4573265   1.6410033
 -2.3206317  -0.8190717 ]