[ 0.78091     0.16149    -0.11241496  0.39114496 -0.31844497 -4.34898
  2.10358     3.1037602  -5.57539     1.330405   -1.79501     2.586185
  1.6819451  -1.097995   -2.640725    1.059125   -0.01877001  1.63301
 -2.13834     7.3546953  -0.9634099   4.2964153  -0.771155    0.526815
 -1.333705   -1.19671    -1.76363     2.300915   -0.18710998 -3.04494
 -0.795995    0.34027505 -0.62665004  1.09604     2.6485453   2.717325
  0.1627      0.7067851   1.2950599   3.265755   -0.467755    2.121725
  1.728895   -5.5475903   0.4173     -0.40941     1.6015351  -0.42132497
 -0.24117     0.31117505  3.561835   -2.18952    -1.23924     1.8928801
  0.97227997 -1.24429     1.67544     1.411885    1.9990551  -1.2917
  1.68084     4.82988     2.914915   -1.7195101  -0.35708505  1.147385
 -2.68827    -0.35442498  0.15292501 -1.9935551  -0.75119996 -0.00844514
 -0.65639496  2.499595   -3.80229     0.849735    2.715595   -0.23312509
  0.57961    -3.97689     1.54613    -1.6538651   1.9915051  -0.27671504
 -1.58641     1.85095     0.45795003 -0.64674     2.26968     3.9977202
  0.74113005  1.068435   -0.02146506  2.769805    1.276735   -0.787465
 -1.5738602  -3.70267    -0.35022005  1.33189     1.555235   -4.553115
 -0.22623503  0.33674502  0.17112994 -1.3724751  -4.30831    -1.8356801
 -4.11469     1.0022049  -1.104075   -2.2404351  -2.785995   -0.65839
 -1.0467751  -4.76176     1.741025   -0.87975496  2.9198852  -2.425055
  3.81581     0.04473996  8.1744795   0.12329    -2.147555   -3.7337599
  1.510695   -0.54039     1.2423949  -1.17714    -0.04628503 -3.0861797
 -4.938055    0.6479      1.662425   -1.334425   -2.137805    3.0001252
  0.76625997 -1.908635    0.16292     1.099525   -0.640995    2.552295
 -0.713905   -2.961955    1.3810949  -1.362345   -1.2923249  -0.77887505
  1.3961351  -4.0582747   2.111855   -1.8051201   2.0297499  -0.8499101
  1.55726    -0.41338998  2.61576    -2.0646      3.42029    -1.04497
  2.8532748   0.425055    2.27528     1.49731    -2.20864     0.7052
 -4.881205    0.22378504  2.443915    3.663055   -0.50319505 -1.6388751
  3.4591851  -0.01763999  0.58370996  3.87812     1.610455    2.330265
 -2.0134299   3.5533352  -1.698165    4.60623     5.2538147   0.44105983
 -0.1467452  -0.19091001 -3.2814202   2.897135   -0.26840997  0.59345007
  0.30234498 -1.0652599   0.14218009 -2.8364      3.312025    0.56244004
  2.245325   -0.90949005]