[ 2.51749754e-02 -9.98960018e-01 -1.62900001e-01  5.35029888e-01
  9.98740017e-01  1.86070085e-01  4.45190012e-01  1.56633508e+00
 -2.42679501e+00  9.87000167e-02  2.86297512e+00  6.99379921e-01
  3.33384991e-01 -3.32605004e-01  9.92295027e-01 -8.75790000e-01
 -2.10491014e+00  3.23944998e+00 -1.30572510e+00  3.05434513e+00
 -1.57966995e+00  2.57955503e+00 -1.33161497e+00  5.82435012e-01
 -1.18274999e+00 -1.06728506e+00  2.53800154e-02  3.33539510e+00
  1.24372995e+00  6.84270024e-01  3.55714011e+00 -1.18178499e+00
 -1.33232498e+00  6.80685043e-01  4.42652512e+00  2.64882994e+00
 -3.19626999e+00  3.16500038e-01 -1.79943001e+00  6.49330020e-01
 -2.00777006e+00  7.90904999e-01  4.38059998e+00 -1.40372002e+00
 -3.90270025e-01  3.53140020e+00  1.44790053e-01 -1.68240499e+00
  8.92210007e-01  2.26404500e+00  2.38329506e+00  1.48627996e+00
  2.24439502e+00  1.57312000e+00 -5.45044959e-01  2.03719497e+00
  1.35257494e+00  2.06900001e+00  1.13050997e+00 -2.79110014e-01
 -9.52660024e-01 -1.14424503e+00 -4.12475020e-01 -4.62445021e-01
  1.42544508e+00 -8.71860027e-01  2.99674988e-01  3.36297512e+00
  3.40832996e+00 -1.88804984e-01 -1.62005424e-03  6.38849974e-01
  5.34260094e-01  2.75096512e+00 -6.55179918e-01  2.22270489e+00
  8.78165007e-01 -2.27149725e-02 -1.02399886e-02 -1.96594501e+00
 -1.34985995e+00 -1.76606500e+00 -2.21003008e+00 -1.56350005e+00
  1.75716996e+00  7.81699896e-01 -5.94404995e-01 -1.48586500e+00
  2.43154502e+00 -4.53375041e-01  2.20071483e+00 -1.84419990e-01
 -6.55075014e-01  3.36124986e-01 -1.81725010e-01  9.72009957e-01
  2.12159932e-01 -4.30469990e-01  2.10936999e+00 -2.02329993e-01
  1.12802005e+00  6.59895003e-01  1.63853502e+00  1.96360493e+00
  4.49654937e-01  1.49297500e+00  9.75714982e-01 -2.14076996e+00
 -1.55913496e+00  2.48045993e+00  4.74875033e-01 -2.07966495e+00
 -1.59098506e+00  1.23217499e+00 -2.65120000e-01 -1.69648504e+00
 -2.46531010e+00 -2.98205018e-01  1.59853506e+00  1.00613511e+00
  4.23061991e+00 -2.13305011e-01  2.37791014e+00  1.56050503e+00
  5.61679959e-01 -3.41609001e+00 -1.38678002e+00  3.04085016e-01
 -8.16425025e-01 -4.35210514e+00 -2.04949975e-01 -2.36679912e-01
 -6.11199886e-02 -1.55475998e+00 -7.92314887e-01  7.17480063e-01
 -7.42029965e-01  1.48313498e+00  2.43610001e+00 -2.70756984e+00
  1.84035504e+00  2.71769500e+00  1.61769497e+00 -2.04279017e+00
  2.80926490e+00  5.31130016e-01 -7.43754983e-01 -3.33258486e+00
 -1.17116010e+00 -1.10599995e-02  3.91854972e-01 -2.35435009e-01
  1.52260518e+00 -7.26100057e-02  2.40945506e+00  3.32476497e+00
  5.45189977e-01  1.20800006e+00  2.76867008e+00 -7.59564996e-01
  9.29885030e-01 -2.71649504e+00 -2.12449980e+00 -8.25025082e-01
 -2.10844517e+00  1.50825500e+00 -6.38955116e-01  1.83611989e+00
 -1.30575001e-01 -1.43929958e-01  1.17543983e+00  2.50637007e+00
 -1.86522007e+00 -1.65506494e+00 -6.94784999e-01 -8.38145018e-01
  1.55426502e+00  3.75636482e+00  1.26000002e-01 -1.36031497e+00
 -4.30873966e+00  3.51083493e+00 -4.38104957e-01  2.13289499e+00
  4.06270981e+00  2.42629480e+00  2.48715043e-01  7.29529977e-01
 -1.06516004e+00 -6.09360039e-01  3.62948990e+00  1.90005004e-01
  9.30360019e-01  2.20447493e+00  3.63479519e+00  7.75094986e-01
  1.08981001e+00 -3.99365008e-01  1.69102502e+00  1.28794003e+00]