[[-0.49191714  0.60385147 -0.35840856  0.43924574  1.75952137  0.02752714
   1.22112143 -0.55460426 -2.88422866  0.77475001  1.64306145  2.03666283
  -0.94601716 -2.68002144 -0.33852716  1.48016577 -1.93983278 -0.31455286
  -1.57471141  1.88120003 -0.50409859  2.15531431 -0.30492713  0.04171862
  -0.02600143 -1.67841282  0.64358427  1.80751576  0.12516712 -1.52754578
  -0.33897145  0.06448427 -1.47549289  0.52567142  1.82226293  1.85487711
  -1.3562657   0.53719999 -1.12372713 -0.56903857 -2.78205713 -0.66947572
   2.79023431 -0.79134285  0.67112572  1.09889288 -1.58593571  0.06105853
  -1.03099424  1.22918142  0.40499003 -0.37997996  1.53567278  1.29043145
   0.17442285  2.43342711 -0.23488855  0.51514429  1.78288853  1.70688714
   0.03094856  1.1208357   0.38223859 -1.69426712  0.69052573  1.4739114
   1.57695287  0.3254943   0.36057287  0.16961428  0.46477572 -1.35129284
   1.48816147  1.14697716 -0.73002998  1.8703043   1.01957143  0.7157157
  -2.28681569 -0.78759571 -0.31316999 -1.79212573  0.31109575 -2.09857139
   0.53282719  2.12963147 -1.00529854  1.27093429  1.70707572  0.63669003
   0.83056431  0.21734714  0.84275998 -0.19959428 -1.41209573 -1.6345729
  -1.13967    -1.59940861  0.62541144  1.53460428  2.5399672  -2.56932855
   3.17962277  0.61708002 -0.48027858  1.46880001 -0.73060713 -0.57374287
  -1.42530857  1.58389     0.86264574 -0.79479287 -0.98941427  0.87781573
   0.13384719 -1.34555717  0.25753714  0.60963001 -0.41471714 -0.36161716
   1.54791716 -1.6417143   1.70945284  2.1533571  -1.15891138 -1.71708998
  -1.35621566 -0.97987719  0.02343716 -1.50962855  0.55930286 -1.63538569
  -1.68350572  0.20743147 -0.04578284  0.08901997 -1.26873576  0.20611571
   1.52709424  0.08827428  0.35053573  1.6806257  -0.07946144 -1.9955257
   1.68780568 -1.33996997  0.78472288 -2.18805575  0.88777288  0.78045997
  -0.29742858 -0.59248146  0.73647855  0.35081718 -0.31187999  0.9099443
   1.21389713  2.13311422  0.68666285 -1.06834709  2.52866568 -2.47512142
  -0.96433145 -0.24348568 -0.2918343  -0.2975586  -0.31492285  3.36694426
  -1.72003714  1.79717999  0.66520716  1.65762429 -1.75827428 -0.74755572
   1.28620001 -0.8260771  -0.13232285  1.42400715  0.61506859 -0.54587144
  -2.9454414   1.51869001 -0.3892143   1.62881144  3.08168997  0.69825289
  -1.34312578  0.5920243   0.63091286 -0.39176716  1.07171431 -0.93372857
   1.6207214   1.72873575  1.31960429 -0.62081285 -0.10443001  0.86976719
  -0.33286     0.58004285]]