[-1.9687134  -0.3016333  -1.4936334   0.06398666  1.1944233  -0.13174665
 -0.17915666 -1.0972967  -2.9859533   1.2740668   1.2294799   0.70074004
 -1.06837    -3.1901968   0.87933993  0.74787664 -0.17946999  1.4357401
 -2.14316     0.4871467  -0.04724334  1.8262434  -1.54027     1.5955933
 -0.10938334 -1.33886     1.2343835   2.2069032  -0.75367    -2.0381367
  2.7341135   0.19798668 -0.94168663 -0.57938004  1.3662866   1.8691965
 -2.0591433   0.8371566  -1.4958466   1.4529867  -2.6593666  -0.45196334
  2.3172233  -1.13723     1.53103     1.7358366   0.0472966  -0.45646667
  0.7609134  -0.39961338  1.7230201  -1.2400167   0.39582667  0.77372664
 -1.0662333   0.5234433  -0.66236675  0.14506666  1.6765165   1.9270133
 -1.4019266   2.44066     1.5854234  -1.3533133   0.9169701  -1.24562
  1.9396067   2.1739168   0.9821933   0.91533333  0.92973995 -2.4028368
 -0.5684767   1.90439    -2.4509401   2.5787966  -0.15018666 -0.16044335
 -1.9900866  -2.5738268  -0.0710967  -0.42023668 -1.8685433  -0.62406
  0.02056658  2.22551    -1.3137299   2.4736001   1.11881    -0.45624998
  0.99565667 -0.02061     0.95696     0.6409867   0.43608332 -1.3905834
 -2.8574934   0.20042999 -0.19284332  0.14374666  1.42603    -2.4314632
  2.25439     1.3971367   0.80577     0.01269001 -1.9636      0.44164
 -2.2053432   2.6952534   2.1140966  -1.78028    -1.8376967   1.8755766
  1.3655967  -3.7717068   0.34493002  0.01124003  0.4875433   0.66249996
  2.3518634  -3.0535634   2.2112799   2.3139935   0.7632467  -2.0756934
 -1.2332133  -0.85335326  0.70905995 -1.9372433  -0.81265664 -2.0495698
 -2.55199     0.9168401  -0.70134    -1.1748167  -0.25245005  0.4165833
  2.1532133  -0.30217332  1.5001      0.93250674 -0.35114002 -3.2069066
  1.8280901  -1.3573767   0.8040001  -2.4685066   2.89877    -0.14309333
 -1.1695701  -1.1086599   1.02463    -0.73796004  0.7136166   0.5402667
  1.9903799   2.00085     1.0754632  -0.46449664  2.7152567  -2.6288433
 -0.56258    -0.64076334  0.20456     0.8578734   0.04362337  2.61996
 -2.8485167   1.13596     0.19535     1.0024434  -0.6314767  -1.3712068
 -1.1664433  -1.1054634   0.4858466   1.3565067   0.20768668  1.1977566
 -2.6558697   3.4438465  -1.0614367   1.0915266   3.9484901   0.67222667
 -0.78381664 -1.7297001   1.3307667  -0.09573334  3.45987    -0.12753333
  1.7269067   1.9046899   3.0893764   0.16939668 -0.31214     0.00474334
 -0.9493966  -0.44928002]