[-7.1745497e-01  1.3690934e+00  3.6863837e-01  1.1396284e+00
  3.2506004e-01  2.3759000e-01 -1.1500120e-03 -1.2938899e+00
 -4.2968833e-01 -4.5777002e-01  1.5301417e+00  1.3053350e+00
 -5.8955997e-01 -1.9698849e+00  4.5822665e-01  1.5161674e-02
 -4.4626164e-01 -3.8384667e-01 -3.0700817e+00  8.8367158e-01
 -4.5569997e-02  1.4537567e+00 -4.6529499e-01  3.6524001e-01
 -7.4849325e-01 -8.8954502e-01  1.5986600e+00  1.6924500e+00
 -1.8914998e-02 -1.8097067e+00  1.6401067e+00 -4.7915670e-01
 -1.4983997e-01 -3.2211825e-01  2.7768433e+00  1.2444416e+00
  8.8783503e-03  4.7187006e-01 -8.3228666e-01  5.1810008e-02
  3.8458666e-01 -6.0669166e-01 -4.7038332e-01 -1.9444834e-01
  1.1818683e+00  1.2249033e+00 -4.3588999e-01 -8.3840007e-01
 -1.3259502e-01 -9.1442007e-01 -2.9006329e-01 -1.8097501e-01
 -3.9558998e-01  1.5303866e+00 -1.2580618e+00  1.6974617e+00
 -4.1044497e-01  2.7845402e+00 -4.2240334e-01  1.2280582e+00
 -8.7193333e-02  1.1892333e+00  1.6102000e-01 -6.5176994e-01
  9.2465830e-01  3.8068497e-01  1.9767066e+00  1.9153166e-01
  5.9484166e-01 -5.2055669e-01  7.1322495e-01 -1.8425499e-01
  2.4980283e+00  3.4113836e-01 -1.9988066e+00  7.0039505e-01
  1.8373550e+00  5.3630668e-01 -2.0890836e-01 -4.6742666e-01
  3.8683000e-01 -2.0673850e+00 -4.1204834e-01  4.2661834e-01
 -1.1410884e+00  2.0410700e+00  6.5453343e-02  1.9768934e+00
  1.9315552e+00  7.9859000e-01  1.1149883e+00  1.8475900e+00
  5.7388002e-01 -6.7324662e-01 -1.2221466e+00 -5.6189495e-01
 -1.1707666e-01 -2.1594999e+00 -8.8988000e-01 -5.1966500e-01
  1.1541450e+00 -7.2064829e-01  2.2706883e+00  1.1139234e+00
 -8.0242330e-01  9.0549332e-01 -5.1427335e-01 -6.5380335e-01
 -8.1462169e-01  5.2509332e-01 -3.6165166e-01 -8.2686663e-01
 -9.4642001e-01  1.1718416e+00  4.2289832e-01 -1.7599669e+00
  1.6648134e+00  1.0142050e+00  1.7515432e+00 -3.2790330e-01
  1.1597799e+00 -4.3782830e-01  1.2587283e+00  4.6078166e-01
 -1.1278267e+00 -2.0118835e+00  4.2638320e-02  2.2921996e-01
 -8.4427333e-01 -8.9397669e-01  3.1058833e-01 -1.2436633e+00
 -9.1110998e-01  6.9184494e-01  1.7349333e-01  5.3524995e-01
 -3.0581668e-01  2.8427098e+00  5.7493669e-01  2.2161333e-01
  3.4981501e-01  8.3020669e-01  1.9923533e+00 -7.4429506e-01
  1.6776882e+00  5.3791332e-01  1.9634399e+00 -1.3837084e+00
  2.2368668e-01  7.1672326e-01 -6.5179336e-01 -1.4457201e+00
  3.6823165e-01  8.3980829e-01  1.7874235e+00  4.2859665e-01
  1.2086817e+00  7.2625995e-01  1.5693517e+00 -3.8378993e-01
  2.0691049e+00 -1.8872048e+00 -1.4880967e+00  3.0171168e-01
 -8.7469006e-01  7.3395497e-01  3.0602166e-01  2.5144665e+00
  5.2250999e-01  1.6728016e+00  1.4610100e+00  1.5099684e+00
  8.0838323e-02 -1.2313868e+00 -1.2866900e+00 -1.0411416e+00
  6.4620000e-01  1.8398499e-01 -6.2694997e-02 -7.5176835e-01
 -1.5991516e+00  1.9483051e+00 -9.6830672e-01  1.9069983e+00
  2.9129734e+00  1.9735950e+00  1.8565333e-01 -6.0447663e-01
  8.5324965e-02  9.7486335e-01  1.5567350e+00  7.3100495e-01
  4.5422503e-01  1.2020150e+00  1.5775100e+00 -6.6768664e-01
  8.7186998e-01  3.1486997e-01 -9.2550677e-01 -4.6019990e-02]