[ 0.764125    1.4102874   0.39510247  0.39647257  0.5496025  -0.80243987
  1.125105    0.29550996  0.05585998  4.0134873  -0.28567252  1.9058576
 -1.8408725  -4.972765    0.49666506 -0.5446475   0.8113724  -0.94811
 -2.09708     2.1975024  -0.01928002  1.6627524  -2.5276725  -0.44939256
  1.102265   -2.6866798   2.3039126   3.6944575  -1.34319     0.43338
  2.5325174   0.47224    -0.8344749   0.03612995  3.6031501   2.798335
 -1.6740475  -1.4762499  -2.22971     1.7410601  -2.020335   -1.7215475
 -0.72781754 -0.9689524   1.4315076   0.19245249 -0.54358256 -1.1605074
  0.84783995 -0.21478504  1.343265    2.32586     0.4983725   4.1655927
  1.08263     1.9143674  -1.405585    1.94047     0.4081      0.69463253
 -0.82014745  4.7453127   0.25305253 -0.51139504  0.762105    1.9947876
  0.7423499   0.8820801   2.3551226   2.1810327   2.6646352  -0.8191825
  0.3543225   2.05864    -2.223535    1.080585    0.37318256  0.87595004
 -1.9296174  -0.39760017 -0.3234275  -0.79933244  0.2210575  -1.5668448
 -0.877165    2.650925   -1.8208401   0.98916507  0.5110625  -0.8645525
 -1.1291225   1.324985   -0.32413995 -1.0613      0.9828501  -1.2559775
  1.6410298  -1.488885    0.00749248 -1.5410601   3.016355   -0.7499474
 -0.6002527   1.8617725   2.14417     1.0933324   0.378545    0.30899742
 -0.47332     0.13211253 -0.68069506 -0.62004995 -0.27703497 -1.2456625
 -0.5593276  -2.97401     1.143965    0.21948746  0.29819998  0.5038725
  0.46103746 -2.5178149   1.2936525   3.484995   -2.4047775  -0.17777503
 -0.34597498 -0.08872253 -0.13889001 -2.388695   -0.38121498  0.23648746
 -2.59475     0.09623251 -1.9237249   0.43939003 -3.7326922   1.470055
  1.8949449   0.35146254  0.55957747  4.9897056   1.7035925  -1.24663
  0.6964175   0.23194756  0.13455248  0.17924249  1.0263625   0.76057994
 -0.71362996 -2.3643599   1.4500226  -1.0369401   0.36253503  0.7083175
  2.17303     2.7615426   2.9748375  -2.009325    1.2618074  -0.281025
 -1.87085    -1.8137975  -0.17740497  0.2506      0.7020327   5.5218425
  0.3142625   1.698395    0.864495    2.4106026   0.38064995 -2.390425
 -0.07337001  0.63414246 -0.89683247  2.6097748   2.7716475  -0.722435
 -1.8736174   1.6198726  -1.2035226   1.691645    2.5342298   0.7239126
 -0.24001253  1.3474725  -1.76015     0.63333756  0.57646495  1.0558474
  2.011795   -0.59691     0.152085    0.72983253 -1.0776074   0.69540995
 -0.94537747  0.15443751]