[-0.07740249  0.923525   -1.0818499  -0.17364001  1.4083225   0.43835002
  1.0366025  -0.5175425  -1.4527276   0.9007      0.36409503  2.2850752
 -1.612805   -4.0932474   0.5018     -0.8517575  -0.26046497 -1.1410625
 -1.5546575   0.6456275   0.02707999  4.1332827  -4.173555    0.39681002
  0.5062275  -0.7544851   1.869495    4.0613747  -0.02285749 -2.5244575
  1.0223025  -0.9985275   0.799215   -0.2091225   2.9768674   2.3152876
 -1.8115525  -0.36990002 -1.13026    -0.22885    -2.9455175  -0.8015399
  2.6306577  -1.2509425   0.11556     1.9590325  -1.41697    -0.8318776
  0.71084505  0.66803247  0.90501     0.33443502  0.38683245  2.790375
 -0.5890975   0.08731997 -0.6388125   0.885885   -0.86117256  1.9005126
  0.66198003  0.8812425   0.479195   -2.39453     0.2639825   2.5112123
  0.6442675  -0.1806525   1.349775   -0.7607475   1.4068676  -1.1919276
  0.661335    1.6919975  -2.05626     2.043805    3.5835624  -0.36659002
 -2.7857022  -1.3762549  -0.466165   -1.113845    0.10515997 -1.8027326
  0.201995    2.52034    -0.789115    1.5508674   2.8004425   1.1210725
  0.64252     0.62777     0.43550992  0.11023     0.25274003 -1.8525201
 -2.29427    -0.9064175  -1.555485   -0.34606752 -0.4057175  -3.0746326
  2.7644224   1.3823276   0.7888675   1.9969974  -0.64561754  0.61956
 -2.1222875   3.2602901   1.90578    -0.9112375  -1.0665951   1.6459349
  1.331215   -2.7001626   0.73729247  1.610295    1.0620925   0.28925246
  1.454795   -2.401535    1.6884276   0.15692754 -0.02038994 -2.2974374
 -2.4232774  -1.0402225  -0.14261    -1.3412125   0.77100754 -0.3610475
 -0.51359     2.2607     -0.077535    0.20591497 -0.6058725   1.7560225
  0.5982624  -1.256135    0.18892251  2.425375    1.45725    -1.7104675
 -0.45643508 -0.77189004  0.1557425  -3.58347     3.4558449  -0.10828749
 -0.6466775  -0.64247996  2.7948475  -0.26432502 -0.52362764  0.290945
  1.670455    2.6105049   1.0814875   1.4116775   3.896145   -1.7037874
 -0.63205     0.18371251  0.287135   -0.7708375   0.21553507  4.14754
 -2.041745   -0.45240498  0.38426995  1.7673675  -1.8568325  -2.119665
 -0.10761499 -1.649585    0.5790825   1.4812901   1.02309     1.1439176
 -3.49213     2.967825    0.9112325   1.6396575   3.7647777   0.539555
 -1.041415    1.0876575  -0.329765    0.52775246  1.5644851  -0.78129506
  1.9043574   2.3899624   1.2935824   0.530795   -0.07695253  1.4536026
 -0.7209425  -1.1395949 ]