[ 1.20698607e+00 -1.34911984e-01 -3.97198182e-03  1.97668195e+00
  5.51223934e-01 -9.32898045e-01  1.78397393e+00  2.27806807e+00
 -1.65599191e+00  5.59152007e-01  1.22214198e+00  1.22226787e+00
 -7.28680015e-01 -4.01699591e+00  9.20034051e-01 -1.32423401e+00
 -1.53778195e+00  3.29821974e-01 -7.65309930e-01  1.82475209e+00
 -5.03505945e-01  1.76264024e+00 -8.72870088e-01 -1.49483609e+00
 -5.01642048e-01 -2.98428088e-01  1.92926812e+00  9.93580043e-01
  7.34510005e-01 -6.44248009e-01  8.41473937e-01 -4.13710028e-01
 -1.10241199e+00 -8.11420232e-02  2.59936380e+00  1.41853595e+00
 -2.63604021e+00  1.44247007e+00 -1.09179989e-01 -1.82448000e-01
 -2.84872389e+00 -1.28084004e+00  2.63452601e+00 -4.75566000e-01
 -1.22050011e+00  1.37986207e+00 -1.23463798e+00 -6.08690023e-01
 -1.87419895e-02  2.49335027e+00  1.03139997e+00  3.98632020e-01
  1.19737399e+00  1.17691004e+00 -1.05528808e+00  1.68203604e+00
 -1.90273985e-01  5.27603984e-01  1.33356595e+00  2.23079678e-02
 -8.38996053e-01  7.54299998e-01  6.53529942e-01 -1.67409587e+00
 -3.49396770e-03  1.77300608e+00  9.04376030e-01  7.21863985e-01
  5.49430013e-01  2.87707984e-01  1.22781014e+00 -1.43746006e+00
  1.88939404e+00  2.46201611e+00 -2.10501599e+00  1.90284598e+00
  1.91041601e+00 -3.96340013e-01 -2.28713799e+00 -6.00840077e-02
  3.08724016e-01 -2.07716417e+00 -7.86922097e-01 -1.54039204e+00
  7.95360059e-02  2.49362993e+00 -5.22586048e-01 -7.27300197e-02
  1.64789605e+00  7.69979954e-02  7.63317943e-01  8.47953975e-01
  1.72513223e+00  6.85796082e-01  1.14938998e+00 -7.86416054e-01
 -7.23565996e-01 -1.38465810e+00  1.00448585e+00 -3.81024003e-01
  2.47479391e+00 -1.21879399e+00  2.23142576e+00  2.41312385e+00
  4.71782029e-01  1.62931597e+00 -4.32335943e-01 -6.80128038e-01
 -1.22461796e+00  1.29885602e+00  9.29460049e-01 -1.00309801e+00
  3.26615989e-01  1.03552210e+00 -6.49362028e-01 -3.00123978e+00
 -5.01677990e-01 -1.20196402e+00  5.40606141e-01  1.84537411e+00
  3.40907025e+00 -1.25397396e+00  2.52833986e+00  2.21445012e+00
 -2.23168993e+00 -2.22006607e+00 -1.41666794e+00  9.71018016e-01
 -1.39814401e+00 -1.22840202e+00  1.06105208e+00  1.66108012e-01
 -1.58437967e-01  1.30485797e+00  6.31785870e-01 -3.09859756e-02
  9.10439968e-01  3.13827991e-01  1.86154807e+00 -6.32800043e-01
  2.57806063e-01  2.22753406e+00  6.28394008e-01 -1.73480010e+00
  2.00370598e+00 -2.20745397e+00 -2.01951981e-01 -1.40431809e+00
  2.24456596e+00  5.22318006e-01 -6.72149956e-01 -1.36682796e+00
  3.62899208e+00  1.55660510e-02 -6.26979843e-02  2.34420300e-02
  1.30104196e+00  3.32351804e+00  1.69786006e-01  2.13719849e-02
  3.19252610e+00 -3.33423376e+00 -3.03433955e-01 -1.17864799e+00
 -7.28980079e-02 -1.48920063e-02  2.53253996e-01  3.12944174e+00
 -5.84434032e-01 -8.96209896e-01  5.38723946e-01  3.31340790e+00
 -1.60842800e+00 -1.26751006e+00  8.50260109e-02  7.90179744e-02
  3.46635997e-01  1.52386010e+00 -1.00590006e-01  1.00294805e+00
 -3.07699394e+00  2.56940794e+00 -2.47409391e+00  1.22971797e+00
  4.56100988e+00  9.42062020e-01 -1.06062388e+00  9.17191982e-01
  1.01866400e+00  5.08550048e-01  1.21869206e+00  5.14844000e-01
  1.91949809e+00  2.53844404e+00  4.96025980e-01 -1.42368004e-01
  8.71859908e-01  1.36165404e+00 -9.50714111e-01  1.54343998e+00]