[[-0.60385803  0.51747421  0.09470578  0.69036984  1.08334278  0.471176
   0.97648334 -0.13875988 -1.51783248  0.44368375  0.57623372  1.45541564
  -1.24169099 -2.44014795 -0.22574302 -0.26155878 -1.045518   -0.11680494
  -1.0104272   1.33368461 -0.06087686  2.02772903 -0.64509898 -0.3635259
  -0.21614579 -0.69727396  1.18564678  1.88394794 -0.37193663 -0.84597054
   1.10526906 -0.76589397 -0.49180977 -0.12429604  2.12871167  1.75977269
  -1.24009341  0.36373727 -1.30887501  0.04969819 -1.92410041 -0.85229998
   1.63012692 -0.7916186   0.62764022  0.88718732 -0.2455187  -0.79191802
   0.01158723  1.1973494   0.21294244  0.43034226  0.28462941  1.15355277
  -0.69131505  1.42365714 -0.61503688  0.56964134  0.71778535  1.62053768
  -0.59961837  1.10521071  0.40946839 -0.83645363  0.33347831  0.42289843
   0.16074772  0.87096956  0.23743275 -0.26981496  1.43080036 -1.14074954
   1.06540217  1.46871225 -1.32139644  0.44763662  1.27966328  0.43508964
  -1.28924088  0.13001875  0.0992288  -0.84486604 -0.18669002 -1.33153023
   0.45204471  2.11814492 -1.07001222  1.28398603  0.67746607  0.67428345
   0.31251808  0.27124217  0.51324831 -0.30453682  0.12893265 -0.58461663
  -0.562942   -0.57509103 -0.37085951  0.73132272  1.16930661 -1.72044344
   2.08321286  0.99851298  0.79127624  0.80783617 -0.42161457  0.3499524
  -1.11801007  1.48967691  0.46706823 -1.62280917 -0.63781134  0.83311405
   0.3174406  -1.62883276  0.21908756  0.37966739  0.39199483 -0.0101458
   1.29417862 -1.58975914  1.76069804  1.30183186 -1.10102355 -1.46117418
  -1.2334539  -0.18755519 -0.2286464  -1.1665689   0.6896544  -1.10501195
  -0.61265149  0.6850402  -0.39808047  0.40193388 -0.78926064  1.07450056
   1.19873119  0.54189287  0.43657928  1.35924536  0.67388406 -0.91469429
   1.00986696 -0.79006639  0.25805479 -1.82010414  1.04033584  0.22473382
  -0.43230898 -0.80629009  1.04469976  0.78822393 -0.32434446 -0.06458686
   1.05410978  1.96155633  0.85913308 -0.32790524  1.94746097 -1.67024062
  -0.45076447 -0.88187101 -0.16803354  0.10071743  0.31789502  3.10690952
  -0.81388309  0.70784472  0.18881349  1.1725726  -0.60491632 -0.88582701
   0.19711987 -0.10465495  0.08136434  0.99035231  1.11429115  0.19041266
  -2.4659174   1.21594799 -0.44616834  1.48419366  2.76982014  0.49121834
  -0.32230239  0.9829548   0.07656278 -0.45865238  1.1940933  -0.00549095
   1.19200553  0.91338414  1.07626807 -0.20674023  0.6346181   0.43357335
  -0.84042582  0.13930936]]