[-1.737515   -0.987185    1.499035    2.26613    -0.21066499 -2.1768599
  2.8837948  -0.871105   -1.90707     2.127965   -0.38769498  2.975945
  0.14242    -2.81684     0.6830901   0.39171    -1.093995    0.26336
 -3.6727448   4.346545    1.56668     2.943235    0.335675    1.2465849
 -0.367845   -1.791315    3.0301201   2.76672    -1.639885   -1.2723501
  0.289835    0.04404503  1.07056     0.23133004 -0.87887996 -0.72353506
 -0.56798     1.093345    0.47836998 -0.617985   -2.0681052  -2.2636852
  3.559165   -2.16102     0.03131497  2.43955     0.8614101  -1.5755649
 -1.1689451   1.76002    -0.4146949  -0.03839999  1.690785    1.1919
 -0.09068498  1.89232     0.606375   -1.3408201   1.75541     2.911585
  1.38064     1.49645     2.414875   -2.3236752   0.890635    0.31395
  2.29929     0.08394504  1.452385    1.1965849   1.2598     -2.696145
  0.823295    2.55131    -2.776595    0.3587699  -1.1980901   0.963815
 -0.83479506 -0.57738495 -0.77241504 -1.9589299  -2.123295   -0.95301497
  0.17079502  2.097845   -1.567665    1.2295649   1.51161     0.263935
  2.129345   -0.22348002  0.22211     1.52034     3.019365   -0.32831502
 -0.94048995 -2.3399398   0.65066993  0.73429     0.82720506  0.141405
  4.067925    1.8889401  -0.89547503  3.22436    -3.329955    2.818705
 -2.76078     1.7505699   3.716      -2.6850748  -0.12165998  2.9210649
  0.07195008 -4.418305    0.84384     0.83044     2.0248098  -1.05098
  2.0596151  -4.31247     2.65203     0.74759007  0.80128497 -3.2217999
  0.17747998  1.041765   -0.15171    -0.99082506 -1.00517     0.12692502
 -0.345755   -2.94109    -1.2636299  -0.87843     0.41584498  0.69642496
  0.94578    -0.21275502  0.51773    -0.290205   -0.72218996 -2.5866098
  1.1187     -1.01469     3.7613099  -1.69425     1.86332    -1.30647
 -0.813985   -1.3684     -0.94938505 -0.90875995 -0.30897504 -0.89117
  0.41581506 -0.17216504  1.998635    0.15437499  3.86482    -3.70827
 -2.9435148  -0.53431     1.671375    2.454655    0.41916996  1.6746799
  0.03970501  0.60511506 -1.147195    0.984845   -0.55851     1.953225
 -0.66341    -0.04907     1.04956    -1.64716     0.48123997 -0.74736
 -2.24374     1.1368551  -1.722045    2.54066     4.179125   -0.45876503
 -0.8734251  -0.85748494  2.642385   -1.0911701   0.67771995  1.5663149
 -0.715555    1.81921     3.4288898   0.40265498  0.5349151  -1.945465
 -1.7929399   0.7153    ]