[-1.3989426  -0.13751379  0.25556874  0.76168     1.3189611   0.5600487
  0.65511     0.6018087  -2.9339952   0.90791625  0.61443377  3.4329848
 -0.58208007 -2.6112726   1.7104912   0.15883127 -1.6817536  -0.5951675
 -2.2799463   3.5599625   0.03593628  3.7707148  -0.33134246 -0.29016504
 -0.24859375 -1.3337638   1.9293686   2.5545287  -0.17976996 -1.3598112
  1.1258999   0.17003119 -0.02073875 -0.24422623  2.2959476   1.190935
 -1.5091586   0.76291    -1.1207175   0.6996837  -1.9056363  -0.43724748
  2.2262762  -1.3926586   0.31381625  1.2065675  -0.02030995 -0.43930873
  0.15142748  2.3380713   1.3026501  -1.1677061   0.52066374  2.0929613
 -0.5558701   1.49154    -0.46484122 -1.2047601   1.2824762   2.5776787
  0.52738     0.8893312   1.2271562  -1.5398813   0.56219494  0.4295325
  1.2141787   0.8554113   0.76638    -0.4248025   1.9501963  -2.3739762
  1.3402739   2.794765   -1.0041938   1.2494411   1.013255    0.30911002
 -1.542255    0.00647503 -0.49705127 -0.7433412  -0.09773124 -1.11967
  0.6498537   2.2030811  -0.623785    1.5812201   1.3606638   0.5928613
  1.3521225   0.06059498  0.40957248  0.35510004  1.6107826  -0.7969762
 -1.5678325  -0.83089375  1.0051037   0.71370995  1.5275912  -1.3853261
  3.9135177   0.6460863   1.0633938   0.9331362  -0.4180163   0.5947787
 -2.651265    1.5041313   1.5215536  -0.6199125  -0.77051     1.8551
  1.0479288  -3.4941463  -0.02229875  0.5934912   0.61298364 -0.37747005
  2.409111   -2.1474411   2.5316525   1.7645411  -0.35408002 -2.5843275
 -2.1025565   0.8155575  -0.89289373 -2.2812326   1.1136525  -1.6878113
 -0.8020425  -0.17322257 -0.38841623  0.23076747 -0.09855501 -0.43599248
  0.56055    -0.04522251  0.91520256  0.98459256  0.38458753 -2.2318263
  1.0748188  -1.9648174   1.4075338  -2.0924687   1.4596549   0.89849114
 -0.6262649  -1.0672212   0.54422873 -0.57049376 -0.07927252  0.1001825
  1.6927776   2.129261    2.3629274  -0.3093562   2.3977838  -2.8537862
 -1.7828736  -0.90847135 -0.35587996  1.5529001   0.871635    2.60375
 -1.0458788  -0.34595126  0.10488248  1.6038437  -1.6118075  -0.04347873
  1.3094549  -0.54666     0.30349123  0.9275375   1.3959825  -0.12698752
 -3.0531812   0.5044375  -0.19586249  2.7315025   4.2902126   0.20793375
 -1.2681975   0.23411128  0.4512025  -1.4629037   1.6063249  -0.07479371
  1.6366324   1.2942849   2.1801813  -0.872545    0.70038754 -0.0249125
 -0.45828122  0.641995  ]