[-0.4355786   1.0160143  -0.31948712  0.6169257   1.8234806   0.2419243
  0.61238796 -0.9642008  -1.9076015   1.1795565   1.2271807   2.180412
 -0.65976065 -1.9447887  -0.6922836   0.01570428 -0.88996565 -1.0113928
 -1.6832607   1.2373637   0.7776586   1.7775936  -0.86890495  0.66849786
 -0.40755925 -1.265297    0.56960285  2.015232   -0.04674715 -0.8041735
  0.22635068 -0.8343657  -0.25192997  0.00579285  1.9497414   1.4505707
 -1.0997322   0.41356856 -1.4208871   0.14915572 -1.5005283  -0.5326207
  1.2295845  -0.30510068  0.13225284  1.5147094  -1.1070478  -1.1124493
  0.14049356 -0.08129857  0.70956856  0.3209557  -0.18440858  0.7312093
 -0.7962885   0.6843108  -0.06183071 -0.06545072  0.21096931  1.9084765
 -0.11171572  0.2600186   1.1492157  -1.0759144   1.088463    0.41187498
  0.69838923  0.6749001   0.8954629  -0.02129859  1.3655885  -1.4725
  1.1255842   0.8870401  -1.4628664   1.5807093   1.8823979   1.3043622
 -1.447105    0.36018068 -0.31844714 -1.0683634  -0.38576213 -1.3000692
  1.4195708   1.7596365  -1.0105857   1.4341365   1.1614128   0.7738964
  0.42978004  0.72839504  0.43209496  0.28150862 -0.30156496 -0.98974717
 -1.23168    -0.71003574  0.12234501  0.3812771   0.20455    -2.0126655
  1.955815    0.75155354 -0.05804928  1.0257037  -0.15741359 -0.6315936
 -1.4861344   1.9911586   0.54263574 -1.4116606  -1.0126507   1.4877373
  0.6613093  -2.25614     0.4655514   0.95737076 -0.19377425 -0.14060284
  1.059935   -1.38873     1.3712492   1.2961485  -0.48177215 -2.153455
 -1.3781213  -0.8198921  -0.5879614  -1.4254491   0.96009344 -1.5342163
 -0.5279472   1.1720151  -0.9691557   0.14351213 -0.4439364   1.1071028
  1.0965621   0.9085986  -0.33228213  1.147315    0.83487505 -1.6896657
  1.7295185  -0.09567358  0.8081201  -1.9738929   1.07902    -0.27411145
  0.1557764  -0.1755164   1.0634221   0.5217214   0.06982215 -0.23570213
  1.3489392   1.9193207   1.203905   -0.5942971   2.2818658  -2.234139
 -0.3097971  -0.53449357  0.33341926  0.06014856  0.33686     2.3799977
 -1.2033942   1.3981342   0.9586386   0.88237494 -0.96967286 -0.54741144
 -0.5886822  -0.37425497 -0.15672858  0.3568414   0.38039282  0.04073856
 -1.7066385   1.2784407  -0.5380386   1.5510141   2.206412    0.11024646
 -0.4947321   0.6141364   0.25363213 -0.6339628   1.2474214  -0.10420716
  1.2189621   0.28168     2.3795342   0.02384927 -0.39837286  0.340105
 -1.1143278  -0.4026485 ]