[-7.11650014e-01 -1.00837493e+00 -1.96088994e+00  3.47230005e+00
  2.46092010e+00  3.65369916e-01  2.60105491e+00 -8.46239984e-01
 -1.05795002e+00  1.60182500e+00  5.76400042e-01  2.62658000e+00
 -4.34716511e+00 -1.35579491e+00 -2.75492001e+00  7.23959982e-01
 -7.22000003e-01 -7.58269966e-01 -2.87763500e+00  1.92381501e+00
  2.61275506e+00 -8.05991888e-03  4.20999527e-03 -7.39894986e-01
 -3.75310004e-01 -1.10733509e+00  2.88980508e+00  3.45447016e+00
  5.51350117e-02 -1.20290041e-01 -5.19700050e-02 -4.14905012e-01
  1.23142993e+00 -2.54269838e-01  1.82051504e+00 -1.97371006e+00
 -5.87564945e-01  2.77759969e-01 -1.43474007e+00  4.32215005e-01
 -2.58448005e+00  9.80854988e-01  2.91762018e+00 -1.03190005e+00
  8.83999944e-01  1.64078999e+00 -3.43720984e+00 -1.01879489e+00
  1.54012501e+00  8.30534995e-01  1.49464500e+00 -1.68992496e+00
 -6.29500300e-03 -1.49745002e-01 -1.38119006e+00  1.91796994e+00
 -7.72585034e-01 -1.04885995e+00 -9.79339957e-01  1.55395508e+00
  6.94969952e-01  1.22166491e+00 -7.54714966e-01 -4.99820518e+00
  2.98191977e+00  1.51019001e+00 -6.84114993e-01  5.40899992e-01
  2.63602495e+00 -1.70714498e+00  3.37588501e+00 -1.11701000e+00
  1.61789489e+00  6.80289984e-01 -1.80159497e+00  6.06393528e+00
  1.89620006e+00  2.31968975e+00 -1.28740501e+00 -3.40990007e-01
 -9.01785016e-01 -1.76450610e-02 -1.47448504e+00 -3.00977993e+00
  5.74549437e-02  3.41369510e+00 -9.82699990e-01 -6.60690010e-01
 -1.39952493e+00  3.74741507e+00 -7.57244945e-01 -3.12549978e-01
  1.12516499e+00  1.80333006e+00  2.59860992e+00 -1.06501997e+00
 -1.17945504e+00  1.20049715e-02  5.28784990e-01  2.16349506e+00
  9.68840063e-01 -1.97864008e+00  1.47530496e+00  3.53549987e-01
  7.54170001e-01 -1.31106496e+00 -2.91114986e-01  1.56193507e+00
 -5.01872540e+00  5.47355461e+00 -2.60004473e+00 -1.12522495e+00
 -1.87381506e+00  3.61591482e+00  1.45711994e+00 -3.02444506e+00
  9.66299921e-02  3.19329524e+00 -1.78391004e+00  2.84535021e-01
  5.73379993e-01 -2.00892496e+00  2.94591498e+00  3.29773521e+00
 -3.04309994e-01 -1.54322505e+00 -8.45644951e-01 -2.34203482e+00
  5.00079989e-01 -9.30439949e-01  1.93335998e+00 -1.55963492e+00
  2.99139977e-01 -1.47905505e+00  7.19534874e-01 -6.09254956e-01
 -2.79919505e+00  1.64854002e+00  3.81827497e+00 -6.17120028e-01
 -1.30504966e-01  9.57859993e-01  4.37500000e-01 -1.37538004e+00
  3.93719506e+00  2.82499939e-03  1.57046485e+00 -4.33499479e+00
  3.42506981e+00  1.09752488e+00  1.16194499e+00  9.16560054e-01
 -1.41720498e+00  2.75415516e+00  2.12014973e-01  1.08034992e+00
  2.76605487e+00  3.09667516e+00  2.04129004e+00  4.22224998e-01
  1.87823486e+00 -2.45986986e+00 -1.12151003e+00 -1.62684488e+00
  1.27623010e+00  2.94066000e+00  7.09125042e-01  2.91007996e+00
  2.02855006e-01  1.54089499e+00 -3.33375037e-01  2.79899836e-02
 -1.46583009e+00 -1.70209992e+00 -1.16877007e+00 -5.52679956e-01
 -1.94043994e+00 -7.00545013e-01 -3.16199988e-01  6.37320042e-01
 -2.21720505e+00  1.91603005e+00  3.75375003e-01  4.03592491e+00
  3.08293009e+00 -1.21766996e+00 -5.99765003e-01  1.76763511e+00
 -6.44774973e-01 -2.27299929e-02  4.70655012e+00  9.48479950e-01
  4.49644470e+00 -6.09410048e-01  7.77696037e+00  1.30589962e-01
 -2.54553509e+00  2.70602012e+00 -7.12569952e-01 -1.99346495e+00]