[[-0.30704     0.81374203  0.27211601  0.58959401  0.64835401  0.32464001
   0.03993999  0.179964   -1.60773602  0.87902399  0.445192    1.48722801
  -0.99952201 -1.97829204  0.53867799 -0.70524805 -0.86309    -0.36464801
  -1.107952    0.50314401 -0.40465598  2.01392405 -1.09549801  0.82284398
   0.18552999 -0.86574204  0.56271802  1.712362    0.78611797 -0.81269001
   0.293492   -0.033436    0.56334603 -0.134574    2.19567199  1.41096199
  -0.99793     0.31060001 -1.175112    0.38760401 -1.86563597 -0.26046999
   1.703728   -0.23310398  0.76280997  1.57041402 -0.839782   -0.27735203
   0.41504     1.01451401  0.10002797  0.40916998 -0.46682797  1.54338999
  -0.987292    0.93995599  0.72482    -0.67144198  0.47155396  1.02188396
  -0.89834199  0.28980402  0.41155799 -1.90695205  0.128672    1.35053201
   0.719256    0.01974601  0.82927397 -0.519972    0.70279802 -1.32633001
   0.39450798  1.16459599 -2.20268397  1.87719398  1.46284797  0.02863999
  -0.92560602 -0.29251802 -0.93738003 -1.340832    0.06384996 -0.58640999
  -0.02307599  1.59412203 -0.089418    1.10000401  1.42259209  1.00693996
   0.59323799  0.66320403  0.74684198  0.98470206  0.747228   -0.83281405
  -0.98431001 -0.324544   -0.411458   -0.28339801  0.70581403 -1.33001601
   1.60576198  0.80872202  0.27575401  1.49025999 -0.41018002 -0.61587
  -1.64164202  2.08009992  1.29005802 -0.27705799 -0.89172802  0.080274
   0.88073601 -1.70478396  0.20413597  0.46018003  0.70746395  0.44081601
   0.59069605 -1.420086    0.959948    0.15856004 -0.56614196 -1.78438013
  -1.74296598 -0.18786801 -0.41577601 -1.17481794  0.15738997  0.05997
   0.18835601  1.02329004 -0.18845599  0.14592201 -0.82603206  0.95165201
   1.03143399  0.295802   -0.101296    1.30719606 -0.063598   -1.41835802
   0.89942399 -0.312058    0.197134   -1.76401205  0.99380997 -0.377518
  -0.26179002 -0.621368    1.43432398  0.431326   -0.38303201 -0.429362
   0.12071401  2.40959806  0.54374998 -0.28409401  2.02347608 -1.58108197
  -0.94393599 -0.09847201  0.53159399  0.06309801 -0.59332797  1.94939797
  -0.50911998  0.44360402  0.21119201  1.13263804 -0.85912801 -0.94068807
   0.44337802  0.185298    0.31874799  0.22759402  0.18556     0.690124
  -1.71050596  1.60195198 -0.39022202  1.16770198  2.33338995  0.482662
  -0.90172398 -0.20854799  0.10177201  0.195984    1.44307797 -0.28653801
   1.40737803  0.98683598  0.84777589  0.19895599  0.56464398  0.36314602
  -1.09007001  0.53373002]]