[ 0.0423017   0.6880066  -1.6585517   1.558855    1.857995    0.20416164
  1.4459285  -1.2300984  -2.6585183  -0.25946334  1.1843634   2.0648415
 -1.0183067  -2.5460982  -1.4385533   0.05225335 -0.34656334  1.7017584
 -1.67796     2.474135   -0.04939     2.245122   -1.0848784   0.97843504
 -0.11990333 -0.4816084   1.1187183   2.2184117  -1.1512533  -1.2776283
  1.3583317  -0.54893    -0.05546169 -0.86422324  3.246497    2.5015132
 -1.7071334   0.68834335 -2.1535268   0.49348834 -1.144485    0.4248383
  2.83089    -0.9069167   0.9723483   1.5755867  -0.8326166   0.67748004
  0.5077817   0.49671504  1.5990051   0.29403833  1.0319632   1.6456133
 -1.7551432   1.782535    0.3201983  -0.67312336  1.1987516   2.5943267
 -0.7091333   1.1453117   0.9301367  -0.852495    0.27321833  0.951365
 -0.26991832  1.3260467   0.583295   -0.17054665  1.7546517  -2.6700618
  0.42648998  1.324375   -1.8025584   2.0266182   2.3123367   1.4083834
 -1.7447033   0.9135633  -1.1565117  -1.401255    0.38905168 -1.7587517
  0.6606999   1.5074415  -1.1509234   2.1965249   2.4026802   1.5902667
  1.237915    0.65037996  0.02264667 -0.47126997  0.34521    -0.40383837
 -2.7893517  -1.0544533  -0.961615    0.7729067   0.64732164 -2.7482102
  3.1296551   1.0515933   0.87107176  0.67118335 -0.71251994  0.4068283
 -2.6639216   3.1167767   0.64212173 -2.1015017  -2.5801117   2.84132
  1.1842183  -2.2924433   0.08036834  1.1738133   0.41974166 -0.11168665
  0.9914417  -2.5703819   2.5742517   2.1954918   0.096925   -1.2936417
 -1.76623    -0.52472    -1.1251167  -0.9187034   0.73815507 -2.3929515
 -0.39586332  0.8418267   0.03866996 -0.13029666 -0.55372     1.1539416
  2.29772     0.41927668 -1.4953383   1.382905    1.1287916  -1.7250782
  3.6597252  -0.90882176 -0.21432334 -3.1993167   2.3681333   0.59146005
 -0.33783662 -0.41091332  2.0290868   1.1981317  -0.3303666   0.70502996
  1.4510101   1.8600316   0.66229    -0.4322784   2.22166    -3.2952967
 -1.1334966  -1.1170417   0.03827168  0.14607005  0.35645998  2.8085852
 -1.0062784   0.81934834  1.3418232   1.32662    -1.5908499  -1.064595
 -0.8602333  -0.90770656 -0.22787166  1.386045    0.6374584  -0.5031133
 -3.884845    2.1497252  -1.3842801   2.0402782   3.5519335   0.37846994
  0.5518467   0.94387335 -0.63356    -1.1228433   1.8602718   0.46110666
  1.3884417   0.04252164  2.2861633  -0.53282    -1.4570551   1.2790834
 -0.6346484   0.21865661]