[-0.5847017   0.533645   -1.0435117   0.28483167  1.6512966  -0.22063334
  1.0967983   0.7963133  -1.7522784   0.8648084   0.8992951   3.5650997
  0.05791334 -2.6236484   0.654405    0.46963987 -1.7825683  -0.15628834
 -2.4447935   2.0454369  -0.60421     3.3753932  -0.62238663 -0.03991666
 -1.4165916  -2.65988     1.1629384   3.9611683  -0.9734583  -1.1504134
  0.13614665 -0.9000767  -1.1234666   1.7133551   3.6472433   2.0591452
 -1.9460115   1.1904517  -1.6198684   0.619855   -2.4753084  -1.8704801
  1.5069118   0.13056497  1.6559716   3.4342766  -3.3321083  -1.1848334
 -0.20313     1.2327816   1.8577867   0.5222333   0.70247835  2.9702215
 -1.1311216   2.4672549   0.5321467   2.176575    1.8654333   2.1602151
 -0.3900633   1.2415566  -0.18842834 -1.8042684   1.1090033  -0.23592831
  0.9178317   1.3311833   1.8476201   0.39234832  1.609305   -1.4728533
  1.1921035   2.7337415  -1.0053467  -0.4622818   1.1350051   0.94743174
 -1.5899415  -0.1720017   0.12058166  0.32546833 -0.03351834 -2.364435
 -0.42466173  1.9586716  -1.1850084   0.6892051   1.2342167   0.2475733
  0.973365    0.32313493  1.2558349   0.39229164  0.6392266  -0.8701217
 -1.2235117  -0.24859004 -0.97909     0.90385324  2.7434204  -2.7208102
  2.0808568   1.63134     1.4666166   1.1975068  -0.96930665 -0.08946498
 -1.0578433   1.9077983   0.59944004 -1.03407    -2.760355    1.3241566
  1.2056667  -1.8694917   0.59753     0.51081836 -0.04907664  0.64677167
  1.8559417  -0.891005    2.9761813   1.3757601  -1.250005   -2.1447031
 -0.33653507 -1.1489782   0.41566667 -1.0502234   1.4408234  -1.8764516
 -1.5092651   0.15947168 -0.48211336 -0.97073823 -1.6452099   0.98797005
  2.2756536   0.629425   -0.630375    1.0184134   0.44321164 -1.0653666
  1.9734465   0.19225001  0.46649334 -2.07238     0.9795866   0.53325665
 -1.0463651  -0.6994017   0.68582505  0.6551567   0.6714217  -1.1782433
  1.8921951   1.4861116   0.88241    -1.30367     3.3938065  -2.307785
 -0.64253503 -0.14645    -0.3570417   0.87247664  1.1191483   4.195455
 -1.1257285   0.8332117   1.1959535   1.7465501  -0.5369267  -0.29936004
  0.5773533  -0.6251834  -0.52780503  2.0918133   0.75616664  0.12061664
 -3.0753267   1.9381884  -1.8543383   1.1116999   3.3851767   0.20310165
 -0.58018667  1.0243101   0.17591834 -0.15558667  2.0937433  -0.40543333
  2.1340115   2.2700183   1.6345267  -0.82924503  0.6182416   1.6261135
 -0.47980165 -2.1298301 ]