[ 0.09684    -0.138115   -0.72635    -0.45664668 -0.6775233  -0.37450168
 -0.05854     0.60221     0.17076834  0.44802833  0.50809497  0.14011
 -0.02483667 -0.16540499  1.0342432  -0.5085983   0.23700666  0.24809001
 -0.28814167  0.8886633   0.05212333 -0.2523267  -0.42053664 -0.55554336
  0.20753832  0.277555   -0.03293167  0.3809233  -0.03508167 -0.55847836
 -0.101085   -0.21127166  0.05160834  0.32151166  0.138025    0.136445
 -0.81066996 -0.09676334  0.22580333  0.18038166 -0.36042333  0.50375336
  0.2841533  -0.34353003 -0.06009166  0.51589006 -0.02221     0.76742834
 -0.77603835  0.132775    0.20672    -0.21332501  0.35391498  0.61662334
 -0.5829617   0.96904165 -0.33043668  0.61914     0.13978     0.3447567
  0.068255   -0.30468833  0.13199334  0.03054833  0.075925    0.28152168
 -0.00494667  0.8829367  -0.5740033  -0.72289497 -0.07651166  0.070375
 -0.07906666  0.33088002 -0.31809834  0.348025    0.92877835 -0.20941834
  0.47909164 -1.0800617   0.30842167  0.22562666 -0.44875002 -0.34637335
 -0.04416333  0.9643817  -0.11339167 -0.43279496 -0.00255667 -0.08168667
  0.44113502  0.02731167 -0.05571     0.23729335  0.30765     0.11070167
 -0.07041667 -0.01493333  0.21355832 -0.38614333  0.07289    -0.14172333
 -0.08118833  0.20305167  0.30262998  0.54164004 -0.12865166 -0.005165
 -0.30730835  0.91021496  0.32008168  0.0968      0.640925    0.04852167
 -0.45997    -0.26656333  0.30027166  0.25018668  0.28206167 -0.06075167
  1.263255    0.02383     0.308925    0.27875167 -0.14166166 -0.01469167
 -0.05784833 -0.262445   -0.5768216  -0.421025   -0.04954     0.02141167
 -0.117055   -0.6285667   0.67558503 -0.18041666 -0.51674     0.74495
  1.096275   -0.6299433   0.7134116   0.5497717   0.05646834 -0.68545336
 -0.13366333 -0.08821667  0.7423267  -0.09767333 -0.17738001  0.54156333
 -0.85400504 -0.04290834  0.22926499 -0.047265    0.66182834  0.94782335
  0.04171    -0.22568333  0.02816333 -0.12523334 -0.34424666 -0.5089883
 -0.38576832  0.04030167 -0.35651836  0.22266167  0.02491     0.32897165
 -0.32579002 -0.37847498  0.25898498  0.57605165 -0.705545   -0.73075
  0.3316883   0.36412334  0.00303333  0.18942165  0.31757668  0.18270166
 -0.34098998  0.6929566  -0.03792666  0.45746168  1.2195866   0.19057
  0.41899166 -0.057545    0.3353933   0.65206665  0.080085   -0.24210167
  0.53246164  0.7529617  -0.38384166  0.18879168  0.6706033  -0.061605
  0.490685    0.40999332]