[[ 0.32674111  0.4679297   0.07132638  1.24570704  1.0453961   0.65140097
   0.35334476 -0.23729068 -0.9877783   0.53563663  0.38180973  2.40234927
  -1.24729359 -2.75801672  0.16025759  0.26747837 -0.97056134 -0.25931918
  -1.96922697  1.90163558 -0.33122472  1.82207713 -0.55606067 -0.89856569
  -0.49241646 -0.86606464  1.64436313  1.65334153 -0.08494872 -1.19171996
   0.50492526 -0.63284269 -0.37199228 -0.09094096  2.64458358  1.3765607
  -1.15172724 -0.02842391 -0.78801537  0.30473625 -2.18382424 -0.53817929
   1.4676746  -0.16416228  1.01704994  1.14739388 -0.49102172 -0.33484489
   0.01418367  0.7382019   0.05155974 -0.2576131  -0.11364314  1.66632492
  -0.27154447  1.76167448 -0.30926852  1.00385184  0.26794662  1.36818325
  -0.06146783  1.44377632  0.62702338 -1.17798339 -0.08049946  0.50658865
   0.38120987  0.6796908   0.2537645   0.4308416   1.22768229 -0.97665908
   1.73845109  1.38014146 -1.57754155  0.86109468  0.94938949  0.34666853
  -1.50006795 -0.35324281  0.69940564 -0.81284717 -0.33244592 -0.45768095
  -0.08283718  1.7590654  -0.78862284  0.22821404  1.79209778  0.75895856
  -0.03051051  0.4515361   0.57875985 -0.48436233 -0.0717427  -0.66558013
  -0.55418418 -1.10410778 -0.32484647  0.45985717  0.88936621 -1.9870929
   2.12712502  0.80917544  0.9321816   1.56670587 -0.59287934  0.64701067
  -0.54541282  0.23963459  1.48819771 -1.25813123 -0.50072435 -0.10432612
   0.2987515  -1.30550073  0.14685195  0.81564704  0.1217793   0.15261041
   1.81085594 -1.30822759  1.40978601  1.0433043  -1.22842443 -1.93658187
  -0.68533076  0.07285001 -0.15063769 -1.93464273  0.12351001 -0.67125488
  -0.9369966   0.36259606 -0.0368427   0.45852405 -0.80864588  1.47156906
   1.38842104  0.01032882  0.88683198  1.3837225   1.0211207  -1.34778341
   0.57483553 -1.3358776   0.50611567 -2.05252996  1.39252104  0.5578865
  -0.94279054 -1.96918999  0.47428636  0.19482027  0.08305854  0.84269385
   0.87071243  1.49448545  1.4741947  -0.44870282  2.49989336 -1.18546609
  -0.75016489 -0.94468745 -0.09167337 -0.15557006  0.26771122  2.82642969
  -0.56311508 -0.20759369  0.79453247  2.12061054 -0.72524162 -0.38560082
   0.22422891 -0.42650704 -0.24400716  1.06933331  0.73284678 -0.43421461
  -2.60786003  1.47538138 -1.24342925  1.35053267  2.94807229  1.10100697
  -0.53734785  1.14186584 -0.18269637  0.40676002  1.3163172   0.15739313
   1.02192573  1.71199182  0.92918807  0.02940165  0.59813747  0.29705326
  -1.19884543  0.29203771]]