[-2.55138576e-01 -1.11462794e-01 -6.74180031e-01  9.82385695e-01
  5.50592899e-01  7.59212911e-01  7.26775765e-01 -1.29562438e+00
 -9.84328100e-04  2.24667406e+00  2.41377687e+00  4.47303295e+00
 -2.49076581e+00 -2.78890848e+00  1.49274147e+00  7.60027111e-01
 -1.25234854e+00 -1.44849002e+00 -2.81588578e+00  3.40425563e+00
 -1.23778284e+00  2.13931704e+00 -2.53124267e-01  1.14394292e-01
 -1.80000424e+00 -8.54990005e-01  3.34254289e+00  2.22140002e+00
 -1.34022272e+00 -1.35758996e+00  1.07951856e+00 -1.13248432e+00
 -5.97232819e-01  3.62782896e-01  2.72604990e+00  3.33333135e+00
 -1.20469987e+00  4.98107165e-01 -1.14589000e+00 -5.56578636e-01
 -2.87370563e+00 -3.30172807e-01  2.76388860e+00  8.00409973e-01
  2.17180586e+00  1.24916720e+00 -5.75305641e-01 -1.03696573e+00
 -9.27568614e-01  9.38447058e-01  4.17947143e-01 -1.38999152e+00
  1.37793720e+00  2.35601163e+00 -1.05689287e+00  1.83288574e+00
 -2.39257202e-01  1.27406704e+00  8.37084293e-01  1.64139426e+00
  1.38381407e-01  1.52690578e+00  8.88232768e-01 -1.48758280e+00
 -7.09734261e-01  6.44778550e-01  1.02191997e+00  4.80568409e-03
 -9.49517250e-01 -3.14500004e-01  3.62221420e-01 -8.94304216e-01
  1.46467566e+00  2.23531437e+00 -1.53114414e+00  2.41284296e-01
  1.60806847e+00  4.14591402e-01 -1.74848580e+00 -1.14313996e+00
  1.43081570e+00 -2.21026850e+00 -6.31267190e-01 -1.61721992e+00
  4.88324314e-01  1.48665261e+00 -8.09790015e-01 -4.56287200e-03
  1.73738015e+00  2.54210711e+00  5.22517145e-01  4.83520031e-01
  1.29183424e+00 -8.37512910e-01 -1.44980991e+00 -2.82141417e-01
  1.47595748e-01 -2.30578423e+00 -5.08811414e-01  4.67298567e-01
  6.48334324e-01 -2.32644701e+00  2.53721166e+00  9.25371468e-01
 -4.26882893e-01  1.88059998e+00 -1.83703291e+00  1.30844426e+00
 -2.29181147e+00  1.47407129e-01  2.38645148e+00  3.20308596e-01
  2.88795710e-01  7.42899954e-01  3.87354314e-01 -2.62038422e+00
 -4.89021510e-01  3.35265666e-01  1.73759866e+00  1.20098281e+00
  3.75277019e+00 -1.35124433e+00  1.20185578e+00  1.10421860e+00
 -7.08782852e-01 -1.40565419e+00 -1.49653590e+00  8.31228420e-02
  1.59900039e-01 -2.16104293e+00  8.91737282e-01 -1.73908722e+00
 -3.93805712e-01  7.30539978e-01  6.32957160e-01  1.28795278e+00
 -1.22427285e+00  2.54507709e+00  1.82027137e+00  6.48144364e-01
  3.46039981e-01  2.16543722e+00  4.19030041e-01 -1.56467843e+00
 -5.36559999e-01 -9.61341441e-01  1.23043430e+00 -3.22572160e+00
  1.33812582e+00 -3.10889989e-01 -8.91811490e-01 -4.33983278e+00
 -1.04084003e+00  1.77114699e-02 -8.43561471e-01  1.04396713e+00
  1.35537279e+00  1.67854857e+00  1.47470284e+00 -7.03615665e-01
  4.14194441e+00 -1.79172432e+00 -6.70678556e-01 -1.24705827e+00
 -9.23057199e-01 -5.38927138e-01 -9.24721420e-01  4.45311689e+00
 -1.74605772e-01 -1.11057150e+00  4.86831456e-01  3.70240283e+00
 -1.17719567e+00 -8.28028321e-02  1.63900033e-01 -8.23194325e-01
  4.84519988e-01  1.70726001e+00  9.27199870e-02 -5.72667122e-01
 -3.80246401e+00  4.99331445e-01 -7.10588515e-01  1.99195862e+00
  3.83963728e+00  1.03864443e+00 -1.63261139e+00  1.77577996e+00
  6.88214242e-01  1.22132707e+00  2.27321124e+00 -3.29694301e-01
  9.17251468e-01  4.26559448e+00  4.98224318e-01  4.62371439e-01
  2.18095708e+00 -6.17121398e-01 -8.32055748e-01  8.83717179e-01]