[-0.3217373   1.3770008   0.06974363  1.0672427   1.9848037  -0.35845
 -0.06221455  0.13968    -1.7448373   0.96553445  0.7407654   1.6418346
 -0.95731276 -1.7940346  -0.35791817 -0.1596509  -0.61238456 -0.2617909
 -1.6709737   0.62291914  0.3935118   2.2479446  -0.91680723  0.06140456
 -0.67426455 -1.7589253   0.6691746   2.335585   -0.09018362 -0.90948004
  0.64650005 -0.68935907 -0.09683816 -0.02164724  3.2050455   0.9216463
 -1.2160827   0.9290045  -1.24232     0.01081454 -3.162926   -0.6021245
  1.6734372  -0.7361427   0.84122187  0.98429275 -1.0799737  -0.8365719
  0.10075727  1.2872691   0.69533545  0.63227457 -0.08091453  0.81889176
 -0.48900267  1.35539     0.20248634  0.5889173   1.5827255   0.9092754
 -0.55040914  0.52363455  1.0332872  -1.6168548   0.82056826  0.6429673
  0.44552544  0.93823546  0.74412084 -0.33459002  1.9686992  -0.5954409
  0.5465109   2.1824281  -1.35093     0.66930544  1.3887553   0.9657517
 -1.5608264  -0.2682291  -0.06115365 -0.61940724  0.03501635  0.19269729
  0.45982274  2.3516936  -0.73143286  0.24809633  0.05417458  1.0728036
  0.5452063   1.2773128   0.81113183 -0.5055164  -0.07557638  0.17383729
 -0.35138538 -0.08856635 -0.87820905  0.44141725  0.28978184 -1.2784228
  2.7912142   0.70488364  0.9540827  -0.5895873  -0.60838    -0.07951908
 -1.6437739   1.6909847   1.0750009  -0.16913003 -0.9636209   0.91241
  0.22963181 -1.5872155   0.9695673  -0.3908864  -0.29590008  0.4872446
  1.3510772  -1.6840401   1.8391019   1.6173592  -0.81278455 -0.9723072
 -0.911931   -0.46001548  0.08665449 -0.91064733  1.0965828  -1.0296983
 -0.7158055   0.6223536  -0.04733274 -0.21342272 -0.99491554  0.19869818
  0.9134609  -0.3288063   0.35298452  1.6119555   1.1268309  -1.38013
  0.90055084 -1.0384145   0.7985909  -2.176609    1.1271656   0.15921545
  0.49475726 -0.36826813  0.37013453  1.1019772  -0.89967173 -0.09699544
  1.7575082   2.3664644   0.82838273 -0.5064091   1.8192154  -1.301711
 -0.74246365  0.06309912 -0.88715     0.5240328   0.15386365  2.4244056
 -1.4486954   0.47722816  0.54024273  0.70762545 -0.57295364 -1.7487946
  0.25590184 -0.06817635 -0.59276545  1.0105945   0.8812763   0.3990282
 -1.7501489   0.75984454 -0.46033725  1.778439    2.2353373   0.48917818
 -0.08627821  0.6995209   0.14966731 -0.14861454  1.4591873  -0.7767673
  1.5382992   0.9906164   1.6906081  -0.33123183  0.15546453  0.7964745
 -0.31976363  0.01598001]