[ 5.3030002e-01  1.1808101e+00  5.6343496e-01  3.1944498e-01
 -9.7215009e-01 -1.8368299e+00  8.3778000e-01  5.5565000e-02
 -1.0415850e+00  2.7061150e+00  1.9153000e+00  1.2400199e+00
  9.0618497e-01 -2.3420501e+00 -2.7950406e-03  2.4288149e+00
 -1.3647950e+00  8.4213501e-01 -3.1446350e+00  2.4349351e+00
  6.6774994e-02  1.6045750e+00 -2.9747949e+00 -2.6386149e+00
 -2.8899200e+00 -1.3842050e+00 -4.3939501e-01  2.2920051e+00
 -3.0165501e+00 -1.5597750e+00 -1.6048002e-01 -5.5198503e-01
  7.5112003e-01 -1.1495006e-01  2.7868800e+00  1.4849150e+00
 -2.1263449e+00 -4.2541504e-01  1.1109750e+00 -1.0023049e+00
 -1.2342800e+00 -1.6673498e-01  2.1562750e+00  4.7701496e-01
 -8.9143997e-01 -2.4914499e-01 -1.4406149e+00 -5.2777505e-01
  4.7971004e-01 -2.0959002e-01  1.1784251e+00  4.8757493e-01
  1.4219398e+00  1.6793550e+00 -1.1826299e+00  1.7925401e+00
 -2.2858849e+00 -1.1111749e+00  2.7384648e+00  1.6416800e+00
 -3.1171751e+00  8.5973001e-01 -1.7187450e+00 -1.7874900e+00
  2.6293001e+00 -2.8673005e-01  2.9733849e+00  1.0928199e+00
  1.5779350e+00 -5.8243001e-01 -1.0883700e+00 -5.7051003e-01
  9.4939506e-01  1.4055301e+00 -2.9057899e+00  3.1514452e+00
  9.1978002e-01 -2.7715449e+00 -2.1207600e+00 -1.1660650e+00
 -9.0376997e-01 -2.8822851e+00 -9.5838004e-01 -1.5818751e+00
  2.0533400e+00  5.0501051e+00 -5.4127502e-01  2.4927049e+00
  1.4352350e+00  9.4941998e-01 -9.0414500e-01  7.7385998e-01
  1.8971599e+00  1.4628150e+00 -2.0941498e+00  4.3983001e-01
  6.7079508e-01  9.2395997e-01 -4.3954498e-01  3.7669451e+00
  1.8090500e+00 -4.3253150e+00  3.2913349e+00 -3.3622995e-01
  1.1534989e-02  3.3254199e+00 -4.9278998e-01  2.1730201e+00
  4.5333499e-01  6.8474507e-01 -1.1675701e+00 -1.7940750e+00
 -2.4376500e+00  3.1794500e-01  1.8158600e+00 -1.3387800e+00
 -1.6985251e+00  2.0108998e-01  1.0796200e+00  2.2345996e-01
  1.7419400e+00 -4.1250753e+00 -1.2313801e+00  1.0102900e+00
 -1.4928299e+00 -2.9570451e+00 -9.0668494e-01 -3.4265349e+00
 -1.7864001e-01 -2.5054097e+00  3.5213000e-01 -1.3212100e+00
 -3.5049748e+00 -3.4113503e-01 -6.4279997e-01 -9.0449974e-03
 -2.3679953e+00  2.4044003e-01  1.9456350e+00  1.2149149e+00
 -7.3292005e-01  2.0087452e+00  1.4970801e+00 -1.9917101e+00
  2.5220449e+00 -3.2048349e+00  1.3528600e+00 -4.3577800e+00
  1.8710001e+00  6.9959998e-02  1.0174500e+00 -9.3497998e-01
  1.3359700e+00 -9.9500179e-02 -9.8888999e-01 -6.8206000e-01
  1.8260850e+00  2.0334401e+00  3.6064301e+00 -2.2744003e-01
  3.6306012e-01 -3.4214997e-01  6.5104002e-01 -2.9210001e-02
  1.9018003e-01 -6.3191998e-01  1.2169501e-01  2.9167500e+00
 -2.2426200e+00  2.0330050e+00 -3.3332002e-01  1.1176699e+00
 -3.7095201e+00 -2.4243500e+00  3.3123499e-01 -1.6631050e+00
  1.5227002e-01  3.8867950e+00  2.8489549e+00 -3.2834002e-01
 -1.6649899e+00  5.7696800e+00 -1.7345200e+00  4.1322002e-01
  1.8842006e-01 -1.0550200e+00 -2.4167852e+00  8.2605004e-02
 -2.5111997e-01 -7.1851003e-01  2.9341498e-01 -1.1464400e+00
  1.8260999e-01  1.5029801e+00  3.2471499e+00 -4.8622999e-01
  4.8160505e-01  1.4156599e+00  1.6805001e-02 -1.9260401e+00]