[-0.47563496 -1.05159    -0.59987503  1.371035   -1.5947502   0.80998504
  1.86359    -2.14537    -1.4968451   0.89652     0.247765   -0.58455
  0.323595   -4.7332554   1.63298    -0.89184004 -0.507935   -0.03721002
 -2.145415    1.8741899  -2.062965    4.776755   -3.02729    -0.82389
 -1.208045   -1.26097    -1.6580999   2.4527051  -0.08873498 -2.7570047
  1.8517201   1.86115     0.522915    1.23506     3.581115    1.05774
 -0.19894493 -0.597485    0.27561986  0.47228    -3.4461849   1.4428451
  3.57464    -1.688385   -1.837155    2.6993551  -0.23854    -1.235285
  0.164105    1.70145    -0.20018     1.166965   -1.2920151   0.33582002
 -0.606955    0.5532199  -0.73456     0.67261    -0.59180504  2.34531
 -2.559115    0.7662351  -0.225465   -1.1263051  -0.69545496  2.683145
  2.06698     1.273715    3.409645   -2.01845     0.15022    -1.924495
  1.64523     1.6971651  -2.5706098   2.12238     0.52843     0.13199502
 -2.1610699  -1.773475    0.640365   -1.46337     1.15202     0.79454505
  2.00507     3.7468     -0.25592002 -0.11620498  1.015495    0.5232849
  2.23848     0.91656494  0.44522     0.19251496  0.05208504 -0.866985
 -0.720195   -3.0891051  -1.3721799  -0.10702997  1.5857401  -4.007825
  2.23709     2.1793451   1.2210001   3.59583    -0.25892502  0.7766
 -2.29607     0.66077507  1.3248949  -2.212795   -1.6937151  -1.13954
  1.33752    -2.322335   -0.42969    -2.28751     1.4422951   0.09836498
  2.3090801   0.67384994  1.9848      3.7015247  -0.86849004 -1.080555
 -1.77608     0.95109     1.03644    -2.1346202  -2.9013999  -2.99654
 -1.76563     2.4807048   0.560085   -0.479935   -2.56367     0.151565
  1.41154    -0.9356251  -0.55097497  1.03473     0.65803504 -3.3197398
  0.45278502 -2.616845    0.88873005 -2.34522    -0.22372    -0.01921999
  0.5183701  -0.73482996  1.5086      0.739285   -0.251055    1.752825
  1.53951     2.971425    2.576745   -0.10818496  4.4756403  -4.053185
 -1.27026    -1.83709    -0.78209     0.70442     0.05902499  2.41007
 -2.2432952  -0.83505     1.4429501   0.77607    -1.4100499  -2.77107
  0.86314505  1.3041351   2.7393      2.94844     1.7874649   2.285115
 -3.9313698   3.5311651  -1.99023     0.31000495  2.93329     3.307575
  2.846445   -1.2105349  -1.265975   -0.96880996  1.08299    -1.93467
  1.992325    2.76182     0.496905    0.688045    0.302855    2.60405
 -0.72172004  0.24473011]