[[ 0.35834253 -0.04450502 -0.15192249  0.821885    2.17745513  0.29245752
   0.38550498 -0.112845   -0.6506175   1.02904247 -0.04536501  1.98974746
  -0.43154751 -2.68825746  0.88619748 -0.9749375   0.02616498 -1.057055
  -0.87890752  0.82684254 -0.01051752  1.57321002 -1.29526746  0.65743998
   0.03899    -1.62854251  2.08742505  2.42702001 -0.66172751 -2.16626498
  -0.03212249 -0.7244975  -0.58972251 -1.44940251  2.44474006  1.59402747
  -1.3820025   0.03736251 -1.48995498 -0.4072075  -1.22031497 -0.77520502
   2.38158745  0.05846502  0.70703248  2.44469249 -0.78868252 -1.6429875
  -0.75702     1.87804002 -0.69790256 -0.03792251 -0.30578503  2.44511747
  -0.4087975   0.55671001  1.13599995  1.46449998  0.761475   -0.15046746
   0.62236254  1.41912505 -0.24133749 -1.20184252  0.74586251  1.4395825
  -0.3881725  -0.5410825   0.2449075  -0.42546     1.36865002 -1.39985256
   1.04789507  2.07111239 -0.98774505  2.75143749  0.69716749  0.079395
  -1.18169253 -2.0344574   1.11195001 -0.70174754  1.24411748 -0.91936
   1.82677746  3.41209245 -0.73351003  0.77527753  2.5151425   0.76115
   0.16150002  1.20067748  0.1183475   0.22252253  0.51466499 -2.02867246
  -2.6347751   0.79179745 -0.5607575  -0.22823247 -0.64159748 -2.21596494
   0.65748248  1.25017251  1.69451504  1.56575498 -0.87160997 -0.80122998
  -0.61256248  1.1334675   1.41911243 -1.58715242 -1.97671747  0.6349925
   0.61403757 -0.94596     1.02334747  0.89518255  0.07408249  0.53483249
   1.82389507 -2.06041002  0.68133748  0.5035525  -1.08859    -0.36013246
  -0.35262494 -0.27386501 -0.65095001 -1.14467746  0.30695997 -0.96192247
  -0.5150575   0.75915253  0.09671745  0.40531495 -0.28800002  0.63232248
   0.63436498 -0.47398251  0.53915501  1.74289504 -0.10929999 -0.79478003
   0.289795   -0.19353501 -1.24725999 -1.08296749  1.64502248 -0.13778502
  -0.7452675  -1.96528744  1.24445     1.78586502  0.86235241  0.37427502
   0.78444251  2.10910249  2.27423249 -0.29551249  2.31208247 -2.21356755
  -0.23317502 -1.49873003  1.06753501 -0.81379003 -0.13141248  3.34729505
  -0.6934175  -0.52468003  0.3149675   1.89458251 -0.16037249 -1.21743251
  -0.12002501 -0.0878925  -0.69414002  2.40543258  0.6975625  -1.15989496
  -2.84226006  1.24041998  0.16457491  1.57410491  2.93992007  0.18457249
  -0.33097249  1.04007003  1.39432245 -0.281045    0.58914502  0.4592425
   1.36857     1.20153001  0.78233001  0.12746251  0.20138001  1.18318748
  -0.58556999 -0.121255  ]]