[ 0.41579002 -1.526085   -0.85969     1.028725   -0.35548002 -0.586045
 -1.2453601  -0.35777497 -2.83421    -0.36093003 -0.05749001  2.084565
  0.5024     -1.377295    1.627815   -0.82324     0.420725    0.252185
 -2.9029999   0.79074    -0.09374999  5.263875   -0.9646449  -1.234215
 -1.278275    0.56995    -0.19147503  1.811245    0.978355   -2.613555
  0.570505   -3.2996752  -0.72605    -1.2136049   1.9626      1.973535
 -1.114925   -0.6841649  -1.31722    -2.00759    -3.50048     0.02701002
  0.47353    -0.528515    1.59597    -0.01674992  1.50511    -1.97069
 -0.87402993  0.46366     1.02094     1.0145301   0.43556    -0.164685
  0.23783505  2.1697998   0.683945    0.98387504  1.4787099   2.750675
 -0.10067502  2.2515152   0.04735    -1.24439    -1.31217     3.579675
  1.6916549   1.38833    -0.6639901  -1.78379     1.270495    1.1279799
 -0.5194      3.0821152  -1.7507951   2.2444751  -0.86402    -1.770255
 -3.621375   -1.350685    1.2064699  -0.23997998 -0.0243299  -1.107455
  2.79164     3.686775   -0.32309502 -0.46839    -1.3168449   0.63385
  3.2453299  -1.358685    0.92338     1.56292    -0.27444994 -1.26748
 -1.04673     1.3711599   1.2458849   1.2082151  -0.08552003 -2.112165
  1.3824451   2.26225     1.8607851   0.05425501 -0.25733998 -1.92392
 -0.77750003  0.7865751   1.4561601  -2.495945   -2.196045   -1.170435
  1.4308851  -3.87461     1.364535   -1.9401449  -0.12731993 -0.45055503
  3.2077649   0.895825    2.1669302   3.961425   -0.6224599  -2.956565
 -1.75527     0.20000994 -0.34101    -4.17879    -1.356835   -0.22614999
  1.70507     0.61863     0.07875502 -0.54025    -0.41685003 -1.4167401
  3.834105   -2.17045     1.2904      0.410505    2.28538    -2.528085
  0.47326994 -0.09577    -0.06217498 -0.82567     0.406495    1.567115
 -0.59362     0.96884996  1.867675   -0.04110998 -0.9705399   1.824975
  2.2229552  -0.29875994 -0.541525   -2.7880602   2.6523402  -4.62858
 -1.702425    0.66312003 -1.7281499   2.903485    0.55414504  1.46573
 -2.099615    0.575355    1.953475    1.674855   -0.765875   -0.828115
  0.94326     0.28959498 -0.17775995  1.624355    3.0906549   0.834365
 -0.9316599   3.9061902  -2.40851     2.43261     2.14629     1.924175
  3.5194602   0.9167051   0.523355    2.238165    0.91462004  0.79680496
  0.3798501   1.305515   -0.19433486  1.60284     0.73083     0.25014997
  1.22283     1.036745  ]