[[-1.85835004e+00 -5.39205015e-01  2.91155010e-01  8.15744996e-01
  -2.02600002e-01 -1.77045003e-01  5.28214991e-01 -1.03428495e+00
  -1.33916497e+00 -6.47715032e-01  5.41400015e-01  2.09884501e+00
  -1.57013512e+00 -9.03640032e-01 -1.26815006e-01  9.26814973e-01
  -1.50406492e+00  1.31925488e+00 -1.89258993e+00  1.63648498e+00
  -2.77994990e-01  2.74453497e+00  7.82269955e-01 -3.15794975e-01
  -1.57730997e+00 -5.74759960e-01 -1.36255991e+00  2.44402003e+00
  -8.35335016e-01 -3.60289991e-01 -8.32569957e-01  1.57507491e+00
   2.08355010e-01  7.45090008e-01  1.39754999e+00  2.00835991e+00
  -8.70530009e-01 -3.89270008e-01 -2.61845493e+00 -4.40500025e-03
  -1.05401003e+00  1.48148000e+00  6.36375010e-01 -2.21251988e+00
   1.54465497e+00  1.64649987e+00 -1.25835001e-01  8.63000005e-02
   8.81600007e-02  5.89770019e-01  1.41895509e+00 -3.88540000e-01
   1.34827995e+00  8.00449997e-02 -6.04990005e-01  1.20272005e+00
  -1.26815498e+00  1.05779998e-01  2.40666485e+00  2.26674008e+00
  -1.61651993e+00 -5.96400023e-01 -1.40301490e+00 -1.09295499e+00
   2.03354502e+00  3.29345018e-01 -1.12756002e+00 -4.88940001e-01
  -1.84983504e+00  4.15734977e-01  2.16709495e+00 -1.59306502e+00
   1.61125493e+00  8.54789972e-01  3.09264988e-01  2.39621496e+00
  -1.51468503e+00 -4.02150005e-01  4.49169993e-01  8.68294954e-01
  -1.01652503e+00 -1.05690002e+00 -1.29576993e+00  1.05070996e+00
   1.53706002e+00  1.44921005e+00  6.10494971e-01  1.54721999e+00
   1.62349995e-02  2.01962996e+00  4.05950025e-02 -3.71769994e-01
   1.72265008e-01 -1.85000491e+00  2.27885008e-01  3.43704998e-01
  -1.30528498e+00 -1.13875008e+00 -4.67390001e-01 -9.77300048e-01
  -2.02535003e-01 -6.41219974e-01  1.60768497e+00  1.04634500e+00
  -1.13425994e+00  7.67249987e-02  9.15820003e-01  6.30305052e-01
  -1.99733007e+00  5.36574960e-01  6.43734992e-01 -4.29444969e-01
  -1.84955001e+00  1.81950003e-01  1.74923003e+00 -8.12610030e-01
   8.84464979e-01  2.36138010e+00  1.25850007e-01 -2.40114999e+00
   2.37754488e+00 -2.13595003e-01 -8.97385001e-01  1.12889004e+00
   9.11049962e-01 -1.35890496e+00 -1.55772996e+00  5.18239975e-01
  -8.33095014e-01 -1.30926502e+00 -8.98305058e-01 -1.02962506e+00
  -2.45092487e+00 -1.74409497e+00 -9.88714993e-01 -7.22100019e-01
   6.40985012e-01  1.07013500e+00  6.12010002e-01  8.73165011e-01
   5.91395020e-01 -3.88390005e-01  1.59452498e+00 -8.82735014e-01
  -7.19650030e-01 -1.89653504e+00 -2.36144990e-01 -1.22817504e+00
   2.07562995e+00  6.90090001e-01  1.10619999e-01 -5.38484991e-01
   1.60236001e+00  2.84954995e-01 -1.00193501e+00  7.07910001e-01
   9.33485031e-01  1.58389497e+00  1.70768499e+00  4.13659990e-01
   7.66614974e-01 -1.41780496e+00  6.18340015e-01 -8.71379972e-01
   7.77830005e-01  4.62200016e-01 -2.75734991e-01  3.27048993e+00
  -4.14004982e-01  8.79155040e-01  7.48950019e-02 -1.85113001e+00
  -1.43461001e+00 -5.16635001e-01  1.03988504e+00 -2.88464993e-01
  -6.17585003e-01  1.88492513e+00  1.18260004e-01  1.83061004e+00
  -2.34123993e+00  4.88905013e-01  9.53800082e-02  6.68869972e-01
   1.31169498e+00  1.75257993e+00 -4.78274488e+00  7.78139949e-01
  -6.17054999e-01 -6.06694996e-01  2.20725000e-01  1.20054998e-01
   1.16343498e+00  4.06984985e-01  1.42632496e+00  8.87079954e-01
  -2.55245000e-01  2.40892506e+00 -1.78508508e+00 -1.01676500e+00]]