[-7.05944002e-01 -1.04539001e+00 -2.75590003e-01  1.76630592e+00
  2.40335986e-01 -5.49689949e-01 -2.41548017e-01  4.86751944e-01
 -2.49381399e+00  6.40923977e-01  8.31459537e-02  1.90541196e+00
 -2.36179885e-02 -2.68457580e+00  2.23750025e-01 -1.18640399e+00
 -1.78165400e+00  4.22484010e-01 -2.04064226e+00  1.57964802e+00
  7.63025939e-01  1.97485387e+00 -9.03024018e-01 -8.89930069e-01
 -9.87985969e-01 -1.38063812e+00  8.87434006e-01  1.07295203e+00
  6.20832026e-01 -2.25809407e+00  2.06256062e-01 -2.62753963e-01
 -2.05172396e+00  1.38811976e-01  3.29779959e+00  1.23148990e+00
 -1.27325594e+00  1.23236203e+00 -7.20209956e-01  5.39705992e-01
 -1.66317403e+00  1.71124011e-01  2.34347796e+00 -1.11074400e+00
  1.55060589e+00  1.28319597e+00  2.91440003e-02 -3.79818022e-01
 -1.43099999e+00  1.97077811e+00  1.53823400e+00 -3.69479954e-01
  4.14905965e-01  4.40670013e-01 -3.49570006e-01  1.62434793e+00
  1.02980003e-01 -6.17670000e-01  1.45819402e+00  2.08978987e+00
  1.53917998e-01 -2.84278005e-01 -3.46412003e-01 -1.45001996e+00
 -6.77568078e-01  8.70264053e-01  3.30191970e-01  1.84157979e+00
  1.84078383e+00 -1.03077006e+00  1.71538603e+00 -1.18756604e+00
  2.15623617e+00  2.47263408e+00 -5.68858027e-01  2.01059604e+00
  3.08900028e-01 -4.04428065e-01 -8.17097962e-01 -1.96365416e+00
 -1.94251406e+00 -7.25326061e-01 -1.07385409e+00 -1.41827798e+00
  5.82126021e-01  1.69985390e+00 -3.95505995e-01  4.60778058e-01
  8.05458069e-01  9.19995964e-01  1.91738582e+00  1.12028003e-01
 -3.29539888e-02  1.00454998e+00  4.65021998e-01 -5.62846005e-01
 -6.52763963e-01 -6.36956036e-01  3.05927992e-01  1.46904206e+00
  1.11676598e+00 -2.71566010e+00  1.96811199e+00  1.99678019e-01
 -4.54300016e-01  1.14386007e-01 -4.15448010e-01 -8.72737885e-01
 -2.04244590e+00  1.51982987e+00  1.78452206e+00 -5.80946028e-01
 -5.27444005e-01 -1.65400503e-03  1.43507993e+00 -2.50536799e+00
  7.18899742e-02 -4.17959876e-02  2.37292007e-01  1.04188062e-01
  2.74110794e+00 -8.18628013e-01  8.04347992e-01  1.08098602e+00
  1.07207799e+00 -2.25939417e+00 -1.62505603e+00 -1.13232039e-01
 -1.85305405e+00 -2.56491399e+00 -5.54141998e-01 -8.06731999e-01
 -1.50074792e+00 -2.55800009e-01 -4.66744006e-01  1.05727986e-01
 -1.18057799e+00  1.50867808e+00  1.95811391e+00 -1.24176192e+00
  1.90873966e-01  2.08556414e+00  1.45674005e-01 -2.58407807e+00
  1.48779607e+00 -9.56139937e-02 -4.23782021e-01 -5.20379901e-01
  3.31139982e-01  8.75268102e-01 -1.95651603e+00 -2.22226024e-01
  1.88175416e+00  5.20283997e-01  1.11082003e-01  1.99071598e+00
  3.30560613e+00  2.69486618e+00  1.82239187e+00 -9.49488044e-01
  8.21500003e-01 -3.86551809e+00 -2.21794200e+00 -4.42358017e-01
 -4.36859995e-01  3.43397945e-01  7.62311935e-01  1.76498580e+00
 -9.61495996e-01  6.60604000e-01  1.26039861e-02  2.04251003e+00
 -8.19368005e-01 -1.32388806e+00 -5.39605975e-01  2.33776048e-01
  9.63205993e-01  3.73364002e-01  4.53392029e-01 -2.15032011e-01
 -2.17578793e+00  1.74340212e+00  1.18176006e-01  1.36257792e+00
  3.10227394e+00  1.81910205e+00 -2.16204405e+00  4.35907930e-01
  3.13638002e-01 -1.25589013e+00  1.49394000e+00 -1.01928806e+00
  1.27717996e+00  1.36074805e+00  2.02505779e+00  6.48899525e-02
  7.59427965e-01  1.73119390e+00  2.99463987e-01  7.99857974e-01]