[ 1.2069267  -0.01065008  0.49626338  3.22273    -2.67519    -1.57522
 -0.5460734  -2.6964066  -0.30177668 -0.03896336 -0.25113335  0.62385666
 -2.0333865  -2.81036     2.1849267  -2.3641267  -0.85663337  0.24802668
 -3.362323    3.4943533  -0.25491667  2.6757734  -4.899586   -0.23580007
 -0.8221767  -0.41693667  0.74734336  3.0162268   0.4361634  -1.24345
  2.6892998  -3.79605    -1.1429667   1.0401534   3.2861264   1.1327333
  0.06896329  0.01201665 -1.7923566   0.40024665 -3.5350564   1.3786234
  1.28854     0.63017994  3.1550932   0.99051017 -0.28838667 -0.3446165
  0.44457674 -0.40257344  0.77348334  1.3933169  -2.54407     2.6970398
 -0.78689665 -0.7501466   0.85725    -1.62927    -0.44231665  1.5525433
 -1.68477     3.6252663   0.9095733  -0.36977005 -0.53919333  1.5890299
  2.0018034   2.0132532   2.1429133  -1.3675233   1.1519867  -0.39599323
 -0.7325266   1.86478    -1.8951768   0.06932328  1.4685899   0.35084674
 -0.2663233  -1.4341568  -1.2241734  -1.3822433  -0.2596234   0.29334006
  2.3573532   1.6202298   0.32609335 -0.19856332 -0.5953166   1.3408366
  0.1743267   1.7681268   2.1595433  -0.06731001 -1.7841167  -3.1756365
 -1.43795    -0.76151997 -1.8059033   3.20178     2.3521767  -2.703273
  1.5857033   1.2897466  -1.1229767   1.6002632  -0.29622665  1.7164634
  1.6954032  -1.2645134   0.5319     -3.01396    -2.3561165  -2.3171933
  0.69311    -2.73386    -0.39565668  1.20163    -2.22171    -1.0324267
  2.1280966   0.16822338  1.93041     1.7512866  -1.5690433  -3.0703535
 -0.32930663 -0.8927367   0.2952901  -3.6920402  -1.0068966  -3.0015934
 -4.0028      0.24342336 -0.21747671  1.8380499  -0.87885666 -0.9874367
  1.9247135  -3.0400267  -0.17777002  2.8832467   1.2565     -4.6731296
  0.90083665 -1.8383034  -0.71559    -2.0094233   3.4073734  -0.07674336
  0.21878667 -1.05161     2.0457535  -2.4251368  -2.61008     2.23084
  3.3091898   2.6556733   4.0906434   0.32521677  2.28531    -2.7879703
  0.15592332 -0.75013    -0.66596     0.3933967  -0.2156      0.69826
  0.07866335  0.20059331  1.8777866  -2.32983    -0.20142668 -2.4197035
  2.4876869   0.50359666 -0.8919733   0.82783     0.2711433   0.01928999
 -1.8346      2.5064166   0.75757337  0.93741995  1.7158767   1.5267
  1.4042498   0.19456331 -0.26180327  0.65224    -0.31112334 -0.41880667
  1.7536932   1.0351332   0.90215     1.9225835  -0.12099     2.40248
  0.52037334 -1.81666   ]