[[-0.70354    -0.38664749  0.0484625   0.42459998  0.12775747  0.21999
  -0.55285    -1.10690999 -1.134345   -0.47378498 -0.47058751  1.57485002
  -0.50287002 -1.64714992  0.096035   -0.28828999 -0.82473752  0.31913999
  -0.8714875   1.66354001  0.92322749  1.13841248 -2.13218492  0.95076251
  -0.50980002 -0.45626998 -0.8529675   1.43545753  0.59972251 -1.22305751
   0.77634746 -0.59347998 -0.28595001  0.65086499  1.56026     0.9885475
  -0.61142998  0.35043749 -1.0324975   0.37961752 -1.76429251  0.51238999
   1.75468493 -0.96549249  0.26593251  1.11936751 -0.6046775  -0.4562225
  -0.36807748  0.49035749  0.85859501  0.79187998  0.0291975   0.77887753
  -0.77042001  0.4522875  -0.23286501 -0.467005    0.89096251  0.89263999
  -0.6079675   1.21838755  0.227385   -1.22643751 -0.0038375   1.10092006
   0.43590749  1.00215247  0.77699    -0.66787252  0.62715    -0.76440503
   1.90704244  1.16561753 -1.03887999  1.14362994  0.31432001  0.0183025
  -0.78462002 -0.76704499 -1.29692745 -0.66171998 -0.89874752  0.47690748
   1.16303748  1.263805   -0.08071     0.93333504  0.51796748  0.07776751
   1.03266498  0.23222998  0.80615754  0.93639    -0.42107999 -0.92460752
  -0.32671501 -0.51066747  1.19878006  0.36991999  0.885685   -1.39079499
   0.99318504  0.42902747 -0.30216748 -0.58704749  0.0231525  -0.125825
  -1.38957244  2.03471756  0.53201503 -0.75515001 -1.47583747 -0.02339749
   0.43421249 -2.06738496  0.3283675  -0.46773502  0.27007246  0.08919749
   1.01755747 -0.43161251  0.238685    1.57705998  0.59364498 -1.96119761
  -1.64507997  0.49967001 -0.62841    -0.61820501  0.32192001 -1.0726825
  -0.05346252  0.04297499  0.51048002 -0.587965   -0.41027498  1.004605
   1.82631743 -0.69754502  0.1167925   0.223745    0.43488751 -2.72364497
   1.69515002 -0.62513748 -0.37993753 -1.44721499  1.07748753  0.29549003
  -0.37903751  1.17742497  0.90382496 -0.162475   -0.67462498  0.21865501
   2.02822506  1.33476248  0.98052999 -0.33675     1.0837875  -1.89835757
  -1.14816001 -0.49074749  0.37092499  0.51802002  0.18230748  2.13709998
  -0.29687752  1.16022247  0.50257002  0.43244751 -1.15120494 -0.81685996
   0.31152001 -0.19926751  1.27006495  0.33462498  0.61401749 -0.09626499
  -0.73259249  1.13572004 -0.0958325   1.48241246  2.07500499  1.26921499
  -0.44698498  0.07306501 -0.08343001 -0.94729245  0.53791253 -0.20134
   0.52744748  1.48776001  2.47772253 -0.22110499  0.61548996  0.11932251
  -0.0922375  -0.780745  ]]