[[-0.44794018  0.75187772 -0.50954074  0.69780788  0.93994154  0.19450906
   1.04321114 -0.16710528 -1.37962304  0.69323791  0.31209244  1.80456769
  -1.59171469 -2.29337942  0.01614531  0.53051985 -1.18696221 -0.33738869
  -1.78406433  1.54286735  0.27366053  2.27787501 -0.32721174 -0.48166205
  -0.82023888  0.0563649   0.46938737  2.36653289 -0.53297    -1.08368524
  -0.01539906 -1.18680254 -0.33640962 -0.17885587  2.25834842  1.06204787
  -1.4690366  -0.0849213  -1.70497606 -0.17182245 -1.59473592 -0.5790317
   1.70564823 -0.20446604  0.86871905  0.91900089 -0.73763603 -0.64412245
  -0.25982999  1.47629387  1.04012543  0.43896832 -0.15199641  1.06321867
  -0.69847713  1.74775773 -0.64766208  0.46431437  0.44057901  1.68842494
  -0.25242999  1.37536396  0.5182191  -1.4893545   0.60514001  0.35337208
   0.61399717  0.37453339  0.47096733  0.63844569  1.28875284 -0.87693605
   0.91657886  1.66446813 -1.47399106  0.64959903  1.14692598  1.03686658
  -0.91519938 -0.27629076  0.25732075 -1.24451018 -0.25084131 -1.36982382
  -0.05015263  1.70655456 -1.2916323   1.26907994  0.57197397  0.61375299
   1.00821323  0.33344775  0.71960359 -0.22476776 -0.40352699 -0.7638772
  -0.92162115 -0.44144244 -0.59387723  0.96366094  0.69052837 -1.70872329
   2.28952458  1.0357223  -0.10868546  0.92841175 -0.25329565  0.36038114
  -1.6362564   2.05423246  0.55159808 -1.0253566  -1.21130243  0.9077538
   0.72349241 -1.8532688   0.04692981  0.06328451  0.22913208  0.09355471
   1.14186267 -1.13035746  1.68816598  1.4129659  -1.17068583 -1.80030938
  -1.22189402 -0.3866151   0.45021851 -1.13193423  0.44757448 -0.82526754
  -0.83854165  0.20349641 -0.56422489 -0.24380132 -0.76389172  1.16375564
   1.46090536  0.55756321  0.46231526  0.9238736   0.97266586 -1.79616599
   1.43319781 -0.73856099  0.50987961 -1.86560012  1.51861036 -0.27170692
  -0.48591512 -1.45158808  1.12772621  1.01894321 -0.41526173 -0.32172545
   1.58894394  1.39011531  1.46712452 -0.39471532  2.2569015  -1.50420372
  -0.34426359 -0.4157762   0.07343547 -0.12655095  0.33123602  3.10929023
  -1.16299721  1.09202289  0.52217055  1.07808408 -1.33890734 -1.22272204
   0.0945864  -0.44027943 -0.90512737  1.13425504  1.68788787  0.32050357
  -2.43040923  1.23566867 -1.00842694  1.23583822  2.57453533  0.06792452
  -0.44419997  0.80120096  0.54837875 -0.24186982  0.96983663  0.06265854
   1.18153123  0.82568301  1.31046609  0.23228228  0.87273806  0.45866434
  -0.23552518  0.03598529]]