[[-4.08550009e-01  9.18321649e-01  3.49241689e-01  1.79333488e-03
   7.58258243e-01 -5.00721660e-01  2.06968499e+00  3.26188346e-01
  -1.72665999e+00  7.25950055e-01  4.99600013e-01  2.64250165e+00
  -1.37772842e+00 -2.86187170e+00  7.82140009e-01 -8.64183277e-01
  -1.24989502e+00 -1.19892502e+00 -5.80549980e-01  2.29716667e+00
  -2.14034166e+00  2.62780499e+00  3.40480020e-01  2.69533284e-02
  -1.02446828e+00 -6.27883236e-01  1.45418002e+00  2.49310339e+00
  -6.99750029e-01  6.22683515e-02  6.23029987e-01 -1.98492002e+00
  -1.15316003e+00  1.17996336e+00  1.53121332e+00  3.27504996e+00
  -1.28388002e+00  4.95480031e-01 -1.31567166e+00 -1.26017998e+00
  -2.69262330e+00 -5.61778322e-01  2.42366326e+00 -2.96421681e-01
  -4.29495008e-01  1.17563661e+00 -2.61006494e+00 -3.31196663e-01
  -1.41093346e-01  1.50062835e+00  3.49656686e-01 -6.48993313e-01
   8.96923323e-01  1.79796660e+00  1.24914334e+00  3.26026658e+00
  -1.03654164e+00  1.72713331e+00  1.31477166e+00  1.48047667e+00
  -4.70926646e-01  2.08971831e+00 -2.09333288e-02 -1.62000171e+00
   9.24381676e-01  1.19437834e+00  2.31388835e+00  5.41080012e-01
   1.09401663e-01  1.67476165e+00  1.80986001e+00  3.11163339e-01
   1.44609006e+00  1.71489827e+00 -1.62943668e+00  7.43066370e-02
   7.87763273e-01 -8.53036637e-01 -6.81534976e-01 -1.89543331e+00
   6.24915014e-01 -1.17834169e+00  1.89416668e+00 -3.00161664e+00
   1.19352336e+00  2.72555999e+00 -2.80824999e-01  7.53696680e-01
   4.47118352e-01  1.34451503e+00 -3.06679984e-01 -1.16928836e+00
   2.22846166e+00 -7.85331696e-01 -1.07319498e+00 -1.35905835e+00
  -4.62704999e-01 -6.61198338e-01 -4.18569976e-01  7.94701649e-01
   1.36284504e+00 -1.74384834e+00  2.55430176e+00  2.05544502e+00
  -2.12091640e-01  1.02769501e+00 -3.24425009e-01  4.23185011e-01
  -1.44728001e+00  4.91273324e-01 -7.65249982e-01 -1.55481335e+00
  -5.91510008e-01  3.59608322e-01  7.17284987e-01 -2.71912507e+00
   9.89888334e-01 -1.34232662e+00  1.69614991e-01  2.79421628e-01
   2.25724665e+00 -1.72093001e+00  3.42712652e+00  1.21199827e+00
  -2.43726664e+00  2.39493291e-01 -2.06831999e+00 -1.40803502e+00
   8.24196701e-01 -1.11496335e+00  9.40188391e-01 -2.31432668e+00
  -1.57365003e+00 -9.04949555e-02  3.23865006e-01  1.42906670e+00
  -7.08743339e-01  1.31492832e+00  7.37231672e-01 -5.61214988e-01
   1.91553347e-01  2.16743835e+00 -4.27371686e-01 -4.79360009e-01
   8.79930006e-01 -7.44288325e-01 -2.77156631e-01 -7.87185053e-01
  -2.04713345e-01  4.13324980e-01 -1.61312995e+00 -1.68374167e+00
   1.60175163e+00  1.89719839e+00 -3.68061637e-01 -8.44631612e-01
   1.06221998e+00  1.45670164e+00  3.68266682e-01 -1.34182999e+00
   7.60043313e-01 -7.11176664e-01 -5.46100090e-02 -7.13894958e-01
  -7.93208351e-01 -9.51859991e-01  2.61336654e-01  4.42229168e+00
  -1.36429168e+00  2.07467826e+00  3.70096664e-01  2.28914999e+00
   2.64171655e-01 -2.89534671e+00  1.78994835e+00 -5.47079990e-01
  -1.28273503e+00  7.86999980e-01  2.03967336e+00  3.26418335e-01
  -1.29866000e+00  2.90740675e+00 -1.13020327e+00  1.67461171e+00
   2.71641831e+00  6.67153355e-01  2.86750029e-01  6.45798326e-01
   7.02486669e-01 -8.59190017e-01  1.55501000e+00  7.25833361e-01
   1.60585666e+00  1.65646003e+00  3.13443323e-01 -6.62153363e-01
   1.06617666e+00  1.37653670e+00  2.77208291e-01  7.46415019e-01]]