[[ 3.76405994e-01  7.37378025e-01 -2.10610636e-01  3.24982015e-01
   9.59135238e-01  2.25356021e-01  8.92991998e-01 -4.98786676e-01
  -1.51287132e+00  6.94786636e-01  4.11974009e-01  1.53143404e+00
  -4.34160006e-01 -2.16134402e+00  8.48593483e-02 -2.88108030e-01
  -6.65186679e-01 -7.47527345e-01 -1.42470873e+00  5.78905996e-01
   4.47033333e-01  1.24162606e+00 -7.70337303e-01 -9.02196964e-03
  -9.06833261e-02 -9.20415358e-01  1.03176600e+00  2.23088802e+00
  -6.89506600e-02 -7.78432000e-01  4.38521373e-01 -6.93047337e-01
  -4.81438653e-01 -2.41782677e-01  2.17559593e+00  1.22360598e+00
  -1.08025605e+00 -2.25491313e-01 -1.42065398e+00 -5.38993339e-02
  -1.67376004e+00 -6.29877325e-01  1.19345867e+00 -3.54792027e-01
   6.45739351e-01  1.02493070e+00 -4.81290007e-01 -7.62887357e-01
   6.21608667e-01  9.54580006e-01  1.00513870e+00 -2.08186670e-01
  -3.15264679e-01  1.61829008e+00 -1.12911269e+00  1.67155061e+00
  -1.92080066e-02  5.43982021e-01  1.54901310e-01  1.80157198e+00
  -2.28802669e-01  8.70681947e-01  1.73730024e-01 -8.48628688e-01
   7.96679253e-01  6.90170678e-01  2.49079986e-01  3.23885353e-01
   5.39157989e-01  8.81339821e-02  7.35052697e-01 -6.44338638e-01
   5.58336651e-01  1.31784071e+00 -1.82644801e+00  1.06569068e+00
   1.59548267e+00  9.22327995e-01 -1.01697280e+00 -8.23967302e-01
  -6.78958035e-01 -7.08299959e-01  4.62513109e-02 -1.53479791e+00
   8.50268670e-01  2.12217669e+00 -7.99093310e-01  1.46947999e+00
   9.86754075e-01  5.07195362e-01  3.00773380e-01  8.79453341e-01
   9.14492671e-01  9.66873318e-02 -5.96584005e-01 -1.30742666e+00
  -1.17674131e+00 -1.81489976e-01 -1.14128803e+00  4.72713321e-01
   6.61860665e-01 -1.98689076e+00  1.84798665e+00  1.53423464e+00
   1.24074872e+00  9.31047964e-01 -6.81695962e-01 -5.36827348e-01
  -4.92185978e-01  2.28692395e+00  3.51120014e-01 -1.44048333e+00
  -1.79061203e+00  1.23492535e+00  1.15295595e+00 -1.79180078e+00
   5.43171985e-01 -1.36281999e-01  3.07637313e-01 -4.22588009e-01
   6.09700012e-01 -1.21169398e+00  1.02945995e+00  1.33168598e+00
  -1.17279667e+00 -1.50814930e+00 -2.13334330e+00 -6.12933309e-01
  -2.26775329e-01 -9.81887998e-01  7.61988004e-01 -1.43776072e+00
  -4.20812654e-01  7.71892025e-01 -4.97523977e-01  1.04063347e-01
  -1.02085803e+00  1.18559669e+00  1.02577062e+00  5.11226535e-02
   3.90936027e-01  1.69824407e+00  1.52299600e+00 -1.54224198e+00
   1.93332466e+00 -4.92796020e-01 -2.39060203e-02 -1.64994535e+00
   1.40194002e+00 -2.12786663e-01  1.55820661e-01 -1.83369072e+00
   1.44194667e-01  1.15562069e+00 -2.80031344e-01 -3.35796669e-01
   1.19148268e+00  1.71476604e+00  1.35520602e+00 -5.28156667e-01
   2.36011066e+00 -1.60854128e+00 -6.57081992e-01 -4.76199355e-01
   3.64976001e-01  1.21351083e-04  5.05486995e-02  2.80720204e+00
  -1.99336005e-01  9.46626699e-01  6.16179971e-01  1.18310939e+00
  -2.11891330e+00 -1.89164066e+00  5.76812660e-01 -9.65935042e-03
  -8.78751394e-01  4.44368655e-01  1.59784467e+00 -1.31613413e-02
  -1.60001668e+00  1.87725675e+00 -6.28971334e-01  1.64258529e+00
   2.35954612e+00  2.31398673e-01 -2.60953335e-01  6.57479389e-01
   2.10264002e-01 -4.71842003e-01  5.73289335e-01  8.30460643e-01
   1.48820473e+00  3.35523316e-01  1.63015386e+00  3.90389311e-01
   2.65566691e-01  1.43441979e-01 -9.73137315e-01  1.62014655e-01]]