[ 7.00533807e-01  2.20979527e-01 -1.06725395e+00  5.31488121e-01
  1.43892074e+00  3.19151938e-01  1.14456618e+00 -5.13433814e-01
 -1.41207337e+00 -3.07514787e-01  5.63603759e-01  1.34217203e+00
 -4.35793817e-01 -1.18839037e+00  2.27044284e-01 -8.76904801e-02
 -3.74572396e-01  1.90262854e-01 -2.19147754e+00  9.63193774e-01
  3.15525293e-01  1.92126143e+00 -1.15373051e+00 -9.91770327e-01
 -1.39146671e-01  3.94505352e-01  1.09473431e+00  2.33282042e+00
  2.99861938e-01 -1.49835813e+00  8.32237601e-01 -1.15757599e-01
 -4.45766523e-02 -5.25520444e-01  2.28996539e+00  1.57821298e+00
 -1.16904914e+00 -6.37584805e-01 -1.23928952e+00  4.76255238e-01
 -1.39720774e+00  3.53999995e-02  1.56206644e+00 -5.70613384e-01
  1.54214275e+00  7.17187583e-01  1.18021406e-01 -8.34672809e-01
  8.16450000e-01  1.08587754e+00  1.27080584e+00 -4.34790701e-02
  3.68695036e-02  1.78677130e+00 -8.56147647e-01  1.39479280e+00
 -2.90641397e-01  2.92569518e-01  5.38516700e-01  2.31217432e+00
 -3.01695094e-02  1.37296140e+00  7.43594289e-01 -6.90835297e-01
  1.98360488e-01  9.42681909e-01  7.86222339e-01  7.50615239e-01
  5.19928485e-02  1.84513316e-01  3.59741896e-01 -1.47594348e-01
  4.41515207e-01  8.53488088e-01 -1.77894902e+00  2.17825770e+00
  1.89570558e+00 -1.88216180e-01 -1.05310297e+00 -8.59962463e-01
 -1.42991424e-01 -1.08218753e+00 -3.42451900e-01 -8.96828771e-01
  1.83450150e+00  2.09062767e+00 -1.48385811e+00  9.25509870e-01
  8.27360511e-01  1.00377715e+00  4.16070998e-01 -5.77358544e-01
  4.01553333e-01  1.71834722e-01  7.05571473e-02 -6.77312851e-01
 -4.30461943e-01 -6.35428965e-01 -1.34924638e+00  3.83781880e-01
  5.07463336e-01 -1.58700144e+00  2.00767493e+00  1.88694346e+00
  2.33690470e-01  8.05892229e-01 -1.04300007e-01 -3.19681913e-01
 -1.56773472e+00  1.76354253e+00  1.01739275e+00 -1.44507658e+00
 -1.11977959e+00  1.03292108e+00 -6.85300156e-02 -1.22408354e+00
  8.85035276e-01  7.83765674e-01  6.86140001e-01  8.16852134e-03
  1.40721989e+00 -1.44906986e+00  1.57393932e+00  1.67289352e+00
 -4.06830460e-01 -3.44372898e-01 -1.20817661e+00 -3.88141990e-01
 -5.03700912e-01 -1.21907568e+00  3.19889128e-01 -1.55913854e+00
 -3.47597599e-01  1.22240722e+00  7.88961798e-02 -1.64129049e-01
 -7.39827633e-01  7.61289954e-01  1.77210033e+00 -1.19631901e-01
  3.18210959e-01  1.39161432e+00  2.05854940e+00 -1.09963381e+00
  1.08026624e+00 -4.06184793e-01  7.95336664e-01 -1.24652803e+00
  1.47778964e+00  6.10470057e-01 -6.88612878e-01 -1.82555425e+00
 -3.69190164e-02  1.10101438e+00 -4.30639535e-01  6.12023830e-01
  1.82994139e+00  8.26252341e-01  6.81059539e-01 -1.43686676e+00
  1.54434729e+00 -1.35876250e+00 -1.25336564e+00 -1.26513875e+00
 -7.25504756e-02  2.07275733e-01 -9.46476161e-02  2.43291283e+00
 -3.64788115e-01  2.11266167e-02  7.35957623e-01  1.68327618e+00
 -1.55578899e+00 -1.27285528e+00  1.08590567e+00 -3.28607619e-01
 -1.00818241e+00  1.01555800e+00  1.65781236e+00  2.76858091e-01
 -1.74212551e+00  2.09630680e+00 -1.15790522e+00  2.02037382e+00
  2.58564377e+00  1.42376691e-01  1.03376217e-01  6.93773806e-01
  1.71282748e-03 -3.74288589e-01  9.40102875e-01  7.49348938e-01
  1.28430283e+00  2.68105745e-01 -6.67529106e-02 -3.40159506e-01
  4.73548979e-01  7.65150428e-01  7.72220492e-01  3.66258562e-01]