[-5.78685582e-01  1.59227121e+00  1.98856264e-01  1.26411057e+00
  9.42926824e-01  7.53306597e-02  1.24120998e+00 -2.13721275e-01
 -1.58553815e+00  8.67502511e-01  5.77103078e-01  2.11477113e+00
 -2.04507470e-01 -3.25692296e+00  9.67715025e-01 -8.23312700e-02
 -3.42462510e-01  1.10316515e+00 -1.44726312e+00  1.26186740e+00
  4.05803770e-01  2.14318252e+00 -1.81855559e+00  6.61987588e-02
 -1.74301863e-01 -4.39620018e-01  1.18408501e+00  3.18784094e+00
 -9.97298121e-01 -7.13988781e-01  8.38726282e-01 -6.27866864e-01
 -2.68887520e-01 -6.83935046e-01  3.12565660e+00  1.95176375e+00
 -1.53074503e+00  1.13331288e-01 -1.67954183e+00  6.11166120e-01
 -1.82200444e+00 -9.25402522e-01  1.50645256e+00 -1.73693731e-01
  4.35199350e-01  1.21057498e+00  5.69286942e-02 -1.39420569e-01
  5.79846323e-01  1.04792690e+00  8.73503149e-01  1.48406237e-01
 -8.27425271e-02  1.61374879e+00 -1.67140055e+00  1.50686812e+00
  1.82468630e-02  5.44196248e-01  6.74274981e-01  1.46515000e+00
 -4.38614368e-01  1.54664564e+00 -2.07868516e-02 -8.73772502e-01
  5.64549863e-02  8.45423102e-01 -2.25312486e-02  1.63189936e+00
  4.87332523e-01 -1.70149356e-01  1.37327445e+00 -1.35325384e+00
  4.47362512e-01  2.14773083e+00 -1.36079001e+00  1.73874998e+00
  2.21152997e+00  7.86144376e-01 -1.62112451e+00  2.57341325e-01
 -1.31935000e-01 -8.62300634e-01 -6.39938712e-01 -2.00629449e+00
  1.75442302e+00  2.49983621e+00 -6.05504990e-01  5.61964393e-01
  7.43989944e-01  1.22763681e+00  1.50381374e+00  1.01004446e+00
  3.62662494e-01 -4.61299360e-01 -8.04919958e-01 -6.45786285e-01
 -2.77529389e-01 -6.28136277e-01 -9.66755629e-01  5.00964940e-01
  3.34974378e-01 -1.85171700e+00  1.55002427e+00  1.13375437e+00
  5.63012481e-01  1.01657140e+00 -3.27513099e-01  2.06191868e-01
 -1.25265813e+00  1.54132366e+00  5.78459382e-01 -1.92215443e+00
 -1.44751871e+00  1.27504683e+00  3.95134360e-01 -2.32472014e+00
  1.12017810e+00  6.37247503e-01  8.06194425e-01  7.20126212e-01
  8.85706782e-01 -1.99147630e+00  9.12894368e-01  2.19469333e+00
 -1.30850744e+00 -1.64649177e+00 -1.88520074e+00 -6.45807624e-01
 -2.57031232e-01 -1.10146236e+00  8.07899356e-01 -1.46128571e+00
 -7.51007438e-01  1.01149690e+00 -4.01223153e-01 -1.35547504e-01
 -4.31257546e-01  1.25819445e+00  1.97063506e+00  7.23590672e-01
 -1.42162517e-01  1.46045256e+00  1.32302260e+00 -2.21402502e+00
  9.09350634e-01 -1.00428557e+00  4.43802506e-01 -1.92933381e+00
  1.73657608e+00 -1.32837407e-02 -6.37024403e-01 -1.44061375e+00
  6.39148176e-01  1.16216123e+00  2.63278753e-01  2.94499844e-03
  1.32032061e+00  2.02490115e+00  6.33305013e-01 -7.29643047e-01
  2.71349835e+00 -1.51922309e+00 -1.13093674e+00 -1.57178497e+00
  1.43461883e-01 -6.02449298e-01  7.74921894e-01  3.18428874e+00
 -3.15214366e-01  6.93671227e-01  1.08812249e+00  1.34319925e+00
 -4.91463780e-01 -1.05909991e+00  3.62058789e-01  1.21485636e-01
 -1.48289412e-01  1.25809300e+00  1.31906259e+00  3.73791218e-01
 -2.05390739e+00  1.60589194e+00 -9.76962298e-02  1.83286500e+00
  2.63505769e+00  3.85491908e-01 -4.93674994e-01  1.36766839e+00
 -4.47843134e-01 -2.65080005e-01  6.69160604e-01  6.48516178e-01
  1.69609785e+00  6.59860015e-01  1.19117761e+00  4.34998125e-01
  5.25645614e-01  3.25698137e-01 -1.41216248e-01  7.22600371e-02]