[ 0.36934662  0.19360088 -0.7119666  -0.04099252  1.9539809  -0.73391825
  0.96749574 -0.82298756 -1.5298508   0.12345919  0.28698832  1.1887817
 -0.4970558  -1.3099717   0.64312917 -0.47738168 -0.9365633   0.15315168
 -1.8275965   1.6658667  -0.45812503  2.3880508  -1.55648    -0.3157958
 -0.48130417  0.06309921  1.5384582   2.7619677  -0.10916501 -1.7897168
 -0.17218499 -0.17446999 -0.7209192  -0.5091383   2.4934983   2.8753464
 -1.0364618  -0.9429775  -0.49933589  0.58677167 -1.6290992  -0.10356834
  1.8260165  -0.82443744  1.3333868   1.1333817   0.44620335 -0.6483925
  0.79805     0.9454076   0.72040415 -0.28200924  0.639725    1.9568491
 -1.205245    2.193105   -0.4459933   1.37609     0.2072341   3.0415041
 -0.37196922  1.3906459   1.2640482  -1.4311508   0.32537505  0.95261747
  1.0866667   0.6705459  -0.3669558   0.255       0.3861033  -1.0996251
 -0.48230004  1.1530259  -2.2916417   1.9323044   1.7201301   0.4847542
 -1.8774842  -1.5096065   0.17169255 -1.246035   -0.7120525  -1.326665
  1.4389868   2.2871592  -0.9707809   0.7263484   0.9759808   1.1292225
  1.5065316  -0.5612117   0.27363753  0.32926083 -0.5272333  -1.2094258
 -1.4163817  -1.1871383  -1.5626432   0.00515249  0.3476092  -1.6071758
  1.98198     2.0814292   1.377901    1.3940907  -0.21616001 -0.29619336
 -1.3616425   2.594931    0.3249767  -1.3229817  -1.4535941   0.9914267
  0.44319    -1.7442673   0.24483998  0.67409325  0.9050751  -0.36892417
  1.0291233  -1.7747374   1.6512192   2.1263182  -0.8360033  -1.1420517
 -1.8058534  -1.0043641  -0.5333167  -0.44394663  0.2200375  -1.6807467
 -1.2169241   0.4856641   0.06707416  0.25790504 -0.75517344  0.6437625
  1.3653208   0.6242392   0.5791807   1.1519525   1.5362091  -0.5660975
  0.87648743 -0.6326384   0.66432667 -1.8601952   1.5031466   0.37978753
 -0.4501817  -1.9286226   0.02692753  1.0974826  -0.8971475   0.10282248
  1.7485701   1.0228676   0.8639625  -1.7926892   3.2020607  -2.1461532
 -1.0524167  -1.7238983  -0.26786998 -0.60259086 -0.22824498  2.4680293
 -0.81070256  0.85752743  1.2884341   1.9310626  -2.0116825  -1.9142843
  0.6016383  -0.10555667 -1.0830774   1.4348799   1.2191117   0.5714292
 -1.8535991   3.1655645  -1.8760415   2.7192965   3.4208868   0.31984666
  2.0266125   1.0015608   0.5095108  -0.36650753  0.57662     0.45824656
  2.127385    0.86975336  0.44607     0.62727743  0.14182912  0.2907358
  0.39070758  0.3624033 ]