[ 4.97864746e-02  7.81411827e-01 -8.14255238e-01  3.44041139e-01
  1.15175354e+00 -8.70414358e-03  1.20403183e+00 -5.61227560e-01
 -2.01289845e+00  1.12437069e+00  4.46741194e-01  2.31928587e+00
 -6.61956429e-01 -3.49273777e+00  3.26017618e-01 -8.58523399e-02
 -1.01861191e+00 -1.34270610e-02 -1.51979291e+00  1.29185009e+00
  5.27808130e-01  1.97358930e+00 -8.27347696e-01 -3.92531157e-01
 -2.20958740e-02 -1.48760712e+00  1.58744526e+00  2.61943102e+00
 -8.23487699e-01 -1.06252229e+00  6.37789369e-01 -7.37425327e-01
 -4.58804131e-01 -1.02487043e-01  2.70690179e+00  1.14633107e+00
 -2.01230884e+00 -1.05067539e+00 -7.65805244e-01 -3.56272966e-01
 -2.22720885e+00 -1.06424356e+00  1.17165482e+00 -1.14064920e+00
  1.20426702e+00  7.37388730e-01 -1.14148811e-01 -6.62716389e-01
  1.07924891e+00  2.74262905e-01  8.76780629e-01 -4.76753563e-01
 -6.19958282e-01  2.15738988e+00 -1.02298880e+00  1.74602413e+00
 -7.90007055e-01  1.62662339e+00 -1.04841135e-01  2.37449813e+00
 -3.08383524e-01  1.87611198e+00  2.91555196e-01 -2.11862516e+00
  4.59630579e-01  6.65486574e-01 -5.73370531e-02  1.56767637e-01
  6.25208855e-01  9.47664306e-02  1.21930003e+00  1.70340016e-01
  2.28105858e-02  1.15841544e+00 -2.03257704e+00  5.33271730e-01
  1.97261000e+00  8.85839343e-01 -1.59637475e+00 -3.12014192e-01
 -4.19369966e-01 -1.00724173e+00 -2.75994092e-01 -1.62596595e+00
  1.03168297e+00  2.78753328e+00 -1.29407012e+00  2.03830576e+00
  1.47015941e+00  7.25950658e-01  5.40702999e-01  7.28036404e-01
  7.78855324e-01 -4.52899933e-02 -2.69492358e-01 -1.92652512e+00
 -6.88131273e-01 -5.55267036e-01 -1.26154482e+00  8.40128362e-01
  4.59582984e-01 -2.17024589e+00  2.04705763e+00  1.14400136e+00
  1.08283460e+00  1.09436107e+00  1.96708262e-01 -6.97284162e-01
 -1.75103283e+00  2.72571301e+00  7.53007531e-01 -1.96074629e+00
 -2.15437078e+00  9.57450628e-01  9.14737165e-01 -2.55277085e+00
  1.52884889e+00  8.53547096e-01  5.99902451e-01  1.50514707e-01
  1.80900013e+00 -2.20265388e+00  1.67266822e+00  1.57835543e+00
 -1.36485064e+00 -2.51268172e+00 -2.66195846e+00 -5.28657615e-01
 -5.43337047e-01 -1.33848536e+00  1.51417470e+00 -9.70540524e-01
 -8.51912916e-01  1.24210691e+00  2.74081975e-02 -3.52725297e-01
 -1.65456784e+00  1.24750113e+00  1.24647593e+00  2.05125913e-01
  1.06841588e+00  1.69781017e+00  8.38860571e-01 -1.72029603e+00
  1.54664898e+00 -1.15545940e+00 -1.21986434e-01 -2.03440189e+00
  2.23132110e+00 -1.68423519e-01 -7.31967151e-01 -1.56775832e+00
  5.41905344e-01  7.40246534e-01 -1.12564147e-01 -1.30020022e-01
  2.19805646e+00  1.64551175e+00  2.30106902e+00  8.39443761e-04
  3.28315473e+00 -1.77125299e+00 -1.43368113e+00 -2.66712368e-01
 -3.61341238e-01 -2.15929970e-01  7.15181708e-01  3.91153860e+00
 -7.61611700e-01  5.24859369e-01  8.69450510e-01  1.50339830e+00
 -1.43364012e+00 -9.27009404e-01  1.20149419e-01  7.59200573e-01
 -5.29530048e-01  9.44045901e-01  1.88409173e+00 -2.68038809e-01
 -2.14280581e+00  1.68262112e+00 -5.70965290e-01  2.16411591e+00
  2.87749720e+00  7.93295074e-03 -9.19350028e-01  1.15169168e+00
  5.23077667e-01 -5.12658581e-02  1.32541931e+00  8.01096439e-01
  1.77112126e+00  1.45481750e-01  1.20981884e+00  7.22320080e-01
  9.07915235e-01  1.44181991e+00 -7.87176371e-01  3.64111960e-02]