[ 2.5804329e-01  1.7150866e+00 -7.2074002e-01  8.8802671e-01
  2.0064366e+00  1.3536997e-01  1.5514768e+00 -1.8550332e-01
 -2.3348467e+00  8.2489663e-01  7.2590667e-01  3.2446635e+00
 -1.1150534e+00 -2.9913332e+00 -9.8000012e-02  3.8986668e-01
 -2.2405832e+00  4.3589997e-01 -2.2279799e+00  1.2386767e+00
  6.2367004e-01  1.0349699e+00 -1.3018533e+00 -8.4730022e-02
 -8.9139336e-01 -1.9956201e+00  1.7079000e+00  3.5047734e+00
 -2.1949986e-02 -1.4526234e+00 -2.9050013e-02 -6.2421995e-01
 -6.7847329e-01 -4.3653670e-01  2.5603232e+00  2.5346601e+00
 -3.0376899e+00  5.0520664e-01 -2.1053565e+00 -6.1328667e-01
 -3.3768132e+00  2.6874337e-01  2.6433933e+00 -8.5500008e-01
  9.9481004e-01  2.7785969e+00 -1.4398600e+00  3.7695333e-01
 -1.5319334e+00  7.2109669e-01  1.0835433e+00  6.0384333e-01
  6.2812996e-01  1.5712800e+00 -8.2195997e-01  2.0663168e+00
 -8.9453667e-01  7.6481658e-01  1.3264266e+00  3.8006432e+00
 -1.4306434e+00 -4.1317335e-01  1.9971566e+00 -1.6316500e+00
  1.2888399e+00  1.7705232e+00  9.1637009e-01  2.2297134e+00
  1.6584268e+00 -6.7816667e-02  4.4627002e-01 -1.7582735e+00
  1.7144200e+00  2.3067267e+00 -2.0561569e+00  2.9611168e+00
  2.2887201e+00  1.3825833e+00 -2.4201965e+00  8.1770025e-02
  1.9057635e+00 -4.1686654e-02 -1.4780699e+00 -1.1843400e+00
  1.5843366e+00  2.7579498e+00 -1.0637699e+00  1.8028167e+00
  7.4406320e-01  3.6879668e-01  4.0460069e-02  2.3043368e+00
  1.0517367e+00  1.4563500e+00 -7.7802998e-01 -2.8236635e+00
 -2.9130366e+00 -1.3786000e-01  2.4406333e-01  1.2497133e+00
  1.9720234e+00 -2.7042167e+00  2.5973167e+00  1.0089799e+00
  1.8356699e+00 -5.9376663e-01 -1.0157501e+00 -1.3935200e+00
 -2.4102099e+00  3.1026936e+00  1.3528033e+00 -2.0752733e+00
 -1.7259566e+00  1.5123901e+00  1.5374235e+00 -2.6919899e+00
  1.0743334e-01  9.8736334e-01 -1.5325233e+00  4.0131333e-01
  1.6328768e+00 -2.1531467e+00  2.6595366e+00  1.8299066e+00
  4.1939673e-01 -2.7661164e+00 -3.0890000e+00 -5.2981669e-01
 -1.0492100e+00 -1.3607267e+00  1.7329267e+00 -2.0561635e+00
 -1.4407533e+00  1.5689501e+00 -1.5175533e+00 -5.6419677e-01
 -1.5622333e+00  4.4096327e-01  8.1266665e-01  7.5743318e-02
 -8.9398670e-01  1.9740334e+00  1.1244401e+00 -3.0047600e+00
  3.8119633e+00 -3.3573332e-01  7.7599001e-01 -1.8003167e+00
  1.4785433e+00  9.3594331e-01 -4.7859669e-01  6.7847341e-01
  6.1076337e-01 -3.7075663e-01 -6.4236003e-01  8.4549338e-01
  1.2869000e-01  3.2115266e+00  7.9084998e-01 -3.2004997e-01
  3.3884304e+00 -2.2720499e+00 -9.7929341e-01 -1.6454001e-01
  1.4166832e-03 -6.8180996e-01  9.4096345e-01  4.8900099e+00
  1.6386628e-02  1.1315266e+00  4.3969989e-02  9.1603333e-01
 -2.2804301e+00 -3.2650101e+00  6.6592664e-01 -7.6140004e-01
  5.5105329e-01 -3.1231666e-01 -4.5486331e-01  1.8500199e+00
 -2.6961100e+00  1.5201167e+00 -6.2603332e-02  1.2007266e+00
  4.2098932e+00 -8.2517332e-01 -1.6458765e+00  6.5369338e-01
  1.9440202e+00 -1.6223000e-01  1.0154366e+00 -8.2707667e-01
  7.7763003e-01  2.4533321e-03  4.3233833e+00 -1.3142799e+00
 -4.4459677e-01  1.0464300e+00 -1.4746399e+00  1.0038900e+00]