[-0.28564334  0.43315336 -0.8481967   0.05388331  0.96180993  0.26837334
  1.0690733  -0.67853    -1.6729501   0.23685332  1.6697135   3.777917
 -1.0475134  -3.2978866   0.4083967   0.5759633  -1.7614299  -1.0142467
 -2.6960602   1.1474468  -0.49724007  2.1838267  -1.6008767   0.09696665
  0.22253335 -0.61966676  3.2102566   2.8971767  -0.37449667 -2.4195569
  0.0872333  -1.1293967  -0.44408333  0.92760664  3.1826298   1.7762467
 -1.9599133   0.92057675 -0.58689    -0.7089967  -3.1708233   0.6132667
  3.6734664   0.7432733   0.14506333  1.2828467  -1.4742533  -0.14536335
 -2.1782167   1.2313666   0.29380667 -0.03717333  1.3810898   2.7431433
 -0.51980335  1.4238801  -0.6967733   1.28659     0.6076433   2.4252298
 -0.5522067   0.13423668  1.6841699  -1.9361566  -0.42896333  1.2474133
  1.4745468   0.8621667   0.46175003  0.6044033   0.75238675 -2.75632
  1.9610133   1.26103    -1.6961833   3.4610634   2.21013     1.5320767
 -3.8779366  -1.7213632   1.9270368  -0.8182133  -0.45013    -1.5931834
  0.67908335  1.9382334  -1.66811     1.6652733   1.5590134   0.69583005
  0.62526     1.5434333   1.6095634   0.29202667 -1.3676933  -1.7112433
 -3.4209735  -0.8766534   0.34149     1.7352433   1.8332167  -2.4687066
  2.8032901   1.8510133   2.3658965   2.4506333  -1.0326732  -0.3781133
 -2.70366     1.7452768   1.9243201  -0.88759995 -1.3969966   1.9804598
  1.5051132  -2.2921534   0.01942335  1.4128699  -0.82024336 -0.44382668
  1.4443268  -0.9552867   2.43165     1.7977667   0.57550675 -1.6596832
 -2.6643267  -1.2354367   0.39598003 -2.16065     0.6282466  -1.1460334
 -0.7140134   0.41224003 -0.0503     -0.95897675 -2.3477967   1.0888199
  0.75496334  1.5107733  -0.6714267   2.17172     1.2785034  -2.2536535
  2.2886832  -1.36598     1.2741699  -2.75544     1.4032468   1.37313
 -1.61412    -1.6867567   0.90511006  0.10933334 -0.02192667  1.7600199
 -0.14841993  3.0033762   1.3668734  -0.17384331  3.8199532  -2.01568
 -1.6262366  -0.73144    -1.0921632  -0.97551996 -0.06110668  4.0218334
  0.15108661 -0.57914996  0.19536667  2.34117    -2.4593067  -3.0004902
 -0.31239    -0.28484666  0.97492     0.8990667  -0.46997333  0.8333234
 -3.0359533   2.2780964  -0.3250067   1.1581466   4.7160134   0.5431834
 -0.47768998  0.5096767   1.1265501   1.9201065   0.8773     -0.7496967
 -0.53404665  0.31901002  3.4287937   0.16469336  0.51447994  0.18088998
 -0.49233666  2.41643   ]