[-3.5589974e-02  1.4669000e+00 -1.1791134e+00  2.1271999e-01
  1.6998199e+00  2.9445001e-01  3.9369330e-01  2.5996685e-02
 -1.6559734e+00  8.7212008e-01  6.6094673e-01  3.8200271e+00
 -6.6808337e-01 -2.1806099e+00  3.0186331e-01 -5.1576668e-01
 -3.4851964e+00  9.7920996e-01 -2.4567966e+00  2.0939233e+00
 -2.0249666e-01  1.9961066e+00 -1.2267799e+00 -1.2613533e+00
 -9.5681000e-01 -2.3490968e+00  1.2277600e+00  2.2581398e+00
  2.4297665e-01 -1.7434669e+00  6.1548996e-01 -5.8260000e-01
  1.3283332e-01 -5.3775340e-01  3.1981900e+00  2.3207169e+00
 -3.2811565e+00  2.1238667e-01 -1.7507366e+00 -9.7780341e-01
 -2.4407001e+00  3.0300060e-02  2.6447799e+00 -3.0904666e-01
  6.5606666e-01  1.7529634e+00 -1.4317633e+00 -1.0101333e-01
 -1.4911534e+00  5.7554996e-01  7.9423332e-01  1.5997334e-01
 -8.5200267e-03  7.6525337e-01 -1.5497465e+00  2.2012932e+00
 -9.3689662e-01  5.2103668e-01  8.9262325e-01  2.6882231e+00
 -1.1842667e+00 -3.2842332e-01  1.8437400e+00 -1.6709700e+00
  1.2468400e+00  1.0294666e+00  2.3113067e+00  2.3754332e+00
  6.7066342e-01  6.7473000e-01  1.8184566e+00 -1.6850400e+00
  5.3626996e-01  2.2795434e+00 -2.5081069e+00  3.3883698e+00
  1.4769865e+00  1.1461900e+00 -1.7752666e+00 -2.4478333e-01
  1.6340499e+00 -6.9995719e-04 -8.6917013e-01 -1.8474633e+00
  1.3488532e+00  3.4723301e+00 -1.6543432e+00  2.5448599e+00
  2.8290398e+00 -5.9520996e-01  4.1097668e-01  1.4940400e+00
  4.5904669e-01  1.7243466e+00 -1.2364666e+00 -1.8089100e+00
 -2.8778400e+00  2.7741000e-01 -1.6072668e-01  1.9386333e+00
  1.4760966e+00 -2.7702599e+00  1.6665000e+00  1.0505966e+00
  1.7302933e+00  1.3327500e+00 -1.0390166e+00 -1.1292100e+00
 -2.4951000e+00  2.8411067e+00  9.7209007e-01 -2.0788133e+00
 -1.3341733e+00  1.2328967e+00  3.8399673e-01 -2.5588734e+00
  8.6581999e-01  1.7746032e+00 -2.8114340e-01  3.7433001e-01
  5.0234342e-01 -2.6475267e+00  1.0127932e+00  1.8164700e+00
  1.3491834e+00 -2.9883299e+00 -2.3804801e+00 -1.2845734e+00
  4.7923675e-01 -1.4746333e+00  7.7875996e-01 -2.7365568e+00
 -1.7397534e+00  8.8123673e-01  8.9699946e-02 -6.2157339e-01
 -1.1910334e+00  8.3494997e-01  2.0781003e-01  1.0923997e-01
 -3.9548337e-01  2.7903433e+00  1.3427900e+00 -3.2218401e+00
  3.6339567e+00 -6.7429334e-01  1.5045700e+00 -2.9534566e+00
  1.4715867e+00  6.9840330e-01 -8.6143337e-02 -9.3643270e-02
  5.1850671e-01 -9.3908668e-01 -1.6482668e-01  4.8052001e-01
  3.9177671e-01  2.7074432e+00  1.1763099e+00 -1.9115165e+00
  3.8083732e+00 -2.5009234e+00 -6.7228007e-01  5.7452005e-01
 -3.9169994e-01 -7.1153998e-01  1.2606601e+00  3.9940832e+00
 -1.2483166e+00  1.3942900e+00  6.6477996e-01  2.4149933e+00
 -1.7974267e+00 -2.4029467e+00 -2.0609333e-01 -1.0419701e+00
  7.2529334e-01 -4.1796660e-01 -6.6964334e-01  8.6344671e-01
 -2.2841501e+00  2.2228334e+00 -8.1467003e-01  8.3977991e-01
  5.5580063e+00  3.7975332e-01 -7.5403333e-01 -6.4343667e-01
  1.5145234e+00  8.7289673e-01  5.8981329e-01 -1.5070200e+00
  4.2360672e-01  1.3600042e-03  3.4622600e+00 -7.3036337e-01
 -1.4591466e+00  1.5989233e+00 -1.4607500e+00 -3.7975669e-01]