[-2.2580566   1.2811233  -0.6648667   0.96238     1.8848733   0.47937
  1.1901166  -0.28199    -2.5110366  -0.74246997  1.3533734   3.0582469
 -1.3762866  -3.4278698   1.3356801  -0.24296999 -2.1143632  -0.6342934
 -2.4718535   0.77358     0.9018733   2.3199368  -1.1475366  -0.09006334
 -0.74591    -0.81776005  1.90913     4.16956     1.5561767  -1.28502
  0.80796665 -0.40378666 -0.55333334  0.97745323  2.9129703   1.1779066
 -3.28156    -1.1564066  -2.5095134   0.76369    -1.91711    -0.8578467
  2.8776398  -0.35985336  1.0988934   1.72722    -0.9761367  -0.7298866
 -1.7265434   1.3423433   0.64183664  0.17848001 -0.87421006  1.1960833
 -0.6041834   2.3915133  -0.72427326  1.01636     1.0771533   2.8989298
  0.18667     0.88010997  1.7704767  -1.2783333   1.0572066   2.0203333
  1.2460035   1.4629334  -0.3728632   0.95602006  0.72401    -1.8594366
  1.03418     1.9269099  -1.4084934   2.532293    1.7349266   0.25292662
 -2.7365599  -0.48177668  0.80539674 -0.2723799  -1.08163    -2.6550868
  0.16543329  2.5034068  -2.1127968   2.5702066   1.8179535  -0.31458664
  1.2335768   1.2554632   1.1431166   1.46234    -1.2702267  -1.4682999
 -1.9736134  -0.5106833   0.80148333  1.0624067   0.9436967  -2.45005
  3.1156633   1.5693766   2.6550765   0.3005     -1.4028467  -0.6856634
 -2.8744566   4.26849     1.1374434  -1.5616666  -2.39015     3.3904133
  0.94286007 -2.8297336   0.6482033   1.3259833  -1.3020667   0.9545967
  2.4029734  -2.2243233   2.3858001   0.71077996  0.29853    -2.3668
 -2.6170466   0.09069666 -0.43036997 -2.9580667   0.7230199  -1.3660933
 -1.89713     1.1797534  -0.67764    -2.001      -1.2603334   1.6050266
  1.5498633  -0.9889734  -1.1877166   1.3429533   0.96767664 -2.567087
  3.2070434  -0.23605001  1.06925    -2.6993198   1.7049767   0.8550133
 -0.05223333 -0.24979663  1.1751767   0.2743134   0.11065334  0.9716134
  1.0133866   3.2584898   0.5209066  -0.9474066   2.3099701  -2.5821767
 -0.3330567   0.39705667 -1.0637399   0.04348332 -0.23171     4.3212433
 -1.4743767   0.3743      0.8610099   1.4794501  -1.5866033  -3.15401
  0.46189666 -0.30964997  0.04626     0.8547366   0.72524667  0.5756767
 -2.4532335   2.2368898  -0.11111334  1.8776232   2.7432396   0.11248667
 -1.27155     0.5219434   1.7519599   0.34066     0.28400332 -0.84083
  1.2969066   1.1824267   3.625187   -1.5559899   0.57714325  0.6335034
  0.6157834   1.2655534 ]