[[-0.0709563   0.52022954 -0.2106457   0.51072385  0.9293646   0.33827293
   0.51626799 -0.23190185 -1.47468219  0.17446339  0.55400877  1.09644571
  -0.74743695 -2.14951014  0.01044414 -0.35878169 -0.74300493 -0.10690523
  -1.22148968  1.21074955 -0.04311247  1.7525595  -0.78235521 -0.07056369
  -0.35422139 -0.672056    1.06949722  1.50364202 -0.53569676 -0.89092462
   1.27208294 -1.11100845 -0.59711    -0.17132217  2.03658827  1.49377001
  -0.77186814  0.48836446 -1.08940293  0.12075263 -1.95796768 -0.66020015
   1.44747047 -0.72262509  0.44630801  0.86852247 -0.21722507 -0.71104447
  -0.14496139  0.77316479  0.3993143   0.32596492  0.11249785  1.35523322
  -0.70814495  1.25861598 -0.18121154  0.6056223   0.49491001  1.11377477
  -0.56710153  0.96794863  0.24638925 -0.44817616  0.14267769  0.62476383
   0.26003876  0.44499832  0.39212385 -0.48803291  1.18436862 -1.11411833
   0.84282649  1.37594878 -1.23654949  0.94194735  1.30830861  0.26065955
  -1.28593511 -0.10215045  0.19955153 -0.61739509  0.02886015 -0.7419843
   0.80340167  2.16069707 -0.72064461  0.94825524  0.9088814   0.69950324
   0.39989694  0.28655093  0.63593968 -0.3758143   0.04771246 -0.192612
  -0.81957878 -0.55361677 -0.39065293  0.794128    0.81746293 -1.70770276
   1.87629616  0.91695032  0.56810339  0.84585521 -0.02965492  0.11325538
  -1.3578414   1.18710555  0.657116   -1.41652568 -0.85054861  0.41300568
   0.2873597  -1.67488091  0.26819107  0.22518248  0.58525076  0.17986892
   1.18469079 -1.41275184  1.69064003  1.04895475 -0.71152984 -1.05204628
  -0.92284445 -0.23816077 -0.10637248 -1.17016017  0.36728891 -1.17704382
  -0.63131214  0.66448186  0.04740707  0.47488813 -0.75575419  0.68103815
   0.69085616  0.47203076  0.23203953  1.26940583  0.55359784 -0.84008555
   0.57726015 -0.86442725  0.08676123 -1.65740877  1.01441923  0.07211538
  -0.37646308 -0.35094767  1.03432263  0.54278417 -0.30521648 -0.25093446
   0.80170585  1.77734923  1.03148368 -0.15712908  2.03992674 -1.52984631
  -0.430054   -0.92473324 -0.49885554 -0.14518955  0.26667231  2.92162876
  -0.91422679  0.36117078  0.61476061  1.17366784 -0.512112   -0.81486186
   0.00820369  0.26921185  0.26421431  1.02723216  0.69572401  0.09730541
  -1.95912633  0.97835907 -0.03004186  1.39869138  2.60123341  0.69441308
   0.26274599  0.60272476 -0.10118723 -0.33257355  0.69804539 -0.15706154
   1.15622491  0.74627801  0.58993338  0.07982507  0.30298231  0.46526707
  -0.63691555  0.21878108]]