[ 4.13186640e-01  9.92330015e-01 -7.62763321e-01  1.46763992e+00
  1.16431665e+00  2.82923341e-01  9.27363336e-01  2.04476669e-01
 -1.15734017e+00 -2.60280013e-01  1.72406673e+00  2.60431004e+00
 -1.85580003e+00 -3.30903316e+00 -2.55667674e-03  7.11803257e-01
 -3.84886670e+00 -8.00450027e-01 -1.61529338e+00  1.35927665e+00
 -5.45386732e-01  5.85439980e-01 -1.22811663e+00 -6.29533350e-01
 -1.00889671e+00 -1.53888357e+00  2.76465988e+00  2.45432663e+00
 -3.78553301e-01 -2.87797999e+00  9.75840032e-01 -2.62389988e-01
 -5.86889982e-01  3.26660007e-01  2.56042004e+00  2.18924999e+00
 -1.77297652e+00  4.79196668e-01 -1.27869919e-01 -6.70530021e-01
 -3.06818652e+00  4.24013376e-01  2.83191991e+00 -8.47529948e-01
  1.98960021e-01  2.27459669e+00 -1.10150003e+00  1.79433301e-01
 -2.46761990e+00  2.33114004e+00 -8.08913291e-01 -1.95663333e-01
  3.83329988e-01  1.05492663e+00  1.17320001e+00  1.92250013e+00
 -1.36314666e+00  2.14545655e+00  1.40553331e+00  2.53228998e+00
 -1.19931340e+00  1.32505667e+00  1.07867002e+00 -2.31059983e-01
 -1.39643326e-01  1.72537661e+00  1.25789011e+00  1.57817328e+00
  1.32621336e+00  1.14259660e+00  1.11702335e+00 -2.60563350e+00
  2.28131986e+00  2.51239991e+00 -2.02153683e+00  2.00125003e+00
  2.50764656e+00  1.40505326e+00 -1.75215340e+00 -6.13953412e-01
  2.70261312e+00  2.03530014e-01 -2.55745649e+00 -2.96869993e-01
  8.21079969e-01  1.59284341e+00 -1.60152674e+00 -9.86598358e-02
  2.22009349e+00  7.54953325e-01 -3.37873310e-01  1.90863323e+00
  6.45210028e-01  6.69806659e-01 -1.79489672e+00 -1.73364317e+00
 -1.76929677e+00 -1.10446669e-01  7.99896717e-01  9.20036614e-01
  2.13945675e+00 -2.29563665e+00  1.99542654e+00  2.00345993e+00
  1.89209330e+00  3.01453352e-01  3.95463318e-01 -1.25133591e-02
 -1.83578002e+00  2.20933008e+00  1.64433002e+00 -1.63583338e+00
 -4.61126715e-01  1.90478671e+00  9.15740013e-01 -1.76559341e+00
 -5.83183348e-01  3.31633240e-01 -8.39893341e-01  1.22433674e+00
  2.26515007e+00 -1.69928682e+00  2.29170322e+00  1.70833337e+00
  8.32266748e-01 -1.95145667e+00 -2.17066979e+00 -4.44256693e-01
 -1.47333002e+00 -1.80359662e+00  1.44022989e+00 -2.34633350e+00
 -1.21271002e+00  1.61902332e+00 -1.40100002e+00 -9.43416774e-01
 -7.97130048e-01 -9.95133743e-02  1.54246008e+00  6.67486668e-01
  8.96223366e-01  2.31222320e+00  1.86168993e+00 -2.51173687e+00
  2.14351678e+00 -1.89340007e+00  2.32311344e+00 -2.64534688e+00
  1.27143335e+00  1.18374336e+00 -9.58396673e-01 -8.17919970e-01
  1.77081013e+00  6.88166678e-01 -5.09180009e-01  1.67019653e+00
  1.06370676e+00  3.12928987e+00  1.51518667e+00 -2.40599215e-02
  3.03116679e+00 -3.80977631e+00 -1.25937009e+00 -1.65156648e-01
 -3.10383320e-01 -9.96123314e-01  4.20153290e-01  3.10914016e+00
 -3.41243356e-01 -6.96926594e-01  3.76583338e-01  3.50940347e+00
 -1.90035665e+00 -1.79719353e+00  8.20233405e-01 -1.43918335e+00
 -5.59439957e-01  6.44936621e-01 -4.74286705e-01  1.67412663e+00
 -3.28481984e+00  2.17246342e+00 -6.23569965e-01  1.19849658e+00
  4.77917671e+00  7.26443350e-01 -6.96819961e-01  2.14450046e-01
  1.72497666e+00  1.56677663e+00  1.83130991e+00 -2.28863299e-01
  1.36196688e-01 -6.94916666e-01  2.51476336e+00 -1.18513346e-01
 -1.12638676e+00  4.20423359e-01 -9.66696680e-01  1.73157990e+00]