[ 0.08292667  1.0034833   0.21693332  0.67533     1.4297899   0.4845467
  0.9129934  -0.14716001 -1.5833801   0.31323335  1.6298035   2.1224968
 -1.39434    -3.7353935   0.9895534  -0.80884    -1.8452133  -0.30375668
 -2.4891033   1.7249498  -0.42959008  1.4120268  -1.0261666  -0.24753334
 -0.29280666 -1.5850167   2.2396867   4.30696     0.59243006 -1.4967934
  0.17114    -1.1533266  -1.69992    -1.5329267   3.4825668   3.3446667
 -2.2510734  -0.91323334 -0.5944566  -0.5494367  -1.2771634   0.06098668
  2.0088599  -0.15972002  0.13826999  3.5438     -2.8695467  -0.8167667
 -1.8548034   1.1069432   0.82986003  0.12111334  0.44192663  1.19551
  0.01538662  1.9389801  -0.18765001  1.4451634   1.30986     1.77914
  0.09153996  0.11037999  0.7501333  -0.20120664  0.9947366   1.2280833
  1.34279     2.43194     0.9665701  -0.7007467   0.81666    -1.3649932
  3.2188501   2.4197066  -2.5544536   3.0326033   2.3043869   0.7067833
 -2.22737     0.24030335  2.4438531  -0.2770766  -0.01707002 -1.2118567
  1.8207067   2.8116798  -1.4705834   1.4928299   2.0035467   0.28924668
  1.1086801   1.8492066   1.3950833   0.41700003 -0.34383    -2.80144
 -2.7385168  -0.85622334  0.68133336  0.31105998  1.9257835  -2.7675636
  2.20908     1.5089465   1.8688499   0.24600665 -0.54662997 -0.6484467
 -1.9608499   1.8506235   1.1100934  -1.7525667  -0.18420331  1.3049899
  1.4891901  -2.4665601   0.34972668 -0.39313674 -0.67854667  0.14838
  2.8604667  -1.24025     3.4976332   1.3523866   0.22056334 -1.99308
 -1.8467067  -0.69556665 -1.75488    -1.6635365   0.63290995 -3.2552102
 -1.4366668   1.6666502   0.4104998  -0.82507676 -1.2309767   0.7266833
  0.69493    -0.66472334 -0.83158666  1.8470532   0.7000466  -1.9309901
  2.9417467  -0.4495933   0.68981    -2.5991302   1.6692934   0.2902833
 -1.0337766  -0.46781996  2.5588367   0.8901201  -0.74019     0.32023665
  0.8849066   3.57563     1.4614998  -1.4299998   2.23008    -3.5495899
 -1.10054    -1.1876466   0.14459336  0.54093665 -0.70448     4.14466
 -1.74547    -0.9126733   0.8018966   2.3712332  -1.9994999  -3.1977968
  0.967       0.09277666  0.5004366   0.38977668 -1.1337765   1.5360667
 -2.2997634   1.8625332  -0.7256067   1.1258566   4.2299466   0.11135335
  0.06553006  0.32103336  1.4913267   0.33424664  2.6283534  -0.42076668
  1.2814666   0.43237337  2.2844832   0.27634    -0.67443675  1.03377
 -0.49323335  0.9619433 ]