[ 2.9978702e+00  1.3337065e+00  8.0593348e-02  2.1299431e+00
  3.5610402e+00  5.1460665e-01  1.8057400e+00  9.2223334e-01
 -1.0679902e+00  2.0631235e+00  2.1907599e+00  2.5962567e+00
 -7.1338338e-01 -4.5789833e+00  4.3674335e-01  8.5621667e-01
  2.8793332e-01 -4.3681335e-01 -2.5981667e+00  2.4939268e+00
  1.8337501e+00  4.0806065e+00 -8.1332660e-01  3.1090665e-01
 -6.4003330e-01 -1.7173067e+00  1.4130067e+00  2.5391767e+00
 -4.0999007e-01 -1.7256001e+00 -7.9861331e-01 -3.7926999e-01
 -3.7732330e-01 -7.5559998e-01  4.8704166e+00  2.6172268e+00
 -2.3945634e+00  1.9699267e+00 -1.5620733e+00 -1.3285133e+00
 -3.1177800e+00 -3.3236003e-01  3.2090199e+00  8.7937999e-01
  1.6891667e+00  1.1188433e+00  2.0407336e+00 -9.1928005e-01
  1.8766522e-03  1.2492700e+00 -1.1933867e+00 -5.7431662e-01
  8.7709665e-01  5.5927330e-01 -9.3760663e-01  1.5417100e+00
 -1.3007766e+00 -1.1148900e+00  1.2938300e+00  2.9689531e+00
  1.1103834e+00  3.2483339e-02  1.8416435e+00 -2.4909301e+00
 -4.1755664e-01  6.9468337e-01  2.0355265e+00  5.1928335e-01
  9.5874333e-01 -3.5575673e-01 -1.5569501e+00 -1.8552533e+00
 -2.5407997e-01  1.5575033e+00 -3.4437001e+00  2.9815032e+00
  3.4181335e+00  9.5530671e-01 -2.4991767e+00 -9.4216996e-01
  1.7589034e+00 -9.1487336e-01  1.0070399e+00 -1.5207901e+00
  7.9104668e-01  3.3542566e+00 -1.5086435e+00  9.5334333e-01
  3.0212567e+00  3.2159064e+00  1.3650366e+00  3.3910334e-01
  8.9812326e-01  2.2137666e-01  3.4359988e-02 -6.3298327e-01
 -2.2482033e+00 -4.8064661e-01 -2.7244997e-01 -6.2580997e-01
 -7.2442001e-01 -8.4102327e-01  2.4377134e+00  5.9943670e-01
  2.8357599e+00 -1.3596670e-01 -2.3243599e+00  2.9560339e-01
 -1.2454267e+00  1.2230734e+00  3.2148831e+00 -9.5276338e-01
 -1.3881265e+00  1.0185165e+00  2.4904802e+00 -2.7346699e+00
  9.3019962e-02  2.3840995e-01  2.0320232e+00 -3.2523665e-01
  1.3301233e+00 -2.8309667e+00  1.1114167e+00 -6.3007998e-01
 -2.0964568e+00 -2.9180765e+00 -2.4061432e+00 -1.4415168e+00
 -3.6590001e-01 -1.8224233e+00 -1.4896067e+00 -1.6100134e+00
 -1.2765200e+00 -6.7188668e-01  9.4503999e-01 -1.0003099e+00
 -2.7142398e+00 -4.0885007e-01  1.5044733e+00  2.3794868e+00
 -1.3782533e+00  1.5304933e+00 -1.8804325e-01 -3.3391666e-01
  6.2004012e-01 -2.6713169e+00  1.2011133e+00 -4.3861899e+00
  3.5182600e+00 -1.1518500e+00  1.1677734e+00 -1.2925334e+00
 -8.3227992e-01 -1.3247166e+00 -1.1011933e+00  1.4413337e-01
  1.5151733e+00  4.5502334e+00  2.1076968e+00 -4.2106327e-01
  3.1855001e+00 -3.3170335e+00 -2.2319667e-01  9.9824333e-01
  4.0187660e-01 -8.6709666e-01  1.0590333e-01  2.0735266e+00
 -2.6934998e+00  3.9655003e-01 -6.3300008e-01 -3.8856667e-02
 -4.0611663e-01 -1.2482033e+00 -1.2894000e+00  7.4733669e-01
  3.6195338e-01  1.4317132e+00 -6.4204329e-01  1.3792900e+00
 -2.8117132e+00  2.6680167e+00 -1.0004433e+00  2.1527567e+00
  4.3986964e+00  1.8060499e+00 -8.1990337e-01  8.9988995e-01
  7.0319992e-01 -1.0213466e+00  3.8116002e-01 -7.4761677e-01
  1.9595801e+00 -3.9147663e-01  1.7489033e+00  4.4697002e-01
 -5.8102661e-01  2.7852199e+00 -1.7575336e-01  8.2889996e-02]