[[-9.49671481e-02 -2.26232156e-01 -3.33185813e-02  1.27452000e+00
   1.36080278e+00 -2.04837177e-01  2.88412837e-01  9.40086420e-01
  -1.23250434e+00  5.21099993e-01  2.85100309e-02  1.93648650e+00
  -4.03084299e-01 -2.58516915e+00  1.70812144e-01  2.29719285e-01
  -2.68281413e-01  5.77664988e-01 -5.72723597e-01  1.18672567e+00
  -1.61554298e-01  2.05099079e+00 -1.11851644e+00  5.28400703e-01
  -7.52977831e-01 -3.55212125e-01  1.47556213e+00  1.24782927e+00
   6.13821409e-01 -9.09295022e-01  4.96115014e-01 -4.26670717e-01
  -3.03269999e-01 -4.85880009e-01  2.22736139e+00  1.03294572e+00
  -1.37705487e+00  5.17560014e-01 -5.40368575e-01  6.09306421e-01
  -8.34811411e-01 -1.58115021e-01  1.48735923e+00 -6.32682153e-01
   2.65090727e-01  9.84022111e-01 -5.45838560e-01  1.71912877e-01
  -6.47781432e-01  6.47181431e-01  4.70422932e-01  7.01054292e-01
   8.02306397e-01  1.34379712e+00 -6.10997149e-01  9.38212088e-01
  -6.50875006e-01 -1.15557854e-01  8.83562160e-01  1.03396073e+00
  -7.31400060e-02 -8.04406958e-02  4.71537852e-01 -1.12151358e+00
   5.70221373e-02  5.49999984e-01  4.60292833e-01  8.73323592e-01
   7.98912849e-01  3.19143704e-03  9.10040004e-01 -8.97977952e-01
   1.54989716e+00  1.65204779e+00 -5.71590049e-01  2.09242645e+00
   6.42425724e-01 -7.20672882e-01 -1.28007926e+00 -1.19584219e+00
   7.98149705e-02  2.91928223e-03 -1.05544786e+00 -1.07929570e+00
   6.49086420e-01  1.98917644e+00 -3.51507843e-01  1.09042425e+00
   1.27921864e+00 -1.89614147e-02  1.18362495e+00  2.43472840e-01
   5.63775735e-01  2.36252863e-01  1.55914234e-02 -6.07684978e-01
  -1.43672282e+00 -4.66884302e-01  2.52014262e-01 -2.08674265e-01
   7.22327871e-01 -1.19562783e+00  1.37583639e+00  6.20097846e-01
   6.87122843e-01  9.39257815e-01 -1.19420926e+00 -3.66356884e-02
  -1.14845075e+00  1.75030217e+00  1.04821717e+00 -1.33574995e+00
  -6.55732853e-01  4.04734267e-01  1.13474430e+00 -1.51480137e+00
   5.18140018e-01  7.50987147e-01 -1.95770702e-01  7.40687151e-01
   1.17405930e+00 -6.73996389e-01  1.20727290e+00  9.67233607e-01
   2.10430729e-01 -1.54487923e+00 -1.27424933e+00  2.13662152e-01
  -1.26138495e+00 -1.53251197e+00  4.83149673e-02 -8.01950702e-01
  -4.75351436e-01 -2.93014995e-01 -6.90835685e-01  4.09044951e-01
  -2.98932876e-01  3.00959992e-01  1.74000138e+00 -5.54911409e-01
   2.55361443e-01  9.39654957e-01  6.82422155e-01 -1.62660146e+00
   1.85926855e+00 -3.36368591e-01  2.56412095e-01 -1.12263643e+00
   6.68178560e-01  3.14870702e-01 -1.25678357e+00 -3.14484996e-01
   7.09050721e-01 -1.22227151e-01 -5.68193583e-01  1.52982356e+00
   1.01264497e+00  1.63960500e+00  8.59249900e-01 -3.83081426e-01
   1.89336787e+00 -2.93088998e+00 -9.51720685e-01 -4.75755717e-01
   9.75613566e-01  2.33215718e-01  6.69597839e-01  1.31430066e+00
  -1.38511722e+00 -5.69428418e-02  4.72962833e-01  1.42072923e+00
  -7.64190001e-01 -1.64343368e+00 -9.05435458e-02 -4.15674261e-01
   4.13829287e-01  1.34377426e+00  1.04913575e-01  2.62904299e-01
  -1.80927570e+00  1.14631219e+00 -8.86770712e-01  8.78340687e-01
   2.51264848e+00  8.76870694e-01 -1.35328215e+00 -1.29846407e-01
   4.31714281e-01  7.94499729e-02  6.95197161e-01 -4.44573556e-01
   4.96192152e-01  5.59634951e-01  1.66777853e+00 -2.47951448e-01
  -1.92412136e-01  4.09992837e-01  1.31284279e-01  5.11409977e-01]]