[-1.87155247e+00 -2.98245013e-01  5.88615000e-01  1.43564248e+00
  1.11773741e+00 -2.98027456e-01  7.95647502e-01 -1.23040760e+00
 -8.98487568e-01  1.00528741e+00  1.64760244e+00  3.78954482e+00
 -1.20555747e+00 -2.90986729e+00  2.40939498e+00  1.00095510e+00
 -2.75581264e+00  1.20702550e-01 -4.98517483e-01  1.78374243e+00
  1.36450005e+00  2.08485746e+00 -1.83174491e+00 -1.70024820e-02
 -7.06285000e-01 -1.38842010e+00  2.10872269e+00  2.68941736e+00
 -7.33274937e-01 -1.39161491e+00  1.89489996e+00 -5.89585006e-01
 -1.58659995e-01 -4.02557492e-01  3.75555992e+00  1.74789000e+00
 -5.39212525e-01  8.41812611e-01 -5.02727509e-01 -1.09315753e+00
 -1.86721754e+00 -1.31587505e-01  2.70415735e+00 -1.39983249e+00
  1.69857752e+00  1.11807251e+00 -9.52503085e-03 -4.91127551e-01
 -6.83937550e-01  1.35819006e+00 -2.71750987e-03 -1.08697498e+00
  1.27526736e+00  1.83322990e+00 -9.45235014e-01  2.23373508e+00
  3.27422500e-01  1.05645490e+00  7.09845066e-01  2.97537994e+00
  2.86822498e-01  1.92319751e+00 -8.38864982e-01 -1.53437245e+00
 -1.30569494e+00  1.11215496e+00 -1.38959989e-01 -6.81594968e-01
  1.83872491e-01  1.16227597e-01  1.09045243e+00 -8.99215043e-01
  9.98515010e-01  2.71041489e+00 -1.83122253e+00  2.21638513e+00
  2.11689496e+00  1.83922744e+00 -2.37855768e+00 -1.86945498e+00
 -4.71749932e-01 -1.60920739e+00 -8.96929979e-01 -2.99448252e+00
  1.17973757e+00  1.52537489e+00 -9.28824902e-01  5.93942523e-01
 -2.84817517e-01  1.07576001e+00  1.04205251e+00  2.03641248e+00
 -6.22377515e-01  1.61890256e+00 -1.74088752e+00 -1.71605515e+00
 -1.47521496e-04 -1.17868996e+00 -1.53156757e+00  6.25355005e-01
 -1.88012466e-01 -1.66087985e+00  1.93248999e+00  1.04020000e+00
 -3.07300389e-02  1.73384237e+00 -1.71382517e-01  2.08957553e-01
 -3.21188736e+00  1.81118751e+00  1.18951249e+00 -1.53505754e+00
 -8.82752597e-01  2.32806993e+00  4.29792494e-01 -3.35523748e+00
  6.19324923e-01  7.81970024e-01  1.16110992e+00 -8.07977557e-01
  1.11888742e+00 -2.45273018e+00  1.50737000e+00  1.38986993e+00
 -2.22369504e+00 -9.20394957e-01 -4.06251764e+00  3.32147479e-01
 -4.73342478e-01 -1.76786506e+00  3.00159991e-01 -1.28985500e+00
 -1.60840487e+00  9.24097419e-01 -8.47037435e-01  2.10589960e-01
 -1.86043501e+00  9.33542550e-01  1.73141253e+00 -1.24370003e+00
  4.27392453e-01  2.93582010e+00  4.89857376e-01 -1.90190256e+00
  2.91574985e-01 -1.34004760e+00  1.24779487e+00 -2.67405748e+00
  1.83058250e+00 -4.12744999e-01 -1.80222499e+00 -1.67541254e+00
 -7.43215024e-01  1.18375993e+00 -5.72010040e-01  7.60277510e-01
  2.81298256e+00  2.08613491e+00  9.61040080e-01 -4.82452452e-01
  4.54280472e+00 -1.02636242e+00 -1.33322239e+00 -1.22010255e+00
 -3.39722544e-01 -4.62842435e-01  8.17192554e-01  4.59333515e+00
 -4.38057423e-01 -8.71180058e-01  1.99556482e+00  2.58071518e+00
 -1.36571503e+00 -1.42275751e+00  1.08055025e-01 -2.96332508e-01
  4.46367472e-01  1.55216002e+00  4.51985002e-01  5.25397420e-01
 -3.59249258e+00  2.13192511e+00 -1.18411994e+00  2.64356995e+00
  2.60951495e+00  3.63227516e-01 -9.82125401e-02  5.12122512e-01
 -1.25765252e+00  7.79387414e-01  3.03844929e-01  1.50927734e+00
  1.59614503e+00  3.39118242e+00  3.07161498e+00  5.27262449e-01
  8.27467442e-01 -1.03386259e+00 -1.16585743e+00  7.02799857e-01]