[-1.9241326e+00 -4.6119249e-01 -4.8821503e-01  2.7490997e-01
  1.9921573e+00  3.3546749e-01  1.1642475e+00 -1.3912276e+00
 -2.3292074e+00  1.6506376e+00  2.2892125e+00  2.5266299e+00
 -1.4082575e+00 -2.5823150e+00  1.3522849e+00  1.3070500e+00
 -1.4277350e+00  1.6862497e-02 -3.3638449e+00  1.3218625e+00
  1.9168048e+00  3.3606024e+00  3.8645750e-01 -2.2263701e+00
  6.0588241e-01 -5.8466244e-01  2.4062400e+00  3.0392125e+00
 -1.2697949e+00 -1.9947150e+00  1.8687699e+00 -7.9676998e-01
 -1.9181001e-01 -5.4974246e-01  2.3365526e+00  2.9493799e+00
 -9.3929505e-01  2.0599174e+00 -5.1263750e-01 -2.9106276e+00
 -1.9905875e+00 -7.9110497e-01  2.1972299e+00 -1.3499100e+00
  1.5634226e+00  5.0823003e-01  3.5361251e-01 -1.8148600e+00
 -1.8799756e-01  1.5012200e+00  8.5854262e-01 -1.3504851e+00
  2.4589601e+00  3.4814501e-01 -1.1292325e+00  1.9014575e+00
 -2.4586499e-01  7.1493495e-01 -1.9828749e-01  3.1204300e+00
 -4.4504985e-02  2.3459802e+00  5.6420249e-01 -6.4561743e-01
  5.5496252e-01  2.9053247e-01 -1.1494350e+00  2.5278002e-01
 -3.1592751e-01  5.3365111e-02 -2.3079497e-01 -6.3601995e-01
  1.8826675e+00  1.9325199e+00 -2.5514650e+00  2.1701050e+00
  1.4662826e+00  2.3755975e+00 -1.1250126e+00 -1.4574699e+00
 -1.5402250e-01 -2.2092550e+00 -1.2189150e+00 -9.9136001e-01
  1.6755526e+00  5.5471992e-01 -1.3614500e+00  7.0653498e-01
  2.1352002e-01  6.1754251e-01  5.8454752e-01  1.0448899e+00
  2.0411000e-01  1.5352825e+00  1.1654274e+00  1.9434999e-01
 -1.0475326e+00 -9.8839247e-01 -1.6514626e+00  8.8608998e-01
 -4.0302742e-01 -1.5068076e+00  1.8926375e+00  1.5282025e+00
  3.0662248e-01  9.3647504e-01  6.3985020e-02  1.9482255e-01
 -3.9246073e+00  2.2238574e+00  1.8112475e+00  2.5624251e-01
 -1.8540702e+00  2.6511500e+00 -4.1502714e-04 -3.0777824e+00
  5.1532006e-01  1.9412249e-01  1.1138825e+00 -5.0144506e-01
  2.4024351e+00 -1.3749526e+00  2.2557874e+00  1.2504776e+00
 -2.4553602e+00 -8.5717750e-01 -1.4084351e+00  1.5576150e+00
  5.3021747e-01 -1.9946625e+00 -3.2664996e-01 -1.6632450e+00
  3.2479987e-02  1.6900049e+00 -9.1185993e-01 -1.0614051e+00
 -1.6006050e+00  1.2792255e-01  1.1689326e+00 -1.5622873e+00
 -2.1059999e-01  2.0303001e+00  3.2305750e-01 -2.2490251e+00
  1.0021300e+00 -7.7758998e-01  1.2669575e+00 -2.6651649e+00
  1.1336225e+00  8.6532503e-01 -1.3770025e+00 -1.5052201e+00
 -1.6427126e+00 -1.8968749e-01 -1.0631526e+00  3.9301005e-01
  1.7311126e+00  4.1338751e-01  1.6391499e+00 -1.5634325e+00
  3.7839925e+00 -2.4510074e+00 -1.2598475e+00 -1.1646998e-01
 -1.2894008e-01  1.2178974e+00 -1.6761997e-01  3.2015576e+00
 -1.2607299e+00 -9.1827542e-02  1.1266675e+00  2.8242877e+00
 -2.8090551e+00  1.3705498e-01  9.6262503e-01 -3.2375750e-01
 -3.7458998e-01  2.3615098e+00  8.9344752e-01 -4.5026249e-01
 -2.5799775e+00  1.3651626e+00 -2.0297675e+00  2.7818875e+00
  3.1179299e+00  1.1682374e+00  8.8783240e-01  1.9503901e+00
 -8.0652499e-01  1.4720775e+00  1.6050450e+00  1.5423076e+00
  3.1585999e+00  2.6493225e+00  8.8651246e-01  1.4225747e-01
  1.3320775e+00 -3.5429251e-01 -1.0234900e+00  1.7092273e+00]