[-2.5846901e+00 -7.5044996e-01  6.9015503e-01  1.6846025e+00
  2.1544700e+00  5.5974001e-01  8.8590252e-01 -1.0650176e+00
 -1.0486301e+00  1.5227048e+00  2.1105452e+00  2.5397899e+00
 -2.0062199e+00 -2.6338377e+00  1.8622024e+00  1.5853425e+00
 -1.3738101e+00  1.5201001e-01 -2.9235899e+00  1.3679600e+00
  1.3658925e+00  3.4413977e+00  6.2579256e-01 -1.6428750e+00
 -2.5555015e-02 -5.8674252e-01  2.7926900e+00  2.9324925e+00
 -7.4365246e-01 -1.9828150e+00  1.9071600e+00 -1.0232526e+00
 -3.8752002e-01  3.7880006e-01  2.5759125e+00  2.6199975e+00
 -1.7518351e+00  2.2438025e+00 -1.0329175e+00 -2.1387076e+00
 -2.0433800e+00 -6.8369496e-01  1.7232599e+00 -8.5485256e-01
  1.9892501e+00  1.3384675e+00 -4.6089500e-01 -1.5073650e+00
  9.3192995e-01  1.5005774e+00 -8.7735012e-02 -9.5561248e-01
  1.3883200e+00  1.0589600e+00 -1.2309525e+00  1.0299726e+00
  1.4960501e-01  1.1986675e+00 -1.9329739e-01  2.5594375e+00
  4.2388755e-01  1.7764475e+00 -4.8324996e-01 -9.0468746e-01
 -3.2618248e-01  5.0297248e-01 -8.5775506e-01 -1.2744978e-02
 -4.9467504e-01 -3.1006491e-01 -5.4964960e-02 -9.5233500e-01
  8.0176002e-01  2.1795099e+00 -3.5666974e+00  1.5989699e+00
  2.5059752e+00  1.8377850e+00 -1.3088026e+00 -1.8027101e+00
  9.3750015e-02 -2.7489526e+00 -1.2703326e+00 -5.9078503e-01
  2.1645877e+00  1.9371599e+00 -7.7638245e-01  9.5685005e-02
  1.3747375e+00  1.2413900e+00 -2.1914959e-02  1.5943925e+00
  6.5375245e-01  1.7657624e+00  3.0177754e-01 -2.0808001e-01
 -1.2231525e+00 -1.1599425e+00 -1.1507051e+00  8.4061748e-01
  5.4967254e-01 -1.4267673e+00  3.0349727e+00  2.1616426e+00
 -6.4268994e-01  9.4534498e-01  6.4384997e-02  5.7557583e-02
 -4.0623574e+00  1.3271525e+00  2.1886649e+00  5.2249998e-02
 -1.0730625e+00  1.5308225e+00  6.7509496e-01 -2.4611125e+00
  3.4282476e-02  3.2829753e-01  3.5418999e-01  2.3004949e-02
  1.6820201e+00 -1.1890301e+00  1.6638825e+00  2.0450077e+00
 -2.6859949e+00 -1.6426051e+00 -1.4311250e+00  1.2567850e+00
  5.8205247e-01 -2.5649951e+00 -2.1913749e-01 -2.4217300e+00
  2.7871007e-01  2.3283477e+00 -1.7667994e-01 -5.4940015e-02
 -2.0355349e+00  7.9907751e-01  1.5225350e+00 -1.2307224e+00
 -5.9358746e-01  1.6467174e+00  6.4395505e-01 -9.0524256e-01
  1.1922450e+00 -1.2479801e+00  2.1058102e+00 -2.9660575e+00
  1.6400524e+00  6.6337997e-01 -1.1555250e+00 -8.4538245e-01
 -8.7787253e-01 -3.3073747e-01 -1.5991776e+00  8.2541746e-01
  1.0877326e+00  7.5317252e-01  9.3717247e-01 -1.2203075e+00
  5.1215000e+00 -2.1141250e+00 -1.6224625e+00  6.4607501e-02
 -7.8722566e-02  7.4761248e-01 -4.2237240e-01  2.5336823e+00
 -4.6428996e-01 -8.1231999e-01  1.4642650e+00  2.9603801e+00
 -2.3310676e+00  1.8008748e-01  2.7985021e-02 -7.5605005e-02
  6.3625002e-01  2.3824601e+00  2.8974861e-03 -1.4109752e+00
 -2.8539801e+00  4.6093249e-01 -2.1025150e+00  2.8660202e+00
  3.5435076e+00  8.1755245e-01 -1.7320752e-01  3.8081247e-01
 -1.7345475e+00  2.3201399e+00  1.1734124e+00  1.0253626e+00
  3.3388324e+00  3.6483500e+00  6.5484995e-01  2.8192005e-01
  4.3030748e-01 -3.4325719e-03 -4.4937497e-01  9.4986242e-01]