[[-2.31497249 -0.0692975   0.24315751  1.592185    0.70216246  0.7697925
   0.44103    -0.44194251 -1.29507008  0.45892499  1.50791746  2.37429497
  -1.7303775  -2.07606745  1.08536747  1.310695   -2.12786749 -0.39160998
  -1.48292997  1.11620745  1.1171525   1.70867252 -1.38820502 -0.40840499
  -0.4849925  -0.20188498  1.85373004  2.39781499 -0.94867747 -1.380505
   1.26646499 -0.5033575   0.18218249 -0.14058001  2.38103759  1.77549502
  -0.92180004  2.16489756 -0.0765025  -1.73892754 -1.89845997 -0.60203499
   2.56459743 -0.70304752  1.07876751  1.05610001 -0.07736    -0.51077501
  -0.07985507  0.51424247 -0.53295501 -0.87292248  1.78222495  0.49872999
  -0.57853252  1.5521825  -0.2800625   0.37585749  0.74334756  2.68017256
   0.00454251  1.35121749  0.19562252 -1.20531495 -0.88032746  0.67566749
  -0.34970998 -0.12250748  0.14493999 -0.81649244  0.54747249 -1.66266
   1.13908252  1.89682746 -1.81711501  1.56020504  1.44582257  1.15299496
  -1.42127004 -0.9117675   0.3652025  -2.33286244 -1.31704749 -1.44245498
   0.58825751  1.49775239 -0.71457493  0.50208252  0.59704253  1.538075
   0.2227475   1.21711001 -0.17507252  1.6107825  -0.06552246 -0.23988999
  -0.66145003 -1.70063752 -0.56778502  0.37932751  0.14644505 -1.29615498
   2.17242748  0.25081252 -0.59425998  0.7488575  -0.1416875   0.55619507
  -3.42534256  1.61868745  1.82587995 -0.4278     -0.28612258  1.42597001
   0.27708498 -1.84663498 -0.09191754  0.72977     0.91019249 -0.87268752
   0.91277001 -1.55017255  1.72352747  0.82772247 -0.95089248 -1.11662248
  -1.85643005  0.65667002  0.43766749 -1.47435501  0.16188001 -1.36023249
  -0.39310749  0.79435496 -0.44434994 -0.01605751 -1.03242999  0.65879501
   0.74698247 -1.01551999 -0.3518125   1.67035496 -0.5460775  -1.96824005
   0.8261375  -0.78863248  1.02782495 -2.14758003  1.3008275   0.04209
  -1.3443325  -0.63383501 -0.51714753 -0.01087749 -0.59460251  0.28664001
   2.38921255  1.35089001  0.13887501 -0.71346998  3.13075501 -1.66104747
  -0.59995749 -0.4021225  -0.56297755  0.40544     0.27211001  3.24101245
  -0.78037997 -0.38061003  1.33775997  2.08744504 -1.473565    0.07419747
  -0.06739499 -0.599785    0.79075999  2.02128246  0.023185    0.28291246
  -3.06594253  0.68082748 -1.19401002  1.63989753  2.84509495  0.76228748
  -0.39582753  0.44369498 -0.27207747  1.00925741  1.12158246 -0.26997499
   1.64075504  3.03508753  2.04546749 -0.48498998  0.98349246 -1.47958003
  -1.56356493  0.57832491]]