[-2.05913    -0.58391756  0.3372425   1.033915    1.382685   -0.55759
  0.6590425   0.02744003 -2.0103602   0.698515    1.892995    3.0601673
 -1.3434825  -3.082675    0.97826     1.4897375  -1.7979125  -0.04437245
 -1.914025    1.3187275   1.2505674   2.2459502  -1.6290226  -0.9028425
 -0.99169505 -0.49295247  1.8795125   3.1112325  -1.1653625  -2.159425
  1.48069    -0.71051     0.7726475  -0.38453     2.9993477   1.9202225
 -1.1318276   1.8157825   0.6033851  -1.5403326  -2.840235    0.17534494
  3.57619    -2.144345    1.1141701   1.01671     0.95289004 -0.7818175
  0.14315738  0.5923224  -0.46055502 -1.3837726   2.167615    1.1938751
 -1.2399701   0.93317     0.14774999  0.331675    0.30461502  3.2575226
 -0.59198993  1.9479226   0.84246    -1.1925125  -0.83386993  1.0512425
 -0.342825    0.24218503 -0.87943244 -0.67323744 -0.04986244 -1.3998275
  0.18095997  2.08425    -2.48386     2.569065    1.6017951   1.5973425
 -2.160505   -2.5303025   0.20321003 -1.9081376  -1.2165899  -1.73997
  0.822805    1.9468825  -1.14376     0.10077006  0.63469756  1.8659301
  0.6577699   1.5190575   0.36185253  2.247695   -0.4340124  -0.56585246
 -1.0802001  -1.835255   -0.6042875   1.152035   -0.13311993 -1.35191
  2.1035576   1.0292449   0.45004746  0.6764375  -0.53804505  1.1742901
 -3.2548199   1.9286001   1.8545899  -0.44431    -0.94403756  0.401635
  0.31406748 -2.376245   -0.26631504  0.54874754  1.6651824  -0.7688925
  1.2030525  -1.3942075   2.5321424   1.8859875  -1.325345   -0.96125746
 -1.71396    -0.12848999  0.554035   -2.1529875  -0.521845   -1.188995
 -0.21692748  0.8056325   0.07648253 -0.19496751 -1.777755    0.858995
  1.1626475  -1.7056675  -0.35923252  1.6421425  -0.5611275  -2.026835
  0.38932002 -0.9451825   1.68214    -3.1417074   1.028975   -0.098335
 -1.5896125  -0.766765   -0.11047503  0.14174753 -0.38472003  1.62453
  2.5361075   1.2180874   0.04688752 -1.1413724   3.8217075  -1.6620175
 -1.1528125  -0.7582325  -1.55522     1.020175   -0.29670495  3.3750024
 -2.1065102  -0.9899125   1.8457423   2.39572    -1.1985974  -0.55817497
  0.50213253 -0.58044255  0.279485    2.3871899   0.6886875   0.25511745
 -3.881485    2.251075   -1.8036375   1.5459125   3.393135    0.551865
  0.9805349   0.902015   -0.41608247  0.9568624   0.2157924  -0.05204749
  2.14896     3.9673      1.25468    -0.27721497  0.8174325  -1.546905
 -0.95624244  0.7765474 ]