[ 0.317425    0.66910744 -0.5341225  -1.2816474   0.1385575   1.24986
  1.6693575  -0.12439999 -1.0101075   1.4204826   0.48671496  1.9285023
 -0.96417505 -1.8242825   0.21749751 -0.24853253  0.1992675   0.49052003
 -0.82419753  2.2757876  -1.6348951   3.05511    -1.3651401  -0.26982248
 -0.838565   -0.09693497  0.91490495  2.2158175  -0.0184375  -0.9896625
  1.2642375   0.25936005  0.16079003  0.10669506  1.9668599   3.3924727
 -0.93399495  0.4669425  -2.4279099   0.3590325  -1.98797    -0.60501003
  3.1245275  -1.19602     0.31873497  1.265185   -1.7478551  -0.7821175
 -0.579965    0.4456125   0.0645625  -0.3994875   0.43702     1.8825874
 -0.76451504  1.3398399  -0.692085    0.22359753  0.30589     2.01051
 -0.7764975   1.01045     1.2389175  -1.822055    1.397305    1.8839076
  0.04432747  0.9312475   0.559055   -0.69781756  0.79557    -1.7255502
  0.47309     0.86856997 -1.3230724   1.6730826   1.0181175  -0.1959475
 -2.054395   -0.8987175   0.89945257 -0.62528    -0.27441    -0.32955998
  1.2314999   1.562345   -0.62537     0.96619004  1.2663875   0.07553756
  1.5394676  -1.0581424   0.7925725  -0.7679975  -1.329775   -1.0664899
 -1.7055426  -1.4069875  -1.8567125   1.592175    0.47131002 -2.3789823
  1.7445874   1.9678099   0.621705    0.72862506 -1.171695   -0.83013254
 -3.4470422   3.2586699   1.0125049  -2.1441126  -1.0552001   1.7481475
  2.1335726  -1.4288524  -0.03088248  0.1721975  -0.41689253  0.22157504
  0.35118002 -0.485215    1.8136475   1.748395   -0.3846625  -1.7316525
 -1.9668449  -0.4493175  -0.87680995 -1.5545175   1.1077375  -1.5579175
  0.12231249  1.1049575   0.02654248  0.7773825  -0.23717     0.4187826
  1.6333375   0.120215   -0.71920246  1.9606575   0.29264748 -1.17507
  1.7258501  -0.5476975   0.1728425  -2.6139073   0.52004004  0.09822498
 -0.612375    0.24439499  0.09198248  0.35972747 -0.49050504  0.46915996
  0.05555752  2.064015   -0.01418746 -0.08722502  2.0666623  -1.5450749
 -0.67888    -0.33137    -1.237015   -1.373635    0.684185    3.4182677
 -0.0438625   0.5086725   1.71259     1.2077875  -1.5157574  -1.7276825
  0.5377925  -1.1101224   0.19974005  1.79766     1.00553     0.34296
 -2.658065    2.0324152   0.0182749   2.05624     2.7480774  -1.3018675
 -0.10199748 -0.460425    0.3667175  -0.83806753 -0.01902997 -1.0737425
  0.72419494  0.83028746  1.6064501  -0.32717496  0.04896753 -0.23919994
 -0.25329256  1.8496602 ]