[-0.20155029  0.9089863  -0.11524902  0.6265428   0.9806374   0.32074133
  0.9749334   0.19040287 -1.1686063   0.20664258  0.59968483  2.1639981
 -0.9752347  -1.8305233  -0.02372569 -0.0548293  -1.2714555  -0.3166571
 -1.3700136   1.3267624  -0.10317428  2.0479019  -0.64435506 -0.03547316
 -0.37607312 -0.5163438   0.61211157  1.7291573  -0.24870339 -1.1699336
  0.8073434  -0.10070117 -0.45700783 -0.34326687  2.1162894   1.3462481
 -1.4378538   0.24286704 -1.1104274  -0.03207356 -2.196841   -0.8574203
  1.2881684  -0.45526287  0.715609    1.4679235  -1.1572682  -0.7413397
  0.5096079   0.43471226  0.7595514   0.359383   -0.08635499  0.94940555
 -1.0560639   0.9613299  -0.28917837  0.2793986   0.8696547   1.3235168
 -0.6658763   0.88827324  0.91995    -1.1279998   0.7772789   0.56734896
  0.5106784   0.8355673   0.37939987 -0.35585648  1.1436067  -0.8920809
  0.5640968   1.1466621  -1.3717777   1.1582049   1.1428955   0.68839324
 -1.236004   -0.17101386  0.20944043 -0.86602724 -0.6152673  -1.0164913
  0.6492114   1.692269   -0.7666398   1.1465054   0.8937284   0.8318108
  0.8698415   0.33731252  0.7973395   0.4928883   0.26786068 -0.53829914
 -0.97488046 -0.62142813 -0.38032043  0.7636793   0.7407991  -1.7258258
  2.124927    0.6391418   0.17790703  0.3689906   0.08133487 -0.14035456
 -1.380555    1.7983812   0.32601002 -1.4220097  -1.1898102   1.0960033
  0.55869174 -1.503088    0.20954499  0.4989989   0.5400913   0.29981706
  1.5492597  -1.2944614   1.7323883   1.4053366  -0.29844475 -1.8706657
 -1.2584747  -0.11985201 -0.28391096 -0.4355164   0.70440143 -1.3374538
 -1.1146665   0.37671983 -0.29591343 -0.07676812 -0.7416181   0.8614388
  1.0537283   0.14950515 -0.22634159  1.1755737   0.58049756 -1.0024027
  1.491426   -0.5294612   0.95080674 -1.5478054   1.4352732  -0.02471658
  0.19242674 -0.19627894  0.51163644  0.52241987 -0.3750012  -0.03551929
  0.92922515  1.4490337   0.9662423  -0.6942857   2.0497406  -1.925359
 -0.88373405 -0.07405798 -0.35264516 -0.11771817  0.21735494  2.806254
 -0.79123133  0.46810946  0.47825742  1.1855725  -0.7472684  -1.2104222
 -0.00371135 -0.71366805 -0.22018355  0.5486105   0.4542342   0.08116111
 -2.389548    1.2130083  -0.1966593   1.4548715   2.775947    0.839773
 -0.60527885  0.6074795  -0.1254964  -0.21198131  1.3178437  -0.14381129
  0.9703135   0.86816627  1.91354     0.05020128  0.07039843  0.6043142
 -0.34675518 -0.3601091 ]