[-1.33440018e-01  9.18832541e-01 -8.60194981e-01  3.22555006e-01
  1.49812996e+00  8.04622531e-01  3.05020005e-01 -6.55025244e-04
 -1.68729746e+00 -6.16887450e-01  1.51875019e-02  9.07815099e-01
 -7.04817533e-01 -1.55626988e+00  1.00155011e-01  3.43704998e-01
 -4.60244983e-01 -5.90172410e-01 -1.24960756e+00  1.30145001e+00
  6.76232517e-01  6.29062533e-01 -5.12172520e-01 -7.04649985e-01
 -5.35024926e-02 -1.31263256e+00  5.14242530e-01  1.90454245e+00
 -4.09222543e-01 -6.63574994e-01  1.02329992e-01 -3.38807464e-01
 -3.75852525e-01 -7.91795015e-01  2.16379499e+00  1.08031499e+00
 -1.40197253e+00  6.74980044e-01 -1.25985742e+00 -7.34675229e-02
 -1.94864249e+00 -1.93607479e-01  1.60380244e+00 -6.69652462e-01
  1.82037488e-01  1.79057002e+00 -6.35302544e-01 -4.24247473e-01
  2.96474993e-02  4.96684998e-01  8.60472500e-01 -6.96374923e-02
 -5.39860010e-01  5.43347478e-01 -8.68839979e-01  8.17110002e-01
  9.61349905e-02 -3.74317497e-01  8.93572450e-01  2.25337744e+00
 -1.17731011e+00  3.35510015e-01  9.00417447e-01 -6.38090014e-01
  1.28277254e+00  3.48554999e-01  3.79662514e-01 -1.29335046e-01
  1.49552494e-01 -3.67100000e-01  1.08863509e+00 -1.69090003e-01
  8.28977466e-01  1.37681746e+00 -1.05192497e-01  8.24547529e-01
  1.73311508e+00  3.65450084e-02 -6.22692466e-01  5.25065064e-01
  1.96477532e-01 -3.53557497e-01 -9.86919999e-01 -5.48345029e-01
  9.67062533e-01  9.02745008e-01 -9.15987492e-01  1.07960001e-01
  3.80577505e-01  3.15412492e-01 -2.10889995e-01  4.45005000e-01
  7.35859990e-01  5.55032492e-01  1.66399986e-01 -7.88624942e-01
 -2.82949984e-01 -1.27925009e-01 -4.19337511e-01  1.07384753e+00
  1.30615497e+00 -1.07255244e+00  1.73531747e+00  8.37629974e-01
  7.43024945e-01 -2.17932492e-01  2.52995014e-01 -3.43250036e-02
 -1.16966999e+00  1.38581502e+00  4.40795004e-01 -1.87089753e+00
 -1.33195996e+00 -1.63552523e-01  3.91095012e-01 -6.33767486e-01
  1.39074922e-02  5.93119979e-01  4.91949916e-02  6.89742506e-01
  3.05982500e-01 -7.98932493e-01  1.42347753e+00  7.71567464e-01
 -1.35850012e-02 -1.41952002e+00 -1.84736490e+00  7.07920015e-01
 -3.73340011e-01 -4.62887526e-01  1.71880007e-01 -6.82372451e-01
 -9.65415001e-01  2.80752510e-01 -8.35029960e-01  6.28567457e-01
 -5.34010053e-01 -1.60997495e-01  2.60800004e-01  1.09437495e-01
 -5.58955014e-01  1.17494249e+00  4.48979974e-01 -1.27179003e+00
  1.65319502e+00 -6.41494989e-01  1.32358754e+00 -1.12311745e+00
  7.34580040e-01  4.59412485e-01 -3.29124987e-01  5.20365000e-01
  4.25130010e-01 -1.76074997e-01  3.43387485e-01  7.59302437e-01
  8.49834979e-01  1.51914001e+00  5.46550006e-02  7.48924986e-02
  9.53850031e-01 -1.15939248e+00 -3.71252507e-01  4.33582485e-01
 -6.90479994e-01 -9.53842521e-01  1.12384748e+00  2.43129492e+00
 -3.31662536e-01  8.94999981e-01 -3.52877498e-01  3.56374979e-01
 -1.13264000e+00 -6.64302468e-01  2.43709981e-01  1.37900412e-02
  3.76625061e-02 -3.51689994e-01  4.42077518e-01  1.06785011e+00
 -1.05133498e+00 -1.59015000e-01  3.80775034e-02  1.44875753e+00
  2.80885744e+00  9.44249891e-03 -1.27583754e+00  7.73584962e-01
  5.30025005e-01  1.40579998e-01  5.16702533e-01  3.30177486e-01
  8.64867449e-01  8.24299991e-01  1.57875252e+00 -3.46175022e-02
  2.05140010e-01 -3.93549949e-02 -3.49859953e-01 -7.55624995e-02]