[-7.64481187e-01  1.24056756e+00  7.49772489e-01  6.09544992e-01
  1.78356004e+00  8.45781207e-01  9.85291302e-01 -8.02709997e-01
 -2.68864536e+00  3.90621245e-01  1.49034369e+00  1.78255880e+00
 -1.18208754e+00 -3.20796752e+00  5.62762499e-01 -3.94706309e-01
 -1.43146610e+00 -3.94728720e-01 -1.34233367e+00  1.16458511e+00
  1.76251614e+00  1.99722731e+00 -9.30668712e-01  6.17472529e-01
 -2.51158744e-01 -3.90396357e-01  8.27752471e-01  3.81807899e+00
 -4.43087488e-01 -2.28758264e+00  3.44976246e-01 -1.14826751e+00
 -9.19371307e-01  4.81367469e-01  3.56702614e+00  1.33917499e+00
 -2.32044268e+00  1.15926003e+00 -1.76465249e+00  2.17845008e-01
 -2.37198758e+00 -9.43824649e-02  2.62307501e+00 -1.05231500e+00
  1.04014874e+00  9.57701266e-01 -6.84484959e-01 -1.02009881e+00
  4.68186229e-01  1.25775003e+00  5.30657530e-01  2.97821224e-01
  4.93488699e-01  1.56168377e+00 -1.11685133e+00  1.98706996e+00
 -1.69036254e-01  1.44699991e-01  1.35925257e+00  2.91371250e+00
  4.57374007e-03  1.82666123e+00  9.59771276e-01 -1.79457247e+00
  1.80942869e+00 -4.28025007e-01  6.68297529e-01  9.07483816e-01
  1.09327495e+00 -1.21957123e+00  8.84793758e-01 -1.43214869e+00
  1.43778872e+00  1.40996885e+00 -1.47334623e+00  1.77390265e+00
  1.62173247e+00  1.39309371e+00 -2.27244377e+00  2.12412551e-02
  3.73750925e-03 -1.12318873e+00 -4.87789959e-01 -1.33848000e+00
  5.06693721e-01  2.23735762e+00 -9.66019988e-01  1.96094108e+00
  3.08096123e+00  1.32969630e+00  9.03666377e-01  5.14486253e-01
 -1.01217546e-01  1.66833788e-01  3.56368780e-01 -1.05057502e+00
 -2.43446016e+00 -1.35086489e+00 -5.52752614e-03  9.29324985e-01
  9.16058779e-01 -3.23256612e+00  3.11595893e+00  9.45124984e-01
  9.19023752e-01  1.31948364e+00 -1.09896374e+00 -1.20675027e-01
 -2.74730277e+00  4.24924231e+00  1.48965752e+00 -3.15917373e+00
 -8.03575039e-01  1.39398992e+00  1.34167016e+00 -2.18795371e+00
  4.97087538e-02  1.66433001e+00 -7.70094931e-01 -3.72151226e-01
  2.01536369e+00 -2.70634127e+00  1.05358624e+00  1.53082728e+00
 -8.23809981e-01 -2.20591617e+00 -2.48599482e+00 -5.67932546e-01
 -1.01625081e-02 -1.09261262e+00  7.43896186e-01 -2.68924379e+00
 -1.62237501e+00  4.12458837e-01 -1.61947489e-01 -2.75665104e-01
 -6.30650043e-01  5.94877481e-01  2.05878878e+00 -5.03875315e-02
 -3.19991261e-01  8.50431263e-01  7.32391238e-01 -1.73647630e+00
  1.67866004e+00 -7.96296239e-01  4.56017494e-01 -1.45593119e+00
  1.89510512e+00  6.23161644e-02  5.55233717e-01 -5.04806221e-01
  1.16587535e-01 -3.15833777e-01 -1.96691260e-01  3.70135009e-01
  9.82857645e-01  2.18541241e+00  1.48130369e+00  4.13550213e-02
  2.73526478e+00 -3.17085743e+00 -6.66615367e-03 -5.42243779e-01
 -3.71349931e-01 -1.50537863e-02  8.13072503e-01  3.01306200e+00
 -1.59152389e+00  1.78275502e+00  1.38088751e+00  3.24764997e-01
 -2.03197861e+00 -1.38844883e+00  4.71602499e-01 -1.06410992e+00
  1.11159384e+00  2.61938810e-01  1.09190619e+00  6.44826174e-01
 -3.88207006e+00  1.96323860e+00 -1.91937876e+00  2.51808119e+00
  3.34986496e+00  4.20905054e-01 -1.43856251e+00  1.34974384e+00
  1.24286628e+00 -2.77571201e-01  1.83701742e+00 -9.41867471e-01
  1.98015237e+00  1.59717500e+00  3.36841607e+00 -1.33117497e-01
  3.49251211e-01  5.93486249e-01 -1.86818123e+00  4.47688729e-01]