[-1.0025024   1.3957663   1.0011176   0.81441504  1.4441962   0.967635
  0.9615463  -0.5008662  -2.3854153   0.28403     1.3411888   2.15129
 -1.2955625  -3.413249    0.78322625 -0.26635754 -1.4378948  -0.5334187
 -1.6338063   0.96446997  1.9534112   2.2494173  -0.78377247  0.3731425
 -0.12646002 -0.38224006  0.45135874  3.8183928  -0.02375374 -2.4258711
  0.32340375 -1.63236    -1.0063825   0.40786242  3.44517     0.92623246
 -2.1935413   1.1064037  -1.9223726   0.11479624 -2.3055725  -0.21797249
  2.5388188  -1.0453638   0.87961996  1.4350712  -0.38879746 -1.3658289
  0.23537621  1.0548236   0.38758627  0.11472623  0.79709375  1.7082713
 -1.3793514   2.3683789   0.12005003  0.06649125  0.82435     2.97955
  0.12490249  1.9558012   0.8678925  -2.103666    2.0351675  -0.34818876
  0.34095752  0.9514676   0.73007    -1.2388625   1.0804389  -1.4198612
  1.3070849   1.7595987  -1.86798     1.301945    1.9533274   1.6318475
 -2.0682676  -0.21350001 -0.17913121 -1.0488274  -0.4528087  -1.5375137
  0.65724003  2.4973626  -0.65062124  2.0598748   2.8251238   1.4726626
  1.1889464   0.88088125  0.41923496  0.08622503  0.40884626 -1.1628925
 -2.2612338  -1.8921661   0.45391005  1.27539     0.58294874 -3.1016462
  2.8196576   0.7735325   0.4801712   1.485865   -1.0493163   0.21193874
 -2.718204    3.9579074   1.4830563  -2.956035   -1.237085    1.1123086
  1.3159326  -2.2470236   0.16618876  1.3436174  -0.53069997 -0.29435626
  2.204345   -2.6951175   1.2012562   1.4163986  -0.94901    -2.1535623
 -2.5785222  -0.3748275  -0.09552752 -1.1714263   0.8121737  -2.3930774
 -1.606905    0.29792136 -0.29829246 -0.6423575  -0.8422525  -0.12968245
  2.0201652   0.06817874 -0.43938375  0.76164377  1.0873413  -1.4501976
  1.8924662  -0.84326625  0.40645748 -1.4322674   1.7285025  -0.14197885
  0.47335878 -0.5417075   0.17614627 -0.6509137  -0.42901248  0.42285377
  1.16472     2.3069448   1.5717337   0.07109252  2.8018324  -3.328521
  0.11961004 -0.40990126 -0.45874244  0.46577373  0.80961746  2.987001
 -1.7703114   1.6216224   1.1847149   0.4695025  -2.1243875  -1.4614638
  0.41017497 -0.97402996  0.8291576   0.05644378  1.4902526   0.650745
 -3.4561088   2.0827825  -1.7903326   2.7264237   3.2810135   0.72389627
 -1.2751551   1.23063     1.3947163  -0.38959247  1.5109524  -0.90979874
  1.4451013   1.5160724   3.2154348  -0.6858275  -0.0966875   0.08159127
 -1.5178187   0.3363237 ]