[-0.8940662   0.79455376  0.89333624  0.59050375  1.8620613   1.0143813
  0.8554313  -0.38548997 -2.2445376   0.3069525   1.7566849   2.01381
 -0.8633062  -3.555759    0.6759625  -0.4803763  -1.8841274  -0.76620996
 -1.5215212   1.1599588   1.7999836   1.9256285  -0.72616     0.5616263
 -0.18372875 -0.36468005  0.6468625   4.337686   -0.47054246 -2.3860986
  0.43931624 -1.6178424  -0.8194988   0.76991373  3.95378     0.5383562
 -2.4663324   1.2667575  -1.5993388   0.54666877 -2.2374      0.04733002
  2.4454212  -1.0727313   0.74363625  1.3550725  -0.50616497 -1.2492701
  0.25833997  0.86983246  0.6015775   0.33345497  0.544595    1.6206838
 -1.0770975   2.6163988  -0.03832375 -0.13025501  1.362985    3.09199
  0.16925001  2.4212725   0.8437337  -1.8142126   1.7602339  -0.09493376
  0.42680627  0.8260663   0.59994876 -1.2686387   1.0687501  -1.3046411
  1.508155    1.1088762  -1.44906     1.2557576   1.4325299   1.35236
 -2.1505437  -0.29057378 -0.02809    -1.2565386  -0.8370599  -1.9764364
  0.38009372  2.5287976  -0.88157123  1.9842899   2.9733512   1.6894538
  0.8874301   0.7959263   0.3914937   0.04794753  0.09744501 -1.1249375
 -2.0575428  -1.7271512   0.06786247  0.9332862   0.6165837  -3.0088286
  3.0330026   1.2527288   0.9333575   1.5723724  -1.2182713   0.06305124
 -2.845354    4.1205487   1.6806537  -3.179045   -0.90097874  0.95922744
  1.3964838  -2.265901   -0.411385    1.44048    -0.46425122 -0.39811376
  1.7372912  -2.5292299   1.3286138   1.8766699  -0.8299787  -2.3812926
 -2.4987884  -0.56501    -0.47882876 -1.1047188   1.2403136  -2.2839763
 -1.6812899   0.21234637 -0.45228374 -0.92098135 -0.37047124  0.01701501
  1.8804551  -0.08929875 -0.14479001  1.080965    0.82736254 -1.2906213
  1.7401012  -0.35812998  0.65648127 -1.4991561   1.7162938  -0.01466759
  0.91272    -0.89392996  0.31539002 -0.43679753  0.01602251  0.24094
  1.0508564   2.601491    1.3611674  -0.20071998  2.6218824  -3.0361574
  0.2422063  -0.64826    -0.08850372  0.46832874  0.96221     2.9897423
 -1.7167225   1.2024913   0.93850994  0.58701754 -1.6145899  -1.3599426
  0.63487244 -0.76747495  1.0313739  -0.09672996  1.2871113   0.69323
 -3.3340302   2.0700061  -1.9956613   2.127189    3.0812435   0.4335338
 -0.81570375  1.189815    1.36954    -0.09401873  1.5426111  -0.9177687
  1.6949136   1.6316513   3.0118961  -0.52215004 -0.1562025   0.43167126
 -1.8098149   0.5844737 ]