[-0.99351996  1.16923     1.0023551   0.574265    1.824335    0.9517413
  1.1081799  -0.62842375 -2.695619    0.11706376  1.3824211   2.0557487
 -1.33817    -3.2912025   0.4082675  -0.35438007 -1.3600199  -0.3774537
 -1.3850888   1.1527663   1.784635    2.1499934  -0.9179312   0.52445996
  0.19273873 -0.6319076   0.9627163   3.7410526  -0.09567375 -2.4142075
  0.13112375 -1.10501    -0.92608005  0.320945    3.4830422   1.2627362
 -2.5267086   1.2115188  -1.9109287   0.39339125 -2.3509762  -0.39486623
  2.7023911  -0.96721244  0.8646525   1.3389963  -0.82210124 -1.0830201
  0.30984247  0.900405    0.66471505  0.5233562   0.6198424   1.85777
 -1.3651912   2.2542827   0.02511252  0.28286377  1.08976     2.8967824
  0.17032126  1.7041137   0.85083    -1.7477963   1.7935925  -0.27168876
  0.39711374  0.7017301   1.1570038  -1.19029     1.0019076  -1.4246049
  1.4044513   1.5402613  -1.5216112   1.62592     1.6347287   1.2174075
 -2.23275    -0.10429248  0.06665376 -1.3197811  -0.47109875 -1.3646786
  0.62230754  2.20709    -1.1661137   2.2681098   3.0857      1.4598663
  0.9287802   0.6092162   0.10511371  0.02177629  0.16938376 -0.87884367
 -2.4480052  -1.4509825   0.25099498  1.18129     0.91524255 -3.1578736
  3.1910388   0.77239126  0.9761162   1.1907837  -0.97905123 -0.13482377
 -2.8309853   4.179784    1.3385074  -3.0715213  -0.9804138   1.3542612
  1.5389901  -2.3575737   0.01689626  1.4929788  -0.73964494 -0.5679413
  1.8207587  -2.7108812   1.07742     1.4440348  -0.89023745 -1.9062387
 -2.4287448  -0.63106376 -0.11438876 -1.0488489   0.7265162  -2.5254889
 -1.7036488   0.39730763 -0.4049862  -0.5237651  -0.6950675   0.06100002
  1.9266638   0.02430999  0.12512748  0.9221538   0.8041762  -1.5048375
  1.880585   -0.85399497  0.37459624 -1.3177799   1.8616314  -0.07885008
  0.46355882 -0.57165873  0.07710002 -0.30198878 -0.29318875  0.4149825
  0.9166638   2.4886785   1.514915    0.192695    2.792785   -3.181335
 -0.11566243 -0.32505125  0.11806498  0.15803623  0.89843124  2.9122324
 -1.7802424   1.592225    1.2229325   0.34842622 -1.9165576  -1.6733202
  0.30127126 -0.79267746  0.9024501   0.26669127  1.3436326   0.49592248
 -3.6652427   1.9397523  -1.7964851   2.6170075   3.5849524   0.51030123
 -1.4682713   1.4494812   1.2758601  -0.31415623  1.7502524  -0.81279874
  1.7999375   1.4287888   3.39795    -0.37829378  0.44696748  0.38713127
 -1.4683536   0.4966562 ]