[-1.0152912   1.3065988   0.8017637   0.62950253  1.6738362   0.9539049
  0.98758256 -0.75903624 -2.4665215   0.3853075   1.6927174   2.0147262
 -1.2556163  -3.2509265   0.56603    -0.49297383 -1.1867036  -0.61719
 -1.444825    0.95571     1.687425    2.1686897  -0.99011     0.39991376
  0.06065626 -0.3561988   0.70623124  3.9379413  -0.49631622 -2.2852476
  0.26542625 -1.2572489  -1.0417738   0.5039775   3.5813622   1.2184274
 -2.4131436   1.0208238  -1.8583512   0.19974749 -2.3757374  -0.13873994
  2.6563673  -1.0805287   0.745045    1.1445687  -0.7710962  -1.4156651
  0.45250872  1.1133599   0.47448626  0.32785624  0.52128494  1.7896113
 -1.13395     2.0297751  -0.06758247  0.19466624  1.1827899   3.0521011
  0.02515627  2.0053973   0.7049037  -1.8570487   1.6995587  -0.10589378
  0.5396925   0.44049633  0.94019246 -1.282555    0.9888563  -1.1175624
  1.6082112   1.5083201  -1.6114137   1.6925938   1.9206011   1.2767625
 -2.1755111   0.04120251  0.15980875 -1.2114213  -0.7021987  -1.4237988
  0.6500237   2.2732687  -0.76226497  2.0853574   3.2472548   1.3931388
  1.2061251   0.59704876  0.27337247  0.31581378  0.34202752 -0.8585199
 -2.3309975  -1.42247     0.11299498  1.0091487   0.7985662  -3.2033598
  3.2069914   0.79486996  0.92735124  1.38611    -0.85477126 -0.34761503
 -2.7453978   4.327229    1.6048437  -3.0444539  -1.0430474   1.2863762
  1.5860838  -2.0572274  -0.08318125  1.3821287  -0.5315337  -0.48225248
  1.9226888  -2.767035    1.1380299   1.5516386  -0.72254    -2.0805912
 -2.7314348  -0.8884088  -0.35762504 -1.2216251   0.63030624 -2.6590226
 -1.5512476   0.07316136 -0.3665775  -0.50317883 -0.7970762   0.389075
  1.9840564   0.16354999 -0.06658126  1.0708762   0.64335376 -1.5310613
  1.74114    -0.55632246  0.32060498 -1.2543561   1.9495926  -0.14141758
  0.55956626 -0.8768375  -0.0127387  -0.49930754  0.019945    0.3736375
  1.0783739   2.245871    1.5633376  -0.09518373  2.694811   -3.0233474
 -0.22228494 -0.43760753 -0.30889124  0.18265998  0.96593124  2.9520411
 -1.7426538   1.51774     1.0399375   0.35008252 -2.0492525  -1.3633826
  0.404015   -0.5709174   0.9324951   0.3043663   1.2038113   0.6741337
 -3.5670352   1.9381411  -1.8771375   2.39327     3.3038964   0.36711752
 -1.3010075   1.5803938   1.37396    -0.17749122  1.7972112  -0.92201626
  1.7211511   1.4267999   3.5150573  -0.42717376  0.21018875  0.4091575
 -1.4938124   0.4214462 ]