[-0.94489247  1.1498051   0.65440744  0.5425375   1.7626412   0.83763
  0.9788726  -0.39727497 -2.3606164   0.41965622  1.5046762   1.9600451
 -0.82486373 -3.5164902   0.4255175  -0.12888882 -1.3997824  -0.8377224
 -1.565265    1.1340176   1.8115963   2.1614134  -0.82563126  0.36049625
 -0.1285775  -0.33007258  0.34909248  4.20493    -0.6849762  -2.3701313
  0.21366125 -1.4328287  -0.75637007  0.5131762   3.893616    0.79166126
 -2.6861324   1.4566176  -1.9737988   0.2095825  -2.1246712  -0.14699748
  2.57838    -1.2540625   0.94438624  1.1516762  -0.52887243 -1.2973763
  0.2727187   1.2308388   0.58800125  0.28584498  0.65210617  1.9252026
 -1.0240164   2.42507    -0.03605874  0.08410874  1.2907549   3.049389
 -0.14024249  1.686515    0.98247373 -2.04471     1.5250325  -0.01731502
  0.41945624  1.1329201   0.7572912  -1.5342263   0.9577638  -1.2401036
  1.5913062   0.9240375  -1.2579412   1.7628989   1.48195     1.0114563
 -2.186895    0.0376075  -0.09613249 -1.4040036  -0.43219122 -1.8247313
  0.33993623  2.4949489  -1.1493387   2.000421    3.1080787   1.4298426
  0.8670502   0.62310755  0.26319122  0.18514381  0.21581629 -1.067665
 -2.1866965  -1.5096937   0.2807412   0.9993612   0.66867995 -2.9377987
  3.3525326   0.64549625  0.8007724   1.3419787  -1.0754362   0.02282123
 -2.6753452   4.2165375   1.288975   -3.3634238  -1.0185738   1.0418899
  1.5672575  -1.9438524  -0.3195225   1.452255   -0.08718874 -0.42854878
  1.997355   -2.5814161   1.1995062   1.569146   -0.81939876 -2.0948563
 -2.255715   -0.60428876 -0.07051126 -0.96672875  0.96137    -2.336505
 -1.6900587   0.48341888 -0.5053288  -0.7956038  -0.5974487  -0.01635376
  2.0802388   0.13986999 -0.24916625  1.1670825   1.2238475  -1.7706525
  1.9135063  -0.78368866  0.5231675  -1.5793499   1.5618851   0.32394367
  0.59774625 -0.7984612   0.2816288  -0.2646125   0.08774877  0.14583
  1.0657163   2.4899647   1.5996726  -0.2793337   2.3020837  -3.5001698
 -0.00464371 -0.58299375 -0.39511245  0.37717247  0.6153112   3.1089897
 -1.6233714   1.497175    0.9000875   0.5065613  -1.8404688  -1.3653563
  0.40674996 -0.88291746  1.03085     0.02366379  0.8172662   0.49324128
 -3.7872102   2.2184935  -1.9302676   2.3457463   3.2092686   0.14063375
 -0.97085     1.0995563   1.1776426  -0.11698122  1.6473799  -0.7490462
  1.9298248   1.6882349   3.3839025  -0.5366938   0.20126873  0.38866752
 -1.5917823   0.28713748]