[-8.45624983e-01  1.16754007e+00  7.99749970e-01  9.64123785e-01
  1.65986872e+00  1.04086125e+00  7.41741300e-01 -4.53233719e-01
 -2.39340639e+00  3.59751254e-01  1.39563870e+00  1.91475630e+00
 -1.03922009e+00 -3.34828520e+00  5.99660039e-01 -4.57458794e-01
 -1.88790607e+00 -7.70287514e-01 -1.56606138e+00  1.18393004e+00
  1.88361371e+00  2.04059005e+00 -1.04446125e+00  4.95709985e-01
 -2.02484995e-01 -3.55895042e-01  5.68218708e-01  4.12876368e+00
 -3.85351211e-01 -2.39768624e+00  5.23737371e-02 -1.75956249e+00
 -5.77436328e-01  6.44632459e-01  3.93430614e+00  6.42777443e-01
 -2.67873621e+00  1.62098241e+00 -1.96476626e+00  2.68582523e-01
 -2.37310505e+00 -2.80874968e-03  2.68231869e+00 -1.08858871e+00
  1.18218744e+00  1.25128508e+00 -5.62299967e-01 -1.03430629e+00
 -7.92112947e-02  1.09277749e+00  4.25975025e-01  1.81283727e-01
  3.96564990e-01  1.67348373e+00 -1.28114390e+00  2.36469769e+00
  5.23812324e-02  5.69737554e-02  1.27710998e+00  3.11896133e+00
  8.25450197e-02  1.86106503e+00  6.68392539e-01 -2.00942373e+00
  1.67101002e+00  1.15681231e-01  1.73823774e-01  1.29400754e+00
  6.86477542e-01 -1.33951747e+00  7.67778754e-01 -1.14112246e+00
  1.45576870e+00  9.36482549e-01 -1.41317880e+00  1.58002377e+00
  1.32962871e+00  1.20742118e+00 -1.95533884e+00  3.10162529e-02
 -7.50449896e-02 -1.25160122e+00 -4.82476205e-01 -1.88557243e+00
  1.70919985e-01  2.48643875e+00 -1.00454867e+00  2.14919734e+00
  3.28575993e+00  1.50952876e+00  1.05221891e+00  3.92137498e-01
  3.20717454e-01 -1.24372467e-01  2.90842503e-01 -9.32576180e-01
 -2.45925522e+00 -1.59029245e+00  1.04207486e-01  7.71919966e-01
  9.24401283e-01 -3.29645753e+00  3.26092887e+00  9.53072488e-01
  1.06542623e+00  1.18225241e+00 -1.08636129e+00  3.20899636e-02
 -2.51228142e+00  4.27579117e+00  1.62696743e+00 -3.23544502e+00
 -8.57249975e-01  1.14892614e+00  1.49763632e+00 -2.13687754e+00
 -9.39662457e-02  1.59193611e+00 -4.92816210e-01 -6.63741231e-01
  2.13426113e+00 -2.52774620e+00  1.21218622e+00  1.62659490e+00
 -9.30228710e-01 -2.31600499e+00 -2.38459373e+00 -8.10990036e-01
 -1.09735020e-01 -9.11081254e-01  1.06454873e+00 -2.39263129e+00
 -1.76534128e+00  2.06247628e-01 -6.00353837e-01 -5.72286308e-01
 -6.51478767e-01  1.42902523e-01  2.09780264e+00  3.90637368e-02
 -9.78475064e-02  8.84032488e-01  1.27521002e+00 -1.77957118e+00
  1.63319254e+00 -4.94856179e-01  4.88089979e-01 -1.42230737e+00
  1.46273136e+00  2.96091199e-01  7.64412522e-01 -7.70202518e-01
  2.56090015e-01 -5.19612432e-01 -1.86851263e-01  1.51445001e-01
  1.04860377e+00  2.21824241e+00  1.46702504e+00 -2.96163738e-01
  2.53422737e+00 -3.30918121e+00  4.80388105e-02 -6.67070031e-01
 -5.73348701e-01  2.47717470e-01  6.74082458e-01  2.83304358e+00
 -1.57405877e+00  1.48029125e+00  1.06007493e+00  6.12220049e-01
 -1.64284253e+00 -1.27573383e+00  3.37291241e-01 -7.82236159e-01
  1.13160133e+00  1.93635046e-01  1.11017621e+00  7.20956206e-01
 -3.72499132e+00  2.25968361e+00 -1.79804635e+00  2.27823019e+00
  3.29011488e+00  3.22230041e-01 -8.21897507e-01  1.05963874e+00
  1.07683003e+00 -1.75756216e-01  1.62882113e+00 -7.98687458e-01
  1.81125736e+00  1.67379630e+00  3.13945866e+00 -4.11927491e-01
  3.51250172e-04  4.65192527e-01 -1.89796996e+00  5.38041234e-01]