[-8.30159962e-01  1.27597499e+00  7.76667476e-01  7.36768782e-01
  1.44361627e+00  8.60009968e-01  9.13932562e-01 -5.45816183e-01
 -2.42602277e+00  2.67616242e-01  1.45863247e+00  2.24753380e+00
 -1.44249380e+00 -3.39156628e+00  6.52642488e-01 -2.01648802e-01
 -1.46424365e+00 -4.89488751e-01 -1.60862005e+00  1.00490010e+00
  1.87211859e+00  2.16620231e+00 -6.61772490e-01  2.12645024e-01
  2.72799879e-02 -3.45121324e-01  6.23717487e-01  3.85795760e+00
  1.06597535e-01 -2.34150004e+00  3.38548750e-01 -1.38691258e+00
 -1.03178763e+00  4.42929983e-01  3.47567368e+00  1.08482492e+00
 -2.45848131e+00  1.15773129e+00 -1.76082373e+00  2.62293756e-01
 -2.27972245e+00 -1.78652465e-01  2.52503753e+00 -1.24151742e+00
  7.49357462e-01  1.16078758e+00 -3.60321224e-01 -1.31524503e+00
  2.61687458e-01  1.15551615e+00  3.82252514e-01  2.26163730e-01
  6.81816220e-01  1.79186499e+00 -1.30554891e+00  2.33872509e+00
 -1.31412596e-02  3.29062641e-02  1.18053615e+00  2.99318004e+00
  2.41447479e-01  2.03034878e+00  9.08583760e-01 -1.85730124e+00
  2.08424377e+00 -2.43126288e-01  3.23537529e-01  9.54453826e-01
  7.18137503e-01 -1.22180378e+00  1.07284510e+00 -1.27582490e+00
  1.42262244e+00  1.59708142e+00 -1.65509999e+00  1.26954269e+00
  1.89239001e+00  1.44290996e+00 -2.02007365e+00 -2.60062516e-02
  2.40475237e-02 -9.12476122e-01 -5.11029899e-01 -1.74202013e+00
  7.33302414e-01  2.47431993e+00 -7.51041234e-01  2.08294487e+00
  3.03533626e+00  1.35324252e+00  1.30485642e+00  7.77005017e-01
  3.73946220e-01  1.61755085e-03  5.21955013e-01 -9.38327432e-01
 -2.36519861e+00 -1.59178746e+00  2.47811243e-01  1.22430623e+00
  5.93558729e-01 -3.21743131e+00  2.83582759e+00  8.45838726e-01
  5.83220005e-01  1.68339360e+00 -1.08167875e+00 -1.85362846e-02
 -2.81355405e+00  4.21020985e+00  1.38855374e+00 -3.14718509e+00
 -9.95122492e-01  1.15613866e+00  1.45028758e+00 -2.25215864e+00
  1.43148750e-01  1.42204118e+00 -3.43412519e-01 -3.90319973e-01
  1.93518376e+00 -2.74314499e+00  1.12917376e+00  1.40979981e+00
 -8.87908697e-01 -2.03004980e+00 -2.57257843e+00 -5.44316232e-01
 -1.67405009e-01 -1.34098625e+00  7.44223714e-01 -2.40602756e+00
 -1.55108762e+00  3.01082611e-01 -5.40685058e-01 -5.35332561e-01
 -9.47222590e-01  5.06825149e-02  2.03406644e+00 -2.11225152e-02
 -4.00900006e-01  9.51383770e-01  9.98496294e-01 -1.34333754e+00
  1.82866752e+00 -6.84004962e-01  2.83889979e-01 -1.32611740e+00
  1.68535876e+00 -8.44150633e-02  3.67448777e-01 -5.37957489e-01
  6.13900274e-02 -5.82153678e-01 -1.02788754e-01  5.18457472e-01
  1.17230010e+00  2.06172490e+00  1.40147376e+00 -1.16536230e-01
  2.68174982e+00 -3.37385488e+00  6.32088482e-02 -5.45812488e-01
 -4.69388723e-01  3.90907496e-01  7.83567488e-01  3.03454971e+00
 -1.75002122e+00  1.71955991e+00  1.15576744e+00  3.34582508e-01
 -2.07980371e+00 -1.38519132e+00  4.63866234e-01 -8.45503628e-01
  8.66983831e-01  1.31428778e-01  1.35908628e+00  7.56252468e-01
 -3.31745005e+00  1.85902238e+00 -1.94554377e+00  2.74047136e+00
  3.33141613e+00  6.85575008e-01 -1.06907749e+00  1.23719251e+00
  1.40268874e+00 -4.35184956e-01  1.53777993e+00 -8.13986242e-01
  1.83678865e+00  1.42827117e+00  3.21547484e+00 -7.05426335e-01
  6.06062412e-02  3.88583779e-01 -1.45938861e+00  1.98677480e-01]