[-7.71364033e-01  1.47284472e+00  2.30342671e-01  7.05588043e-01
  1.78937519e+00 -1.01148260e+00  4.36819285e-01  3.67084652e-01
 -1.27914739e+00  2.08946429e-02  8.81426781e-02  9.43539977e-01
 -2.45492712e-01 -1.61217189e+00 -3.89915347e-01  1.53975993e-01
 -1.29121935e+00 -1.13678679e-01 -9.75643933e-01  7.13958681e-01
  1.77832037e-01  1.57938397e+00 -4.28753972e-01  2.94616669e-01
 -7.44192004e-01 -1.16169631e+00  7.04448044e-01  1.61588466e+00
  1.28842652e-01 -7.47382522e-01  9.58470047e-01 -4.96968657e-01
 -4.12016004e-01  4.49033231e-02  3.14646864e+00  1.05866075e+00
 -1.74341202e+00  4.73207355e-01 -1.77203143e+00 -5.09313568e-02
 -2.52219009e+00 -8.42194617e-01  1.54561794e+00 -1.36757123e+00
  1.39303613e+00  3.34877342e-01 -1.00205791e+00 -7.55338728e-01
 -1.74908668e-01  6.49215996e-01  3.74269992e-01  2.59241998e-01
  2.22425327e-01  8.13429952e-01 -6.57588005e-01  1.48498738e+00
  2.67212689e-01  3.76015335e-01  1.46364260e+00  1.16385925e+00
 -3.89176041e-01  9.83805299e-01  8.76777351e-01 -2.31180477e+00
  6.06284678e-01  4.57560718e-01  4.43016648e-01  9.12692010e-01
  1.42151260e+00 -5.25015295e-01  1.29249203e+00 -9.76345301e-01
  5.76688707e-01  1.33100188e+00 -1.50306666e+00  7.86755323e-01
  1.07714260e+00 -3.65919918e-02 -1.10968542e+00 -1.44438148e+00
 -5.03158689e-01 -1.11948061e+00 -2.60581344e-01 -7.34764695e-01
  5.62488735e-01  1.69584024e+00 -1.58677354e-01  3.05454642e-01
  4.12676007e-01  8.23033333e-01  1.16464055e+00  1.19205928e+00
 -1.88061312e-01  3.37959945e-01 -3.74376684e-01 -6.87293485e-02
 -3.12603354e-01  2.18640015e-01 -7.13847995e-01 -1.09209314e-01
  5.93093336e-01 -1.83336401e+00  1.65048981e+00  6.33929253e-01
  1.38997519e+00 -3.19600031e-02 -3.25690687e-01 -8.78520235e-02
 -1.54541194e+00  2.20093846e+00  8.42684746e-01 -1.14079678e+00
 -9.24935997e-01  1.04537404e+00  6.67180657e-01 -2.24874258e+00
  9.90782022e-01  5.94580173e-02  3.59553061e-02  8.33699286e-01
  1.72587597e+00 -1.60123551e+00  1.81714475e+00  1.07990944e+00
 -4.97669995e-01 -2.50876999e+00 -1.16818666e+00 -3.46277297e-01
 -4.79967266e-01 -9.72664714e-01  1.12270141e+00 -9.61985886e-01
 -5.63838601e-01  4.23775345e-01 -2.00516686e-01 -7.68859446e-01
 -7.11651266e-01  5.41908026e-01  9.75495279e-01 -3.51442009e-01
  2.85717368e-01  1.40615201e+00  5.20919263e-01 -1.22697520e+00
  6.26021981e-01 -5.62867999e-01  1.22894800e+00 -2.31354451e+00
  2.20701337e+00  6.18502021e-01 -6.93581402e-01  2.50046570e-02
  1.36686668e-01  1.00420260e+00 -3.59368026e-01 -6.82665908e-04
  2.41111708e+00  1.80797148e+00  1.11763060e+00 -7.49545336e-01
  1.99211943e+00 -1.34662867e+00 -2.23716676e-01  2.98354030e-01
 -8.76722634e-01  2.46750027e-01  3.99073474e-02  2.72537923e+00
 -1.06139934e+00  1.20260119e+00  1.33068651e-01  1.38580871e+00
 -9.70627367e-01 -8.49089444e-01  2.68508017e-01  4.33433354e-01
  2.41735324e-01  1.04741216e+00  1.36374664e+00 -1.18333418e-02
 -1.70771217e+00  1.22505462e+00 -5.77575386e-01  1.97265470e+00
  2.84988618e+00  6.94375992e-01 -7.87706077e-01  6.36620522e-01
  1.61821336e-01 -5.78541994e-01  1.07798457e+00 -7.59698629e-01
  1.52991605e+00  1.11832857e+00  2.28290820e+00 -8.72708619e-01
  6.74936056e-01  8.29441369e-01 -5.17852664e-01  1.97528049e-01]