[-5.4549998e-01  1.9360216e+00  5.7436717e-01  4.5939001e-01
  1.6889499e+00  3.7502140e-01  1.2177614e+00 -1.3061256e+00
 -2.1401346e+00  9.5726573e-01  1.5813984e+00  2.8750916e+00
 -1.0010285e+00 -2.9099472e+00  6.7176431e-01 -1.3893579e-01
 -1.1774398e+00 -7.7673423e-01 -2.0968044e+00  5.8569711e-01
  1.0144843e+00  1.5765584e+00 -1.2524341e+00  5.1251286e-01
  5.2292722e-01 -1.1239301e+00  9.1611141e-01  4.1113758e+00
 -4.4937995e-01 -1.4627556e+00 -7.2905856e-01 -1.3483143e+00
 -7.9623431e-01  4.6764273e-02  2.7376800e+00  6.5906131e-01
 -2.9161546e+00  1.4181402e+00 -1.6228600e+00 -9.7438574e-02
 -2.5717199e+00  6.6238575e-02  2.5240471e+00 -1.2006657e+00
  3.4672856e-01  5.6906432e-01 -8.2345569e-01 -1.3068914e+00
 -3.8936004e-01  1.3966056e+00  6.3336575e-01  1.7275140e-01
  3.4677425e-01  1.7073115e+00 -1.0113885e+00  1.6460600e+00
  5.0076997e-01  1.3698528e+00  8.3577716e-01  2.1292343e+00
 -4.0193716e-01  1.9390500e+00  1.0988058e+00 -1.7240971e+00
  1.5605229e+00 -2.8270000e-01  6.1556715e-01  1.0322429e+00
  9.1115284e-01 -7.8405708e-01  1.8655657e+00 -1.0718113e+00
  9.5410717e-01  1.8581570e+00 -1.8123457e+00  1.5393931e+00
  2.4254856e+00  1.5126585e+00 -2.4821172e+00 -6.7715293e-01
  2.1515144e-01 -9.7939551e-01 -3.4393284e-01 -5.2617568e-01
  2.4292143e-01  2.2932229e+00 -4.4756570e-01  1.6962584e+00
  3.2654872e+00  1.3132588e+00  2.9354721e-01  9.4110715e-01
  7.3197138e-01 -1.7554426e-01 -3.0797857e-01 -6.8031704e-01
 -2.8011916e+00 -1.0755928e+00  3.2641392e-02  7.2354138e-01
  9.9128139e-01 -2.9910386e+00  3.1880414e+00  1.2533115e+00
  9.5246279e-01  1.3904427e+00 -2.1552215e+00 -4.3972859e-01
 -2.9046702e+00  3.8095143e+00  1.3630629e+00 -2.7533801e+00
 -8.9536428e-01  1.2715242e+00  8.0406433e-01 -2.0707943e+00
 -1.4294143e-01  1.4853058e+00 -1.2222515e+00 -3.0171570e-01
  2.0661371e+00 -2.3948114e+00  1.0481442e+00  1.8022498e+00
 -7.2236717e-01 -2.0750914e+00 -2.4678726e+00 -4.5513576e-01
  2.8769568e-01 -1.1768943e+00  7.5370282e-01 -2.9948411e+00
 -1.5709585e+00  8.3181864e-01 -2.0154427e-01  2.5925568e-01
 -7.8154713e-01 -1.7978532e-02  1.7418958e+00 -1.8581142e-01
 -5.2665573e-01  1.4207886e+00  8.8022709e-01 -1.0449543e+00
  1.7168900e+00 -4.2121139e-01  1.2550287e-01 -1.5908941e+00
  2.0732658e+00  6.2107134e-01  1.2221872e+00 -6.8212283e-01
  4.1663718e-01  1.2805715e-01 -5.6986284e-01  2.7255291e-01
  1.1148144e+00  2.9721084e+00  1.1663115e+00 -1.7510428e-01
  3.1504285e+00 -2.8124270e+00  1.6688718e-01 -7.9030567e-01
  2.0728793e-03  5.2461393e-02  6.0229003e-01  2.8832669e+00
 -1.4719099e+00  1.6694858e+00  1.5068628e+00 -1.0210575e-01
 -1.6450014e+00 -1.3329258e+00  5.4283994e-01 -1.0240014e+00
  5.7961434e-01  8.2654305e-02  1.1336315e+00 -2.3420143e-01
 -3.1959770e+00  1.6615899e+00 -1.6770200e+00  2.4689403e+00
  3.7357271e+00  2.4575715e-01 -3.6001283e-01  1.0190271e+00
  1.2374613e+00 -5.1637286e-01  2.2323370e+00 -7.7050430e-01
  1.5787714e+00  1.9380386e+00  2.8463285e+00  1.0842868e-02
 -1.5352999e-01 -2.2591999e-01 -1.7587401e+00  4.2243427e-01]