[-0.7264937   1.1820276   0.6180275   0.726405    1.2412275   0.7066637
  1.1239387  -0.69077    -2.3699665   0.48154497  1.3771075   2.0373363
 -0.94072    -3.409625    1.0567075   0.09732121 -1.710921   -0.7622
 -1.4758776   1.1473426   1.7439488   2.1640472  -0.56038     0.29451373
 -0.28835    -0.3601513   0.8258562   4.0794387  -0.06309123 -2.0217412
  0.553355   -1.1283162  -0.82387006  0.6482462   3.8513598   0.94852746
 -2.672975    0.9779676  -1.6576862   0.40468502 -2.3095474  -0.15664873
  2.3702998  -1.1797775   0.86350626  1.001945   -0.4236275  -1.0917876
  0.25190246  0.79954624  0.8345175   0.34447622  0.9256824   1.6432488
 -1.4632914   2.29379    -0.03901874  0.0264025   1.0394175   3.1604786
 -0.10713749  1.962265    0.767545   -1.944475    1.6261625  -0.29008007
  0.75226754  0.7517538   0.8084712  -1.3738263   0.8741938  -1.5365812
  1.7393975   1.4482901  -1.5868587   1.5972238   1.8634675   1.2780762
 -2.1649613  -0.32397252 -0.10120374 -1.3487787  -0.9121637  -1.4986849
 -0.12140626  2.601635   -0.82544     2.1916175   2.650675    1.657565
  1.1731489   0.77969     0.18553248  0.18654005  0.38253748 -0.87388873
 -2.1338162  -1.5710237   0.2390125   1.2214862   1.0942987  -2.7199674
  2.914035    0.5606325   1.0088787   1.1807886  -1.0807762  -0.01361127
 -2.9738789   4.123024    1.1221975  -2.8608625  -1.15769     1.1247162
  1.5490214  -2.4746764  -0.25174624  1.2499975  -0.5447375  -0.7673825
  1.99187    -2.8032663   0.9678525   1.4430935  -0.6092237  -1.9877124
 -2.3798125  -0.3392113  -0.01179877 -1.0594889   0.64487493 -2.49848
 -1.9793687   0.49289763  0.01503627 -0.4407676  -0.23712     0.29597628
  1.8439437   0.09949499 -0.5839912   0.875255    0.754205   -1.1012688
  2.02782    -0.5919187   0.47500747 -1.3572211   1.9082501  -0.0814801
  0.4685975  -0.467915    0.15577377 -0.49956372 -0.5271413   0.17726375
  1.2189338   3.0148172   1.4049025   0.2871525   2.7292511  -3.4010935
 -0.30597118 -0.148885    0.14688502  0.34911248  1.007095    3.1920872
 -1.3618488   1.5648962   1.2968313   0.6754475  -1.7962675  -1.4314176
  0.271105   -0.5135287   0.7462263  -0.12302873  1.4623226   0.4284887
 -3.374939    1.8003749  -1.8190688   2.4813938   3.6867437   0.42796504
 -1.3296549   1.2481251   1.3731501  -0.38950247  1.5278362  -1.0748762
  1.6566961   1.3731998   3.2742486  -0.25599498 -0.0241425   0.29905504
 -1.4880986   0.5716412 ]