[-9.3490118e-01  8.2553756e-01  7.0884496e-01  6.7593127e-01
  1.3265637e+00  1.0188850e+00  9.7396129e-01 -5.9865248e-01
 -2.4258027e+00  9.1327500e-01  1.8179699e+00  2.2843626e+00
 -8.0572623e-01 -3.3327913e+00  5.9440875e-01 -5.5698812e-02
 -1.6671124e+00 -8.8883245e-01 -1.4624387e+00  9.5839125e-01
  1.5261086e+00  2.0693774e+00 -4.8082626e-01  3.5917625e-01
 -3.0594000e-01 -4.4292635e-01  3.4187996e-01  4.2888560e+00
 -4.6876624e-01 -2.0347638e+00  6.1591494e-01 -1.1555724e+00
 -5.8170629e-01  7.8691244e-01  4.0759339e+00  6.5358365e-01
 -2.7813611e+00  9.5145512e-01 -1.8196175e+00  3.0917376e-01
 -2.3619761e+00 -2.4794996e-01  2.3570514e+00 -1.0423975e+00
  1.0311463e+00  1.1034763e+00 -1.2069751e-01 -1.3750963e+00
  2.4779996e-01  1.0920486e+00  7.0586252e-01  4.4913620e-01
  7.7346992e-01  1.6175088e+00 -1.2724526e+00  2.4129415e+00
  7.6766267e-02 -6.2578738e-02  1.2517813e+00  3.1117663e+00
 -4.7549126e-01  1.7637700e+00  7.5690752e-01 -1.8731099e+00
  1.6431313e+00 -2.4467875e-01  4.3801624e-01  1.0619138e+00
  7.1867621e-01 -1.3888075e+00  7.9356503e-01 -1.4686437e+00
  1.4536387e+00  1.1190225e+00 -1.4611574e+00  2.0333939e+00
  2.0916812e+00  1.3721650e+00 -2.1853275e+00  2.5862530e-03
  9.1982514e-02 -1.4606187e+00 -7.8697616e-01 -1.4788563e+00
  1.0527372e-01  2.6781838e+00 -8.3703625e-01  2.0280774e+00
  2.6324852e+00  1.7220638e+00  1.1203665e+00  8.8517374e-01
  5.9217244e-01  4.0209877e-01  5.4314876e-01 -7.7408242e-01
 -2.0761826e+00 -1.2739562e+00  8.2006231e-02  9.3120998e-01
  8.7314999e-01 -2.8258986e+00  2.9821539e+00  6.7520875e-01
  7.0722872e-01  1.2878087e+00 -1.1840075e+00 -1.4896627e-01
 -2.8413615e+00  4.1378465e+00  1.1839062e+00 -2.5700688e+00
 -1.2801588e+00  8.9929497e-01  1.3956951e+00 -2.4043062e+00
 -3.8539249e-01  1.1857362e+00 -6.1171377e-01 -5.7707620e-01
  1.7604800e+00 -2.5515661e+00  9.7326124e-01  1.3548774e+00
 -4.5010874e-01 -2.2727985e+00 -2.7314534e+00 -3.7317377e-01
 -1.8550876e-01 -1.1361513e+00  7.6431245e-01 -2.3632886e+00
 -1.9161949e+00  5.9705883e-01  3.3871248e-02 -4.9460381e-01
 -2.6213875e-01  3.0531752e-01  1.8907689e+00  3.6325124e-01
 -6.4349747e-01  9.5405626e-01  8.2027745e-01 -1.1510588e+00
  1.8918149e+00 -7.5276494e-01  6.8321496e-01 -1.3030349e+00
  1.6717663e+00 -1.0332258e-01  4.5213130e-01 -5.2467501e-01
  1.0141753e-01 -5.3600121e-01 -4.3977499e-01  6.5869994e-02
  1.1077139e+00  2.8592522e+00  1.5914700e+00  3.6272522e-02
  2.7005548e+00 -3.5163722e+00 -1.3803247e-01 -1.8924250e-01
 -3.1833994e-01  4.9019995e-01  1.0061013e+00  3.3287897e+00
 -1.4883237e+00  1.4737099e+00  8.5666996e-01  7.0642877e-01
 -1.9852637e+00 -1.5177189e+00  2.8969625e-01 -5.0784868e-01
  7.5376385e-01  1.7276126e-01  1.4063913e+00  5.8465368e-01
 -3.5844815e+00  1.8328148e+00 -1.8585038e+00  2.1904988e+00
  3.4803376e+00  4.4233501e-01 -1.1940813e+00  1.1124725e+00
  1.1289700e+00 -2.7818370e-01  1.5629050e+00 -8.5590750e-01
  2.1024199e+00  1.3065425e+00  3.3401873e+00 -3.1416252e-01
 -6.1516225e-02  1.7765251e-01 -1.3613899e+00  5.1114750e-01]