[[ 1.17842501 -0.72726756  0.068865    0.09067251  1.11347246  0.75836751
   1.40514253  1.27216744 -1.22143259 -0.23085     0.50569001  1.29795514
  -0.33539498 -1.35574499  0.73205751  0.05305746 -0.60875499  0.43116502
  -0.51356754  1.72281253 -2.03810251  2.51618505 -0.76407751 -1.92272502
  -0.34581751 -0.612095    2.22557247  1.05108753  0.1600925  -0.60039504
   1.07414502  1.48822248 -0.23298253  0.98498     2.68323743  1.2122901
  -3.39573002 -1.13725996  0.24737    -0.94254002 -2.7666775   1.27819255
   1.40465754 -0.46777499  2.23093754  1.42208505 -1.00355497 -1.36352247
  -0.23543001  1.15018249  0.21382499 -0.71716748  0.60530251  1.89051491
  -0.80224502  0.88576499 -0.71525249  1.81612247  0.54904997  1.09288999
  -0.75636494  0.33807499 -0.85151249 -1.07414751  0.07959998  0.31560501
   1.21342504  0.52325505  0.39608505 -0.47997257  0.51337253 -2.15380758
  -0.21921006  1.64917755 -1.49630255  1.71049004  0.19422498  0.04035249
  -0.03239495 -0.92939249  1.28493249 -0.41528502  0.66419498 -1.45581245
   0.05208999  1.78663242 -1.32401252  0.59636497  1.33449244  0.31220502
   1.79332     0.32275996  1.11547001 -0.15346998 -1.02314745  0.43440756
  -1.42284739 -1.10596254 -0.50107253  0.98891002  0.59902249 -1.34971008
   1.73928249  1.89951006  0.43270496  1.34668502 -0.41515505 -0.02517253
  -1.41055244  1.66565751  3.0135175  -0.4710675  -0.4992525   1.29869235
   0.95373258 -2.23486757 -0.02953249 -0.07191753  0.18993497  1.51771998
   2.86706758 -2.44579491  3.05581009  1.66117501  0.3003     -0.72764501
  -0.52384251 -0.16043252 -1.30337501 -1.67829746 -0.65327501 -1.94788495
  -0.37574003  1.15655503 -0.22017491 -1.65971005  0.05452    -0.17001
   1.10240501 -0.605555   -0.03444004  1.93517762  0.91771245 -1.1539925
   1.35225503 -0.64600755  1.36805999 -1.46095002 -0.121345    0.58913248
  -0.87127244 -0.04438502  1.29690748 -0.33831748 -1.53762245  1.09919748
   0.83991     2.67919242  0.43143998 -0.55122495  1.51292995 -0.936095
   0.08215746 -0.47540501 -0.73110253 -0.2583575  -0.099745    2.38761997
  -0.71774003 -0.31201503  0.44250253  1.54923505 -0.67531514 -1.765995
   0.17646748 -0.30463246  0.62011251  2.21705759  0.39140001  0.4596775
  -1.82574254  1.34488755  0.58686002  1.170035    3.89892244  1.36096752
  -0.48524752 -0.99244004  0.2490225  -0.1229625   2.07568753  0.25834
   0.50763001  0.92717752  0.75378752 -0.93225497 -0.55073753  0.69233248
   0.9048375   1.11105995]]