[ 6.7121500e-01 -5.8075505e-01 -1.3378599e+00 -3.4970999e-01
 -3.6487502e-01  5.0696999e-01  2.8093200e+00  1.0800494e-01
 -1.3873875e+00  7.1329951e-02  2.1804252e-01  9.8639011e-01
 -1.3168150e+00 -1.7165475e+00  9.4652504e-02  1.5889800e+00
 -2.6564497e-01  1.0706675e+00 -1.8124375e+00  2.4878125e+00
  8.2557738e-01  1.6758976e+00 -3.4006512e-01 -1.3552746e-01
  3.8551748e-01  5.9094501e-01  2.5704174e+00  2.9541049e+00
 -2.4524748e-01 -1.7502326e+00  1.4508752e+00  1.8227174e+00
  7.0409983e-02  9.8720002e-01  1.4969349e+00  2.3636403e+00
 -4.3683348e+00 -6.4166254e-01 -1.7052200e+00  1.1941749e-01
 -3.0093551e+00  1.7717100e+00  4.7028506e-01 -1.1071675e+00
  2.6915176e+00 -1.1070975e+00  6.2650514e-01 -1.3233575e+00
  1.0234599e+00 -3.3151752e-01  8.5567749e-01  6.7700006e-02
  1.0433750e-01  1.3352249e+00 -2.7537551e+00  2.0922298e+00
 -9.6571499e-01  7.1907246e-01 -1.3479099e+00  4.0491376e+00
 -2.7985699e+00  2.0990524e+00  9.6769989e-02 -1.2338126e+00
  1.4540224e+00  5.0462499e-02  2.6960504e-01  1.2781006e-01
  3.1033003e-01 -3.3167505e-01 -7.1285498e-01 -2.1612751e+00
 -1.6303276e+00  1.3021824e+00 -1.6366074e+00  3.0132799e+00
  4.1167250e-01  8.6522746e-01 -1.8486248e+00 -2.2667000e-01
  5.0371003e-01 -4.8585248e-01 -1.1303500e+00 -1.1901150e+00
  5.6983000e-01  1.9582200e+00 -1.3374550e+00  2.3908525e+00
  2.6240349e+00  1.0100925e+00  2.9971099e+00  3.5039991e-02
  1.9226799e+00  5.0203747e-01 -8.1690747e-01 -2.9620996e-01
 -1.8030124e+00 -2.1584255e-01 -2.8460350e+00  1.4428176e+00
  5.1949918e-03 -1.5275900e+00  3.4041524e+00  2.2703876e+00
  2.7037996e-01  5.8772498e-01 -1.3208151e+00 -9.4907755e-01
 -3.0853651e+00  2.4005227e+00  2.8208151e+00 -1.8473425e+00
 -1.6803875e+00  1.3817198e+00  1.6880476e+00 -2.4432776e+00
  5.6298751e-01  1.1732249e+00  1.2953725e+00 -2.9530498e-01
  1.7483001e+00 -4.1575375e+00  2.4931974e+00  2.6230373e+00
  7.1673751e-01 -1.5560750e+00 -5.5406499e-01 -6.1231750e-01
  3.4024501e-01 -7.2053748e-01  4.1097462e-02 -3.3644724e+00
 -1.8295100e+00  2.2511625e+00  2.2280258e-01 -2.0035701e+00
 -2.2781999e+00  7.0285243e-01  3.2273746e-01  2.0911750e-01
  4.7059894e-02 -2.8563726e-01  1.5387625e+00 -2.1461802e+00
  2.0581424e+00  1.2515974e+00  1.3595949e+00 -4.8190117e-02
  1.3679426e+00  4.4782752e-01 -5.2719998e-01 -2.9912875e+00
  1.0715997e-01 -1.5450649e+00 -1.0071150e+00 -3.2650083e-03
  6.2092745e-01  1.4288549e+00  6.5577251e-01 -1.7398900e+00
  4.2233124e+00 -1.5034925e+00  1.5499325e+00 -1.8785625e+00
  3.3397496e-01 -1.1699849e+00  1.5348351e+00  3.3603849e+00
 -2.4656100e+00  8.0191255e-01  1.4407151e+00  1.4343950e+00
 -1.7608328e+00 -6.2224007e-01 -2.3017007e-01 -3.0664980e-02
 -8.2844746e-01  1.5463051e+00  1.7554750e+00  1.6341774e+00
 -4.1009026e+00  2.0239325e+00  5.4520994e-01  2.1773751e+00
  4.5817127e+00  2.2575898e+00 -9.5622754e-01 -5.0720507e-01
 -2.1415601e+00 -2.8163999e-01  4.1647377e+00  7.2465253e-01
  7.2904998e-01 -1.9963350e+00  2.9402351e+00 -1.3536750e+00
  1.3540924e+00  3.9025500e-01  4.8082247e-01  2.0361900e+00]