[[ 1.2176975  -0.18462005 -1.35146999 -0.65154499 -0.16385257  0.3656075
   1.40688503  1.26872742 -1.03133261  0.34847748 -0.35616997  1.03024268
  -1.30844247 -1.33656502 -0.80602503 -0.74692255  0.85623503  0.66326255
  -1.48229504  2.29175258 -1.32265759  1.85485506 -2.00142765 -0.41892248
   1.80826259  0.02099251  2.77740502  1.27606499 -0.03430754 -0.78195006
  -0.15893745  1.75612998 -0.64283246  0.34614003  3.36389732  1.7620976
  -3.45170259  0.62432992 -0.61462748  0.5302825  -3.08561993  1.66206503
   1.11530256  0.35182256  1.93088508  2.04754257 -0.89707744 -1.75554252
  -0.34137249  0.10561246 -0.36325753 -0.5596      0.46181503  1.07608747
  -1.11712503  0.9280625   0.39111751  1.06342995  0.24121746  1.68467999
  -2.19896746 -0.26506498 -0.40169501 -2.19599748 -0.241615   -0.47201753
   0.85769504  0.06598756  1.22043753 -0.1329726   1.16070998 -2.07341003
  -1.23640501  0.99723756 -1.20337248  2.50076509 -0.55546999  0.20402999
  -1.30206239 -0.9913125   1.14168    -0.30326501  0.32686248 -0.71593994
   1.48136997  2.30380011 -2.06443262  1.42515504  1.53933501  1.02121246
   1.60456991  1.41854751  1.30190003 -0.45795751 -1.12040246 -0.99155247
  -2.67550993 -0.96917504 -1.18554246  1.43226504  0.71398997 -1.37423754
   2.32783508  1.54190254  0.10592991  0.70848501 -1.24501014 -1.2748425
  -2.4284575   2.49194002  2.06000996 -0.2658225  -0.15186998  1.90974236
   2.75446248 -2.39822769 -0.60747498  1.18084753 -0.73616248  0.55969751
   1.28745759 -3.31757236  3.27920008  2.13621998  0.61000502 -1.40469003
  -1.97453761 -0.6980775  -0.56532001 -0.90715748 -0.10274501 -2.3642025
  -0.56626254  1.17245257 -0.67085248 -0.40580255 -1.50129986 -0.40630502
   1.06862259  0.43013501 -1.56777     1.48457015  1.56484485 -2.08654261
   2.4885726  -0.15774752  0.04354247 -1.56717253  0.7066825   0.68651748
   1.23503995 -0.55628502 -0.27924001 -1.1040175  -1.51782751  1.15504003
   1.50558996  2.00231743  0.68318003 -1.07028246  2.40274239 -1.25492251
  -1.04070508 -0.54300249 -0.19121748 -1.35090256  1.1100601   1.55780745
  -1.14358497  0.31418499  1.61681497  0.04962251 -1.98501015 -1.47901249
  -0.48359752 -0.01215497  0.45494249  2.71474504  0.05167499  0.79744256
  -1.80577004  1.82305753 -0.77070498  0.94355249  3.88654232  0.75734001
  -0.53415501 -1.22702003 -0.57997501 -1.08004761  1.12370253 -0.51558495
   0.30564499  0.083515    1.61659253 -0.5672875  -0.48236254  1.46081996
   0.73609746  1.89591002]]