[[-0.48144498  0.0186675  -0.48690438  1.15397933  1.41757751  0.21986877
   1.51416379 -0.0652956  -1.57399876  0.41530375  1.13024256  2.30207188
  -1.2915981  -2.45079743  0.3715531  -0.05969814 -1.63048059 -0.10157502
  -1.15157192  0.53577441  0.14490808  2.65165945 -1.16268062 -0.26848001
  -1.0068356  -0.78799064  1.56471936  2.48314064  0.20980624 -1.35984311
   1.02106494 -0.70715499 -0.74389871 -0.33668187  2.95298196  1.90649438
  -2.76742935  1.14553564 -1.71691184 -0.02654187 -2.47456936 -0.88722873
   2.36707433 -0.93159311  0.85484562  1.27215815 -0.74867314 -0.01238376
   0.35885312  1.34785     0.83625062  0.30305188  0.65773002  2.09805874
  -0.90200252  2.01482936 -1.22444188  0.50444438  1.3803394   2.38353246
  -0.18540062  1.08386938  0.76248876 -1.04894191  0.53242816  0.79569501
   0.24276062  1.42198626  0.64748565 -0.75918625  1.46188877 -1.75771877
   1.5946832   1.42501374 -1.56436882  1.62867621  1.72956505  0.49593747
  -2.51425629 -0.4061975   0.12572626 -0.32297876 -0.93465753 -1.21347749
   0.80911123  1.63468439 -0.65641435  1.27817564  0.8641962   0.02948121
   1.65369873  0.79334751  0.58389625  0.24666814  0.50379374 -1.2719481
  -1.06502379 -0.38320191 -0.06404688  0.37923498  1.06960753 -2.42695373
   3.14223871  0.47806307  0.74133503  0.79514249 -0.7488131   0.45863376
  -2.36201498  2.64384308  0.67496563 -1.56978936 -0.82953122  1.29836751
   1.63994003 -2.51862308  0.10854876  1.40108748  0.3863275   0.2058475
   2.42008937 -1.97834     2.52550125  1.74591249 -0.270625   -2.24915317
  -1.93003807 -0.43177502 -0.19339248 -1.12619874  0.78548562 -0.78130251
  -0.6956281   0.78779879 -0.78372687 -0.12434253 -0.79460252  1.2328056
   1.60157003 -0.50809564 -0.0122919   1.56923558  0.45254246 -2.26900378
   2.03324809 -0.75430621  1.14718746 -1.67864874  1.96891495  0.24238373
  -0.87921376 -0.54337001  0.95755874  0.70706499 -0.1376625  -0.46807562
   1.34098062  2.75876369  0.64062439 -0.41357814  2.45182504 -2.37192249
  -0.50302188 -0.70244125 -0.35445061  0.22266314 -0.30804749  3.2193288
  -1.18044627  0.46162     0.29708371  1.10934437 -1.55278505 -1.32669752
   0.3967075  -0.45411688 -0.21138625  1.26151563  0.51988873  0.61790939
  -3.25805068  2.18101628 -1.04754312  1.53095061  3.54315124 -0.09983189
  -1.21724251  0.32889751  0.24842628 -0.45837749  1.26254691 -0.37765749
   1.67363501  1.29166497  2.09541628 -0.10700191  0.76327624  0.44679315
  -1.19249058  0.61937687]]