[[-0.67670284  0.66929001 -0.4517593   0.88297355  1.90467498  0.26168359
   1.02354717 -0.29541212 -1.84887506 -0.08748428  1.53228287  1.49811286
  -1.07449357 -1.95403784  0.02467213 -0.13644073 -1.55176213  0.03851857
  -1.05565073  0.80143001  0.53143212  2.04248432 -1.25041499 -0.11068573
  -0.81824283 -0.91872788  1.09880716  2.6055479   0.16814642 -1.11566428
   1.18399928 -0.19412429 -0.19838427  0.28959357  2.54822287  1.63035643
  -1.77112144  1.18605288 -1.52651212  0.18736714 -2.2814121  -0.29042284
   2.22552928 -1.25554072  0.46480928  0.98789144 -1.14932353 -0.5286593
   0.62705214  1.40111431  0.99890072  0.03314858  0.68345215  1.46062142
  -0.84455713  1.53035569  0.02026715  0.11176429  1.40576069  2.13766355
  -0.46259428  0.52268716  0.64963287 -1.08018788  0.69370931  0.64654144
   0.62369215  0.89280571  0.32643287 -0.18621642  1.02064643 -1.55403431
   0.69208287  1.59734999 -1.44015859  1.48082641  1.45575928  0.38137358
  -1.96863784 -0.0745157  -0.10922857 -0.44443501 -0.9791879  -1.02716286
   0.53285781  1.18454358 -0.51422285  1.42994284  0.99240572 -0.33483647
   1.53270574  0.65035216  0.43942356  0.4409843   0.56595642 -0.59448143
  -1.3541443  -0.45956501  0.26146499  0.23334644  0.79341573 -2.12063788
   2.53740781  0.89791854  0.74121499  0.57811287 -0.35851499  0.00685787
  -2.13187572  2.37577854  0.91852358 -1.18307928 -0.97514499  1.49695642
   1.01940857 -2.07165716  0.02646142  0.71716213  0.57959644  0.36116714
   2.00158784 -1.64863286  2.22619355  1.54804997 -0.17895497 -1.63638144
  -1.34943424 -0.13990999 -0.17140929 -1.05731929  1.22067071 -0.66508214
  -0.57351786  0.56393357 -0.37651644 -0.37379788 -0.70191214  1.40862927
   1.67446283 -0.80694574 -0.30315144  1.29757072  0.4070307  -1.15319858
   1.56143496 -0.78146144  0.7901457  -2.10112714  0.87775355  0.3901907
  -0.44975141  0.08175715  1.2328664   0.50668143  0.15014785 -0.25954644
   1.61425211  2.37491352  0.01349215 -0.61701929  2.08547573 -2.04206644
  -0.61722287 -0.73386716 -0.47626784  0.77582001 -0.4945957   3.1719964
  -0.9325057   0.5443564   0.78641783  0.7765743  -1.53559789 -1.66787574
   0.69963284 -0.29116502 -0.099335    1.14586144  0.54516284  0.60839642
  -2.66770933  1.79161571 -0.6031893   1.99044641  3.14157142  0.21284856
  -0.33251071  0.26200072 -0.14726999 -0.58930571  0.75877142 -0.21379715
   1.18516713  1.17267289  1.45860359  0.02415072  0.22477498  0.57196643
  -0.69857927  0.47561501]]