[-0.518232   -0.212751    0.143139    1.1317935   1.0673065   0.12456248
 -0.11441     0.13044003 -1.6544281   0.940746   -0.47666797  0.705901
 -0.627789   -1.7636429   0.39505202 -0.05964398 -0.67171997  0.1330735
 -1.3019569   1.0196105  -0.7452094   1.052717   -0.88746196 -0.1698695
 -0.737341   -0.0912235   1.012516    1.5482455   0.664529   -0.14769398
  0.08613998 -0.22791405 -0.220765   -0.02803351  1.9304336   0.92310846
 -0.314507    0.30339795 -0.60351795  0.0057335  -1.1971046  -0.82714045
  0.29674453  0.03896102  0.92996347  0.9053974  -0.7152769  -0.8567869
  0.29233703  0.41860747  0.32325298 -0.12402799 -0.2917495   0.856053
  0.02226452  1.3082105  -0.6819385   1.1964704  -0.10474999  0.8612836
 -0.3005835   1.476549    0.0031475  -0.6978154   0.500943    0.20246701
  0.11762352  0.8502425   0.861784    1.0763404   0.5263535  -1.0519286
  0.5673555   0.8484045  -1.6474651   1.2907305   0.64706606  0.7999984
 -0.76295906 -0.28418052  0.34092698 -0.17769751 -0.64880097 -0.524199
 -0.07240447  1.139353   -1.025842    0.44376844  0.22498246  0.3546435
  0.6755875   0.39591804  0.23030648  0.06933899  0.14080898  0.07999
  0.21496499 -0.4060115   0.0086175   0.39649     0.258732   -1.1470159
  1.7194655   1.2084615   0.514118    0.8169035   0.02336551  0.198782
 -0.43854457  0.3238185   0.238395   -0.58373153 -0.66059554  0.49103004
  0.73390114 -1.2164996  -0.04278848  0.423977    0.03682702 -0.14404747
  0.62692994 -1.4162968   0.77840656  1.1137365  -0.59336257 -1.2312039
 -0.34169698  0.03373902 -0.06279151 -1.1747715   0.08841801 -0.98068047
 -1.0139384  -0.559243   -0.5530296   0.20393753 -1.1561251   0.6658215
  1.500726    0.588565    0.3760585   1.2099586   0.204758   -1.213809
  0.43674153 -0.44303852  0.06341802 -0.5756184   1.2359126   0.13466397
 -0.22447248 -1.4144859   0.5154365  -0.1823015   0.51102746  0.61456645
  1.1664145   1.055609    1.440145   -0.22938201  1.8718424  -1.218949
 -1.1350029  -0.8623546  -0.06651349  0.43847996  0.21749052  1.8680165
  0.06300548  0.1620105   0.45875302  1.1468226  -0.90359247 -0.3126925
 -0.15325747 -0.18203151  0.23021598  0.332118    0.60279596  0.40624753
 -1.0938315   1.369859   -0.31285948  1.013771    1.61082     0.19704099
 -0.04123348  0.782071   -0.08589498 -0.210354    1.1679695   0.24683347
  0.6058295   0.44080955 -0.119753    0.27409205  0.00483     0.553422
 -0.6129265   0.672999  ]