[[ 0.10706335  0.48477503 -0.04092334  0.64843579  0.72339408  0.68291585
   0.62063754 -0.26856834 -1.44080512  0.74717744  0.33299919  1.44163926
  -0.29195253 -1.97921244  0.02545418  0.64465753 -1.3858242  -0.69603411
  -1.31814504  0.60423589  0.6394308   2.24303071 -0.47059087  0.07249415
  -0.75447583 -0.83837581  0.88912503  2.07493925 -0.04407664 -0.81358258
   0.75983413 -1.27845581 -0.65256834  0.37054666  2.18846337  0.56976835
  -1.27928336  1.01280332 -1.81974999 -0.53977998 -0.50029421 -0.3036775
   2.00364431 -0.1737475   0.85939662  0.64328671 -0.45071419 -0.81446664
   0.304935    0.7289559   0.66450493  0.54051495 -0.21290084  0.93596586
  -0.5235575   0.95908674 -0.13451669  0.08114249  1.19494168  1.58645916
  -0.1317575   1.2815059   0.61673999 -1.06432422  0.82031918 -0.11952919
   0.04657419  0.03250086  0.41378506 -0.35961751  0.38577584 -0.41839834
   0.61914666  1.23624921 -2.10658248  1.39944506  0.877105    0.21552163
  -0.41455245  0.39852663  0.00925584 -0.79095833  0.2650042  -1.36368577
   1.09708913  1.31897751 -0.74682585  0.88389913  1.33747657  0.68819507
   0.91857251  0.54158672  0.61029919  0.14340165  0.23992833 -0.04081251
  -1.24222255 -0.46117    -0.26798747  0.23647918  0.38350165 -1.13603171
   1.51305755  1.03781923  0.91801246  1.21482412 -0.28819086  0.40573327
  -0.9260842   1.34549157  0.35477503 -1.66147661 -1.71760416  0.74570338
   1.00854158 -1.40034755  0.11187333 -0.03799001  1.31700659 -0.13444
   1.24004912 -1.30252075  0.31334247  0.62028579 -0.99981578 -3.05838998
  -1.32497748 -0.40330251  0.10678085 -1.20215591  0.24541916 -0.35623419
  -0.95464325  0.06511585  0.22853831  0.61148667 -0.12889749  1.15215246
   1.67244673  0.7026     -0.14394166  1.02467163  0.39472246 -0.94903747
   2.34028149  0.3399359  -0.16911165 -1.25757909  1.4410367  -0.58926666
  -0.14698585 -0.40842001  0.92111333  0.58721832  0.60143999  0.28902914
   0.83190425  1.9938825   0.70518756 -0.04066999  1.63327599 -2.77750937
  -0.24451085 -0.77667824 -0.22768748  0.4700458   0.20370668  2.74914074
   0.25176919  0.08772918  1.09636418  1.25744836 -1.32178092 -0.91850837
  -0.52074671 -0.54141084 -0.23622501  0.01114251  0.76333086 -0.53646914
  -1.87855403  1.85814746 -0.90023494  1.59635671  2.97518476  0.3950992
  -0.00529001  0.8288033   0.06703669 -0.77906831  0.91384498 -0.01566414
   1.67139832 -0.09250414  2.25851933  0.11701832  0.01599995 -0.32714168
  -0.9458859  -0.06502917]]