[-1.0873367e+00  1.1832768e+00 -6.9950670e-01  6.5684325e-01
  7.9066664e-01 -4.9140668e-01 -7.6187992e-01 -5.4755658e-01
 -7.8955001e-01  1.6217600e+00  2.7395267e+00  3.5333865e+00
 -2.5413735e+00 -1.7927870e+00  2.0442675e-01 -8.2050329e-01
 -1.3317999e+00  5.7234335e-01 -1.7992831e+00  1.3609166e+00
  9.7213000e-01  3.4795234e+00  8.2515001e-01  6.5146685e-02
 -1.5296599e+00  2.0844333e-01  7.0917338e-01  2.6632366e+00
 -2.0366666e+00 -4.3720329e-01 -1.1759232e+00 -1.6098933e+00
 -5.9876602e-02 -1.2692933e+00  2.9798000e+00  6.1108994e-01
  8.6399913e-03  1.5791899e+00 -2.1643267e+00  1.1232966e+00
 -2.0653665e+00 -2.2967768e+00  2.1810367e+00  1.1476866e+00
  2.3163166e+00  1.9176333e-01  3.7383330e-01 -1.4283301e+00
 -4.3530333e-01  1.4573702e+00  5.2509326e-01  1.9787802e+00
 -6.5603667e-01 -7.4361342e-01  5.1313352e-02  2.9787400e+00
 -1.6029501e+00 -3.2713667e-01  9.6241665e-01  1.9255433e+00
  4.1452327e-01  2.6591933e+00  2.4432967e+00 -1.5242801e+00
  2.9080000e+00 -5.2377671e-01  4.8577666e-01  3.5261998e-01
 -2.7114663e-01  5.6505328e-01  2.5499198e+00 -1.0765133e+00
  2.8090000e-01  2.4023666e+00 -1.5884767e+00 -9.3218660e-01
  1.3558167e+00  1.2333766e+00 -3.3128567e+00 -8.0536604e-02
  1.1555465e+00 -7.1232337e-01 -6.0623997e-01 -1.9797701e+00
 -5.0406665e-01  3.1369267e+00 -3.8803034e+00 -6.5903664e-01
  5.7714653e-01  5.0779003e-01  2.5325966e+00  2.1859999e-01
  2.6830566e+00  5.7339340e-01  1.8656342e-01  9.5148325e-01
 -1.2385100e+00 -8.5964328e-01  1.2386534e+00  1.5198969e+00
  3.1778666e-01 -2.1171634e+00  1.8899733e+00  2.4813468e+00
  2.4650967e+00  7.3721331e-01 -1.8881832e+00  1.0357434e+00
 -1.6966166e+00  2.9043500e+00  3.5014331e-01 -1.8519671e-01
 -1.3825735e+00  1.2107700e+00 -1.5555534e+00 -3.6917334e+00
  1.3833867e+00 -2.5557535e+00 -2.7796626e-02 -2.0169003e-01
  7.4575335e-01 -8.7192661e-01  2.3653734e+00  2.1959136e+00
 -9.2418003e-01 -1.2363434e+00  2.5837660e-01  9.3882340e-01
  2.4194200e+00 -1.2314566e+00  9.4971007e-01 -6.9591331e-01
  1.7815334e-01  3.5538331e-01  1.4309901e+00  1.6110067e+00
 -1.6890200e+00  1.9453167e+00  3.3381634e+00 -1.1844534e+00
  1.5298799e+00  1.4200801e+00  2.1199334e+00 -3.0032234e+00
 -1.9371994e-01  4.5966506e-03  1.5212201e+00 -4.8432031e+00
  1.4535673e-01  2.1387899e+00  2.3202434e+00 -6.6516322e-01
  6.7390329e-01  2.6622765e+00  1.0471600e+00  8.3850336e-01
 -1.8868133e+00  3.8553400e+00 -6.2983312e-02 -6.7858005e-01
  1.7899567e+00 -1.5116000e+00 -2.6276300e+00 -3.0610338e-01
 -7.6077670e-01  9.5054322e-01  5.0801665e-01  3.1600301e+00
 -3.0118990e-01 -8.5819334e-01  1.2691499e+00  1.4586767e+00
 -7.3944998e-01 -4.6553903e+00 -4.9413666e-01 -4.9302006e-01
 -2.2983100e+00  1.6939501e+00  2.3002498e+00  5.0729996e-01
 -2.8264802e+00  3.7128232e+00 -8.1463337e-02  5.5799001e-01
  2.9749002e+00  8.1419998e-01  1.6611732e+00 -9.4624013e-01
  1.9536767e+00  5.6277674e-01  9.5868665e-01  1.1425966e+00
  1.7395567e+00  9.9555331e-01  1.3742132e+00 -1.7284666e-01
  1.3402901e+00 -1.4644133e+00  6.5991336e-01 -5.6495667e-01]