[ 0.44420862  0.69613284 -0.7230178   0.46308714  0.94206136  0.09198431
  0.709775   -0.72245777 -2.27515     0.4587557   0.96151215  1.160307
 -0.12248714 -2.8808615   0.28178996 -0.13027433 -0.5346965  -0.3661143
 -1.4839343   1.3669893  -0.01283503  2.6048598  -1.280155    0.12758644
 -0.5077364  -0.6895329   1.4510986   2.9022381  -0.4081993  -1.3426857
  1.2102414  -0.8391342  -1.0580758   0.4524965   2.481663    1.1411964
 -1.0892494   0.15275499 -1.5294515   0.7687885  -2.6062992  -0.59424144
  1.3063151   0.7585479   1.0986521   1.453225   -1.0790379  -0.33721712
  1.6614645   0.42508283  1.645145    0.30233145  0.15119712  2.0353436
 -1.1972629   1.231375    0.32853857  0.25218004  0.95038855  1.0279922
 -0.4118207   0.9372864   0.23844643 -1.2500392   0.41353145  0.50285786
  0.66912854  0.41311005  0.92032784 -0.5015357   1.1392486  -0.7326494
  0.85543716  1.0314194  -1.4134763   0.14856641  0.74379355 -0.97395
 -0.6627779  -0.21816787 -0.67253643 -0.91620713 -0.42351213 -0.8468022
  1.3128643   2.6490438  -1.3157793   1.4332722   0.5631572   0.17635073
  0.9118894   0.2044464   0.7704115  -0.5120186  -0.34863    -0.5774957
 -0.74241006 -0.30820355 -0.6885451   1.2236615   0.97702295 -2.0418036
  2.8767946   1.2379329   0.9091115   1.086752   -0.71034783  0.1457943
 -1.9980515   2.033138    0.6390186  -1.3606535  -1.5408299   0.7389285
  0.65221214 -2.1236336   0.70420074  0.7284179   0.81432295 -0.5146543
  1.0676079  -1.7282902   1.0446885   1.0935514  -0.8704642  -1.5881894
 -1.1394228  -1.364915    0.09623574 -0.88854504  1.1790485  -0.72226
 -1.0524328  -0.1118414  -0.14702927 -0.09982859 -0.6574443   0.38509002
  1.6357651   0.6256064   0.55330074  1.3988079   0.69274503 -2.0787292
  1.6500834  -0.6112636  -0.48347571 -1.5445492   0.73201644 -0.23975427
 -0.21837714 -1.3613628   1.8645972   0.6148615  -0.32845858  0.08979645
  1.48336     1.3347737   1.4075736   0.47407144  2.10774    -1.6956456
 -0.73508567 -0.54483354  0.1208243   0.45641357  0.4418157   3.034135
 -0.6236778   0.9097149   1.0923072   0.6609135  -1.34841    -1.0925044
 -0.82371646  0.4574043  -0.4804857   1.1978264   1.0188771   0.20785499
 -2.2860134   1.8526214  -1.1824456   2.1831036   1.8620243   0.8772736
 -0.3586143   1.2349851   0.29648784 -0.26498002  0.5770801  -0.04933717
  1.7570616  -0.15476362  0.5751143   0.8056864   0.05403357  0.6242743
 -0.9573642  -0.44873857]