[ 0.16728076  0.48659712 -0.75863135  0.15677571  1.2083021   0.29184932
  0.7675143  -0.32027644 -2.2245374   0.41753927  0.9481843   1.2549928
 -0.35321    -2.658958   -0.07006644  0.16051067 -0.94580144 -0.53067714
 -1.4230043   0.9338401   0.21292718  2.1561968  -0.887725   -0.07353286
 -0.40106854 -0.85062075  1.3955743   2.9366524  -0.54935294 -1.3008692
  0.9891115  -0.85531634 -0.8182464   0.4717243   2.5551772   1.0797707
 -1.3091364   0.47761637 -1.4239415   0.4736586  -1.4845307  -0.45224217
  1.491815    0.22048071  0.8576093   1.3085043  -1.1044579  -0.48290998
  1.4329499   0.9163971   1.4124786   0.09861289  0.6278      1.4469544
 -1.0642086   1.4168328   0.22623642  0.26934147  0.8704128   1.223037
 -0.59803283  0.46114928  0.7236     -1.6498458   0.57569075  0.46986073
  0.24769999  0.27469     0.37716213 -0.58570206  1.1045121  -0.8568729
  0.8427157   0.9854979  -1.5070714   0.09991928  1.33006    -0.42561787
 -0.62158287  0.1714264  -0.5407514  -0.78372717 -0.32261643 -1.1442993
  1.4309785   2.0650437  -1.2398671   1.1785985   0.990555    0.64723575
  0.8984571  -0.06306713  0.7903493  -0.45247075 -0.42735928 -0.51460284
 -0.88115937 -0.40876785 -0.44358715  0.93992215  0.8684436  -1.5903171
  2.6427338   1.2315686   0.73711854  1.263135   -0.4265407  -0.04995788
 -1.7666686   1.963938    0.80511636 -1.5957834  -1.2665079   0.6334814
  1.02661    -1.71202     0.37586427  0.3671      0.9745258  -0.16615571
  1.1789072  -1.7732822   0.8414971   0.9219457  -0.7455764  -1.6682421
 -1.2907522  -1.1031129   0.13408503 -0.6102743   0.89864355 -0.5268393
 -0.7608507  -0.15998496 -0.25409713 -0.36060143 -0.2699836   0.5358457
  1.5329535   0.9001729   0.6497679   1.0751857   0.5090436  -1.4737406
  1.4639721  -0.02840214 -0.39417073 -1.3625807   0.8145014  -0.4234357
 -0.04922216 -1.0992315   1.4613057   0.26925355  0.15159501 -0.00589855
  1.4490601   1.354106    1.0332164   0.34937853  2.0241122  -1.73812
 -0.43244857 -0.15084144 -0.01119428  0.41735357  0.76866776  2.7374985
 -1.1703756   0.6776928   0.6547014   0.7009972  -1.5915471  -0.6577529
 -0.8158865   0.09568286 -0.69643146  0.60123855  1.0791736   0.10712356
 -2.3287308   1.4778124  -0.7340678   1.961088    1.7210844   0.7764829
 -0.54320866  0.71414214  0.08300148 -0.40924928  0.6798707  -0.19949782
  1.6498514  -0.43934932  0.65217716  0.6011607   0.06765999  0.13459356
 -1.2724878  -0.48717356]