[-0.965795    1.4412398   0.2935784   1.4068066   1.3280631  -1.5459183
  0.5834633   0.15572    -1.236955    0.44169164  0.671115    2.10078
 -1.6620399  -3.6846082   0.08172998 -0.7205434  -1.7960234  -0.7768216
 -1.45606     1.0491682  -0.5542584   1.5298333  -1.3264817  -0.10442334
 -0.5576117  -0.7773301   1.6097268   1.8143716  -0.51233333 -0.9559033
  1.0338734  -2.19137    -1.9434      1.7928649   2.9444315   1.8780184
 -1.3873382   1.1249366  -1.3055266  -1.1279501  -1.2471299  -1.0872049
  0.8046333   1.2072734   1.5106598   1.86938    -1.4744433  -0.78883165
  0.25487003  0.79487324  1.6218618   2.4262068   0.91696006  1.6994218
 -0.7642867   2.0757048  -0.86516666  1.0831066   0.7470684   2.936375
 -2.184745    1.7196633  -0.09839336 -1.9400867  -0.5894534   1.6301616
  0.7925617   0.7659683   0.957885    0.11047333  1.270415   -1.4046732
  2.6506217   0.94257164 -2.4831069   0.742265    2.0798085   0.90400505
 -1.3098584   0.31768    -0.93855    -0.7779283  -0.49915168 -2.6436117
  0.81842834  2.3405452  -1.453895    0.968285    0.6017099   1.6370516
 -0.08901668  0.3467416   1.6933817   0.14690334 -0.68456155 -0.17539005
 -2.743395    0.18569167 -0.18342169  2.4493585   1.7151133  -2.1022766
  2.2696464   0.8182967   0.7586667   3.1188319  -0.16985834  0.02930832
 -0.6359349   1.1371733  -0.23811007 -2.3901799  -1.844755    0.66073155
  1.3727317  -2.6805084  -1.14772     1.3607532  -0.18199669  1.0676683
  1.2283617  -2.4462335   1.743415    2.2748435  -2.071645   -2.4252484
 -0.78549165 -1.2137617  -0.70087004 -2.5499582   0.75691324 -0.26841834
 -1.7129617  -0.01373164 -1.1255217  -0.260765   -0.42401007  1.9805484
  0.7928017   1.5966684  -0.8086133   1.4287585   1.4362067  -2.9855268
  2.549905   -0.77934843 -1.3583032  -1.7041832   2.7667599   0.03018831
 -0.19745998 -1.9284683   1.7615515   1.5787901  -0.86179996  0.27002165
  1.3663234   1.1347966   2.2309866  -0.2732933   2.3788803  -2.7465382
  0.05526169 -1.1045367   0.23099999 -0.3617666   1.02429     3.1319416
 -1.0599517   1.1034383   0.46042     1.0261734  -2.2351367  -1.0517768
 -1.5713466  -0.2495384  -1.4876817   1.1418067   1.7782617  -1.1509184
 -4.19322     2.1219482  -2.0115566   2.0171034   2.5090666   0.49770164
 -2.1495183   1.4182434   1.179485   -0.73031336  1.7840949   0.04872
  1.189735   -0.03246006  1.517755    0.23211168 -0.02165326  0.79616165
 -1.6279067  -0.34367168]