[-2.00821829e+00  8.39260101e-01  7.04668045e-01  1.63708997e+00
  6.46935880e-01 -1.22288799e+00  1.02623999e+00  4.76983964e-01
 -2.40768385e+00  1.63685989e+00  1.02105975e-01  1.13498592e+00
 -2.35045385e+00 -2.49948192e+00 -9.51261997e-01 -1.39144802e+00
 -2.15750813e+00 -2.48699993e-01 -1.60477197e+00  7.48903990e-01
  1.25594401e+00  1.99607205e+00 -1.10827410e+00  5.94384015e-01
 -7.73921967e-01 -2.23948047e-01 -3.50505978e-01  2.27677584e+00
 -8.12397957e-01 -1.33083403e+00  1.48256034e-01 -9.04936016e-01
 -2.01676416e+00  4.89301980e-01  2.85512018e+00  2.03282213e+00
 -1.61951792e+00  1.66753411e+00 -2.41691208e+00 -1.23344398e+00
 -1.25514817e+00 -1.90809596e+00  1.44881606e+00  5.41829944e-01
  2.12273788e+00  1.35191607e+00  4.96695936e-01  4.39124018e-01
 -8.08999896e-01  6.33111954e-01  1.19105792e+00  2.18030596e+00
 -1.40606016e-01  7.70395935e-01 -1.62474597e+00  2.48974371e+00
 -4.49113995e-01  1.67448044e-01  1.42876005e+00  3.44001245e+00
 -8.63358021e-01  1.47154796e+00  7.37101912e-01 -2.17399788e+00
 -7.24665999e-01  8.38296056e-01 -1.45500060e-02  2.00979590e+00
  1.41560197e+00 -1.37616789e+00  1.50745189e+00 -1.82859993e+00
  2.93876195e+00  1.08053994e+00 -1.38570809e+00  4.67145979e-01
  2.35378599e+00  1.52522004e+00 -1.13724208e+00  3.25276047e-01
 -6.69863999e-01 -5.88691950e-01 -1.37416804e+00 -2.31740379e+00
  3.19464028e-01  1.01067603e+00 -1.45238185e+00  3.42386067e-01
  2.02405787e+00  9.04087901e-01  8.46921921e-01  1.13316202e+00
  8.81703973e-01 -2.55203247e-03 -2.38319963e-01  8.91339779e-02
 -2.03988218e+00  2.57874012e-01  1.24078000e+00  8.32213998e-01
  1.15290201e+00 -2.10479188e+00  2.29779005e+00  1.26785004e+00
 -4.10520062e-02  2.29789209e+00 -2.53439993e-01  8.26052010e-01
 -8.59877884e-01  2.82287002e+00  3.25799882e-01 -3.35893393e+00
 -2.54403424e+00  1.29326797e+00  8.30471992e-01 -3.45380592e+00
 -7.33362019e-01  1.09270203e+00 -2.43206024e-01  7.26154029e-01
  2.04987407e+00 -1.77263415e+00  1.99693203e+00  1.37980998e+00
 -5.52307963e-01 -3.41034818e+00 -1.11578202e+00 -1.64087009e+00
 -1.11423206e+00 -2.86590815e+00  7.72531986e-01 -1.10559618e+00
 -9.42736030e-01 -6.37387931e-01 -2.33996201e+00 -7.65004039e-01
 -1.15982604e+00  2.40911007e+00  2.08139181e+00  4.74480063e-01
 -1.63518026e-01  4.26711947e-01  2.10636806e+00 -2.81288409e+00
  4.13665819e+00  5.99738002e-01  7.73480535e-02 -1.50674403e+00
  2.73718596e+00 -6.85916007e-01 -1.02089190e+00 -3.23291588e+00
  1.17645192e+00  8.54499996e-01  9.04460177e-02  8.07528019e-01
  6.64158046e-01  8.20737958e-01  1.90735400e+00 -6.19697928e-01
  2.66151619e+00 -3.93728590e+00  1.03920940e-02 -1.09523392e+00
  1.29179406e+00  6.73806071e-01  1.33528197e+00  3.80412984e+00
  2.01499406e-02  7.27028012e-01 -7.27440119e-02  8.76901984e-01
 -1.93915594e+00 -6.49450004e-01 -7.94534028e-01 -6.72064006e-01
 -1.36088789e+00  7.20459819e-02  2.10604596e+00 -5.37212014e-01
 -3.51041412e+00  1.27468801e+00 -1.45613992e+00  3.44385600e+00
  4.03220177e+00  1.04130399e+00 -2.79307175e+00  4.80764002e-01
 -3.50093991e-01 -7.91160017e-02  8.84314060e-01 -2.40249991e-01
  1.72356200e+00  8.32608044e-01  3.04690790e+00 -7.76816010e-01
  1.52410075e-01 -1.87983990e-01 -9.26224053e-01 -1.22649002e+00]