[-1.778774    0.79676807  0.88690007  1.6118438   0.90820587 -1.434736
  0.396996    0.665094   -2.463634    1.7565119   0.00591798  1.75227
 -2.02259    -2.4106739  -0.925636   -1.2553381  -1.739942   -0.64366806
 -1.69006     0.99768     1.3846719   2.24912    -1.06579     0.554592
 -0.3569061  -0.38541007 -0.721446    1.826922   -0.60245806 -1.404052
 -0.03445398 -0.941006   -2.2456539   0.45325798  3.2368698   2.009808
 -1.4933939   1.6096121  -2.27591    -1.0722079  -1.410516   -1.885762
  1.26596     0.23892197  2.178154    1.039834    0.31827793  0.48681402
 -0.83527994  0.63271797  1.066942    2.421762   -0.41015     0.917826
 -1.704324    2.391932   -0.44270796  0.10563602  1.4229741   3.387548
 -0.78956604  1.408684    0.9494222  -2.377054   -0.73338     0.6572679
  0.09283598  2.09942     1.2879341  -1.320042    1.0649021  -1.943898
  3.204682    1.496396   -1.5693941   0.43679398  2.4797578   2.038756
 -1.2962462   0.08011603 -0.45579797 -0.94242203 -1.381642   -1.9319439
  0.40649804  0.64291996 -1.497016    0.19872205  2.124758    1.2212679
  0.32292002  1.001076    0.896146    0.40109795 -0.45001793  0.17498603
 -2.0472581   0.04257598  0.89334404  0.72657406  1.043536   -2.0415778
  1.386912    1.225488   -0.03456998  2.0818021  -0.21956602  0.465336
 -1.088038    2.756112    0.30950388 -3.4183602  -2.6987402   1.4839919
  1.0745941  -3.3815122  -0.674516    1.1254001  -0.48515     0.850016
  2.4532523  -1.7333882   1.793548    1.20584    -0.49384004 -3.088486
 -0.709922   -1.360786   -1.535504   -3.4414      0.584324   -0.8650061
 -0.559732   -0.3976199  -2.036756   -1.1805521  -1.0620581   2.7463582
  2.4378319   0.19757007  0.13284597  0.48321992  1.705958   -3.098598
  3.8900418   0.69103605 -0.04985402 -1.3053781   2.709446   -1.214064
 -0.6622139  -3.1307378   1.041234    0.74607     0.17491803  0.72556806
  0.60858804  0.96680194  2.417706   -0.75344193  2.935926   -3.5723999
 -0.05648599 -0.73728     0.804494    0.595186    1.4685999   4.0286016
 -0.07530003  0.57251394  0.198818    1.6496662  -1.8267281  -0.86498404
 -0.837444   -0.6252941  -1.647172   -0.11278602  2.41934    -0.78496206
 -3.5839782   1.21693    -1.0784079   3.1187181   4.0197      0.89586604
 -2.9099019   0.68136203 -0.11403795  0.00424997  0.886454   -0.12174399
  1.6901381   0.7741381   3.3845398  -0.60417193  0.3851641   0.080806
 -1.138526   -1.486028  ]