[-1.3529539   0.12288404  0.33670005  1.177682    0.3679959  -2.4667299
  0.78415596  0.382522   -1.595062    2.071816    0.80135     2.219512
 -1.6650978  -2.1430538  -0.54585993 -1.08955    -1.780888   -0.27509603
 -1.5585461   0.272976    0.01392794  0.8742379  -0.622004   -1.28249
 -1.46735    -2.16429     1.0564641   1.8377279  -1.7652279   0.11953799
  0.83209    -1.233332   -2.329324    0.498446    3.07024     0.57893
 -1.9910179   1.7639601  -1.708482   -0.24102803 -0.7282121  -1.367934
  0.27060798 -0.60147     1.032758    1.4590561   0.8128599   0.255404
 -0.9627879   1.306088    0.990454    1.8337181  -0.99136     1.027842
 -1.168252    2.140768    0.12405199  0.53851193  0.894656    3.4165924
 -0.991222    1.691468    0.6198179  -1.9549278   0.19574592  1.454794
 -0.00695201  2.2856581   1.338628    0.18811002  0.84798396 -1.310162
  3.019568    1.4108919  -2.856854    0.21644199  2.3540359   1.6433719
 -1.7630183  -0.75931394 -0.74832    -1.094932   -1.165212   -1.0423459
 -0.5419959   1.655356   -1.7390258  -0.7142679   1.176306    1.25493
  0.6363739   1.4884579   1.474952    1.75772     0.11444797  0.807114
 -1.9815861  -0.636898    0.608544    1.231234    1.511674   -1.500186
  1.5416199   0.26012403 -1.026386    1.9952122  -1.0922921   1.4261401
 -0.4450919   1.9719559  -0.818844   -1.9707482  -1.4510422   0.02553992
  1.177462   -3.0423057  -0.99274194  0.58781    -0.960368    0.620502
  1.307458   -2.2585182   1.320104    1.858896   -0.00999801 -3.62817
 -0.07878198 -0.561648   -1.2368419  -3.299078    0.14096196 -0.01778603
 -0.23373799 -1.2183919  -1.71547     0.497518   -1.6468741   2.47945
  1.3031299  -0.392238    0.32409197  1.210964    1.884992   -3.359602
  2.238014   -0.11173799 -0.007498   -1.93806     1.7426599  -0.51279604
  0.30686003 -1.329024    1.188952    2.193522    0.650042    1.2315961
  0.892604    1.19988     1.93199     0.34386405  1.7327341  -3.094032
 -0.01090803 -0.420758    1.565106    1.2286999   0.803866    2.0283918
  0.25260997  0.419314    0.22028999  0.8176861  -1.6006222  -1.673536
 -0.601754    0.229586   -2.018368    0.734496    0.9813919  -0.785826
 -3.6525002   1.8917679  -3.0106301   1.48883     3.856128    0.79269207
 -0.76154995  1.636322    0.71564996 -0.81412     1.4730381  -0.36744198
  1.493438    0.26051003  1.748572    0.36811602 -0.39864793 -0.21236601
 -1.657592    0.325502  ]