[-0.6695113   1.4664588   0.08072379  0.8430413   1.7870638   0.65589756
  0.5425288   1.0044062  -2.43382     0.45889252  1.1690049   1.4679725
 -1.7501475  -2.4871874  -0.6873925   1.4567437  -1.8162476   0.5017475
 -1.9665301   1.9605187   0.7331763   2.553081   -1.4533911  -0.09024125
 -0.10493122 -1.5141675   1.3686287   3.0582287  -0.4829225  -1.2791862
  0.59358877 -0.8466637  -0.8879412   0.6666      3.692349    1.5402439
 -1.5625525   1.5308537  -1.3451824  -0.35776377 -2.7317986  -1.3652275
  2.3635776  -0.853805    0.8834549   1.8018249  -1.2574224  -0.15444753
  0.71027255  1.5697225   0.5415001   0.7789476   0.02886625  1.6239877
 -2.00036     2.1615326  -0.3604837   0.29752502  2.1135824   1.807385
 -1.0692962   1.2593837   1.4251574  -2.931915    0.45840254  0.05201627
 -0.14572497  1.7994689   0.22428249 -0.68210506  1.6134813  -1.6163814
  0.50328505  2.1584451  -1.133505    0.37887377  4.30966     0.6958988
 -1.374645    0.33413753 -0.27054742 -0.5792725   0.11510004 -1.1576463
  0.9237363   3.8423777  -0.91467744  1.02985     0.19276497  0.13175374
  0.37010872  0.9891788   0.83749247  0.55168134  0.03275122 -1.1288812
  0.10195622 -0.45257622  0.12215124  1.0085175   2.12204    -1.5025938
  2.6987238   0.63906753  0.3858387   0.73301625 -0.02915375  0.33025122
 -2.59684     2.2136226  -0.18199247 -1.1281438  -1.6595712   0.7835226
  0.85293126 -2.0252512   0.6199925   0.6045313   0.52913254  1.0022225
  0.41847372 -1.6004176   2.4259675   2.8314214  -0.99218744 -2.3334599
 -1.5135112   0.29303128 -0.75961125 -1.553305    0.640705   -2.2471776
 -1.2098523   1.0818312   0.1071375  -0.50765246 -0.12044623  0.8347775
  1.7859987   0.11748882 -0.10427627  0.9985287   0.7839138  -1.2118826
  1.3396673  -1.2923962   0.9666513  -3.1568038   1.9234076   1.092425
 -0.67063147 -1.244745    1.7001475  -0.05105376  0.09396377  1.295295
  2.2478623   2.7131276   0.5430938  -0.2675275   2.909195   -2.6069613
 -0.88951755 -0.32422    -0.49299628 -0.20797876  1.0774738   3.8866224
 -1.2221675   0.74277496 -0.61507124  1.6934937  -1.1566075  -0.41827995
  1.6951224   0.23054755 -0.17638132  0.5257838   1.443325    0.25387502
 -3.8503802   1.4541575  -1.3404701   1.7048564   3.534655    0.81338495
 -0.29256755  1.320145    0.080595    0.01455253  2.6064425  -0.34334
  1.6725049   1.1835225   2.515415    0.98227876  0.6843262   0.9456525
 -1.2852387   0.25646245]