[-0.658055    1.2209136  -0.15995252  1.49404     1.0919712   0.8490913
  1.3272727  -0.53253245 -2.994335    0.31829247  1.5893974   2.198979
 -0.7762413  -2.8800724   0.05884372  0.49981496 -1.6172824  -0.76832247
 -0.47070372  1.1479576   0.4177587   2.3804824  -1.00673     1.0290389
 -0.140075   -0.81618005 -0.34923244  3.460484   -0.91361874 -1.5912399
  1.0356138  -1.1119125  -1.35512    -0.07737498  2.8653      1.6719687
 -1.8004901   1.7482287  -2.4402852   0.2000338  -1.0744051  -1.263255
  1.8766425  -0.4895413   0.65801     1.1373925  -0.405365   -0.9738875
  0.96165633  2.218815    0.3634738   0.28698877 -0.11734     1.8235188
 -1.1455338   1.6932062  -0.10142502  0.06304751  1.1953237   2.8862975
 -0.6565237   0.52988875  0.9824462  -1.2626814   0.5928613  -0.09165253
  0.16902249  1.2167138   0.39786503 -0.8582263   1.3747487  -1.60567
  1.0601587   1.5431312  -2.2527251   2.3883398   1.71042     1.077755
 -2.9959052  -0.0449575  -0.97656995 -1.5766774  -0.69862866 -1.9091074
  0.78192496  2.9611514  -0.94782245  1.2190112   1.5663037   0.5198587
  1.04529     1.447395    0.60345995 -0.10369372 -0.03681505 -0.435045
 -2.1537514  -1.0114838  -0.20929503  1.0896611   1.2240262  -2.0507736
  2.8570364   0.39692873  1.1832889   0.22420129 -0.53794503  0.3618487
 -2.8195114   3.2824636   0.7077725  -1.7661899  -0.75489753  1.4347625
  0.8550288  -2.1201377   0.86160374  0.8665425  -0.27469754 -0.30073246
  1.3537825  -2.1591763   2.23628     1.4287138  -0.43564373 -2.5902512
 -2.521131   -0.2043587   0.21182877 -1.9900163   0.48563492 -0.98616874
 -1.730475    1.0452263  -0.1253975   0.06899625 -0.53777504  1.7026212
  1.0101812   0.61346745  0.5639626   1.7570388   0.48464125 -2.2930775
  1.0562     -1.1949837   0.91160876 -2.6747189   2.7267625   1.224425
 -0.9020363  -0.7017212   0.70186377  0.11024     0.11858001  0.80437493
  1.7213738   2.8560977   1.4177089   0.13886628  1.6720064  -2.7050912
 -0.08569001 -0.7979375  -0.08915374  0.25356376  0.2977475   3.6040976
 -1.0592613   1.9323088   0.94334745  1.1587975  -1.6260138  -1.2131525
  0.14620999 -1.5081599  -0.3287663   1.0136476   1.3910488   0.3104062
 -3.807215    1.7028499  -0.822335    1.24979     3.914454   -0.03532498
 -0.60225374  1.1771326   0.49703872 -1.1044124   1.1756814   0.43271744
  2.8610573   1.6675737   2.590564    0.1768175  -0.04249373  0.38977128
 -1.9912137   0.61758626]