[ 2.3580141e-01  8.8926858e-01  2.4100542e-03  7.7817428e-01
  1.3901142e+00  2.8781432e-01  2.7811575e-01  1.5548443e+00
 -2.0811329e+00  2.7569857e-01  8.4496295e-01  2.0954144e+00
 -1.3385842e+00 -2.2873557e+00 -2.5671551e-03 -2.3114851e-03
 -1.5384014e+00  4.1751432e-01 -1.5730273e+00  2.5771086e+00
 -5.0598554e-02  3.3363912e+00 -1.0883485e+00 -7.1903288e-01
 -9.1659290e-01 -1.1165401e+00  1.3196515e+00  3.1413589e+00
 -4.4057131e-02 -1.1093972e+00  1.4891558e+00  4.7785860e-01
 -1.7137086e+00 -1.7445855e-01  3.7349727e+00  1.7533258e+00
 -2.3394113e+00  1.7950799e+00 -1.0813301e+00 -7.8326851e-01
 -3.4527457e+00 -1.1774685e+00  3.3916030e+00 -1.2366873e+00
  1.7897242e+00  2.2219226e+00 -1.4890699e+00 -6.5052289e-01
  2.9013854e-01  1.1130556e+00 -6.0500282e-01 -6.6398996e-01
 -5.0719005e-01  7.3743427e-01 -1.8035300e+00  2.4120758e+00
 -4.2065573e-01  1.8111859e-01  1.5026627e+00  1.6315956e+00
 -1.9863685e+00  1.1417714e+00  1.2027186e+00 -2.5097003e+00
  9.8114574e-01  3.2426432e-01  4.2117432e-01  2.3430572e+00
  5.0077159e-02 -8.3200723e-01  1.9224529e+00 -1.1150343e+00
  9.7230572e-01  2.4540117e+00 -1.5245587e+00  5.2094710e-01
  3.4064999e+00  6.1574321e-02 -9.1980857e-01 -3.9419144e-01
  1.9877146e-01 -8.6343861e-01 -4.4996139e-01 -1.5259100e+00
  1.2943714e+00  2.6591301e+00  3.2832146e-01  1.2668286e-01
  5.4543149e-01  9.2652279e-01  1.8656285e-01  1.1733701e+00
  4.1716856e-01  8.9479870e-01 -1.5974143e-01 -1.6291072e+00
  1.4098854e-01 -5.1795702e-02  2.4912854e-01  3.9094138e-01
  3.1041732e+00 -1.7560886e+00  2.2920883e+00  1.6293185e+00
  1.0168114e+00  1.3848372e+00 -6.8397290e-01  5.5436713e-01
 -1.9101756e+00  1.5151701e+00  4.3427721e-01 -7.2284138e-01
 -1.2502972e+00  7.2013724e-01  7.7177435e-01 -1.4851600e+00
 -2.3204574e-01 -8.6996853e-01  1.2456300e+00  1.2816756e+00
  6.7283434e-01 -9.2429858e-01  2.7846701e+00  1.4108555e+00
 -1.6480700e+00 -2.2288601e+00 -1.2676543e+00 -1.6524999e-01
 -7.2162998e-01 -2.0306914e+00  4.1660717e-01 -1.2154286e+00
 -9.5064574e-01  7.3680001e-01  2.2495429e-01 -3.0238566e-01
  4.5445570e-01  1.2313858e+00  2.4026673e+00 -2.9343134e-01
 -8.1553715e-01  1.8546102e+00  2.2101150e-01 -1.3683701e+00
  9.9646568e-01 -1.1583573e+00  1.1612486e+00 -3.9448686e+00
  1.7756313e+00  1.8274567e-01 -2.0218060e+00 -8.7861294e-01
  1.3065529e+00  4.9801570e-01 -2.4574713e-01  3.5139284e-01
  1.8598057e+00  4.1435752e+00  2.8471288e-01 -1.8581285e-01
  3.3410373e+00 -2.1581199e+00 -2.5539568e-01 -4.5633858e-01
 -5.5494720e-01  2.4549572e-01  1.5845288e-01  2.6432941e+00
 -1.2354286e+00  6.7410564e-01  1.7219569e-01  2.4470284e+00
 -1.2743615e+00 -8.7079144e-01  2.2484214e+00  8.2887106e-02
  4.4922137e-01  1.3124958e+00  1.3048486e+00  3.5094434e-01
 -2.3990288e+00  1.6924772e+00 -6.7793435e-01  1.4120142e+00
  4.3656187e+00  5.6194139e-01 -8.1235284e-01  9.0619427e-01
  2.0549284e-01  2.8870580e-01  2.2700601e+00 -2.3665142e-01
  2.7820415e+00  1.8076929e+00  2.3044984e+00  6.2202853e-01
  1.4088286e+00  5.7422143e-01 -1.0012801e+00  6.5253288e-01]