[[-7.68143311e-01  1.71787332e+00 -2.37418314e-01  1.09885504e+00
   1.75420831e+00  3.37773353e-01  1.22916835e+00 -1.19720664e+00
  -1.71860663e+00 -7.57748355e-01 -4.58816687e-02  1.27022833e+00
  -2.26419833e+00 -2.32370834e+00 -2.38519944e-01 -1.57288338e-01
  -5.39189974e-01 -7.84691612e-01 -1.61125502e+00  4.22771658e-01
   7.68960069e-01  1.86346165e+00 -1.51295672e+00 -2.22065007e-01
   1.08386690e-01 -1.71076341e+00  1.19697006e+00  2.40323507e+00
  -6.31278346e-01 -8.31951708e-01  1.78779980e-01 -5.81246632e-01
  -6.09008352e-01 -1.22852332e+00  2.26856674e+00  2.27977165e+00
  -1.83622666e+00  1.20387501e+00 -1.55159493e+00 -4.64956641e-01
  -2.63211005e+00 -1.67891337e+00  1.69261503e+00 -1.58593352e-01
   6.06191720e-01  1.48857332e+00 -1.45428503e+00 -1.30038333e+00
  -1.42316620e-02  1.27748167e+00  1.80184501e+00  9.63436677e-01
   9.34333156e-02  1.14657835e+00 -1.56235671e+00  2.14558165e+00
   4.69784990e-01  1.74293339e-01  2.66913305e-01  1.41618659e+00
  -8.56324981e-01  5.14826665e-01  1.89896494e+00 -1.30756666e+00
   9.09156670e-01  9.87356683e-01  1.09897831e+00  5.26450008e-01
   1.66763334e-01 -1.05743665e+00  1.98811173e+00 -1.63507835e+00
   1.51982500e+00  1.31898999e+00 -1.09306167e+00  1.33139159e+00
   1.58499668e+00  1.19778500e+00 -1.28634503e+00  3.87301723e-01
  -1.80931648e-01 -1.63386834e+00 -1.03802501e+00 -2.04454664e+00
   5.29594988e-01  1.64538332e+00 -1.38771663e+00  1.24085173e+00
   1.80499502e+00  6.82454973e-01 -3.44476640e-01  1.77568161e+00
   8.49121650e-01  7.72641654e-01 -5.77160016e-01 -1.29710831e+00
  -2.47218009e+00 -7.89133319e-01 -1.32953173e+00  1.48263659e+00
   1.13631672e+00 -2.16335662e+00  2.49546659e+00  3.84583324e-01
  -6.82599843e-02  4.06923334e-01 -6.46199991e-01  1.75191681e-01
  -1.76166995e+00  3.35358500e+00  4.71233311e-01 -1.82174996e+00
  -1.99912327e+00  8.87563338e-01  1.12432835e+00 -1.41853996e+00
   2.30000019e-01  9.37478383e-01  3.16114957e-01  6.62099769e-02
   1.29715338e+00 -1.71487002e+00  2.27781828e+00  2.93472830e+00
  -1.39760027e-01 -2.54061997e+00 -2.51700495e+00 -9.54808315e-01
  -5.05111642e-01 -6.54430002e-01  1.70143168e+00 -1.30492333e+00
  -1.42954834e+00  4.89755015e-01 -1.14770500e+00  3.15663218e-03
  -1.29768835e+00  1.49056999e+00  5.82068309e-01  1.10625837e+00
  -1.79556672e-01  1.10780168e+00  1.16357331e+00 -2.18464168e+00
   1.30074667e+00 -4.83429983e-01  7.90488313e-01 -1.70225335e+00
   1.09031000e+00  1.23246650e-01  7.09903304e-01 -4.07331645e-01
   7.67420014e-01  1.06205011e-01 -3.96970006e-01  4.48066629e-02
   1.16461837e+00  2.93793829e+00  1.01837331e+00  2.33115022e-01
   2.08642340e+00 -3.00391165e+00 -2.25001673e-01 -6.85861727e-01
   3.00723304e-01 -9.33788305e-01  8.80480001e-01  3.45573497e+00
  -3.73010029e-01  1.39422670e+00  3.54301657e-01  1.44600832e+00
  -1.67782340e+00 -9.64406711e-01  5.40281671e-01 -4.91983344e-02
  -4.94931696e-01  5.30291696e-01  1.47156501e+00  4.22991663e-01
  -2.92497671e+00  1.24662999e+00 -8.16228280e-01  1.59412507e+00
   3.53904160e+00 -1.58503349e-01 -6.42131632e-01  9.17258322e-01
   6.32456676e-01 -1.28947338e+00  9.78946671e-01 -2.25716655e-01
   6.75949991e-01 -1.31373333e-01  2.25298333e+00  4.00906722e-01
   1.57531679e-01 -6.20180021e-01 -8.51524991e-01 -2.96271664e-01]]