[-0.20531002  0.6439625  -0.31084     1.8732901   1.778595    0.34503248
  0.63768005  0.33864254 -2.9065802   1.2753824   2.266495    3.0429602
 -2.076575   -1.8392775   0.551875   -0.45454752 -1.5835074   0.32517254
 -1.55234     0.95369005  0.9722474   3.1947975  -0.7070875  -0.997445
 -0.2816275  -1.48543     0.8277      4.391797   -0.13780749 -1.0411675
  0.39036506  0.03435999  0.22027752  0.37339005  4.0440526   0.91491246
 -1.72337     1.4901475  -0.93769     0.49404502 -3.912195    0.33225003
  3.179585   -0.5072      1.37795     0.80265504 -1.056865   -0.75087255
  0.3815625   1.668       1.6665425   0.59860265 -0.05771249  0.02902246
 -0.9781275   2.2573724  -0.71077     0.89003754  1.1479574   1.402205
 -1.0854425   0.7636175   1.663285   -3.2952151   2.2565875   1.0722799
  1.26809     1.0771999   0.40247005  0.42340493  1.9595225  -1.241345
  0.76961744  3.2622974  -1.5167425   0.76378995  2.3571599   1.2464324
 -2.397445   -0.7057425   0.47324747 -0.25366747 -0.38270503 -0.4696725
 -1.422415    2.0889325  -2.5533326   0.3057875  -0.10773993  1.65797
  1.1951724   1.4005349   2.3881824  -0.11586     0.77829    -0.4465
 -1.9397824   0.0866375   0.23890501  0.140695    0.09295249 -1.625155
  4.1370125   0.65489006  1.9807725  -0.21202746 -1.46553     0.21808252
 -3.7887325   2.64287     1.0912551   0.9530724  -0.9490475   1.67366
  0.6490925  -3.6964877   1.26925    -1.8955401  -1.5529525  -0.886015
  2.2327552  -1.1354175   1.9054401   2.6545177  -1.0763149  -0.36864752
 -0.10522252  0.146965    0.81265736 -1.0943825   1.3820626  -0.94548
 -0.54514     0.78838503 -0.3634     -0.11365253 -1.8416326   0.54693997
  1.93217    -1.29648     0.36142492  2.399435    1.1611049  -3.1170752
  1.9263301  -0.68262     1.448525   -3.1035426   0.54760754  0.8975825
  0.91489744 -0.13305742  0.960585    0.77181005 -1.8650024  -0.2851525
  0.95631254  3.28928    -0.48485747 -0.961405    1.743755   -1.7969925
 -1.63308     0.32791752 -1.0082926   2.016725    0.67292756  3.5377324
 -0.8165425   0.5191925   1.3942525  -0.21221244 -1.008715   -3.67313
  0.7703775  -0.34097248 -2.4696577   2.4300575   1.0681648   0.3194725
 -2.32086     1.8093975  -0.02689251  1.43925     2.2945576  -0.18839249
  0.63779247  0.69592506  0.99853504  1.250675    2.1848226  -0.4099325
  2.4932      1.7281724   2.3208225  -0.58420753 -0.16918257  0.08101505
 -0.308515   -0.00950748]