[ 3.6550000e-01 -2.5229201e+00 -7.7908999e-01  1.5008700e+00
 -2.8226500e+00 -5.6720001e-01  2.9163000e-01 -1.1950000e-02
 -2.7709298e+00  7.3650002e-01  2.7723300e+00  4.1068702e+00
  7.1300003e-03 -2.7397001e+00  3.7628400e+00  3.1454399e+00
 -2.5990701e+00  2.7757800e+00 -3.2023999e-01  5.0813699e+00
 -1.2700400e+00  5.2120000e-01  2.8450999e-01  2.5301399e+00
 -1.4892000e-01  2.4099000e-01  4.1188602e+00 -1.5860901e+00
 -3.0437498e+00  1.3631401e+00  1.1564300e+00 -4.5550399e+00
 -2.7466800e+00  3.2782000e-01  6.3050699e+00 -2.4166300e+00
 -1.0215800e+00 -1.3198000e-01  3.4178500e+00 -6.6412997e-01
 -3.7524700e+00  2.8586900e+00  2.5720301e+00 -1.8721600e+00
  2.2739799e+00 -6.2507999e-01 -3.5831001e-01  3.8608801e+00
 -2.8066502e+00  6.5139994e-02  1.3461900e+00 -9.8021001e-01
  2.9369400e+00  1.7971600e+00  2.0712299e+00 -4.8677999e-01
 -2.8401499e+00 -2.3844900e+00  5.2596703e+00 -3.7275600e+00
  2.1943700e+00 -5.3869998e-01  2.3885999e+00 -1.6589401e+00
 -3.1368101e+00  2.8524199e+00  9.2384005e-01  2.8700600e+00
  9.7570002e-02  1.2887300e+00 -2.6779699e+00  1.6843901e+00
  3.7906301e+00 -2.3473101e+00 -1.4608700e+00  1.0490500e+00
  6.9066000e-01 -1.3262000e+00 -2.5922599e+00 -5.5100698e+00
  5.0511699e+00 -5.6087203e+00 -2.7717800e+00 -2.5732698e+00
 -2.2621999e+00 -1.8149000e+00 -8.7063998e-01 -1.3663900e+00
 -6.2990599e+00 -3.3592001e-01  3.6361501e+00  4.3891296e+00
  1.3462700e+00 -1.7129500e+00  1.7919099e+00  4.1434002e-01
  4.8294697e+00 -2.3099899e+00  5.3770499e+00  3.4735000e+00
  2.4585600e+00 -4.5053802e+00  2.4380600e+00 -3.6423001e-01
  3.4908102e+00  1.6673000e+00 -4.4521098e+00 -2.0979700e+00
  6.0821003e-01 -3.4504900e+00  9.3346000e-01  1.2634399e+00
 -1.2268999e-01 -6.5474405e+00 -1.3793001e+00  2.7282000e+00
 -2.4146700e+00 -2.1725001e+00  2.9591599e+00 -4.4576001e-01
  4.5405598e+00  7.3069000e-01 -3.0548999e-01  6.9780202e+00
 -2.9313900e+00 -1.9309499e+00  1.2313800e+00 -8.1090999e-01
  4.2265001e-01 -1.2555499e+00  8.4468001e-01 -1.0498400e+00
  1.5227300e+00 -2.2376599e+00 -7.1920000e-02 -2.6095700e+00
 -4.8124000e-01  2.1918000e-01  4.0695100e+00 -2.5657299e+00
  2.8148298e+00  4.1934900e+00  3.5440998e+00 -1.4770000e+00
 -2.4411000e-01 -1.2672400e+00 -3.3470001e-02 -3.9508600e+00
  1.4687001e+00  4.2445002e+00  6.2449002e-01 -6.1168900e+00
  2.5659499e+00  3.3534698e+00  4.3899999e-03  5.5983000e+00
 -1.3727400e+00 -3.6515000e-01  3.5292301e+00 -3.2214000e+00
  2.4890800e+00 -4.6677699e+00 -9.5473999e-01 -1.0704100e+00
  4.5197999e-01  1.6188000e+00 -3.6281500e+00 -2.3164401e+00
  3.1518999e-01 -3.8748698e+00  2.0059001e-01  6.1452503e+00
 -3.1955800e+00 -2.4713299e+00  6.2026000e-01  3.8499901e+00
  2.2554500e+00  2.2246299e+00 -1.6993000e-01 -4.0304098e+00
 -3.9663000e+00  4.0258498e+00 -2.4855599e+00  7.1970999e-01
  5.0641203e+00 -1.3791000e+00  1.9427400e+00  3.5349700e+00
 -1.0207100e+00  2.7780499e+00 -1.6532999e+00  3.3690400e+00
  8.9901996e-01  3.3441699e+00 -1.8685100e+00  9.2471004e-01
  1.8762300e+00 -4.5865397e+00  1.2242301e+00  7.4303001e-01]