[[-0.27478284  0.36946049  0.21254192  1.52643608  1.05336709  0.77439145
   1.02174379 -0.21938808 -2.20697054  0.85002572  1.34592946  2.14197749
  -1.05582045 -2.51662757  0.31351238  0.08693998 -1.55999477 -0.32472666
  -1.67458272  1.86698768 -0.03595572  2.58444828 -0.98929002 -0.33652234
  -0.21594046 -1.60716521  1.47128195  2.05681288 -0.42389475 -1.37406956
   0.80548481 -0.9437786  -0.28781381 -0.20369098  3.20469014  2.01256625
  -1.82115707  0.71033768 -1.36396582  0.04742334 -2.46488741 -0.95405671
   2.29531343 -0.56982332  0.61200763  0.92949426 -1.17544527 -1.0239214
  -0.00801763  1.31600236  0.94920764 -0.23491571  0.23001004  1.50709336
  -0.72770379  1.68850428 -0.21064956  0.8327043   0.92896659  1.84894681
   0.30542526  1.08928571  0.30185662 -1.34479386  0.58141572  1.23137852
   0.07426572  0.3601324   0.43619335 -0.8463733   1.66074089 -1.74054239
   1.50317911  2.71859941 -1.42795909  0.77809672  2.27267921  0.99610229
  -1.28193859  0.15802526 -0.63671904 -1.19000564 -0.37499525 -1.23756519
   0.72510907  2.08992385 -1.0567585   1.30589989  1.3441904   0.79594093
   0.58963528  0.84147813  0.65521334 -0.00821857  0.74641006 -0.43825525
  -0.38872336 -1.1355724  -0.19441573  0.85491571  0.72786243 -2.37912651
   3.21733908  1.24094951  0.20041381  0.94967943  0.03966667  0.0257119
  -2.89205506  2.23719297  1.47269275 -2.27749798 -0.57804906  1.27477247
   0.45854856 -1.71257198  0.62662859  0.20773999  0.24688334 -0.19738526
   1.46516765 -1.80673523  2.14255565  1.56016526 -1.20321907 -1.64139846
  -1.70233379 -0.1597533  -0.76157857 -0.87172383  0.79828946 -1.13262616
  -1.30839526  1.12015478 -0.14102615  0.37262998 -0.63244712  0.73542467
   0.87992954 -0.28176334 -0.2385957   1.8017486   0.30655283 -2.37964156
   1.40218701 -0.97181284  0.15121478 -1.90449646  2.30710153 -0.00569714
  -0.66935136 -0.85993092  0.52315186  0.50719287 -0.84891619 -0.00811381
   1.48421964  2.83787813  0.91750195  0.02727568  2.67329195 -2.46827128
  -0.43406765 -0.75999428  0.10864715  0.3314214   0.3986938   3.554733
  -0.4067886   0.94365331  0.800031    1.5767371  -0.7755885  -0.51128766
   0.37502142 -0.01503618  0.39051525  1.0415565   1.26220945  0.52323193
  -3.24655367  0.53807853 -1.11985531  1.8923918   3.43002982  0.09253617
  -0.46510521  1.18814714  1.25533708 -0.35488191  1.33934908  0.0801138
   2.34842713  1.52641376  1.40982709  0.1423162   0.25362955 -0.05965667
  -1.77241624 -0.16229284]]