[-2.00632215e+00  1.01396394e+00 -1.43669212e+00  2.39514023e-01
  1.75477386e+00 -4.70987976e-01  8.28520432e-02 -1.38059974e-01
 -1.82206988e+00 -6.20653987e-01  7.51416028e-01  3.06216002e+00
 -4.86814022e-01 -1.73503423e+00  1.08355200e+00 -4.68921989e-01
 -1.53796601e+00  5.34420013e-02 -9.88419890e-01  5.75237989e-01
  9.36508000e-01  3.15936399e+00 -4.14117992e-01 -8.64225984e-01
 -1.41422594e+00  6.37665927e-01  1.02042997e+00  4.36652613e+00
  8.43128026e-01 -3.69939804e-02  4.27558005e-01 -1.26795602e+00
 -1.18583596e+00  2.55020052e-01  4.27548981e+00  1.84274003e-01
 -3.03238225e+00  1.56399254e-02 -2.67218637e+00  1.43166804e+00
 -1.77161980e+00 -3.23296010e-01  2.77463794e+00 -9.61712062e-01
  2.44065785e+00  3.01396042e-01 -3.12020004e-01 -5.56223989e-01
 -7.39395976e-01  2.13379192e+00  1.78653014e+00  1.14671206e+00
 -1.35352588e+00 -6.87954009e-01 -1.02968192e+00  2.36959791e+00
 -1.01459193e+00  9.93825912e-01  1.40380001e+00  1.33054388e+00
  1.91239826e-02  1.87838399e+00  2.34703398e+00 -2.39818430e+00
  2.57822990e+00  9.44743991e-01  4.26400006e-01  1.98173201e+00
 -4.76819932e-01  1.92120004e+00  5.64101994e-01 -1.28681397e+00
  3.06205988e-01  3.06269979e+00 -1.61050391e+00 -6.63584054e-01
  2.30221796e+00  1.05176017e-01 -8.14290047e-01 -1.59445596e+00
  1.10401797e+00 -3.85147989e-01 -9.36607957e-01 -1.59113407e+00
 -5.64962089e-01  2.53777003e+00 -3.31462979e+00  8.20370078e-01
  8.40676129e-01  4.17080149e-02  2.28421593e+00  1.53371799e+00
  2.14023376e+00  1.05294034e-01 -2.15517968e-01 -3.88255984e-01
 -1.19859409e+00  4.36399691e-03  9.09821987e-01 -1.10591400e+00
 -5.80180176e-02 -2.55416799e+00  3.20334387e+00  9.98371959e-01
  2.90174389e+00 -6.12919986e-01 -2.05647993e+00  4.08378035e-01
 -3.57220387e+00  2.41008377e+00  1.16715205e+00 -4.19819981e-01
 -1.59956396e+00  3.21158791e+00 -3.63588005e-01 -4.56416035e+00
  1.40814400e+00 -1.72760606e+00 -6.26708031e-01 -5.19020259e-02
  1.35218406e+00 -8.83120060e-01  1.00183988e+00  1.40281999e+00
 -1.43464208e+00 -2.13515186e+00 -1.57548594e+00  2.28303984e-01
  1.77027798e+00 -1.73978615e+00 -3.60664040e-01 -3.82245958e-01
 -4.25242037e-01  1.02672791e+00 -1.17280602e+00 -1.20868993e+00
 -1.22831213e+00  2.55526805e+00  3.19965386e+00 -1.51911199e+00
  2.22053975e-01  1.03521800e+00  8.26062024e-01 -3.61299586e+00
  1.08357608e+00 -1.14340007e-01  2.07665777e+00 -3.93143606e+00
  1.28875411e+00  1.96669006e+00 -7.35219568e-02 -1.84483981e+00
  5.04660010e-01  1.22150803e+00  1.20477402e+00  8.81842017e-01
  9.94780064e-01  2.73735785e+00  6.74280152e-02 -4.34650034e-01
  1.01424003e+00 -7.34200001e-01 -5.15691936e-01 -2.91840080e-02
 -1.57304001e+00  1.25511599e+00 -5.27849972e-01  3.85562015e+00
 -2.13695979e+00  3.04941982e-01  7.58854032e-01  4.32053983e-01
 -9.87248123e-01 -3.15940213e+00  5.72293997e-01  2.80591995e-01
 -2.14928198e+00  2.88368607e+00  3.64323187e+00 -1.20401597e+00
 -8.15014005e-01  2.93456006e+00 -3.90486002e-01  1.82835996e+00
  1.24138212e+00  1.59007996e-01 -2.16438010e-01  9.73818004e-01
  1.72796023e+00  2.13211989e+00  1.11192012e+00  6.53293967e-01
  1.85620809e+00  2.59614587e+00  3.16473627e+00 -2.30475992e-01
  2.32907605e+00 -4.90683973e-01  1.81300156e-02  1.23419595e+00]