[-2.80771     0.83322     0.3768275   0.90066755  4.1160727  -1.1894325
  3.3705976  -0.32669997 -2.2885299  -1.5411726  -1.0065025   1.7200375
 -1.6787674  -0.22526997 -0.8092475   0.6398574  -2.628735    1.1865251
 -0.20419253  0.29518253  0.80527747 -0.7047575   0.81308746  0.1860075
 -1.6699775  -1.58965     0.6420825   4.1443176  -0.43315244 -1.5621825
 -0.23811254 -1.4508125  -2.3226724  -0.38247746  5.53738     1.3444874
 -1.89873     1.71035    -4.86058    -1.2826924  -2.6352448  -1.0565
  2.7289224  -2.4016175   0.95093507 -0.45345736  0.01257497  0.84914
 -0.17806754  4.6025953   3.9068997   0.76903     1.7875526  -0.32300007
 -1.0028975   3.9186475  -0.9299525  -0.6836925   2.52164     3.299635
 -0.03173001  2.5498827   1.0182099  -2.22536     1.1377975   1.3725699
  1.476145    2.0095227   1.384815   -2.2196474   2.26612     0.14733252
  0.25190753  2.890915   -1.8854575   1.6394125   1.0115525   1.036955
 -1.4219875  -2.51741     0.13557002 -2.3224726  -1.6278124   0.15931249
 -1.1777774   0.9944475  -2.9099152   1.2364726   0.09565747 -1.1651475
  3.074515    1.315375    2.67927     0.79888    -0.03007006 -0.40495002
 -2.4910026   0.5984525  -0.52341497 -0.76654005  1.3342825  -3.530545
  1.7987425  -1.0155026   1.5701175   0.84656    -0.17195     2.1168551
 -4.2588124   1.2845726   0.66034    -1.2291825  -1.5146      1.7363551
 -0.38895494 -3.2482576   0.52480745 -0.54559    -0.5883625   0.9203975
  4.3118525  -1.4243951  -0.5762926   0.11208498 -0.84925747 -3.41362
 -1.9212425  -1.5654426  -0.50675505 -0.8515475   0.50952244 -0.3264
 -0.19146998  2.85387    -1.9655075   0.40805    -0.98072     1.23511
  3.7455623  -1.2765126   0.97502005  1.7441723   1.2976074  -1.9222424
  1.7956276   0.21958496 -0.86940753 -2.9456124   1.0109124   1.6554974
 -0.69808495 -0.38009995  0.682635    2.2412777   1.0827276   0.5612
  2.2090473   4.1405826   1.5607975  -0.63201755  1.4766276  -2.83911
 -1.6735399  -1.0042225   2.4494123   0.7604901   0.61543     3.1914802
 -1.418505    0.91911     1.3551426   1.2673776  -2.3482726  -1.731905
 -1.1450526  -1.3374801  -1.4709048   2.7778072  -0.45451254  1.0668125
 -2.045745    3.1173549  -1.9380075   1.5796025   1.9704125  -2.7957125
 -1.5310225   0.99553    -2.0526123  -0.364065    0.69070244  0.46587002
  1.0887299   2.0134873   3.1572552   0.35072505  2.02173     2.8181403
 -0.05589497  2.0646675 ]