[-0.6356279  -1.2402639   0.212918    0.909118    0.92319     0.08673203
 -0.31995398 -1.8504059  -0.07077601  0.385478    0.627648    3.5608838
 -0.85221994 -3.7493858   0.228882    0.73579395 -1.215426   -0.15811798
 -1.211988    0.84231985 -0.49853402  2.08556    -0.48775607  0.29685998
 -0.538236   -0.5963141   2.1973538   1.985364   -2.62927    -0.37395197
  1.52583    -2.303688   -0.803306    1.318366    3.251762    1.673214
 -0.57522     1.3560841   0.03645797  0.60118806 -2.936974    0.5558499
  3.859774   -0.8089479   1.7521499   1.308276   -0.89552605 -1.01065
 -1.5438039   1.3285681   0.9051281  -1.415446    1.8432639   1.996588
 -0.22262397  1.9697981  -0.24842     0.40375     2.3024      1.892168
  1.18848     1.57805     0.423294   -1.7117901  -0.38487     1.6965401
  0.956326    1.52255    -0.18437009 -0.16425398  0.05352602 -2.025972
  0.794096    1.6572759  -2.708682    0.19486995  1.71164     0.49738598
 -1.1952621  -1.1338379   0.56948006 -2.6288276  -0.265616   -2.175796
  1.882584    0.05124607 -1.2712679   0.530798   -0.36123195  1.217552
  0.8946501   2.220672   -0.18488601 -0.38063398 -0.17340796  0.15886602
 -0.400944   -0.73489606 -0.01835001 -0.06696399  1.146024   -2.65055
  3.159012    0.455504    0.73772603  1.096874   -2.004902    1.350224
 -2.0140138  -0.01254997  2.576258   -0.49600595 -0.16828999  1.323046
  0.48955807 -2.5745099  -0.76492405  1.1205299   0.66050404 -0.21571806
  3.860392   -1.909404    1.379722    1.413982   -1.173164   -1.012042
 -0.959984    0.617634    0.24159603 -1.178094    1.010108   -1.29369
 -1.289456   -0.04240198 -0.566512    0.58143395 -1.8513219   0.74214596
  3.4347641  -2.138348    0.61295414  2.637836    0.365794   -2.199968
  1.2387459  -1.258068    0.69611996 -2.272098    1.256264    0.6249221
 -1.81519    -3.06446     0.794136   -0.6861519   0.561588    2.777914
  1.650006    2.457742    2.87929    -1.245914    3.6929078  -2.81203
 -1.217412   -0.505296   -0.179212    0.35261407 -0.30970997  2.40753
 -0.13000402 -1.725902    0.89125997  3.652602   -2.9298382  -0.93733805
  1.0348219  -0.38779804  0.33405802  0.90262395  0.386266   -0.79366004
 -4.853652    1.870388   -0.06734797  2.0881      4.16297     0.05887399
 -0.70832     0.66758996  0.04116206  1.167154    0.925686    0.49801797
  1.5618019   2.4180262   1.908894    2.07905     1.01296    -1.9841499
 -1.813       0.72508204]