[-5.9604394e-01 -7.7980989e-01  5.5202401e-01  1.3617518e+00
  7.2868001e-01 -3.2838196e-01  8.1116402e-01  8.6506999e-01
 -1.5430340e+00  1.5216099e+00  5.2040207e-01  1.9225101e+00
 -2.0858922e+00 -2.8142178e+00  1.5915860e+00 -4.6037999e-01
 -1.9106600e+00  1.6445141e+00 -1.9280341e+00  2.2917762e+00
  2.4551395e-01  2.5952020e+00 -1.2563140e+00 -1.1169280e+00
 -1.0390819e+00 -9.4228052e-02 -1.1466360e+00  1.8561161e+00
  1.6850400e-01 -7.1281993e-01  1.7268978e+00 -9.9059200e-01
 -9.1606408e-01  5.4360604e-01  2.8431239e+00  1.9242119e+00
 -2.1934619e+00  1.3158520e+00 -2.3120179e+00  6.4082396e-01
 -5.4948407e-01 -1.1925440e+00  4.0680242e+00 -6.8660390e-01
  1.7136141e+00  3.6933541e+00 -3.8390002e-01 -1.1974680e+00
 -8.0766410e-01  1.1472480e+00  2.0425117e+00 -7.0599676e-03
  2.0413971e-02  2.8615441e+00 -9.5889407e-01  1.8714721e+00
  7.7067399e-01  1.3655201e-01  3.7501192e-01  2.5202802e-01
  8.8313997e-02  4.0339199e-01  1.7456594e-01 -1.2385141e+00
  4.0794000e-01 -3.1287199e-01  1.1476004e-01  6.3929605e-01
  2.5227399e+00 -3.5721969e-02  2.5888015e-02 -4.9008998e-01
  3.2022005e-01  3.1201017e+00 -2.0370741e+00  1.1201240e+00
  6.5849596e-01  2.1333799e+00 -2.1214781e+00 -5.8694601e-01
 -9.0319204e-01 -1.6952080e+00 -1.2086320e+00 -2.5626202e+00
 -2.3987003e-01  2.3806100e+00 -1.1564440e+00  6.1532043e-02
  1.4049000e+00  8.4986800e-01  1.4996059e+00  2.1196301e+00
 -9.5100001e-02  2.5276205e-01 -3.1866199e-01 -5.8621001e-01
  1.8807796e-01 -7.4967003e-01  5.5871201e-01  8.8564003e-01
  9.9209005e-01 -1.1370239e+00  1.2316660e+00  1.5900940e+00
  1.2929261e+00  2.1256499e+00 -8.9398049e-02  3.3664599e-01
 -1.0993059e+00  2.3869379e+00  4.4016805e-01 -2.0846241e+00
 -1.4287521e+00  7.9722005e-01  3.4049398e-01 -2.5312321e+00
 -4.3681201e-01  6.6011798e-01  4.3359795e-01 -1.4728999e-01
  2.3857920e+00 -2.1050162e+00  1.7064260e+00  3.7192121e+00
 -1.3607121e+00 -2.1452620e+00 -2.5543258e+00 -2.6132202e-01
  7.3061401e-01 -3.1529582e+00  3.1991997e-01  9.9839002e-01
 -6.9985998e-01 -1.2879372e-03  3.1890196e-01  4.5741796e-01
 -1.8943580e+00  1.5205300e+00  1.9816501e+00 -7.8973186e-01
  8.4974003e-01  1.3729520e+00 -5.1618797e-01 -1.6635182e+00
  1.5990460e+00 -9.1285981e-02 -9.3472004e-02 -1.8930559e+00
  1.8743279e+00  9.6998996e-01 -3.8690200e-01 -2.2969558e+00
  1.2117641e+00 -6.5360200e-01  2.2147003e-01  2.3360920e+00
  8.0968398e-01  1.2438020e+00  1.5069740e+00 -4.5094401e-01
  8.9375001e-01 -3.8316102e+00 -2.2702937e+00 -2.1140780e+00
  3.4013194e-01  1.2049758e+00 -3.1136209e-01  3.2379220e+00
  1.7708400e-01  1.0227201e-01  1.3305039e+00  2.0485978e+00
 -1.3595101e+00 -2.1004820e+00 -6.7252010e-02  8.4168196e-01
  9.8879212e-01  2.1575019e+00  1.2719320e+00  1.7775998e-01
 -3.1419177e+00  2.0343618e+00 -1.6102982e+00  5.4254806e-01
  3.7104802e+00  1.3629479e+00 -1.4229803e-01  1.8267761e+00
  1.3543961e+00 -1.0334280e+00  1.8833441e+00  1.3245701e+00
  2.6134779e+00  1.9487438e+00  2.2505181e+00  3.4838599e-01
 -3.5732053e-02 -2.4447203e-01  4.0147200e-01  1.7712179e+00]