[[-9.44885810e-01  3.69507477e-01 -4.33504164e-01  1.64303160e+00
   2.17179499e+00  2.41158356e-01  1.12264163e+00  9.87624973e-02
  -1.20184743e+00  1.61566933e-02  9.77705049e-01  9.60796679e-01
  -3.41370006e-01 -2.79342254e+00 -1.94214160e-01 -4.24212476e-01
  -1.56803417e+00  4.59887534e-01 -1.56165323e+00  1.81418004e+00
   5.65849791e-02  2.70518085e+00 -7.92097499e-01  7.62925034e-01
  -2.54222492e-01 -3.35459133e-01  2.79322488e-01  2.12314248e+00
  -9.74566638e-02 -1.03427836e+00  1.23056573e+00 -3.17127524e-01
   2.61851691e-01  6.23624158e-01  2.25519649e+00  1.16469576e+00
  -1.48971741e+00  1.37271240e+00 -7.36774142e-01  3.18772533e-01
  -1.79185164e+00 -1.91977543e-01  2.55196277e+00 -3.10229972e-01
   1.75600497e+00  1.27967257e+00 -6.73610847e-01 -6.63273344e-01
  -1.42081658e-01  1.11649825e+00  1.17747664e+00 -3.52743329e-01
   1.80940837e-01  2.02826084e+00 -1.34694921e+00  1.73668748e+00
   4.62164154e-01  1.57520831e-01  7.67931650e-01  1.30722656e+00
   2.04165777e-04  8.35309168e-01  6.81874951e-02 -1.25092166e+00
   2.85741607e-01 -6.55379166e-01  6.39196694e-01  6.50839984e-01
   6.94292506e-01  3.62050086e-02  4.96880839e-01 -2.23454165e+00
   7.35214228e-01  1.32933835e+00 -8.94929985e-01  2.44513167e+00
   2.55994976e-01  4.66860791e-01 -1.48510408e+00 -3.79430006e-01
  -1.33964136e-01 -8.94603352e-01 -7.26920798e-01 -9.65381667e-01
   3.52484157e-01  1.32968833e+00 -1.84878749e+00  1.07194251e+00
   5.23922483e-01  5.64441641e-01  1.71144918e+00  2.32166549e-02
  -2.01086665e-01  5.99025764e-01 -6.04567498e-01 -5.37355820e-01
  -1.44098850e+00 -2.33352383e-01 -1.99534958e-01  1.19283333e-01
   7.16124992e-01 -2.41062512e+00  2.91652679e+00  1.63350172e+00
   1.01571008e+00  5.74739178e-01 -6.24679156e-01 -6.04215870e-01
  -1.87079255e+00  2.71730687e+00  7.08398296e-01 -1.85347435e+00
  -2.20556001e+00  1.49047926e+00  1.00634662e+00 -2.46258847e+00
   9.42041427e-02  5.50620019e-01  4.71963361e-01 -1.61822488e-01
   1.79692249e+00 -1.69873679e+00  1.80124749e+00  2.27195984e+00
   1.83910030e-01 -2.01730585e+00 -2.85535872e-01 -1.38382673e+00
  -5.40055037e-01 -1.22671836e+00  5.16249736e-02 -1.52705503e+00
  -1.07081832e+00 -3.67099345e-02 -4.62077489e-01 -6.55324856e-02
  -9.29961681e-01  2.61808683e-02  2.28542100e+00 -8.41330041e-01
   3.62794985e-01  1.61117918e+00 -4.58999376e-02 -9.47153280e-01
   1.26555985e+00 -4.04304206e-01  1.62330041e-01 -2.41988175e+00
   1.22941911e+00  7.13527547e-01 -3.34571657e-01 -7.87982941e-02
   8.86940042e-01  2.17329194e-01  1.51633312e-01  9.55220775e-01
   9.50930879e-01  2.07235002e+00  9.20863340e-01 -8.16639165e-01
   2.30512667e+00 -2.71841925e+00 -1.17332833e+00 -3.73388355e-01
  -5.47373354e-01  9.53384126e-01  5.80408327e-01  2.61544565e+00
  -5.28896679e-01  4.41188345e-01  9.37942440e-01  6.99258278e-01
  -1.60036496e+00 -1.87958004e+00  1.77330817e-01 -5.75573315e-01
   2.35605004e-01  2.57345011e-01  4.33271632e-01 -5.58215852e-01
  -2.94185495e+00  2.17326913e+00 -2.14280883e-01  1.47865915e+00
   3.83256551e+00  9.29577420e-01  9.14983312e-01  6.56850139e-02
   5.17700836e-01 -4.54816918e-02  1.56223416e+00 -3.75153340e-01
   9.29039220e-01  1.22326500e+00  1.77220405e+00 -3.01090797e-01
  -2.28733271e-02  8.19721699e-01 -1.11923502e+00 -2.37835824e-01]]