[-1.0529150e+00  3.2677126e-01 -6.4729750e-01  1.6300838e+00
  2.0580699e+00  1.1879752e-01  1.7148238e+00 -1.4325874e-01
 -2.2064826e+00  6.1037117e-01  1.4967763e+00  1.6152488e+00
 -7.8849131e-01 -2.9943900e+00 -3.4860751e-01  8.7136745e-01
 -1.7160225e+00  7.4398375e-01 -2.2620976e+00  2.6217024e+00
  6.6910744e-01  3.8107777e+00 -5.0554371e-01  8.4498751e-01
 -6.7563748e-01 -9.4404125e-01  2.2307377e-01  2.1859663e+00
  8.4352756e-01 -8.5478497e-01  1.8224399e+00  1.2482002e-01
  3.6728755e-02  2.0921749e-01  3.1525862e+00  1.1800849e+00
 -1.3677101e+00  1.9382548e+00 -9.7477251e-01  7.2593617e-01
 -2.2533014e+00 -5.8974874e-01  3.1249552e+00 -4.8595500e-01
  1.7114651e+00  2.8183124e+00 -1.0066962e+00 -5.3152627e-01
 -2.1621124e-01  9.1439378e-01  1.4368337e+00 -4.4870874e-01
  5.2333373e-01  1.7181487e+00 -1.0132763e+00  1.9165776e+00
  2.9297376e-01  1.7100245e-01  1.3771675e+00  1.3934238e+00
  5.8909756e-01  1.7234288e+00  1.3559737e+00 -1.6102363e+00
  1.2864687e+00  2.3999871e-01  6.6291374e-01  1.0115875e+00
  1.0636063e+00  1.0788995e-01  1.3293000e-01 -2.8042052e+00
  3.3346254e-01  2.3324676e+00 -2.5180676e+00  2.2243061e+00
  6.3799244e-01  1.5525963e+00 -1.9132975e+00 -2.2919264e+00
 -7.9678744e-01 -1.4276314e+00 -1.2145699e+00 -1.9088825e+00
  5.5183876e-01  1.2975376e+00 -1.4123187e+00  1.3292363e+00
  2.2097500e-01  8.2255375e-01  2.0081086e+00  9.5276749e-01
  4.9524623e-01  1.1830875e+00 -2.5883377e-01 -2.3401752e-01
 -1.4898512e+00 -1.3328099e+00  2.6631752e-01  5.5136502e-01
  1.4340013e+00 -2.2192562e+00  2.4721601e+00  1.5853513e+00
  6.9914377e-01  1.3494675e+00  3.9821260e-02 -1.3098624e-01
 -1.7612151e+00  2.6581526e+00  1.5638225e+00 -2.5151637e+00
 -1.5595876e+00  1.4162350e+00  8.5549378e-01 -2.5542514e+00
 -3.0074871e-01  1.1928062e+00  4.2768002e-01 -1.9950375e-01
  1.8969237e+00 -2.0124989e+00  1.0998937e+00  2.4175262e+00
 -4.6423492e-01 -2.3211665e+00 -1.5352726e+00 -8.4606379e-01
 -1.2225826e+00 -2.2120039e+00 -6.5102428e-02 -1.3882501e+00
 -6.6401625e-01 -8.1274623e-01 -8.3816504e-01 -1.7960250e-01
 -1.2798862e+00  4.1433251e-01  3.3996289e+00 -1.6637613e+00
  9.6091226e-02  9.4999117e-01  5.3040630e-01 -1.8378038e+00
  1.9884738e+00 -1.1001126e-01  1.2409576e+00 -1.9699249e+00
  1.6551613e+00  4.4507498e-01 -3.3029127e-01 -1.0174960e-03
  1.5976825e+00 -2.2558875e-01 -3.1155625e-01  1.2702301e+00
  1.3529688e+00  3.5760739e+00  6.8672633e-01  2.4280125e-01
  2.2411749e+00 -3.9761786e+00 -2.3898411e+00 -7.1932119e-01
 -4.8984501e-01  1.2879863e+00  8.9497113e-01  3.0967014e+00
 -1.2901630e-01  3.1191877e-01  6.8205619e-01  1.4152513e+00
 -1.9474201e+00 -1.9154249e+00 -1.6289499e-01 -7.4418622e-01
  2.0118725e-02  4.9874502e-01 -1.1125500e-01  4.0775752e-01
 -3.5494764e+00  2.8348048e+00 -1.4168476e+00  1.6036712e+00
  3.8340502e+00  1.1674800e+00  5.8416277e-02 -6.0807997e-01
  4.4521376e-01 -8.4873623e-01  1.4622874e+00  2.8040999e-01
  1.7109537e+00  1.6700824e+00  2.3757262e+00 -1.2963725e+00
 -6.9738126e-01 -1.3176122e-01 -9.9099374e-01  6.6344631e-01]