[[-1.75112229e+00  1.53683074e-01 -5.14575384e-01  9.29569994e-01
   1.68335154e+00  7.07958489e-01  8.89681526e-01  2.73726931e-01
  -1.57373159e+00 -8.41237684e-01  1.14539079e+00  9.81558483e-01
  -7.59767702e-01 -2.47946001e+00  4.58603091e-01  2.33793076e-01
  -2.01267925e+00  1.86734626e-01 -1.74993384e+00  1.10531307e+00
   3.93465363e-01  2.50500464e+00 -6.66754603e-01  6.58437688e-01
  -1.17418691e+00 -7.19185389e-01 -6.97369283e-02  2.38534766e+00
   7.88861680e-02 -8.85564625e-01  1.66341771e+00 -2.36561539e-01
  -5.32240767e-01  9.49059968e-01  2.41826227e+00  9.53607691e-01
  -2.11311002e+00  1.06878764e+00 -1.63579309e+00  5.19286147e-01
  -1.82276005e+00 -4.90789195e-01  3.13550844e+00 -1.04059075e+00
   1.68655771e+00  1.03308542e+00 -7.60545383e-01 -9.13441546e-01
  -2.72833840e-01  1.57476385e+00  1.04755616e+00 -4.25602315e-01
  -6.70038424e-02  1.16391000e+00 -7.84476936e-01  2.00360309e+00
  -5.82353862e-02  2.01505372e-01  6.69686900e-01  1.94150461e+00
   3.09916931e-01  8.36103063e-01  4.71507721e-02 -1.56312616e+00
   1.55865686e+00 -1.26743862e-01  7.01299232e-01  1.20274307e+00
   6.32301537e-01 -1.06716935e-01  3.38000773e-01 -1.65312078e+00
   5.70790002e-01  1.53719613e+00 -1.15679311e+00  1.50903843e+00
   1.27120843e+00  6.63662297e-01 -1.57036692e+00 -7.96530013e-01
  -7.24317715e-01 -1.12379694e+00 -9.17883845e-01 -1.54834075e+00
   3.20269981e-01  1.40356310e+00 -1.30235457e+00  1.79526849e+00
   1.93533099e-01  2.84084628e-01  1.68961455e+00  6.01076145e-01
   4.46667685e-01  1.22339615e+00 -4.51653085e-01 -6.06038452e-01
  -9.25320788e-01 -8.87080816e-01  4.62200024e-01 -2.49342298e-01
   1.00328923e+00 -2.09062459e+00  2.37676003e+00  1.72100001e+00
   9.02836923e-01  8.16004641e-01 -7.46049237e-01 -1.16529246e-01
  -2.37194769e+00  2.99793461e+00  9.13572332e-01 -1.83371230e+00
  -2.06444153e+00  2.02744001e+00  1.40444767e+00 -2.80761234e+00
   9.56930719e-02  4.72247669e-01  3.19032297e-01 -1.86927617e-04
   1.61121615e+00 -2.09044230e+00  1.63135768e+00  1.62506303e+00
  -2.98296139e-01 -2.10818925e+00 -1.05508461e+00 -1.01426462e+00
  -2.23534624e-01 -1.43843234e+00  4.45323066e-01 -1.13322617e+00
  -3.99057692e-01  3.50922337e-01 -2.59389229e-01 -9.02597715e-01
  -7.08530771e-01  1.37551309e+00  2.81858613e+00 -8.40923080e-01
  -3.22120770e-01  1.27002462e+00  4.26839266e-01 -1.47876692e+00
   1.89708615e+00  1.21153844e-01  6.77779255e-01 -1.98291383e+00
   1.78851305e+00  5.17649218e-01 -3.61529224e-01  9.09000131e-02
   3.91598493e-01  2.14398472e-01  1.85386142e-01  4.05808463e-01
   1.72122381e+00  2.30488001e+00  3.22096890e-01 -1.92507675e-01
   1.77834536e+00 -2.53323771e+00 -1.24067080e+00 -2.71600776e-01
  -8.05626889e-01  1.22159234e+00  6.28713869e-01  3.40871153e+00
  -2.42572331e-01  1.10029845e+00  7.79773073e-01  1.26473695e+00
  -1.80930459e+00 -2.33022845e+00  3.34203070e-01 -1.69681526e-01
  -1.44484659e-01  6.08907727e-01  1.05445536e+00  4.53515236e-02
  -2.22548151e+00  2.72990227e+00 -6.37551562e-01  1.97761462e+00
   3.35841078e+00  8.05389223e-01 -2.50430772e-01  8.36745959e-02
   8.01854641e-01 -2.91442282e-01  1.49860536e+00  3.42735400e-01
   1.27488080e+00  1.27821847e+00  2.75054611e+00 -6.94050012e-01
   5.07120766e-01  1.55887693e-01 -8.65737673e-01 -2.43117674e-01]]