[[-0.64468325  0.55402691 -0.38758772  0.35808789  0.58421837 -0.03023926
   0.63022764  0.15797423 -1.36198009  0.38129342  0.47954414  1.89226056
  -0.47505366 -1.90032301  0.30772723 -0.13885569 -0.68405334  0.0057887
  -0.97187333  0.81121537  0.24195821  1.68857886 -0.88173146 -0.15538431
  -0.60493561 -0.33732886  0.62580902  1.81586757 -0.44806829 -0.40471659
   0.4393948  -0.76602917 -0.61445253 -0.03180293  1.92883089  1.01996139
  -0.84122229 -0.17603488 -1.31581781  0.45730732 -1.66883333 -0.67639202
   1.02558602 -0.50248756  1.11238219  0.62312732 -0.48259033 -0.64904334
  -0.04056812  0.57841886  0.51333634  0.44834683 -0.15406797  0.70248398
  -0.75420634  1.33919634 -0.57193879  0.67994276  0.69242041  1.1985843
  -0.20575764  0.93968325  0.70823382 -1.23760861  0.84123649  0.40395927
   0.31209626  0.92843399  0.35860991  0.18495228  1.03624406 -0.55227252
   0.40541138  1.13269909 -0.97060236  0.42011837  1.08933073  0.23848797
  -1.21198008 -0.47807    -0.06932179 -0.81572    -0.56401308 -0.98534838
   0.24439886  1.89483569 -1.33124179  0.17499487  0.195493    0.60835561
   1.0765904   0.52530187  0.72935064 -0.054223    0.30178358 -0.36515716
  -0.04630546 -0.35292707  0.22968065  0.63057804  0.38121463 -1.52707561
   1.75937357  0.35430415  0.85139227  0.35541717 -1.04217715  0.44696439
  -1.24656033  1.09750423  0.19822162 -0.7964187  -1.07161479  0.78505008
   0.55889398 -1.78789065  0.81070065  0.20628804 -0.14128699 -0.15810602
   1.27561586 -1.36682893  1.01293886  1.40752698 -0.96276512 -1.92695202
  -1.11009561 -0.07245057  0.1338609  -1.1985874   0.26029544 -0.83578382
  -0.36887626  0.42133635 -0.54050822  0.30594983 -0.71913822  0.91836146
   1.49481251 -0.1049787   0.42436342  0.67604383  0.94920309 -1.99685235
   0.87902634 -0.47143115  0.46644658 -1.31685798  1.03959959  0.43452756
   0.04556219 -1.01799504  0.76679424  0.72280626  0.1367409   0.39959098
   0.62807715  1.36139041  1.00336121 -0.73051358  1.47847585 -1.46132112
  -0.36591911 -0.33412935  0.01416179  0.39802821  0.1410235   2.60572041
  -0.82187008  0.54585634  0.53580674  0.75970985 -0.76091496 -1.15024286
   0.33562999  0.04876545 -0.93263975  1.1532574   1.66836333  0.02499325
  -1.57478894  1.36588162 -0.58169122  1.28934129  1.88361415  0.39352585
  -0.41554156  0.56718781  0.29108091 -0.15138602  0.86181748  0.28833188
   1.51228374  0.73505854  1.29016504 -0.23795015  0.38404073  0.37368976
  -0.16416544  0.21805927]]