[[-5.99021676e-01  7.77536121e-01 -5.16980509e-01  6.12227925e-01
   4.06179215e-01 -2.37692593e-01  4.37005592e-01 -3.24695184e-01
  -1.04480610e+00  3.98935577e-01  5.84857786e-01  2.08820494e+00
  -8.60553639e-01 -2.68149507e+00 -8.92563549e-02  1.52419084e-01
  -7.66020780e-01 -4.69736622e-01 -1.69295403e+00  1.28927753e+00
   2.35143774e-01  2.01463248e+00 -1.05245506e+00  1.02577925e-01
  -8.66564809e-01 -5.18191176e-01  1.33100597e+00  2.39937870e+00
  -7.00194142e-03 -3.56567794e-01  5.05694539e-01 -1.28681352e+00
  -8.58008700e-01  2.03494157e-01  1.99683559e+00  8.30180133e-01
  -8.56841952e-01 -6.19659085e-01 -1.63839013e+00  6.10610268e-01
  -1.67120013e+00 -8.55597538e-01  4.87047927e-01 -7.35237614e-02
   7.71174812e-01  1.04845896e+00 -1.04814376e+00 -4.33265184e-01
  -1.75654546e-01  7.49347004e-01  6.32434418e-01  7.13405325e-01
  -6.93299744e-01  1.45743117e+00 -5.38479216e-01  1.63150988e+00
   9.38583284e-02  9.50343505e-01 -2.25368431e-01  1.07125780e+00
  -5.81259608e-01  1.74583469e+00  3.72391307e-01 -1.07930415e+00
   1.00816440e+00  3.63903862e-02  4.09333379e-01  7.40072856e-01
   1.09360584e+00  4.21749083e-01  9.80238968e-01 -7.72229989e-01
   5.12379211e-01  9.21359876e-01 -1.57932910e+00  6.48663508e-01
   7.12423247e-01  5.70938571e-01 -7.56440901e-01 -5.55010521e-01
   8.44831013e-02 -6.63381558e-01 -1.22845970e-01 -1.24315103e+00
  -1.54827287e-01  2.29428988e+00 -1.49888338e+00  7.74971695e-01
   2.07563254e-01  1.04518143e+00  5.52938048e-01  6.16665056e-01
   6.58620516e-01  3.31462976e-01 -1.00037671e-02 -5.63948382e-03
  -6.46402070e-01  3.83194920e-02 -3.99536623e-01  4.55916096e-01
   9.22341839e-01 -1.90040092e+00  1.79690741e+00  1.39293441e+00
   1.39254881e+00  9.26381942e-01 -1.28544144e+00  2.79654538e-01
  -9.07492990e-01  1.17753767e+00 -1.57270005e-01 -8.33324820e-01
  -1.19324337e+00  6.96505846e-01  7.61839352e-01 -2.26565831e+00
   2.92666503e-01  5.52365595e-01  5.77093438e-02  1.53809870e-01
   6.70390274e-01 -1.41816532e+00  1.02726000e+00  1.28612649e+00
  -1.27541844e+00 -1.59740403e+00 -1.04173544e+00 -5.87990643e-01
   5.02019099e-01 -8.96479617e-01  3.25851697e-01 -1.22684728e+00
  -1.16280676e+00  1.02465836e-01 -6.20223328e-02  2.40452979e-03
  -1.34014831e+00  1.54315701e+00  1.27201325e+00  4.81449738e-01
   2.53888845e-01  1.68027364e+00  1.12333310e+00 -1.92102104e+00
   1.03785636e+00 -5.10515207e-01  4.59763370e-01 -1.37914597e+00
   1.25173533e+00  2.91588819e-01 -5.01204943e-01 -1.77973545e+00
   1.49588351e+00  7.60764407e-01  3.55236098e-01 -2.50241026e-01
   1.49008859e+00  1.08609675e+00  1.49820207e+00 -3.00832734e-01
   2.04838599e+00 -1.16724818e+00 -5.12911950e-01 -6.35246098e-01
   2.82583113e-01  1.28730379e-01  5.02777534e-01  2.62743208e+00
  -8.08061681e-01  7.17101055e-01  6.23513250e-01  2.32714744e-03
  -9.87123768e-01 -1.35039910e+00  1.23353501e-01  1.76504671e-01
  -5.92649223e-01  1.55732897e+00  1.91920935e+00 -4.77649989e-01
  -2.14755780e+00  1.90097597e+00 -1.16412403e+00  1.54472350e+00
   1.74936064e+00  8.01647143e-01 -2.30110910e-01  7.83125838e-01
   1.50383523e-01  3.44590911e-02  1.20405351e+00 -2.58465704e-01
   1.20627765e+00  3.86360918e-01  1.32549845e+00 -1.41201302e-02
   6.97137653e-01  9.94789106e-01 -5.58420641e-01  2.71219485e-01]]