[[-9.72543630e-01  3.43210904e-01 -4.17880917e-01  3.95489128e-01
   1.62727821e+00  1.82623675e-01  5.66641827e-01  2.51253635e-01
  -1.84627462e+00  2.35627605e-02  6.72406374e-01  1.83989549e+00
  -4.62560014e-01 -3.09349734e+00  2.35993629e-01  6.57628183e-01
  -1.40715455e+00 -1.66817232e-01 -9.06145497e-01  1.52190271e+00
   8.89649976e-01  3.15128818e+00 -1.11453818e+00  7.09385449e-01
  -8.45992772e-01 -1.04451819e+00 -2.93379084e-01  1.88452725e+00
   6.50281832e-02 -9.42585460e-01  1.45991913e+00 -4.34949948e-01
  -3.19061810e-01  9.70783673e-01  2.68017360e+00  1.93646812e+00
  -1.23208819e+00  9.52283613e-01 -1.22197179e+00  6.89800905e-01
  -2.30273729e+00 -7.57401791e-01  3.26782263e+00 -7.05579074e-01
   2.06178456e+00  2.08429461e+00 -7.20008163e-01 -8.69630903e-01
  -3.59307265e-01  8.99770943e-01  1.03564910e+00 -3.00364603e-03
   5.55058202e-01  2.10967909e+00 -4.79870902e-01  1.73922913e+00
   3.37836471e-02 -9.06981880e-02  1.08657545e+00  1.86511912e+00
  -3.09806354e-01  1.57078917e+00  2.27580915e-01 -2.70923270e+00
   6.72381807e-01  2.54536325e-02  8.14073140e-02  1.38675815e+00
   2.05052836e+00  3.00164537e-01  9.88057249e-01 -1.36175728e+00
   1.38945179e+00  1.29422544e+00 -1.96252270e+00  2.25241178e+00
   7.63975447e-01  7.00090015e-01 -1.13529632e+00 -6.12166371e-01
  -1.32035184e+00 -5.64906341e-01 -4.92781799e-01 -2.15130362e+00
   8.92977240e-01  1.77320097e+00 -1.63159629e+00  1.30646728e+00
   1.03310910e+00  4.36913665e-01  1.78900266e+00  7.76165458e-01
   3.31875431e-01  1.11363911e+00  2.40874548e-01 -1.15614906e+00
  -2.44025915e+00 -2.42820071e-01  7.16223634e-01  2.14135479e-01
   1.01803367e+00 -1.50185998e+00  2.36519547e+00  1.52144546e+00
   4.42883616e-01  5.13233643e-01 -3.06415433e-01 -6.47783668e-01
  -2.33336908e+00  2.96926999e+00  5.71136475e-02 -1.95846094e+00
  -2.09162728e+00  1.71687997e+00 -1.27296356e-01 -3.77111918e+00
   1.26801453e+00  1.11844816e+00  1.69545561e-02 -1.96635466e-01
   1.18810636e+00 -2.38918462e+00  1.60740361e+00  1.30833268e+00
  -6.81458186e-01 -2.48210459e+00 -1.31068273e+00 -2.19992768e-01
  -3.72033639e-01 -2.32221104e+00  1.06676351e-01 -9.32804548e-01
  -1.40068552e+00  2.69939109e-01 -6.79828205e-01 -3.53499996e-01
  -1.76363275e+00  1.16182725e+00  2.93833639e+00 -8.48914542e-01
   8.03597209e-01  1.71186540e+00  4.41437303e-01 -2.06120456e+00
   2.36572823e+00  4.35560884e-01  6.36510017e-01 -1.89221635e+00
   1.35134725e+00  5.62405435e-01 -6.31781854e-01 -5.19079165e-01
   7.75156409e-01  5.77373662e-01  2.35022720e-01  7.85714523e-01
   1.98645274e+00  2.45271089e+00  6.31640843e-01  4.97454676e-02
   2.18492456e+00 -2.66108641e+00 -1.64040365e+00 -5.63890937e-01
  -1.00572908e+00  1.27335457e+00  3.41464547e-01  3.38525096e+00
  -2.39026389e-01  1.72729092e+00  7.38923650e-01  7.79070020e-01
  -1.58462451e+00 -1.96118362e+00  5.91481653e-02  2.59778242e-01
   1.37854358e-02  7.45631781e-01  8.24458191e-01  6.65090924e-02
  -2.78324086e+00  2.25336819e+00 -1.61668546e+00  2.25594818e+00
   3.84023736e+00  1.75996350e-01  2.82403626e-01  6.64538203e-01
   7.04790921e-01 -7.63556346e-01  1.84020543e+00  7.04509589e-02
   8.87193634e-01  4.33592729e-01  3.47230090e+00 -3.53237307e-01
   1.43986292e-01  1.13331456e+00 -5.17531813e-01 -2.77189984e-01]]