[-1.293035    0.33464667 -0.3397808   1.59658     2.2456534   0.4724134
  0.7904608   0.07503418 -1.4396619  -0.02893663  1.5446783   0.88360167
 -0.61675245 -2.7809305  -0.32049248  0.32666835 -1.3360583  -0.17002748
 -1.9089292   1.6817924   0.55948496  2.5304375  -0.78896254  0.49874416
 -0.85953665 -1.1979142  -0.04304749  2.1883066  -0.33569667 -1.4685717
  1.236885    0.14321585  0.21194     0.41806754  2.4727342   1.2752092
 -1.6797494   0.63371164 -0.72212917  0.26302913 -1.5418342  -0.5131983
  3.0553102  -0.5892234   1.3362683   1.8687191  -0.587395   -0.63964254
 -0.14287086  1.2051258   1.0504984   0.19803333  0.3496717   1.1175675
 -1.4470259   1.6608057   0.13371666 -0.07171417  0.6646808   1.5199132
  0.08979917  0.58344    -0.08847    -1.4224142   0.84974414  0.2124892
  1.2485033   0.9715976   0.8569208  -0.4789908   0.11798832 -1.1728542
  1.1285233   1.5167608  -1.3453602   2.49803     0.91322845  1.0796317
 -1.3501116  -0.5938     -1.2040058  -1.252416   -0.5590983  -0.9581208
  0.66164917  1.5743059  -1.2625225   1.1646132   0.6356575   0.89543
  1.70529     0.5510141   0.21558416  0.66205746 -0.6060175  -0.12041667
 -1.3139167  -1.6470575   0.04159168  0.03601499  1.0644766  -2.0123007
  2.732936    1.3551866  -0.08713249  1.2318367  -0.06702584 -0.13301668
 -2.0304334   2.6043575   1.0209225  -2.001775   -1.9369544   1.3800858
  1.0502483  -2.4183743  -0.16835253  0.51108915  0.37440333 -0.41151503
  1.427735   -1.8636818   1.8823491   1.7434407   0.31367835 -2.5201836
 -1.1578892  -0.7710367  -0.95992166 -1.4153519   0.42238507 -1.4909267
 -0.85322666  0.42870834 -0.93826413 -0.83358    -0.9068317   0.8272883
  2.2068958  -0.80247587 -0.33668587  1.5501232   0.3378575  -1.4374509
  2.0561116  -0.10666001  0.6582176  -2.3603408   1.5157825   0.34914836
 -0.20978086  0.259385    0.5926183   0.0740292  -0.31278998  0.7127433
  0.9635808   2.5876935   0.6843458   0.0774092   2.4184139  -3.0095928
 -1.6626483  -0.28604665 -0.24753332  1.0356226   0.05658085  3.1617117
 -0.36126664  1.1941351   0.7193191   0.8796175  -1.287155   -1.9671226
  0.21475084 -0.5185333   0.08623582  0.22276081  0.4929225   0.10740251
 -2.9308708   2.5601366  -0.51074755  1.2366515   3.3151724   0.9983092
 -0.5299183   0.03760248  0.62199587 -0.86792755  1.616274   -0.09235249
  1.1490026   0.88320833  2.455735   -0.4127067  -0.05633252  0.56906086
 -1.1080784  -0.5659275 ]