[-1.33843684e+00  1.07073084e-01 -3.73919994e-01  8.14469218e-01
  1.71162534e+00  1.15469508e-02  1.05118155e+00  4.20030743e-01
 -1.42380226e+00  2.10082293e-01  1.10532391e+00  1.93127310e+00
 -6.14813864e-01 -2.55156469e+00 -5.23614526e-01  3.50567669e-01
 -1.61621678e+00  1.99400008e-01 -1.60057080e+00  1.99049318e+00
  1.16141543e-01  2.88229537e+00 -7.87316918e-01  5.05959153e-01
 -4.20473754e-01 -8.66305411e-01  3.73353124e-01  2.59038925e+00
 -1.24889217e-01 -9.65392232e-01  5.48240721e-01  2.82970011e-01
 -6.32215217e-02  8.76772225e-01  2.75217462e+00  8.55237663e-01
 -2.20610952e+00  1.56880462e+00 -7.59086192e-01  4.73943084e-01
 -1.39378166e+00 -6.94727600e-01  2.43559003e+00 -8.12258422e-01
  1.43418145e+00  2.18119860e+00 -6.56985343e-01 -5.13490736e-01
 -3.64815384e-01  1.24133468e+00  1.27917469e+00  4.21142280e-01
  3.22166145e-01  1.63310063e+00 -1.59322858e+00  2.17995620e+00
  4.87442315e-01  6.34950757e-01  5.00410676e-01  1.63078606e+00
  1.15043089e-01  1.03429615e+00  4.09069322e-02 -1.72388768e+00
  4.99661505e-01 -8.66161883e-02  5.05703092e-01  1.12209165e+00
  5.06802320e-01  3.31982255e-01 -1.42412290e-01 -1.65267539e+00
  5.14111519e-01  1.42080009e+00 -1.24054396e+00  2.32152009e+00
  1.36419618e+00  6.05284691e-01 -1.66925931e+00 -8.57252240e-01
 -8.97053123e-01 -9.97331619e-01 -6.11876324e-02 -8.94332290e-01
 -4.22871590e-01  1.78803074e+00 -1.49984682e+00  1.13453150e+00
  4.69226106e-05  1.03213763e+00  1.88458467e+00  1.04859924e+00
 -1.07406154e-01  1.25510764e+00 -3.07087719e-01  6.36768760e-03
 -1.20122778e+00 -1.22300768e+00  9.58678544e-01  2.75439233e-01
  1.22100079e+00 -1.83762467e+00  2.51881027e+00  1.95035613e+00
  3.47341567e-01  6.02467656e-01 -6.85972273e-01 -6.82790756e-01
 -2.60225701e+00  2.41595459e+00  3.53100032e-01 -1.45476484e+00
 -2.01876855e+00  1.09679997e+00  1.04368150e+00 -2.62813187e+00
  2.70193070e-01 -1.16640791e-01  1.08796924e-01 -3.46376151e-01
  1.75059772e+00 -2.04352164e+00  2.02995467e+00  1.39469898e+00
 -7.11854577e-01 -2.28348994e+00 -7.14947701e-01 -1.08591533e+00
 -3.10452312e-01 -9.03406143e-01  9.17895377e-01 -1.58106399e+00
 -8.78252268e-01  6.58390760e-01 -1.25269433e-02 -1.00579619e+00
 -1.31136239e+00  9.82312262e-01  2.36160779e+00 -5.99336088e-01
 -2.21071541e-01  1.45873833e+00  7.15282321e-01 -9.56772268e-01
  1.69762611e+00  6.24099970e-02  7.85680771e-01 -1.55061007e+00
  1.14188075e+00  4.28107604e-02  6.64569587e-02 -1.21697679e-01
  6.34763122e-01 -9.13345963e-02  6.63392097e-02  7.48586118e-01
  1.38848472e+00  2.40396166e+00  5.33033013e-01 -2.60936141e-01
  2.39121222e+00 -2.28125238e+00 -1.49128318e+00 -9.43576470e-02
 -5.57726145e-01  1.08537471e+00  2.55707502e-02  3.08337021e+00
 -8.81544709e-01  6.98847711e-01  1.16455698e+00  1.06924462e+00
 -1.52218699e+00 -1.85546231e+00  4.19493049e-01 -5.31894565e-01
 -1.34220779e-01  3.28882337e-01  4.78382260e-01  2.06138082e-02
 -2.58567452e+00  2.68400168e+00 -8.22022319e-01  1.41005683e+00
  3.84450436e+00  1.35276771e+00 -1.21090800e-01  3.98170769e-01
  6.44698501e-01 -6.26496911e-01  1.96591616e+00  4.90592793e-02
  9.39828515e-01  1.02133536e+00  2.04332447e+00 -5.11619270e-01
  1.46996960e-01  7.05675423e-01 -5.96596956e-01 -6.83611512e-01]