[-1.26145434e+00  6.04839921e-01 -5.15698552e-01  1.03562856e+00
  2.65906715e+00  9.94301498e-01  1.07765996e+00 -2.98205703e-01
 -1.93800437e+00  6.31538570e-01  1.59719574e+00  1.61738420e+00
 -5.70627153e-01 -3.22714114e+00 -2.99104273e-01  3.77658576e-01
 -1.92727005e+00 -3.53371091e-02 -2.24462557e+00  2.28032994e+00
  6.15439951e-01  4.14247465e+00 -8.90388548e-01  5.43364227e-01
 -6.57107055e-01 -1.46455860e+00  4.62414265e-01  2.59758425e+00
  4.46658581e-01 -1.26169860e+00  1.71411431e+00  3.04234296e-01
  1.00332871e-01  1.94244310e-01  3.16825557e+00  1.83881414e+00
 -2.41622853e+00  1.18185997e+00 -8.98172855e-01  4.22718525e-01
 -1.97332573e+00 -1.03565562e+00  4.06746721e+00 -1.36054862e+00
  1.58790147e+00  2.85935998e+00 -8.13027203e-01 -2.16672868e-01
 -1.08882844e-01  1.78754294e+00  1.23391569e+00 -3.00941437e-01
  4.77571428e-01  9.16077137e-01 -1.63698447e+00  1.70377290e+00
  4.50441420e-01 -1.87128559e-01  1.31965566e+00  2.04073715e+00
 -2.95579970e-01  1.04073858e+00  1.22360013e-01 -1.34456718e+00
  8.74047160e-01 -2.70981401e-01  7.49658585e-01  1.31278288e+00
  9.44440007e-01 -4.97442871e-01 -2.90271733e-02 -1.96355844e+00
  9.77635741e-01  1.58355296e+00 -2.33485293e+00  3.14735413e+00
  1.39554298e+00  1.76054704e+00 -1.78688419e+00 -5.11007190e-01
 -1.03239989e+00 -1.37014139e+00 -1.01050282e+00 -1.49018288e+00
  4.40649956e-01  1.63304865e+00 -1.46655142e+00  1.76939571e+00
  1.10982561e+00  9.42548633e-01  2.16931701e+00  5.13337135e-01
  1.14274286e-01  1.00816858e+00  2.39832863e-01 -5.73511422e-01
 -2.18911719e+00 -1.86096573e+00  5.39171517e-01 -2.09404305e-01
  1.66055572e+00 -2.35969305e+00  3.13712287e+00  1.85705853e+00
  1.29075420e+00  1.17027438e+00  7.15768635e-01 -1.32802859e-01
 -2.76860857e+00  2.61697435e+00  1.07260144e+00 -2.30041718e+00
 -1.87559581e+00  1.88169003e+00  6.94958568e-01 -2.87427878e+00
  4.36742827e-02  2.54324287e-01  1.04525852e+00  1.55480012e-01
  1.58204150e+00 -2.19255853e+00  2.16278720e+00  1.91622853e+00
  9.12586227e-02 -2.77473879e+00 -1.48300004e+00 -1.01915133e+00
 -1.21113288e+00 -1.91839576e+00  2.59985715e-01 -1.28299868e+00
 -1.04636276e+00  2.93810070e-01 -1.18449140e+00 -9.48688567e-01
 -7.99945772e-01  7.49618590e-01  3.58699441e+00 -6.47017121e-01
 -2.91968584e-01  1.55029857e+00  2.41431490e-01 -1.76034713e+00
  2.38224149e+00  3.16035658e-01  1.32892430e+00 -2.43667841e+00
  1.78968418e+00  7.61642814e-01  3.58305693e-01  1.01542868e-01
  8.83761525e-01  4.40028608e-01  1.33911431e-01  8.81489933e-01
  5.66755712e-01  3.50339150e+00  2.55217135e-01 -1.31925687e-01
  2.36938548e+00 -3.99414992e+00 -2.34347868e+00 -3.94354284e-01
 -9.42704260e-01  1.34342575e+00  7.59871602e-02  3.20662713e+00
 -6.34925723e-01  7.67088592e-01  9.12718475e-01  1.41285133e+00
 -1.41276729e+00 -2.45407152e+00 -1.81745738e-01 -9.11701381e-01
  7.02711521e-03  6.19564235e-01 -3.51571175e-03  8.63718569e-01
 -3.65019846e+00  2.27405548e+00 -9.99914348e-01  1.40566278e+00
  4.27086878e+00  1.26905143e+00  5.39719999e-01 -3.46178561e-01
  9.08470035e-01 -7.89380014e-01  1.93059707e+00  1.11005731e-01
  1.61496437e+00  1.06620002e+00  3.27819014e+00 -1.03652155e+00
 -9.97901380e-01  2.97832876e-01 -5.43727100e-01 -5.74828506e-01]