[[-1.10167918  0.48918083 -0.45867084  1.12354167  1.85427166  0.28075752
   1.14434999  0.28292334 -1.41651337 -0.40840165  1.28730586  1.29065838
  -1.06934917 -2.13317751 -0.32685416  0.04381165 -1.65345999 -0.1830225
  -1.42696585  1.42455581  0.23926165  2.5617767  -0.78526332  1.03812
  -0.81412081 -0.69902168  0.30888332  1.51600833  0.23759835 -1.2142075
   1.62715336 -0.29260085 -0.26356165  0.78687748  1.79140246  1.21006082
  -1.67031916  1.04957497 -0.66718498  0.26961416 -1.74765922 -0.63153164
   2.58310247 -0.72721833  1.32012585  1.24925671 -0.92024916 -0.67213168
   0.00456584  0.95925501  1.07998667 -0.14367918  0.40064666  1.30274501
  -0.97096834  1.38586084 -0.04896917  0.07077     0.74257998  1.80366664
   0.16021084  0.6003275   0.09765833 -0.92556582  0.70853583 -0.35972501
   0.74181501  0.43733165  0.31711751  0.14818667 -0.03809834 -1.83011834
   0.24641334  1.25143915 -0.94145002  2.10861747  1.09247083  0.8087225
  -0.67749583 -0.48019667 -0.70440418 -1.08147583 -0.97113917 -0.74542249
   0.53388665  1.18587334 -1.31201993  1.72830417  0.61664251  0.68123083
   1.99854245  0.0907275   0.23352251  1.10792499 -0.256175   -0.09534833
  -1.4414367  -1.02667254  0.11351502 -0.157575    0.69097918 -1.45624665
   2.21135917  1.23363167  0.67440165  1.3450767  -0.20530833 -0.05435502
  -2.2060975   3.12235336  0.43724334 -1.57004916 -1.41011499  1.33350751
   0.97671667 -2.28478753  0.45935668  1.01832916  0.78030915  0.3045025
   1.51008332 -1.47186752  1.7635958   1.56069913 -0.10620997 -1.98735753
  -0.44858167 -1.07929833 -0.89291333 -0.65461166  0.36416665 -1.41112001
  -0.87011585  0.42025337 -0.57312002 -0.74999168 -0.70883666  0.39941667
   2.22835164 -0.15656834 -0.23753416  1.23067833  0.02852587 -0.93631335
   1.61297251  0.31992665  0.66744587 -1.97770416  1.60585081  0.18640999
  -0.14689332  0.57361836  0.47207587  0.17996003 -0.26982418  0.25450583
   1.23927914  1.97821833 -0.08990669 -0.45414583  1.5248758  -2.6296667
  -1.10153503 -0.46938    -0.46853666  1.2069792   0.16040416  2.7434358
  -0.04227588  0.99599334  1.17909165  1.15723004 -1.98006581 -1.91383334
   0.01121333 -0.50675331  0.34407415  0.07664752  0.1099625   0.37572664
  -2.74125747  2.57743997 -0.18537669  1.95243162  3.59390672  0.71269666
   0.80274335  0.42872166  0.59500752 -0.36622249  1.62550414  0.09110752
   1.15023419  1.15786083  2.1108158  -1.16542085 -0.00439335  0.04384334
  -0.46286166 -0.69561998]]