[[-1.22452251  0.73347583 -0.3462825   1.37754416  1.86079332  0.32736752
   1.16629082  0.40823334 -1.64640672 -0.13900081  1.07775503  1.13469919
  -0.79112251 -2.8261942   0.04401169  0.04523832 -1.65542417  0.06435002
  -1.45864168  1.47298081  0.36930165  2.54558085 -1.01154666  0.80282665
  -0.60344167 -1.03214585  0.15327749  2.18351583 -0.18345999 -1.30410833
   1.39935919 -0.22907167  0.06182419  0.23050832  2.42648497  1.0771308
  -1.96606749  1.29867414 -0.85077583  0.35662416 -2.10681255 -0.71214081
   2.88518663 -0.70411666  1.15992502  1.36769587 -0.73930749 -0.79551087
   0.02912917  1.01292168  1.09597414 -0.40708918  0.61665166  1.61530001
  -1.19524334  1.55124917  0.06122417  0.02144584  0.95793749  1.82425664
  -0.26126166  0.25715501  0.18501001 -1.71874001  0.75258666 -0.10904168
   0.99664501  1.14085498  0.74959085 -0.45887668  0.45494166 -1.65958335
   1.08136583  1.40826333 -1.06384918  2.61348414  0.948225    0.46455583
  -1.59310416 -0.80890583 -1.05047751 -1.10152334 -0.93882334 -1.30282414
   0.79932414  1.38171835 -1.10232829  1.38163504  0.89849921  0.72545834
   1.78734244  0.19231416  0.28105833  0.77701582 -0.37310667 -0.58765918
  -1.59656503 -0.93945422 -0.16618915 -0.17362832  0.74016585 -2.16416666
   2.67215999  1.35506251  0.50838751  1.1645467  -0.33543    -0.37132501
  -2.24896417  3.40570084  0.78843502 -2.01436999 -1.647935    1.34129418
   1.23362085 -2.40001752  0.43221748  0.66624665  0.65062832  0.28868249
   2.11644918 -1.78825168  2.00557165  1.83257245 -0.18506078 -2.26867672
  -1.13099832 -0.92825667 -0.74787083 -1.30838332  1.27467417 -1.04972169
  -0.70313417  0.8108342  -0.53958833 -0.65535336 -0.75073082  0.81409668
   2.39133915 -0.44099585 -0.24098666  1.49459501  0.6637592  -1.38855753
   2.0636825  -0.09415168  0.7022217  -2.3011975   1.225055    0.59280331
  -0.37009166  0.40059921  0.98241169 -0.23962582 -0.43448918  0.22248916
   1.45278498  2.57250335  0.21377333 -0.59142832  1.92153665 -2.78178924
  -1.24647586 -0.13198834 -0.35988166  1.1656067   0.4218375   3.04073161
  -0.18507669  0.87585001  0.93934749  1.01114003 -1.89111749 -2.12659584
   0.02904333 -0.29118582  0.52223581  0.15442086  0.00597084  0.39870247
  -3.05393163  2.64042496 -0.43155334  1.24402582  3.52337837  1.06860749
  -0.12130085 -0.18513502  0.46009419 -0.45324582  1.72693831 -0.18032748
   1.40854252  1.35193834  2.51205664 -0.57171335  0.06860081  0.34165167
  -0.83088333 -0.76229413]]