[[-1.35360366e+00  1.39257282e-01 -9.10272783e-02  6.50194546e-01
   1.71730725e+00  1.42784585e-01  1.20073454e+00  1.97804546e-01
  -8.32838229e-01 -2.71868158e-01  6.38941818e-01  1.41552910e+00
  -6.62707275e-01 -2.46270639e+00 -3.70980897e-01  4.46989089e-01
  -1.07075638e+00 -1.05099079e-01 -1.39297636e+00  1.44441909e+00
   1.11878173e-01  2.65668090e+00 -7.38287267e-01  9.46792711e-01
  -5.11883637e-01 -8.54993626e-01  3.44197254e-01  2.34299454e+00
  -7.03445367e-02 -8.05388209e-01  9.47129114e-01  8.14536427e-02
  -1.64541331e-04  7.50577276e-01  1.76469453e+00  1.06025365e+00
  -1.87004816e+00  7.29456341e-01 -9.97786340e-01  2.87789990e-01
  -1.30821368e+00 -9.54999974e-01  2.29440812e+00 -2.33844540e-01
   1.17463182e+00  1.25896458e+00 -3.29852728e-01 -7.02774563e-01
  -1.29481816e-01  1.04294092e+00  6.11654536e-01 -1.78245463e-01
  -3.18017251e-01  9.82265460e-01 -1.45382547e+00  1.62362364e+00
   1.20760910e-01  1.34486361e-01  1.33304533e-01  1.44690636e+00
   4.00480917e-01  6.66208183e-01  5.28572761e-02 -1.34660090e+00
   7.98113631e-01 -2.44074556e-01  3.36215447e-01  5.78552715e-01
   2.33906386e-01  1.82349091e-01 -4.85694564e-01 -1.21576910e+00
   4.93674555e-01  1.32508180e+00 -5.69001832e-01  1.73912452e+00
   1.42254546e+00  2.25813635e-01 -9.70663623e-01 -8.52209049e-02
  -4.80720022e-01 -9.73040015e-01 -7.36393626e-01 -5.21381812e-01
  -6.01636578e-02  1.16416184e+00 -1.21305631e+00  1.13351636e+00
  -1.25111827e-01  6.60539104e-01  2.00623728e+00  2.45552720e-01
   2.87772674e-02  7.75683628e-01 -4.11422721e-01 -8.49309054e-02
  -1.37382094e+00 -1.22763096e+00  4.46956357e-01 -3.51191802e-01
   6.51287279e-01 -1.52556999e+00  2.14442727e+00  1.73834728e+00
   6.36220902e-01  1.03262821e+00 -8.20349997e-01 -3.81498189e-01
  -1.66809547e+00  2.32375368e+00  4.53454558e-01 -1.58072909e+00
  -1.68462547e+00  1.77074365e+00  8.92023627e-01 -1.76465186e+00
   2.27708174e-01  6.23399751e-02  2.43408160e-01  6.05245470e-02
   1.09558455e+00 -1.67971730e+00  1.84098544e+00  2.18159086e+00
  -9.79799574e-02 -1.75406454e+00 -2.88796360e-01 -1.18231273e+00
  -7.12749096e-01 -1.06739365e+00  5.50609990e-01 -1.19604365e+00
  -9.46432742e-01  3.55472760e-01 -2.44528185e-01 -6.03074570e-01
  -6.83197275e-01  6.41427287e-01  2.14686090e+00 -2.79336366e-01
   7.48100010e-02  1.01262636e+00  8.71102765e-01 -1.02014366e+00
   1.43508000e+00 -1.07145594e-02  5.56017299e-01 -1.74579270e+00
   1.31236724e+00  4.36371809e-01  5.80391030e-02  7.27763555e-02
   7.47659122e-01  3.08209175e-02 -5.63590906e-02  6.62210912e-01
   6.11945434e-01  1.86678000e+00 -3.86609205e-02 -2.16737254e-01
   1.83536269e+00 -1.94087553e+00 -8.43786391e-01 -9.10354771e-02
  -5.84145448e-01  6.33080004e-01 -1.07341838e-01  2.42818633e+00
  -6.44834594e-01  6.24782746e-01  1.37579181e+00  5.72956373e-01
  -1.79414816e+00 -1.46967090e+00  1.01391809e-01 -3.77607258e-01
  -1.63909109e-01  1.33437287e-01  7.18561783e-01 -4.54471873e-01
  -2.21103998e+00  2.44268360e+00 -3.98842730e-01  9.93722699e-01
   3.22067456e+00  7.88361804e-01  4.32388170e-01  4.40657246e-01
   6.71972745e-01 -2.99604536e-01  1.50521454e+00  3.82596368e-01
   1.16864363e+00  4.33018184e-01  2.09723548e+00 -4.73689101e-01
  -5.04727377e-02 -1.68374525e-01 -7.96801807e-01 -7.87974517e-01]]