[-1.6839257   0.27712002 -0.3468357   1.5886228   2.0904458   0.7669915
  1.6282872  -0.12459282 -1.5005215  -0.00639996  1.2689857   1.9161472
 -0.61328995 -2.9150975  -0.39280716  0.38420144 -1.8919457   0.34208575
 -2.493927    2.0789273   0.03026858  3.9788015  -1.3309671   0.8512885
 -0.8396556  -1.2796086  -0.2949957   2.7550027   0.5078371  -1.8815342
  2.25219    -0.5075315  -0.13502999  0.76876     2.8899982   1.4951731
 -2.4237573   0.9758715  -0.9270414   0.39918286 -2.0906286  -1.0160958
  3.8495643  -0.86866707  1.6840858   2.5000415  -0.9049385  -0.54500145
 -0.46448427  1.5725471   1.3604642  -0.40225428  0.25328287  1.2973999
 -1.3769758   1.1107086   0.5644471  -0.4406829   1.1589286   1.8056657
 -0.2303929   1.3482057  -0.04535571 -1.3070756   0.9390914  -0.06118288
  0.6083614   1.5412742   1.1846615  -0.6350772   0.03160713 -2.3699772
  0.9295886   2.0892556  -1.7881185   3.2687259   1.1749871   0.9070786
 -1.4660057  -0.5166     -0.57649285 -1.9508959  -1.5480627  -1.76445
  0.6948629   1.6397829  -1.3082743   1.9296999   0.16145854  0.4564015
  2.2470157   0.37385854  0.6713415   1.5715843   0.13587856 -0.48033142
 -1.8848928  -1.2925256  -0.24560429  0.08506572  1.55773    -2.5023828
  2.9437413   2.0367727   1.0786172   1.1673858   0.21533856 -0.8022614
 -2.9778957   2.8698616   1.0073029  -2.15959    -2.1563756   1.4811743
  0.7651986  -2.972987    0.5047214   0.15814431  0.9850286   0.11662715
  1.651847   -1.7893413   1.703847    2.3383214   0.10136007 -2.649606
 -1.7579631  -1.4129372  -1.0444314  -1.5908972  -0.43768    -1.6056442
 -1.2128557   0.26898003 -0.7141886  -0.6823443  -0.8218729   0.6230129
  3.3432174  -0.86614    -0.1722643   1.2187101   0.29189435 -2.1075442
  2.8978386   0.4262328   1.1963528  -2.6513686   2.0498228   0.7190871
  0.23629001  0.3571157   1.2231443   0.3165486   0.32371858  1.0907214
  1.07563     3.1104372  -0.42930856 -0.45533854  2.4836543  -3.7774014
 -2.4196784  -0.16759004 -1.3340315   1.6594372  -0.04991426  3.1102397
 -0.2520558   0.93090284  0.7996842   1.4884001  -1.5880144  -2.3670413
 -0.02017143 -0.7532957   0.16256426  0.86490583  0.4793543   1.0097829
 -3.61777     3.191764   -0.98959005  1.8884742   4.41954     1.1113456
  0.7696185  -0.3097229   1.1022571  -0.41294572  1.1965615   0.24842001
  1.8513173   1.2212642   3.44495    -0.83869135 -0.85047007  0.30416283
 -0.4744143  -0.3946814 ]