[-0.90820086  0.40424907 -0.14395547  0.99575907  2.0858355   0.6903073
  1.0208226   0.28811362 -1.4383683   0.26656634  1.0282319   1.30917
 -0.82861    -2.7537057  -0.32823     0.03673637 -1.6397927  -0.23035
 -2.0639973   1.5267509   0.06594635  2.917219   -0.7782991   0.70908093
 -0.4847909  -1.053741    0.1995518   1.9088436   0.30803186 -1.3419873
  1.569809    0.23599273 -0.05565817  0.4490446   2.3634472   1.5938336
 -1.44424     0.89850825 -0.7563109   0.4834636  -1.5512493  -0.07569181
  2.558562   -0.66736007  1.3198891   1.6115083  -0.5435227  -0.5431482
 -0.36602548  0.93700635  0.92916006 -0.22336365 -0.21025728  1.6889064
 -1.5161475   1.6418545   0.47090816 -0.2736591   0.07544544  1.5494682
  0.15388817  1.1958547   0.37167186 -0.9183473   0.5958172  -0.84541374
  0.9911581   0.8790664   0.33627456 -0.13145366  0.01408272 -1.5702426
  0.63864094  1.7582183  -1.1839617   2.07847     0.9317028   1.2231746
 -1.3740718  -0.3673545  -0.4128073  -0.74419093 -1.0243872  -0.79920095
  0.24809365  1.3619037  -1.2158154   2.0599627   0.72618634  0.92516005
  1.4110181   0.01951638  0.6224828   0.70166546 -0.40933087 -0.10177637
 -1.5834283  -1.7295827  -0.24387544 -0.5594127   0.6274609  -2.4535692
  2.1014073   1.3978318   0.45182732  1.3469782   0.17581996 -0.13050637
 -2.0143282   2.880602    0.79784185 -1.9614929  -1.7119428   1.5085746
  0.89153004 -1.9500918  -0.33071005  0.35019818  0.64702094  0.06241819
  1.3312973  -1.5752465   1.7044126   2.1739826  -0.08385541 -2.0868828
 -0.5390554  -1.1344237  -1.3499745  -1.197302    0.13111366 -1.0881827
 -0.9753182   0.2738291  -0.7477537  -0.5588764  -0.69941914  0.6550782
  2.6034892  -0.8632091   0.11878908  1.4770253   0.64718187 -0.8971527
  1.69033     0.21028724  0.36742184 -2.1434774   1.5340708   0.62479997
  0.20734638  0.06627087  1.4383664  -0.61208     0.23612005  0.82115453
  1.2406901   2.2046754   0.8218773  -0.39624184  2.1193228  -2.3091645
 -1.2862511  -0.26950818 -0.7225545   1.4319401   0.12389725  2.760541
 -0.85280555  0.9671891   1.1435163   0.7679673  -1.9488527  -2.5829291
  0.03833272 -0.78625625  0.0557      0.3014255   0.36306456  0.29172543
 -2.9883637   3.0823634  -0.10438455  1.3934144   3.7514734   0.7200918
  0.74689996  0.62693     0.2158191  -0.4913645   1.34113    -0.32627627
  0.91395915  0.80179274  2.0995445  -0.9784618   0.1957609  -0.12848455
 -1.0016818  -0.79905814]