[[-0.65462792  0.62925416 -0.06389351  0.84908312  0.95255373  0.36664533
   0.94225518 -0.10316544 -1.60966141  0.01304131  0.51630027  1.54718907
  -1.03318714 -1.85152652  0.2038139  -0.19586961 -0.54927895 -0.50462013
  -1.6146483   1.44114309 -0.08300222  2.14912477 -0.97544427  0.11789338
  -0.69918895 -0.79178467  0.66257116  2.13430172 -0.08790273 -1.16239311
   0.71584001 -0.47221634 -0.6620239  -0.13075572  2.21011869  1.4555139
  -1.58243718  0.28416233 -1.36411844  0.19277415 -2.08842998 -0.4331617
   1.47067792 -0.26372351  0.73114456  1.05767961 -0.64815365 -0.35958625
   0.39889713  0.86217675  0.65072636  0.32792013  0.48124635  1.13122142
  -0.78930338  1.64326143 -0.69025039  0.15017105  0.56789234  1.6738603
  -0.34450505  1.00893377  0.5967709  -1.10680091  0.5961409   0.59448754
   0.74399998  0.84564221  0.59870871 -0.10269649  1.00861027 -1.27112673
   0.58203702  1.51829259 -1.49401663  1.30700093  0.88137104  0.32361611
  -1.22711857 -0.35807131  0.18918117 -1.38809857 -0.09298299 -1.19329245
   0.54082932  1.95246844 -0.60010362  1.05695103  0.98152066  0.67078687
   0.70770973  0.28796441  0.64561351 -0.11897091 -0.35545636 -0.01370467
  -0.86444742 -0.48856533 -0.60010935  0.58645613  1.07230688 -1.8603171
   2.07846078  1.00180676  0.47045362  0.68117936 -0.3180769   0.27364377
  -1.60704191  1.61757868  0.37295585 -1.106454   -1.47871831  0.86324536
   0.77532676 -1.65243755  0.07599468  0.68430275  0.47194675 -0.17989558
   1.45201315 -1.06499     2.04409688  1.29216869 -0.94810804 -1.2676983
  -1.03831067 -0.34722026 -0.25665273 -1.20701119  0.24779674 -1.35597285
  -1.08855987  0.60137636 -0.07506609  0.22137544 -1.08226417  0.76240503
   0.73844153  0.22099883 -0.15787727  1.27663898  0.42114648 -1.00652275
   1.06101949 -0.92431741  0.49786182 -2.0243426   1.28850984  0.2886709
  -0.08188688 -0.95754193  0.6618586   0.91196911 -0.22705078 -0.03658831
   1.05220765  1.91455836  0.6315204  -0.52153922  2.17111597 -1.34342711
  -0.61065962 -0.60511456 -0.11537352  0.05213246  0.0459357   2.66448883
  -1.3955343   0.5455613   0.43876247  1.28579025 -0.97466854 -0.96412154
   0.3571578  -0.67173259 -0.30990753  0.67446714  0.87519754  0.60338232
  -2.21061242  1.95596587 -0.37896442  1.85658651  2.67586061  0.52107768
  -0.45258313  0.75828455  0.12917027 -0.58039792  1.00773549 -0.0148426
   1.27359311  0.95972975  0.97095219 -0.37315844  0.5384026   0.55901375
  -0.44231598  0.55509481]]