[[-1.5043843   0.38528284 -0.60412716  1.12804859  2.18438143  0.87013576
   1.2876343  -0.11458998 -1.68688008 -0.11710996  1.30539432  1.39878719
  -0.83330144 -2.77613432 -0.35555713  0.44438    -1.99231715  0.3053486
  -1.84490716  1.69229572  0.47592854  3.50059288 -0.96208284  1.01488142
  -0.34581714 -1.18086573  0.03147998  2.28739854  0.18722572 -1.41520142
   1.8014429   0.11672574 -0.22019712  0.45419285  2.11249568  1.42816857
  -2.1254743   1.4922514  -1.03970714  0.5673157  -1.54528858 -1.18891995
   3.7271485  -0.94555284  1.33344431  2.15144721 -1.05711427 -0.41162859
  -0.04667714  1.61702859  1.44720427 -0.37221572  0.72701857  1.10513571
  -1.06164571  1.25706144  0.49201144 -0.49361714  1.26653426  1.77886999
   0.11964572  0.7833143   0.14452858 -1.58875142  0.97393284 -0.04592857
   0.63665003  1.24957997  0.89418289 -0.47148573  0.21184571 -2.15146575
   0.69240144  1.48064285 -1.5214543   2.58210281  0.93825427  0.98060427
  -1.50758854 -0.49071715 -1.02386716 -1.48666001 -1.11195    -1.46494712
   0.66926568  1.28866861 -1.44509136  1.5338      0.49798285  0.32937432
   2.15841849  0.22082999  0.03526142  1.3106657   0.02889858 -0.69564571
  -1.97611576 -1.2330072   0.01591288 -0.1513557   1.35411859 -2.23924283
   2.71144857  1.75351431  0.7389457   0.79013575 -0.01732286 -0.45012573
  -2.58181858  3.0775029   1.16564717 -2.20841428 -1.63210431  2.02012858
   0.87771716 -2.68073433  0.56253142  0.86777998  0.66817713  0.21265857
   1.45271002 -1.83031003  1.49449284  2.31229568  0.11823291 -1.96620578
  -1.41427714 -1.01331288 -1.07587    -1.46395143  0.49041712 -1.29453859
  -0.75173288  0.36410005 -0.82486    -0.99298715 -0.61812001  0.66745143
   3.16160287 -0.89170573 -0.45728572  0.88315714  0.29662863 -1.6960629
   2.50097714  0.3553614   1.02028433 -1.99944001  1.81053997  0.72923854
  -0.11314715  0.67696142  0.91453003  0.28208573  0.06751572  0.79394427
   0.91995285  2.7945857  -0.51211715 -0.05505713  1.9432328  -3.37817863
  -1.92575719 -0.09676573 -0.97108713  1.31913716  0.23278857  3.04684421
  -0.09062146  0.89598286  0.84679142  1.47141004 -1.6815843  -1.76958286
  -0.46253428 -0.91521569  0.26018284  0.33303288  0.04250714  0.7676114
  -3.11756137  2.37712571 -0.8737886   1.73549425  3.94750432  0.87523141
   0.16249998 -0.37520287  0.88323859 -0.81231856  1.42847998  0.1212786
   1.37987286  1.15726569  3.49992279 -1.01506574 -0.93980145  0.18224429
  -0.6433757  -0.66136854]]