[-1.8895955   0.03425923 -0.30942848  1.1128753   2.0811994   0.05746621
  0.7444799  -0.16002846 -1.2484176  -0.26284075  1.2843323   1.1407316
 -1.0748831  -2.64887    -0.14506538  0.44767225 -1.5799085   0.19874154
 -1.4059715   1.4957008   0.40162003  2.608084   -1.1221623   0.6576954
 -0.9246284  -0.959917    0.35152385  2.0719914   0.05939    -1.4717376
  1.0269538  -0.19888462  0.33101     0.18768767  2.3419175   1.09076
 -1.9946939   0.66001004 -1.2740161   0.3044877  -1.9601833  -0.28661993
  2.90741    -0.9872261   0.92526466  1.4954501  -0.11830385  0.10535768
  0.30205846  1.3473262   0.86849153  0.23726079 -0.23458077  1.4746407
 -1.1370947   1.6818079   0.21615386 -0.11287694  1.0226462   1.5893328
 -0.14997381  0.82839864 -0.3779054  -0.9488338   0.5907461   0.20075692
  0.69577307  1.0654985   0.6488084  -0.10093537  0.20686921 -1.3804092
  0.36297995  1.2827185  -1.1673707   1.9094691   1.3349309   0.80908924
 -1.3311808  -0.6908446  -1.041733   -0.79581004 -0.7931893  -0.55649924
 -0.15161155  1.1837716  -0.79971606  1.4862123   0.1496108   0.33838847
  2.0505922   0.4941438   0.23572317  1.5023868   0.58194613  0.1640246
 -1.4654832  -1.1310453   0.03577308  0.5669169   1.0617577  -1.9935251
  2.1979792   1.24276     0.37541464  1.2904938  -1.1561815   0.06375922
 -2.121227    2.6084032   0.6923554  -1.6287624  -1.5799825   1.3882091
  1.2788684  -2.3163478   0.37652153  0.52485305 -0.15317997 -0.1058
  1.5174115  -1.7658724   1.6123892   2.3829823   0.43069464 -2.070514
 -0.6191409  -1.0682906  -0.7511709  -1.2965564   0.8667708  -1.09591
 -0.95991296  0.64169776 -0.29259002 -0.7253462  -0.75447935  0.29280922
  2.306693   -0.79574925 -0.1035523   1.6351821   0.5524354  -1.8731638
  1.4888139  -0.3210054   0.7580923  -2.033246    1.6987121   0.30191308
  0.37141615  0.5665669   0.47148007  0.0938054  -0.27995235  0.8587784
  1.3184038   2.0753748   0.37846074 -0.71166456  2.2338085  -2.510794
 -1.0384476  -0.26188233 -0.5377799   0.54754394  0.1651254   3.0627131
 -0.61022925  0.81578696  0.9063854   0.89441925 -1.2079799  -1.8612071
  0.37180153 -0.8248046   0.19052151  0.46075073 -0.3382862   0.16160998
 -2.7431116   3.0231807  -0.7007862   1.3173529   3.6231706   0.8552023
  0.12343227  0.7902238   0.28592545 -0.17769688  1.8569992   0.16676846
  1.2614939   1.0768378   2.4590921  -0.37818772 -0.41780847  0.5035139
 -0.82573307 -0.9377038 ]