[-6.6831243e-01  4.7021252e-01 -1.2601774e+00  1.7129037e+00
  2.2203174e+00  1.3676076e+00  1.8129164e+00 -2.8565627e-01
 -2.0263076e+00  3.9462250e-01  1.3319626e+00  1.7279900e+00
 -8.4260255e-01 -3.2585859e+00 -4.0765503e-01  3.1321877e-01
 -1.7288599e+00  2.8499126e-01 -2.2642200e+00  2.5129125e+00
  3.4175998e-01  3.7091398e+00 -1.0991350e+00  6.0526997e-01
 -5.1932502e-01 -1.4459913e+00  2.2815000e-01  2.6667373e+00
 -3.3426240e-02 -1.4504751e+00  1.6702526e+00  7.3938772e-02
 -1.7146121e-01 -1.1001753e-01  3.0501835e+00  1.7983612e+00
 -1.9789389e+00  1.7184050e+00 -1.2157038e+00  5.3467471e-02
 -1.5461637e+00 -9.1289002e-01  3.5397778e+00 -6.5513748e-01
  1.8081114e+00  2.4097514e+00 -9.5514250e-01 -5.7857877e-01
  1.3826248e-01  1.4651186e+00  1.0021037e+00 -1.3621750e-01
  8.8712001e-01  8.5082126e-01 -1.4553425e+00  1.9663551e+00
  5.3402251e-01  4.6963751e-02  1.0925624e+00  1.7236388e+00
 -3.7141997e-01  6.7197120e-01  4.5882377e-01 -1.5833700e+00
  1.2477400e+00  3.1491750e-01  7.0675248e-01  1.4697263e+00
  1.1491263e+00  2.6237294e-03  8.2951868e-01 -2.3297539e+00
  6.9057876e-01  2.3435211e+00 -1.5093050e+00  3.4021711e+00
  1.4741426e+00  1.5922651e+00 -1.3102350e+00 -1.3683622e-01
 -9.7932249e-01 -1.0136212e+00 -5.3755754e-01 -1.4718425e+00
  6.1468250e-01  1.9036776e+00 -1.8999175e+00  1.1517450e+00
  5.4037750e-01  1.2374425e+00  1.5012937e+00  4.8517001e-01
  1.4343126e-01  8.2907504e-01 -3.2467622e-01 -2.3956624e-01
 -2.0192151e+00 -1.6609862e+00 -3.4815252e-01  2.6250499e-01
  1.2305475e+00 -2.4069512e+00  3.0348663e+00  2.0884237e+00
  7.8686506e-01  5.4586881e-01  1.2632482e-02 -3.2186627e-01
 -2.4607463e+00  2.5722089e+00  1.8735788e+00 -1.5064263e+00
 -1.7451276e+00  1.8660263e+00  6.1050749e-01 -2.9458840e+00
 -2.1475749e-01  6.6364622e-01  9.2521000e-01  2.1893126e-01
  1.9835650e+00 -2.8028688e+00  2.1015513e+00  2.6386237e+00
 -2.5965616e-01 -2.2230952e+00 -1.3265300e+00 -5.3656757e-01
 -1.1996838e+00 -1.2652175e+00  3.7997624e-01 -1.3984689e+00
 -1.0392799e+00  2.1676254e-01 -1.0174187e+00 -9.5966250e-01
 -1.5647988e+00  6.5577382e-01  3.1916740e+00 -7.5862247e-01
 -4.4433251e-01  1.0811536e+00  8.4027505e-01 -1.5767701e+00
  2.4987550e+00 -1.7315251e-01  6.0239875e-01 -2.2855887e+00
  1.9880973e+00  7.1183127e-01  3.2151750e-01 -2.8189942e-02
  1.3956363e+00 -2.0816372e-01 -5.7904750e-01  5.4259872e-01
  1.1218588e+00  3.1227825e+00 -2.5099814e-03  1.8408877e-01
  2.2678263e+00 -3.4496598e+00 -2.1343899e+00 -7.0897990e-01
 -5.4084122e-01  1.2832038e+00  2.3824874e-01  3.1997874e+00
 -6.8075252e-01  6.3193125e-01  9.8875368e-01  1.2338113e+00
 -2.5100725e+00 -1.8249137e+00 -3.3918503e-01 -1.4294786e+00
 -1.1457518e-02  9.9799508e-01  3.2301998e-01  4.0917501e-02
 -3.2799213e+00  2.6408911e+00 -9.4226259e-01  2.3994575e+00
  4.0135250e+00  6.8221122e-01  2.4166256e-02 -4.0718752e-01
  4.2685249e-01 -8.6895245e-01  1.4872224e+00 -3.1476250e-01
  1.6120938e+00  1.1691637e+00  3.2036324e+00 -7.8136003e-01
 -7.3454881e-01  5.1297379e-01 -6.5073752e-01 -3.4807876e-01]