[[-0.404815    0.62999    -0.76764501  1.35426672  0.40031168  0.24865502
   1.79682839 -0.36237333 -1.30262502 -0.4366917   1.15722169  1.60039675
  -1.40558835 -2.65990663 -0.28039501 -0.50088002 -2.12589828 -1.14880672
  -1.70924004  1.12416831  0.5031833   1.93707665 -1.05982671 -0.08757
  -0.06032999 -1.56843007  1.02866004  1.58691166 -0.17944998 -1.41154003
   0.243335    0.60237331 -0.54957163 -0.50212836  2.33554673  2.64635173
  -1.61525003  0.58367167 -1.9591732  -0.50106833 -2.24174001 -0.32601499
   1.96672153 -1.05310837  1.22437668  1.7656401  -0.72691999 -0.86483498
  -0.45674332  1.42699667  1.85789339  0.91725664  1.29605655  0.86095162
  -1.08755503  0.95712666 -0.88479835  0.67924172  0.50603338  2.47385164
  -0.15066002  1.11063331 -0.14545168 -1.14936165 -0.08520333  1.41603168
   0.34411501  0.03530502  1.48562165  0.14520666  1.80991501 -2.29498657
   0.81098     1.554715   -1.89779493  1.1956567   1.30290989  0.72762497
  -1.63580159  0.36987168 -0.5219516  -0.80954329  0.23523168 -2.55193679
   0.64466834  2.70837824 -1.47741328  0.73648334  1.21963658  0.29430501
   0.76854169  0.52905504  0.5044233  -0.41406329  0.72012498 -0.73408165
  -1.43219674 -0.54795999 -0.18890331  0.40365165  0.75924164 -1.11785336
   1.65253663  1.85711334 -0.34451999  1.72988989 -0.31243668 -1.31614993
  -2.83594998  3.04735835  1.67111325 -0.91512666 -0.46089335  1.21736999
   1.1145767  -2.00286333  0.14311001  1.25734834 -0.08121666  0.45139503
   1.34590999 -2.39817675  1.81288339  2.38571493  0.08329998 -1.85592159
  -1.4341383  -0.100595    0.1563283  -1.19034497  1.60281841 -1.55364509
  -0.69860836  1.75919984 -1.06971172  0.26377328 -1.08851173  0.70214333
   0.71716832  0.36253504 -1.03725672  2.51273998  0.12405837 -1.74642499
   1.84759506 -0.80143334 -0.34628168 -1.02554995  1.19798998  0.19548166
  -1.17762995 -0.82337165  1.30454342  0.36434997 -1.41265329 -0.13047169
   1.98872157  2.11287669  0.49931999 -0.27264167  0.97525999 -2.20978491
   0.00707328 -0.87866503 -0.28188667 -0.03479002  0.11656834  3.22725014
  -0.53185334  1.36488501  0.63643496  2.16506001 -0.31168002 -1.6273934
  -0.62602002  0.61160666 -1.16886997  1.40095508  0.97833335 -0.32033833
  -2.71722658  1.2614366  -0.83776007  1.6578083   2.49637179  0.42969499
  -0.05170663  1.27279671  0.33760168 -0.25199509  1.65131338 -0.07551332
   1.29205179  1.70465326  3.13169654 -0.31225834  0.38274     0.8649166
  -1.15958504  1.72940673]]