[-6.3187003e-01  2.3706254e-01 -6.8637550e-02  1.8279951e+00
  1.8004298e+00 -1.4860249e-01  9.5321751e-01  6.5961498e-01
 -1.2851150e+00  7.9505748e-01  1.7830503e-01  2.5880699e+00
 -1.1749775e+00 -4.2639599e+00  2.3031001e+00 -2.0318425e+00
 -1.1953624e+00 -1.1177250e+00 -1.9013051e+00  2.3270152e+00
  2.0914750e-01  2.2487850e+00 -2.2427502e+00 -2.4506256e-01
 -5.3477511e-02 -6.9034505e-01 -8.9375502e-01  2.7577126e+00
  1.3085824e+00 -7.9236251e-01  1.2296125e+00 -8.3791751e-01
 -4.4219497e-01  2.1370249e+00  2.6345124e+00  2.6009550e+00
 -1.8081700e+00  1.0437925e+00 -1.0490800e+00  1.9277249e-01
 -3.5363724e+00 -8.7439001e-01  3.2574153e+00 -1.4755003e-02
  9.3771243e-01  2.7973673e+00 -1.5910275e+00 -1.3787125e+00
  1.0256450e+00  1.9637750e+00  4.8136249e-01  2.0478499e+00
  8.6126751e-01  2.4534948e+00 -3.9973751e-01  1.6699351e+00
 -6.5077496e-01  6.9633001e-01  2.7559003e-01  2.0072651e+00
 -1.1181149e+00 -6.8769491e-01  1.5922098e+00 -2.4787350e+00
  7.3902243e-01  4.3575752e-01  4.8876500e-01  2.0761449e+00
  3.5202000e-01  1.1897519e-02  2.2332301e+00 -8.5949004e-01
  6.1990750e-01  2.6729777e+00 -1.6571751e+00  2.0711150e+00
  2.1205175e+00 -6.7544967e-02 -2.7444124e+00 -1.7078875e+00
 -6.9609749e-01 -1.9338126e+00  4.5408249e-01 -8.2542002e-01
  5.9942245e-01  3.5037651e+00 -1.0594774e+00  1.8716499e-01
  1.3850275e+00 -4.2679965e-02 -6.7912489e-02  3.8067520e-02
  1.0899224e+00 -8.6290503e-01 -4.6884751e-01 -7.5062007e-01
 -1.3518875e+00 -1.1854900e+00 -1.4736301e+00  9.0760000e-02
  1.5570176e+00 -2.3136899e+00  4.4776101e+00  1.5316424e+00
  2.0468276e+00  4.1857752e-01  9.0391999e-01 -2.7789748e-01
 -1.1333624e+00  1.7564974e+00 -4.5124999e-01 -9.3789494e-01
 -1.7055775e+00 -4.5624822e-03  1.4664075e+00 -3.5155725e+00
  1.6907150e+00  3.1449503e-01  9.9984246e-01 -9.5395750e-01
  2.0991325e+00 -1.5601975e+00  3.3266575e+00  2.4583902e+00
 -2.0927501e+00 -9.2042243e-01 -3.1174774e+00  4.2996249e-01
  1.3315500e+00 -2.3915625e+00  2.0038509e-01 -2.4144244e-01
 -3.4367502e-01  1.5960002e-01  4.9287501e-01  1.6342125e+00
 -3.7948498e-01  2.1191325e+00  5.4707491e-01  5.1289243e-01
  1.0011599e+00  1.6784050e+00  7.3090500e-01 -4.8888004e-01
  5.1521748e-01 -1.2577474e+00  7.0228755e-01 -3.0033600e+00
  5.0390005e-02  3.3678496e-01 -3.5927001e-01 -1.1057750e+00
  2.1131725e+00  9.5040262e-01 -1.4185750e+00  5.2624005e-01
  1.6981850e+00  2.2080677e+00  4.7304997e-01  5.1820010e-01
  3.4314926e+00 -2.0391376e+00 -1.0449600e+00 -1.5467548e+00
 -1.0202224e+00 -3.7964749e-01 -5.6625497e-01  4.9716101e+00
  1.7484500e-01  5.7386500e-01  2.1959226e+00  2.8420351e+00
 -1.8447850e+00 -9.6599746e-01  1.6708499e-01  7.8131247e-01
 -3.5498253e-01  1.8694601e+00  1.9057025e+00  2.5284749e-01
 -3.8651175e+00  1.6387374e+00 -1.4193149e+00  2.5895424e+00
  3.8733301e+00  9.1292500e-01  3.2262251e-01  3.3716249e-01
  4.6219251e-01 -7.3470497e-01  2.7521849e+00 -1.3383508e-01
  2.2252851e+00  2.7502899e+00 -5.9220999e-01 -1.6936749e-01
  1.7950550e+00  4.7758001e-01  5.0279254e-01  9.9370748e-01]