[[-0.59987594  1.10062814 -0.35707501  0.57991844  0.77030436  0.06133343
   0.85857094 -0.40347841 -1.66994191  0.36889063  0.75716688  2.41039187
  -1.0946047  -2.64505657  0.26083749 -0.70830874 -0.48406343 -0.43653873
  -1.35189782  1.56093285 -0.26985656  2.05438875 -0.92257094 -0.43671126
  -0.45351281 -0.9346725   1.66475843  2.40483907 -0.63800656 -1.04978283
   0.64288999 -0.29535906 -0.66952188 -0.15669969  1.74188093  1.71449031
  -1.05722124  0.76533751 -1.84804688  0.08550344 -1.78524721 -0.83011438
   1.65350249  0.41775312  0.69343217  0.55482001 -0.35506123 -0.38065563
   0.61875154  0.92338623  0.62861249 -0.48144126  0.56698498  1.20638374
  -1.28713189  1.54537124 -0.3955425   0.43875813  0.8174328   1.84876438
  -0.71211654  1.05723125 -0.30781657 -1.39076969  1.08049501  0.33005561
   0.32834969  0.68563782  0.44578188 -0.26202531  0.81301468 -1.00011466
   0.54007782  1.6029403  -1.41737748  0.8704928   0.86309436  0.19077312
  -1.27478187 -0.74133344 -0.90030501 -1.24054469  0.04101157 -1.24079031
   1.25718719  2.46047905 -1.15417937  1.50719908  1.33396564  0.97727563
   0.37348717 -0.2555047   0.70984154 -0.63494437 -0.05286656 -1.21795032
  -0.93769409  0.12670844 -0.70146498  1.13323376  1.00069781 -1.8726753
   2.03947092  0.98634718  0.58780032  0.60022345 -0.85359907  0.11290906
  -1.31069034  1.99764062  0.5146775  -0.98842811 -1.35236594  0.16417843
   0.99105751 -1.97801626  0.75960843  1.42948091 -0.04605001 -0.61117909
   1.74490595 -1.94906969  1.56845688  1.91060692 -0.74000435 -2.15136874
  -1.47628249 -1.00053782 -0.6269525  -1.5124975   1.14103875 -0.28235938
  -1.46354251  0.58539534 -0.1976022   0.49378157 -0.97832032  1.36480001
   0.98896717  0.40632248  0.39507593  1.55552937  1.17736127 -1.74869095
   1.33794843 -0.52150469  0.48721031 -1.7368144   1.56232064 -0.10482751
  -0.20754501 -1.51050937  1.35364471  0.80637436 -0.15681657 -0.09998125
   1.51300096  1.8989528   1.83698531 -0.36967719  2.43002565 -1.11874186
   0.14590343 -0.65822094 -0.20455562  0.35887438  0.04553343  3.62242095
  -1.43236719  1.39963906  0.50843718  1.45083311 -1.7384125  -0.71053408
   0.48010906 -0.51617375 -1.16397124  1.03243223  1.22096531  0.52006436
  -2.41788781  1.30432063 -0.51327532  1.8034084   2.25992594  0.23151623
  -0.92097998  1.12015935  0.26285844 -0.51390376  1.60248434 -0.4262925
   1.9086575   0.88570376  1.55120783  0.0553575   0.26184718  0.23939751
  -1.13567281  0.50778874]]