[[-0.51017236  0.62667001 -0.14578411  0.90448706  1.23568568  0.03959591
   0.80915981  0.04755703 -1.26073412 -0.08237473  0.48706706  2.08671494
  -1.43325371 -2.73625938  0.38426078 -0.13771985 -0.68553469 -0.11535137
  -1.68715758  1.8331963   0.0276245   2.05179372 -0.75294746 -0.22494236
  -0.40406765 -0.97750334  1.20542057  2.12592143  0.13485803 -1.08519646
   0.6121151  -0.15492862 -0.87730806  0.12961314  2.88988572  2.12805685
  -1.13282687  0.44158312 -1.21640113  0.39053295 -2.23311674 -0.45098864
   1.74729703 -0.93941843  0.59837898  1.28426435 -0.40016295 -0.9321361
   0.00953608  1.09455399  0.43072689  0.27304119  0.52839511  1.26874822
  -0.57372022  1.65057681 -0.13531646  0.65280317  0.40938451  1.88725529
  -0.62111453  1.03764999  0.57613646 -1.41044821  0.29212451  1.00848314
   0.2696651   1.18551274  0.91109447 -0.35318569  1.26403338 -0.51590985
   1.09234707  1.66564513 -1.22012137  1.13147922  1.01535627  0.30641175
  -1.34549748 -0.56724883  0.09561255 -1.13040139 -0.82691275 -1.37609982
   0.72694626  2.13479312 -0.86518257  0.75778272  0.97747357  0.66115254
   0.69027293  0.93924298  0.38144665  0.49556473  0.17535296 -1.31772454
  -0.9837449  -0.97180569  0.06842296  0.47595567  0.70753001 -2.04578036
   2.34762047  0.96315981  0.86012409 -0.13810548 -0.62680175  0.32229588
  -1.69922391  1.29289957  0.70192019 -1.28217035 -1.14008846  0.78964298
   0.74143435 -2.49751941  0.25627039  0.34596136  0.36546626  0.17807176
   1.46762022 -1.47578609  1.60147173  1.72054981 -1.0427451  -2.54037725
  -1.8107412   0.17185333 -0.43045136 -1.3334804   0.7591996  -1.06625626
  -1.05353881  0.49190588 -0.39858021  0.44247412 -1.0493929   1.39244451
   0.98660703  0.5477755   0.17315     1.33081959  0.73514137 -2.05515903
   1.79485811 -0.41399157  0.80879959 -2.04174085  1.66585806  0.55104138
   0.07894294 -0.13283685  1.05433063  0.56199078  0.03759706  0.83673981
   1.25136473  2.06402625  1.65278075 -0.72670628  2.49712728 -2.09170749
  -0.88596312 -0.57717333  0.34769099  0.34613666 -0.24600727  3.17406553
  -1.2171606   0.47009179  0.56433688  0.89472646 -0.77272983 -1.13646919
  -0.14731372 -0.15713078  0.03599176  1.40485159  1.22867239 -0.26410882
  -2.44225672  1.30369281 -1.2012096   2.15674453  3.27616631  0.59608748
  -0.75272078  0.81498274 -0.05854766 -0.91924573  1.69631097 -0.06449959
   1.46496316  0.87383254  1.40350142 -0.64108606 -0.29737884  1.02324038
  -0.57386509  0.53610411]]