[[-0.58395755  0.8789606  -0.19365939  0.62256957  0.66282774  0.8408947
   1.02625102  0.29993612 -1.32079469 -0.06600431  0.37958163  1.81399739
  -0.70899611 -2.48109417  0.82162284  1.72528324 -0.23917161 -0.36015878
  -1.20951513  2.07637611  0.41914918  2.22864882  0.086981   -0.40739836
   0.0776308  -0.30486632  1.01340409  2.36586078 -0.24921878 -1.01664897
   0.68497671 -0.58232001 -0.42864838 -0.11414388  2.60902515  1.50699321
  -1.64365349  0.35203265 -1.51539795 -0.49826307 -2.2121953   0.09324205
   0.93815718 -0.72794287  1.50232731  0.1620547   0.49282794 -0.7982455
   0.6104998   1.4976061   0.54744453 -0.3031257   0.31953388  1.65092083
  -0.85481347  2.40238325  0.11891981  0.26720958  0.08250755  2.69297713
  -0.47726389  1.08247329  0.34563998 -0.31863633  0.55076061  0.26641082
   0.42933611  0.76772288  0.75999549 -0.61082837  1.19442044 -0.93905922
   0.72048061  1.12794552 -1.08501533  1.62954285  1.02138202  0.65274389
  -1.1140051  -0.80547264 -0.03506919 -0.8978143  -0.45881639 -1.39972858
   1.07491328  1.95655591 -0.7136153   1.54894144  1.19340534  0.57532714
   0.9542496   0.89974263  0.14553715  1.11708981  0.82088429 -1.40970732
  -0.90179491 -0.44992978  0.13672959  0.88045897 -0.18506427 -1.6899598
   2.1158439   0.48681902  0.12717144 -0.12400797 -0.72403774  0.31796878
  -2.11866979  1.65911614  0.79805938 -1.39366384 -0.89532022  0.42404593
   0.6927596  -3.15984104  1.01636306  0.2100306  -0.01689471  0.04593429
   1.23228288 -1.89398575  1.27707736  1.37299871 -0.85077161 -1.73977348
  -1.62746324 -0.19251083 -0.26936977 -1.78974511  0.7917237  -1.48828181
  -0.96274778  0.2597745  -0.68216959 -0.26913101 -1.10689591  0.3498751
   1.16630633  0.14584857  0.29223982  1.2222851   0.70317591 -1.85444591
   1.33284188 -0.88531552  0.52605675 -1.46056244  1.8680849   0.51544264
  -0.62301591 -0.83905551  0.49941331 -0.05409572 -0.12250081  0.00470981
   1.844901    1.76094651  1.92075712 -0.91619734  1.9891557  -1.21471974
  -1.13601492 -0.07159836 -0.28612672  1.02715203  0.08195061  1.96044817
  -1.0056188   0.85577427  0.65736981  0.32696406 -0.84135617 -0.93525307
   0.53983774 -0.48811346  0.06680266  0.53728302  1.68789346 -0.05614205
  -1.5831037   1.22735242 -1.13133103  1.71292183  3.26475965  0.3185549
  -0.64565103  1.13714777 -0.38461817 -0.61250066  1.66601427  0.72518366
   1.19340306  0.48839287  1.65753637 -0.64690041  0.71917918  0.81542021
  -0.36997509  0.65972652]]