[-6.35436714e-01  2.35040832e+00  1.76330015e-01  1.37892663e+00
  1.59224164e+00  5.95099926e-02  9.20680046e-01 -7.03741729e-01
 -8.21136653e-01 -5.90191662e-01 -6.23300262e-02  2.29350162e+00
 -1.21951497e+00 -4.31877375e+00 -5.20763338e-01  1.33057988e+00
  7.74075091e-01 -5.71389973e-01 -2.05327153e+00  2.29820657e+00
 -1.42678320e-01  2.86917853e+00 -1.42771721e-01  2.95513362e-01
  1.66023329e-01 -1.19022501e+00  1.56798172e+00  2.71947312e+00
 -1.29311836e+00 -9.69599962e-01 -4.00476664e-01 -2.87770003e-01
 -1.01424336e+00  2.84638315e-01  2.78636169e+00  3.21576476e+00
 -1.93475330e+00  2.20274985e-01 -1.85592997e+00  3.35003925e-03
 -3.48787189e+00  1.90105999e+00  2.36159682e+00 -9.26986694e-01
  4.63711649e-01  1.70422661e+00 -1.02916336e+00 -1.00418675e+00
  5.47621667e-01  8.79731655e-01  1.41652012e+00 -3.86823326e-01
  2.77499944e-01  1.34121686e-01 -4.76543337e-01  2.17470646e+00
  1.43973365e-01  1.08074844e+00 -9.76396739e-01  3.48307991e+00
 -4.59233373e-01 -1.47604957e-01  1.64736319e+00 -2.90654987e-01
 -1.36453345e-01  2.47081682e-01  8.01661670e-01  1.91672170e+00
  2.25787997e+00 -7.07416832e-02  2.10270333e+00 -2.45389676e+00
  2.18405008e-01  1.20549834e+00 -1.65427506e+00  1.99210501e+00
  3.25448304e-01  5.43708324e-01 -1.66672504e+00 -1.18930005e-01
  1.36772156e+00 -1.74612010e+00 -2.69741178e+00 -1.02205336e+00
  1.25560999e+00  2.69435978e+00 -2.03873336e-01  2.18566990e+00
  2.77235866e+00  1.15550172e+00  1.13086832e+00  2.94952989e+00
  1.61133492e+00  1.89044344e+00  3.36308360e-01 -2.01357651e+00
 -2.24239659e+00 -1.25905514e+00 -1.23192501e+00  3.96423340e-01
  5.51273346e-01 -3.05578995e+00  3.19485497e+00  1.07014167e+00
  1.18420660e+00  5.00359952e-01 -6.72061682e-01  2.48316690e-01
 -2.23676324e+00  1.54927170e+00 -6.57891631e-01 -2.78685832e+00
 -1.11188495e+00  1.05804670e+00  9.17601764e-01 -3.91486835e+00
 -1.28085017e-01  3.17013294e-01 -4.58356708e-01  1.08382165e+00
  8.23178351e-01 -2.31390166e+00  2.16336846e+00  1.12764490e+00
 -8.39873314e-01 -3.98287320e+00 -2.88963485e+00  7.89333209e-02
  8.98175061e-01 -8.76458228e-01  4.10388321e-01 -2.02679825e+00
 -8.50845039e-01  4.39345002e-01 -1.97955087e-01 -1.73614964e-01
 -2.02926826e+00  1.59886837e+00  2.12393999e+00  1.01711667e+00
 -4.99313265e-01  1.00289500e+00  9.05664921e-01 -2.50793338e+00
  3.35159206e+00 -1.16486646e-01  1.03193831e+00 -3.92456031e+00
  2.45517707e+00  1.10571992e+00  7.57589996e-01  6.21815026e-01
  1.21384513e+00  5.25739968e-01  1.33256674e-01 -4.69650000e-01
  2.14347196e+00  2.60688806e+00  2.49304152e+00 -6.28684998e-01
  1.90356338e+00 -2.70922160e+00 -7.08090007e-01  1.76743373e-01
  6.47103310e-01  4.12916541e-02 -5.45600466e-02  2.28779483e+00
 -2.46284986e+00  3.76966625e-01  2.45755005e+00 -4.04314995e-01
 -9.01330054e-01 -3.87463832e+00 -1.67810667e+00  3.18596661e-01
  4.47261721e-01  2.03906822e+00  7.15998793e-03  3.38333845e-02
 -2.13809013e+00  2.22479987e+00 -1.78734672e+00  1.95292842e+00
  3.61234379e+00  8.21836710e-01  2.52598345e-01  1.18967164e+00
 -5.44625044e-01 -2.16701007e+00  2.21758008e+00 -8.87199566e-02
  7.57076681e-01  5.67394972e-01  2.70568013e+00 -6.91053391e-01
 -3.42578322e-01  2.23503494e+00 -1.11499333e+00  1.16070342e+00]