[[-0.44793972  0.90233476 -0.56977418  0.9217178   1.10759743  0.90200361
   1.19205193  0.16941084 -1.11872192 -0.05606057  0.45977389  1.71819192
  -0.8897475  -2.87866336  0.31109777  1.43621248 -1.03269222  0.09124472
  -1.59905721  2.10253447  0.61834057  1.64832132 -0.21649167  0.01866498
  -0.24795224 -0.85367472  0.83436086  2.40780751 -0.27467694 -1.34386056
   0.50929277 -0.68674056 -0.79731251  0.2874125   3.55248809  1.273595
  -1.80088165  0.47617389 -1.63659888  0.27268916 -2.38907884  0.5991011
   1.66980618 -0.69711526  1.71528525  0.59351221  0.16935999 -0.41927781
   0.02511999  1.31375754  0.64754029 -0.5826814   0.45370083  1.19683697
  -0.81067861  2.55612441  0.07147444  0.62613947  0.80168945  2.40854974
  -0.46520278  0.8975447   0.50947387 -0.54811416  0.77620832  0.46759944
   0.64103916  0.88096695  0.9941694  -0.27521084  1.31211642 -1.23229559
   0.95695888  1.24163974 -1.64960616  1.40215194  1.08746412  1.0358686
  -1.52568115 -0.65279442  0.07399305 -0.98847084 -0.65137981 -1.29496556
   0.34265554  2.06390029 -0.42085224  1.56813836  1.00849334  0.45567667
   1.04734332  1.29590421  0.22699611  0.91859502  0.1149225  -0.84286277
  -1.12346552 -0.87520108  0.05674053  0.63840138  0.57231194 -2.14470581
   2.32347833  0.86794196  0.16532247  0.46658498 -0.66015136  0.23345778
  -2.28717779  1.87636794  0.99418192 -1.29953138 -0.76468611  0.5362086
   0.86533471 -3.35929222  0.53990806  0.52758082  0.27964637 -0.18448943
   1.04927503 -2.26747226  1.52192661  1.66466304 -0.77934614 -2.6375573
  -1.38335469 -0.01949918 -0.79393918 -1.54655114  0.82176388 -1.64959864
  -1.29749758  0.39584112 -0.12941111 -0.3165325  -1.26616416  0.80042386
   1.33664672  0.05472529 -0.02901333  1.18637505  0.48022778 -1.9823837
   2.00507505 -0.70800389  0.5561578  -1.46896506  2.01371776  0.56523723
  -0.14321279 -0.82541028  0.55583723  0.02808944 -0.05665751  0.03552086
   1.922002    2.27588368  2.00503631 -0.40401831  1.41586138 -1.62750608
  -0.97746392 -0.14192166 -0.22942359  0.88734947  0.38986307  2.32877367
  -1.47255118  1.26244331  0.71745383  0.63193862 -0.87942889 -1.31436022
   0.19262417 -0.15799557  0.18472835  0.99931887  0.97429917 -0.25931469
  -1.92396975  1.77250134 -1.05123002  1.9456913   3.57161136  0.85151526
  -0.90859585  1.01141888 -0.03909749 -0.65563336  2.28573248  0.58322446
   1.16763554  0.87236692  2.24789971 -0.66434529  0.47853473  0.40947751
  -0.4569475   0.54138668]]