[-0.40906337  1.3325865  -0.61836     0.8065      1.4046901   0.22154671
  0.280965   -0.292295   -1.9427916   0.88006     1.6911883   2.47981
 -1.3759184  -2.9337533  -0.39685503  0.620815    0.930965   -0.1800533
 -0.949265    1.4815451   1.317675    2.27087    -2.1614783  -0.11697502
 -1.5607767  -0.38847837  0.28258497  3.5501585   0.18982835 -0.209535
 -0.744245   -1.6123651  -0.70593333 -0.798665    3.3696632   1.7023249
 -1.5779351  -0.35410002 -1.956935    1.516215   -2.08225    -0.2499233
  1.3103567  -0.946925    1.4737667   1.4499817  -0.51438504 -0.93625337
  0.94855833  1.1157883   1.7657484   1.2358066   0.06502504  0.44242325
 -0.8495066   1.993835   -0.20106839  0.21035834 -0.18343835  1.6875185
 -0.1978717   0.658755    0.8712416  -1.383305    1.3236632   0.60311
  0.69522667  0.97482497  0.82501334  2.078135    0.85225344 -1.8573216
  0.9232466   2.6153352  -2.1211767   0.772265    1.4001184   0.22791336
 -1.85368     0.93185335 -0.13395168 -0.5894384  -0.25810003 -1.6743917
 -0.7832367   1.6813699  -2.253135    0.02078333  1.0257667   1.9498649
  1.8218733   1.6712981   1.50172     0.3889633   0.37295333 -0.29338005
 -0.5373833  -0.754175   -1.5711483   0.38529333 -0.7071616  -1.9928684
  2.74036     0.09786836  1.4963301   0.7642367  -2.9985964   0.52001673
 -2.611945    2.14886     0.7246184  -2.0103834  -1.7902784   2.0059116
  0.8754983  -2.6588216   1.18476    -0.9163401  -1.2735384  -0.21474169
 -0.06228169 -1.5419401   0.6481183   2.7083266  -1.1791834  -2.4908016
 -0.9586618   0.07495334  0.19168651 -2.1748335   0.28258172 -1.0991083
  0.22699833  0.96503     0.47657338  1.0104834  -0.89778346  2.647155
  2.2320817   0.23470335  0.6912132   1.0847551   1.170085   -2.8566267
  1.9577917  -0.32815668  1.0763468  -4.173267    0.62093335  1.3446301
 -0.03414663 -1.0205549   1.8200401   2.1811068   0.9757083   1.1850567
  0.91664505  1.8344201   1.1046733  -0.8800617   1.357155   -3.2465332
 -0.37405834 -1.2567416  -0.60665673  0.95208     0.45494     3.0909653
 -1.6028651   0.4007634   2.0225432   1.3351917  -0.4479517  -2.1736834
 -0.08756334  0.08190504 -2.5299182   2.503235    2.7356832  -1.3568999
 -1.3485565   2.2219818  -1.82903     1.9800982   2.0897567   0.7418766
  0.765475    1.7712432   1.2466583   0.76823336  1.3976833   1.842
  2.3380017   0.78436166  3.0995083   0.35346666  0.29918325 -0.03912501
 -0.46061334 -0.70353824]