[-0.65708995  1.5508502  -0.5550312   0.5583488   1.4824175   0.96864873
  1.4015138   0.24922626 -2.5230324   0.74942875  2.1320462   2.218065
 -1.2177488  -3.3509636  -0.02849999  0.1492475  -0.4696825  -0.11039124
 -1.34805     1.9984162   0.36391377  2.72614    -1.042285    0.54587626
 -0.53119254 -1.529415    1.5622412   3.7819748  -0.7408825  -1.5300375
  0.24690625 -0.2186737  -0.43641752 -0.04424998  2.3712301   1.6028337
 -2.4482124   0.7486     -2.418862   -0.10565752 -2.6546986  -0.9150151
  1.9367125  -1.2634488   0.65638876  2.2871687  -0.90909624 -1.5063225
 -0.5370475   0.326755    1.3242075  -0.28475624  0.81887126  2.28798
 -2.0832489   0.3530175  -0.41021505  0.88460374  0.8877887   2.8631737
  0.09778748  1.3006325   0.22965622 -1.6602386   1.122315    0.04861126
  1.2124525  -0.05276376  1.2485925  -0.6953712   1.0653837  -1.589675
 -0.08312118  0.95596373 -1.8730714   1.1492574   1.5840812   1.0685261
 -1.9088275   0.18268004  0.5522725  -1.0020576  -0.39188755 -0.51372874
  0.5127512   2.8506637  -1.3378925   1.9765363   1.8492112   0.38399628
  0.79551125 -0.509       0.50531495 -0.20630619 -0.31236005 -0.82710505
 -2.1684074  -1.0023987  -0.8888      0.83233505  0.31530875 -3.1808763
  2.4222589   1.3614299   0.78890634  1.0123862  -1.2413738   0.57125
 -3.5071163   4.108001    0.42294502 -2.5167413  -1.17329     1.8438388
  1.5425113  -2.5370114   0.52571255  1.319085   -0.13683254  0.02769751
  1.1795925  -1.40389     2.82255     1.5987625   0.48977873 -1.4590375
 -1.9192486  -0.63167876 -0.67972124 -0.75965     0.47160742 -2.5515113
 -1.0454249   0.5292062  -0.7179075  -0.4033513  -0.7158288  -0.13100623
  2.1799965   0.7273025  -0.70883626  3.1481833   1.4004263  -1.4391825
  1.6525425  -0.7261462   0.6589737  -2.7931      2.14759     0.02778876
  0.03314124 -0.53378624  1.14748     0.26971874 -0.47643876  0.92727005
  2.3591087   2.3154726  -0.0540112   0.28233752  3.0730085  -4.0162263
  0.07713123 -0.42243627 -0.04171371  0.00694002 -0.1271725   3.6362212
 -0.89187753  0.69088376  1.1666088   0.5602963  -2.5764189  -1.2951399
  0.58176994 -1.0022575   0.17089126  0.6014762   0.9396775   0.54054123
 -3.0397947   2.6014986  -1.003075    1.9395112   3.124939    0.02595249
 -0.8311825   0.13725248  0.7430488   0.08013752  1.6292312  -0.80342627
  2.101765    1.3651313   3.1210463   0.23730752 -0.46775    -0.5719062
 -1.5118538  -0.48424873]