[-0.29317495  1.5104752  -0.40911874  0.7552038   1.4993162   1.5031124
  1.2584213   0.00420876 -1.8485638   0.3331875   1.3569      1.7748412
 -1.0625787  -3.8856502   0.05424499  0.66988873 -0.8384813  -0.5720888
 -0.9908501   1.0333301   0.45130122  2.585045   -0.72076875  0.5388213
 -0.44647378 -1.5229012   1.3963886   3.387576   -0.60713375 -2.3623927
  0.4250512  -0.12448001 -0.53230125  0.54829     2.7067378   1.6090688
 -2.6607149   0.6327412  -1.5326525  -0.07183751 -3.0170724  -0.88978505
  2.2422326  -1.2847      0.88887     1.4891038  -0.60846746 -0.7544162
 -0.01516126  0.17719626  1.3272476  -0.34516376  0.6486887   2.1386101
 -1.8006175   1.4607837  -0.8523438   0.6030787  -0.11596133  3.3040824
 -0.16118002  1.4675963   0.27297246 -1.5931512   0.29946625  0.46945372
  1.2630838   0.8005338   1.0562212  -0.39786875  1.1657863  -1.2648125
 -0.403085    1.3751625  -1.84358     2.4227324   1.5551637   0.94759506
 -2.3395762  -0.26747504 -0.16936502 -0.44537124 -0.23566252 -1.0376451
  0.39333624  2.7348676  -0.82737243  2.835736    2.2559373   1.0634425
  0.14255752 -0.13385126  0.71966875 -0.04060124 -0.51894253 -0.8994013
 -2.0702462  -1.1213775  -1.0344987   0.49537373 -0.33244377 -2.6348038
  3.1667962   0.96472996  0.82176745  0.91375256 -1.4528375  -0.4820137
 -4.151404    3.767855    0.92761004 -2.532574   -1.14324     1.9819676
  1.2778687  -2.5598538  -0.1374475   1.080865    0.36299378 -0.15451872
  1.9586687  -2.3739789   2.5000625   1.7957237   0.25148377 -1.6901876
 -2.327455   -1.4682338  -0.8816161  -0.20122251  0.39294502 -2.41434
 -1.3203188   1.2888249  -0.23197503 -0.7331326  -1.1883776   0.141705
  1.0497663   0.5640387  -0.52438873  2.8488584   1.3429213  -1.4787749
  1.3553725  -0.9027637   0.65338    -2.6749725   2.635355    0.374965
 -0.07475874 -0.51553756  1.1574363   0.05471498 -0.6697937   0.60223246
  1.7546425   2.4391737   0.5315063  -0.10636748  3.3011675  -3.5147789
  0.1426475  -0.53005004 -0.63734496 -0.23893502  0.57071877  3.3556187
 -1.7447      0.9660274   1.127875    0.683535   -2.6217875  -1.60178
  0.32300618 -0.46755752  0.36770502  0.99153996  0.7627762  -0.04393627
 -3.2837589   2.453255   -1.2031789   2.0343823   3.3998222   0.1872775
 -1.5460362   0.27733502  1.1972675   0.22817126  2.4057338  -1.0733825
  1.9534274   1.6683763   2.5216951  -0.04306123 -0.07911499 -0.08088376
 -1.8469963  -0.03045125]