[-0.7984719   0.85917205 -0.6212429   0.64767903  1.765448    0.64897996
  1.0179341  -0.18135294 -2.2938628   0.48186103  1.6121019   1.9989061
 -1.3783879  -2.957395    0.182271    1.2848339  -1.7030821  -0.539581
 -1.426524    1.324517    0.828877    2.7551131  -0.714502    0.53283405
 -0.42153898 -1.0139362   0.842923    3.0007832   0.22982001 -2.3501499
 -0.19069399 -0.09974499 -0.06875497 -0.07639299  2.9612842   1.2311319
 -1.9835961   0.6480149  -2.316526    0.41195402 -2.151004   -0.612772
  1.740638   -1.3901821   1.532462    1.6705211  -1.066988   -0.716107
 -0.27315003  1.1120092   1.226341   -0.514619    1.3800399   1.5538831
 -1.2573538   1.7414011  -0.19468203  0.66958106  1.2175229   2.7035801
 -0.02114501  1.320023    0.43265304 -1.270674    0.47690803  0.554633
  0.68837005  0.56159496  0.730117   -0.70321393  1.350065   -1.8037109
  0.858105    1.6101189  -1.4656222   2.1720748   1.3349929   0.68676805
 -2.063589   -0.444681   -0.37492603 -0.433846   -0.16037002 -1.200299
  0.7101129   2.427644   -0.749376    1.289675    1.8251541   0.223424
  0.32453698  0.04752799 -0.05896201  0.12917402  0.12400397 -0.655069
 -1.9845101  -0.65134895  0.15634704  0.44566002  0.5847649  -2.28044
  2.7810216   0.727814    0.13019197  0.23916201 -0.92462194 -0.37443694
 -3.300613    3.2444527   0.863708   -1.8879259  -1.86327     1.5299239
  1.2117112  -1.9371611  -0.10640899  1.540061   -0.06547101 -0.58847594
  2.5939717  -1.9231571   1.6632121   1.605463    0.03810501 -1.413399
 -2.334128   -0.560989   -0.54256797 -0.6249669   0.807701   -1.769337
 -1.325604    0.46632394 -0.06915502 -0.48830104 -1.2402341   0.757409
  1.442472    0.7231029  -0.62601894  1.9316819   0.066035   -1.442254
  1.402875   -0.778936    0.57611597 -1.6598771   2.0434818   0.124413
  0.076997   -1.0260019   0.890354    0.540449   -0.70303404  0.22399397
  1.9107192   1.622757    0.45076007  0.03776199  1.8207543  -3.0035791
 -0.689439   -0.18948099 -0.281626    0.299905    0.939075    3.5799878
 -1.037133    1.154326    0.52036     0.54469603 -2.464436   -1.181303
  0.70609504 -0.77077997 -0.16927001  0.85828304  0.17431499  0.310651
 -2.921795    2.338276   -0.469882    2.7222269   3.2374916   0.29460102
 -1.722545    0.67483306  0.6836591  -0.11323502  1.5104089  -0.954789
  0.906057    1.434175    2.344871   -0.46048403  0.02347    -0.05703501
 -1.6545601   0.106616  ]