[-0.5685786   0.2654129  -0.31624144  1.2784358   1.1058571  -0.2748214
  0.70147145  0.13526    -1.6135371   0.3846157   0.78703564  1.6523858
 -0.61729854 -2.6746857   1.2028085  -0.5852886  -0.69953144 -0.55769145
 -1.0199529   1.2171385   0.40312716  1.5313286  -1.286823    0.10645431
  0.00578998 -1.2236258  -0.10558428  2.1646442   0.72216713 -0.4245685
  0.8915314  -0.5033657  -0.43898425  1.1660843   2.252763    1.9582516
 -1.1139157   0.60237855 -0.7842342   0.43152142 -2.2301886  -0.7845271
  2.1740215  -0.29562712  0.7793556   1.5105057  -0.9734971  -0.81962436
  0.8092414   1.1065271   0.5311114   1.4239472   0.83062565  1.9089969
 -0.9099885   1.1682186  -0.24169716  0.3149557   0.47608286  1.3672613
 -0.1815571   0.22327574  1.1112671  -1.4447329   0.1592     -0.10192711
  0.1025743   1.1287714   0.07076286 -0.18026288  1.5908529  -1.0133858
  0.29524142  1.6492842  -1.5558785   1.2765815   1.6576642   0.3118343
 -1.7108271  -0.5413843  -0.63350856 -1.3072941   0.5490443  -0.6954957
  0.22721283  2.6328158  -1.1436443   0.31541285  1.1020486   0.22350287
  0.3072543   0.17762144  0.5254043  -0.35499427 -0.9151986  -0.6769801
 -1.2244657  -0.89057434 -0.4484186   0.26364285  0.9714743  -1.8979928
  2.6832771   0.9121629   0.98206     0.43038717  0.37645856 -0.44337144
 -0.98762     2.0098271  -0.21877    -0.95929146 -0.7312585  -0.01776
  1.0020984  -1.8394572   1.0651186   0.1281886   0.28825286 -0.90810716
  1.2492     -1.1851257   2.07139     1.5869256  -0.99954426 -0.77568
 -2.0290685  -0.1610343   0.6576772  -1.6587871   0.45567006 -0.6868271
 -0.20075713  0.48759434 -0.04925432  0.6746715  -0.23039715  1.0090743
  0.57661855  0.30902857  0.57992995  1.2695258   0.5013471  -0.8592457
  0.4747785  -0.82595575  0.5281687  -1.9695059   0.5300972   0.7588486
 -0.12772432 -1.1800243   1.0440371   0.3699443  -1.0499228   0.61352
  1.3263757   1.8004657   0.57495993  0.3994386   2.1966558  -1.9997599
 -0.6033729  -0.90671    -0.60495573 -0.48720858 -0.2252086   3.2149985
 -0.23065285  0.9088642   1.4548342   1.6933357  -1.166447   -0.9736557
  0.5246657   0.33185    -0.29141143  1.2311985   1.3205801  -0.00701715
 -2.6897626   0.9880243  -1.1610786   1.74913     2.45125     0.40103146
 -0.09399571  0.61418     0.34947    -0.57735574  1.7231599  -0.18138146
  1.5336429   1.4409472   0.35048142 -0.13998142  0.63912714  0.26273856
 -0.24043569  0.5619343 ]