[[ 0.2566529  -0.38100854  0.30141143  0.75235852  1.5924943  -0.10656574
   0.70153997  0.02046143 -1.17881717  1.81992429  1.16680712  2.53790562
  -0.8222     -1.67880004  0.75509283  0.22373141 -0.10144857 -0.27524141
  -1.81726721  2.69018429  0.49229999  0.85447856 -0.19647002 -0.04845715
  -1.57730577  0.13369999  2.6426543   3.00277574 -1.02847716  1.15281292
  -0.68019712  0.07105571  0.27178859  0.65076286  0.22023572  2.35858285
  -0.10335001  1.1770057  -1.35633858  0.0476     -0.52640429  0.23523858
   1.35817572  2.02395579  1.21557858  0.39273428 -0.41840713 -1.42120431
  -1.38928147  0.47512286 -0.19443716 -0.94658571  0.95549291  2.29228285
   0.05732857 -0.29306713 -1.14061572  2.31576429  0.38324714  0.82949716
   0.06746998  1.56843852 -0.38814432 -0.85751859 -0.26400855 -1.49540858
   1.59154144 -0.54574001  2.64834581  1.30458569  1.69569861 -1.7509414
   1.27375003  2.94677006 -2.57482001  0.03935714 -0.32087718  2.15115003
  -1.44863294 -1.16279426 -0.31906002 -0.01899289 -0.6957214  -0.51811286
  -1.67055574  1.91605714 -3.39302427  0.56098854  2.45367143  0.9090443
  -0.65171571 -0.31895571 -0.07661857 -1.28391142  1.14091004  0.64670857
   0.14416715 -0.35182001  0.08447572  0.10751713  1.20320718 -1.33798287
   0.35301425  2.08451856  0.39374002  2.55844855 -1.5038886  -0.2825471
   0.73386286  0.67428286 -1.56572851 -1.67841855 -0.80954002  2.10697284
   0.76328427 -1.88259138 -2.79479854  0.54332714  0.81732576  0.13262433
   1.93509286 -1.31968142  1.53926427  1.62879    -0.60342569 -1.16940574
   0.25569855 -0.51583714 -0.22355432 -2.26679284  0.16242853 -0.54815142
  -0.44212285 -1.09923286 -1.18329144  0.59645285 -0.62086428  1.65696568
   0.14695145  1.18672424  0.60919858  2.70632141  0.76323569 -0.51561287
   0.10701284  0.11685713 -1.12736855 -0.79801714  0.54355718  0.07637998
   0.1289743  -2.53626435  0.08809857 -0.90187713 -0.6539314  -0.25656572
   0.35069141 -1.34417     3.8837501  -0.42941568  1.13725141 -1.97751148
  -1.31261996 -0.66402713  1.07103432  0.40895426  1.94093578  3.23693286
  -0.21859285  0.9523129   0.30630428  0.00662717 -0.65982287 -0.44476288
  -1.22725428 -0.28560426 -0.47287146  2.29356001  1.60469001 -0.10033141
  -0.78176571  3.05297416 -1.52728852  0.39772571  1.93381425 -1.26082999
   0.56438428 -0.68653999  0.20192719  0.37071999  1.78041999  0.78087284
   0.75369571  0.29953141  0.04420998  0.60395427  0.12402857 -0.56764856
  -0.05019144 -0.67689145]]