[-0.24806666  0.9329917  -0.05719334  0.45821667  1.5133718   0.6775067
  0.83768004 -0.6877808  -1.9635493  -0.0689333   1.4069791   1.6137366
 -0.9435399  -2.5483892  -0.41783333  0.22621162 -2.2902143   0.39308333
 -0.4821233   1.3327717   0.456795    2.2840624  -0.7424609   0.2877442
  0.05255413 -0.6089167   0.7534383   2.022451   -0.198685   -1.1071625
  0.7556975  -0.99999076  0.16277917  0.6116691   3.0761135   1.5825291
 -1.1980841   0.64550495 -1.3332691   0.4176875  -2.4365683  -1.0363742
  1.5364782  -0.32041582  0.9761575   1.0978783  -0.9421091  -0.77779007
  0.6328083   0.83602756  0.9602525   0.03115082  0.62252915  1.6747125
 -1.0528393   1.141105    0.07956001  0.35214415  0.9151175   1.8909334
 -0.5084125   0.8596108   1.0005916  -1.8478068   0.8484392   0.09822001
  0.04793334  0.892235    0.84029245 -0.31894496  1.4653941  -1.3549751
  1.4776549   1.4850043  -1.8543748   0.89731914  1.4782192   0.10823917
 -1.3348651  -0.2542841  -0.90674835 -0.4394717  -1.5674876  -1.4764358
  0.8140283   1.8225217  -1.0925032   1.75636     1.0402691   0.5053241
  0.23645918  0.687085    0.80497414 -0.34973416  0.47891834 -1.1205158
 -1.2297908  -0.15210913 -0.04312248  0.87893337  1.0969492  -1.9730817
  2.3896      0.5251117   0.60290575  0.11696169 -0.2939875  -0.480185
 -1.75626     2.30884     0.8659026  -1.5225407  -0.6818183   0.79256415
  0.6963542  -2.8674142   0.37355247  0.39512917  0.42462084  0.55180913
  2.2745526  -1.64354     1.7012085   0.8641191  -0.5373475  -2.1282642
 -1.7014674   0.14560418 -0.650265   -1.1829742   1.6357967  -0.83069164
 -0.7420891   0.8644099  -0.5320867   0.07362914 -1.0306675   0.94112253
  0.9446358   0.65411174  0.1325775   1.4659525   0.51833165 -0.9388167
  1.9592103  -0.5628367   0.33049667 -1.2604866   1.5646101   0.10003837
 -0.01847086 -0.24905501  1.3164083   0.85019    -0.14066003 -0.43604663
  0.9182341   1.7953416   1.2519916  -0.5291934   1.9838241  -1.3796792
 -0.781585   -0.02618503 -0.36921918  0.4102858   0.08859331  3.031925
 -0.4637008   1.2813816   0.34020582  1.3965901  -0.88630253 -0.5670075
  0.14832163 -0.35919333  0.20785     0.10427751  0.22993751  0.5417916
 -2.1720836   1.250774    0.28979585  1.4355475   2.4228208   0.7379608
 -0.59356    -0.44256833  0.24453336 -0.4633025   1.1524566  -0.11333919
  1.3372192   1.1998407   1.5603199   0.24872331  0.33339083  0.4005083
 -0.6009383   0.15633835]