[[-1.04739655  0.54733635 -0.31134843  1.10569839  1.43578786 -0.04965523
   1.00756996  0.01965801 -1.24227694  0.04755399  0.82084302  1.25792806
  -0.68603664 -1.75709625  0.3960662   0.14207598 -1.12777573 -0.26882441
  -1.36484003  0.93828743  0.30524357  1.91222043 -0.57227156  0.08067002
  -0.81782699 -0.55566782  0.3122602   2.10349906 -0.20136821 -0.45333142
   0.47042316 -0.69150518 -0.50824394  0.1200038   1.91918718  1.45207593
  -1.23886804  0.277141   -1.71028469  0.37546436 -1.26855437 -0.91783712
   2.15528819 -0.48515716  1.1685916   0.4946956  -0.64997101 -0.69229997
   0.0858054   0.95712582  0.94650569  0.7746794   0.22825859  0.9367988
  -0.76362618  1.61814665 -0.2202036   0.1829034   0.94126637  1.49506296
   0.13742078  1.03800738  0.66566163 -1.08552303  1.08644407  0.55529581
   0.36006681  0.64817558  0.37369525  0.20991301  1.11055459 -0.83269172
   0.78088522  1.35665821 -0.9723889   0.64660298  1.33392647  0.3699668
  -1.46745991 -0.45455241 -0.8174176  -1.02448257 -0.51495624 -1.11915164
  -0.11848057  2.01502443 -1.44581053  0.61182021  0.38661341  0.45816259
   1.4536556   0.44812241  0.43579055  0.10238759 -0.4481034  -0.52623623
  -1.05378024 -0.35947141 -0.1707438   0.46919526  0.42446203 -1.41505915
   1.62460333  1.09193307  0.78900688  0.27646636 -0.58947816  0.19874182
  -1.50937463  2.12017582  0.26390162 -1.45331269 -1.19246112  1.0759497
   0.92220118 -2.1080927   0.53365343 -0.1076296  -0.12070583 -0.20574219
   1.12404285 -1.09585065  0.96020141  1.49712259 -0.49656936 -2.09618629
  -1.45129843 -0.27305502  0.09982601 -0.97486997  0.55925257 -0.7656522
  -0.20988942  0.1775264  -0.88870415  0.01405239 -0.3237096   0.84429718
   1.81035943 -0.14689781 -0.00408463  1.37014116  0.58118033 -1.98874606
   1.07972718 -0.096404    0.36899357 -1.60677353  0.91809601  0.49143483
   0.00476339 -0.14860519  0.88270821  0.56990358  0.33304217  0.40076009
   1.26855004  1.80590016  0.83478875 -0.4152104   1.49746585 -1.37352033
  -0.37790173 -0.28510582 -0.42087562 -0.09916819  0.3836495   3.15175663
  -0.63754342  0.72644219  0.50587949  0.66572702 -1.1631855  -0.79407368
  -0.28314163 -0.05524599 -0.65737857  0.92935336  1.51225663 -0.06364839
  -2.06210052  1.37329896 -0.75976198  1.5563562   2.66198619 -0.09588699
  -0.36481081  0.71286382  0.59264596 -0.37740453  0.88887419 -0.00415601
   1.34610884  0.38126463  1.76942216 -0.14998259  0.56713635  0.02680221
  -0.42346661  0.10606921]]