[[-0.74792421  0.74167198 -0.45412092  0.89067736  0.91157644  0.24362633
   0.75984303  0.33929264 -1.19904974  0.2343925   0.4210458   1.75536172
  -0.58505236 -1.85475144  0.06787618  0.03288788 -0.50306525 -0.1753429
  -1.1548471   0.71638987  0.19914303  1.71426301 -0.72096973  0.124045
  -0.62849012 -0.58593368  0.57534776  1.8889396  -0.37926736 -0.50974474
  -0.04762895 -0.85062643 -0.37445367 -0.02017606  1.49491592  1.47861209
  -1.03408119  0.06752435 -1.57952842  0.22093131 -1.69595541 -0.78243235
   1.2268075  -0.25978395  0.78355908  0.67003027 -0.61660552 -0.54910382
   0.09571738  0.94448657  0.83302855  0.5014617   0.37644092  1.05543932
  -0.77507001  1.24139724 -0.15767723  0.50908802  0.56738803  0.93207737
  -0.23828145  1.10490631  0.42572802 -1.07133092  0.88224513  0.84020197
  -0.0344675   0.74843066  0.54476381  0.24446921  1.32457936 -0.70594041
   0.47771644  1.05924644 -0.85818802  0.46038421  0.92644552  0.53042632
  -1.25517435 -0.15506395 -0.69717724 -0.56980382 -0.39876777 -1.1070942
   0.35921013  1.97949265 -1.45750091  0.76424763  0.63420304  0.73905092
   0.89325263  0.79343908  0.65881222 -0.21181092  0.17408197 -0.43315895
  -0.54765013 -0.49942696 -0.31632802  0.48590763  0.88918857 -1.3596504
   1.49956591  0.7606021   0.63089605  0.5880925  -0.5856225   0.23924685
  -1.43481356  1.69804881 -0.04629553 -1.08121895 -0.93213579  0.89488159
   0.65430499 -1.4823929   0.40430671  0.2125092  -0.23026724 -0.22194592
   1.06721512 -1.1421946   0.94859053  1.69443791 -0.64000159 -1.7461092
  -0.90172026 -0.45615947 -0.08052316 -0.83594723  0.46918475 -0.81379025
  -0.34318236  0.24447552 -0.07261672  0.38682499 -0.72479722  1.45967999
   1.37351409  0.46254644  0.15434381  1.09604354  0.78378395 -2.0215571
   1.13382382 -0.54253697  0.28246434 -1.53437987  0.98572921  0.06487684
  -0.10944394 -0.75019144  0.88277592  0.53403711  0.19509448 -0.20829488
   0.82403502  1.29202552  1.09344066 -0.40718329  1.58063013 -1.29438065
  -0.22627762 -0.31968158 -0.04277841  0.04835369  0.45695658  2.84841107
  -0.82346264  1.03647946  0.27154632  0.55557119 -1.01420843 -0.65618855
  -0.09040592 -0.09243    -0.76471763  0.86232355  1.34255855 -0.06853408
  -1.76987882  1.20499448 -0.70444211  0.69719841  2.18747433  0.07786908
  -0.08697105  1.05104763  0.13070658 -0.40273948  1.22607514  0.27212645
   1.16366197  0.44715736  1.22451421 -0.04581723  0.52206236  0.08129106
  -0.66508013  0.07778659]]