[-0.16090551  1.1053079  -0.48366594  0.859707    1.4001235   0.63443196
  0.51003796 -0.590391   -1.8069454  -0.00766652  1.072988    1.5156345
 -0.5220804  -1.7368524  -0.430437    0.179266   -0.688737    0.628367
 -1.4211035   0.62885404  0.07065848  1.819968   -0.69031954  0.32876602
 -0.5547     -1.0837324   0.7350545   2.285286   -0.3251085  -0.93132484
  1.090267    0.20155501 -0.286689    0.47568902  2.1158338   0.94895494
 -0.92523944 -0.0505415  -1.3026761   0.06013551 -1.748324   -0.4034125
  1.6973234  -0.22746451  0.98711     1.1534765  -0.72494256 -0.17322353
 -0.3072115   0.8095285   0.98446894  0.24655855  0.19607653  0.946465
 -0.48363343  1.2956425   0.85562944  0.24312353  1.0126721   0.82222253
 -0.38662797  0.57784355  0.38092747 -1.1282829   0.38497397  0.5721105
  0.36984354  0.5802044   0.967367   -0.083003    1.728846   -1.5366862
  0.35879     1.7691429  -1.4388015   0.9474269   1.2046033   0.833881
 -1.0489471   0.20601153 -0.177955   -0.57270753  0.01478199 -1.012051
  1.0203685   1.565738   -0.56764597  0.703477    0.9691715   1.045505
  0.5615059   0.5062045   0.54781044  0.1354665   0.18844351 -0.05877552
 -0.9401771   0.01610051 -0.2588225   0.61901444  0.6112625  -1.250959
  1.9307468   0.49526945  0.36641648  0.99028987 -0.390611   -0.10594801
 -1.8772959   2.3709052   0.472749   -1.4058237  -1.3956654   1.0797255
  0.61825854 -1.73043     0.45975906  0.12614152  0.40355697  0.55289257
  1.035608   -1.5768777   1.4146975   1.459852   -0.22466847 -1.644998
 -0.8760349  -0.29461902 -0.18274751 -0.59394056  1.7237866  -1.279932
 -0.36329752  0.43224153 -0.34052756 -0.6642295  -0.828736    0.976769
  1.3132609   0.1763405  -0.55226797  1.1594425   0.7195489  -1.053942
  1.6684593  -0.40187043  0.3344895  -1.38294     1.5976077   0.5642885
 -0.38315803  0.3362835   0.6772025   0.45292997 -0.34869298 -0.6238409
  1.363416    1.8385216   0.45363608 -0.6149535   1.3962691  -2.1601374
 -0.705672   -0.2068625  -0.32352898  0.73640597  0.49278802  2.4300504
 -0.82054204  0.95365655  0.79608643  1.0818155  -0.7636849  -0.64214253
 -0.07342    -0.2773575   0.1839695   0.93089885  0.1322265  -0.24412651
 -2.1853747   1.220982   -0.8578396   1.1767526   2.751982    0.33252448
 -0.49137053  0.53837705 -0.20350549 -0.5317035   1.1483815  -0.49163252
  1.5730745   0.5297125   2.1660974  -0.41122746 -0.07473353  0.285244
 -1.080394   -0.13443148]