[-5.2828318e-01  1.1477657e-01 -1.4015359e-02  8.2243377e-01
  1.3364247e+00  4.9737293e-01  4.5764485e-01 -2.1999516e-02
 -1.4825081e+00  3.9347145e-01  6.8854725e-01  1.3938601e+00
 -4.7939482e-01 -1.7569547e+00 -1.4233416e-01  4.6411479e-01
 -8.2555276e-01  1.9913292e-01 -1.1620535e+00  9.5926201e-01
  1.2218169e-01  2.0176861e+00 -6.8293029e-01  4.9635661e-01
 -2.1120025e-01 -5.2746034e-01  6.3588679e-01  1.6926678e+00
  8.8859998e-02 -8.5457659e-01  7.8277338e-01 -6.6771470e-02
  2.3395138e-02 -2.3522000e-03  1.9484813e+00  1.2284200e+00
 -1.0124919e+00  2.9687437e-01 -9.1149020e-01  1.7994073e-01
 -1.8345191e+00 -5.2780199e-01  1.5017282e+00 -5.1415288e-01
  1.0059650e+00  1.0474741e+00 -5.6461453e-01 -8.6341512e-01
 -4.5845605e-02  4.2444223e-01  3.5942441e-01 -2.7254581e-01
  2.4215637e-01  1.0261841e+00 -1.0765493e+00  1.2907943e+00
 -3.7092802e-01  2.9804194e-01  5.0712955e-01  1.4746011e+00
 -2.9690969e-01  2.3992857e-01  3.2628241e-01 -5.9037757e-01
  4.8026118e-01  4.9337170e-01  6.8461317e-01  4.0900314e-01
  3.5475978e-01 -1.6288024e-01  1.4348164e+00 -1.0532919e+00
  7.8786731e-01  9.6860653e-01 -1.2434559e+00  1.2393008e+00
  1.1184642e+00  4.7889951e-01 -1.1211015e+00 -5.9381539e-01
 -2.3984149e-01 -7.2932518e-01 -2.0042464e-01 -7.1092886e-01
  6.0043865e-01  1.2561759e+00 -8.9245933e-01  1.0633472e+00
  1.0624348e+00  8.3092004e-01  5.4673958e-01  3.3921051e-01
  8.4708273e-01  1.9065875e-01  3.4587324e-02 -3.4981784e-01
 -9.5692372e-01 -6.2014860e-01 -1.9292193e-02  3.8606101e-01
  6.9136584e-01 -1.1018808e+00  2.1009927e+00  1.0739651e+00
  2.7327150e-01  5.6875002e-01 -7.7158526e-02 -4.4498152e-01
 -1.3995064e+00  2.0354483e+00  1.1014695e+00 -1.0016395e+00
 -5.4484439e-01  1.1357188e+00  9.5055634e-01 -1.7075092e+00
  3.1016949e-01  1.6361485e-01  3.9673811e-01  3.7066391e-01
  1.3522257e+00 -1.3583868e+00  1.0681298e+00  1.0352168e+00
 -1.7568538e-01 -1.2279072e+00 -1.0613859e+00  7.6369248e-02
 -3.9091486e-01 -9.6887982e-01  4.0982303e-01 -9.3219894e-01
 -3.6201343e-01  4.5837054e-01 -3.0627686e-01 -8.7318540e-02
 -6.5745956e-01  5.2204365e-01  1.1811572e+00 -9.1116093e-02
 -2.9375073e-01  1.3109245e+00  4.2285901e-01 -1.2651358e+00
  1.2713710e+00 -2.2443464e-01  1.8635243e-01 -1.0119536e+00
  9.9840093e-01  9.2930727e-02 -2.5066611e-01  1.0567828e-01
  8.0582035e-01  2.2617343e-01 -3.4258732e-01  1.2784415e-01
  1.0172005e+00  1.6722820e+00  6.5671247e-01 -6.2552387e-01
  1.5050095e+00 -1.8930279e+00 -7.5545442e-01 -4.4851899e-01
 -2.9331508e-01  2.6074463e-01  5.7679051e-01  2.2618692e+00
 -7.0396078e-01  7.5237387e-01  9.9991322e-01  1.0400503e+00
 -6.9926900e-01 -1.0933148e+00  2.2870710e-01 -1.9434291e-01
  1.4870238e-01  5.6692535e-01  2.1640101e-01  2.8758833e-01
 -1.4488664e+00  1.3086770e+00  1.1602378e-03  1.4905199e+00
  2.3435509e+00  5.4247224e-01 -4.0942559e-01  3.4837663e-01
 -4.8323706e-01 -5.6719046e-02  1.1053725e+00 -1.8619148e-01
  8.6842459e-01  7.0615125e-01  1.2912694e+00 -1.4184292e-01
 -2.1695340e-01  3.6602858e-01 -3.5454905e-01  1.6322464e-01]