[-3.12107410e-02  5.73922247e-02 -1.31575927e-01 -2.08696276e-02
  2.32070729e-01  1.06189266e-01  2.62313336e-01 -1.13377400e-01
 -2.78760016e-01 -7.11222272e-03  2.21812606e-01  1.58209994e-01
 -1.06621847e-01 -2.69872218e-01 -1.67176664e-01  4.16292623e-02
 -2.20542207e-01  1.28681108e-01 -9.67170373e-02  2.17722207e-02
  6.62029609e-02  3.28137040e-01 -1.48766652e-01  3.33048142e-02
  8.23040679e-02 -1.70531467e-01  2.85633411e-02  1.56152949e-01
 -6.01144470e-02 -1.81364819e-01  1.68797776e-01 -1.07244439e-01
 -1.16141476e-01  1.36725921e-02  5.78845561e-01  1.22021854e-01
 -3.20289999e-01  2.10119247e-01 -2.03052223e-01  1.02960736e-01
 -3.41306329e-01 -4.60911132e-02  3.14991117e-01 -2.60582954e-01
  3.31672937e-01 -1.35225896e-02 -1.53763354e-01 -8.76518525e-03
  1.25047415e-01  1.61125571e-01  9.28459316e-02 -1.46674067e-01
  1.47984445e-01  3.53836656e-01 -1.02637768e-01  2.30369985e-01
  8.41662958e-02  4.85111261e-03  1.52410373e-01  2.39830002e-01
 -8.21588933e-02  8.54722187e-02  4.04366665e-02 -2.44081855e-01
  1.24302231e-01  1.24487035e-01 -1.59222223e-02  1.62641466e-01
  1.32135928e-01 -1.66748147e-02  1.78445175e-01 -2.69346654e-01
  1.50837779e-01  1.43249631e-01 -3.92678887e-01  2.45091096e-01
  2.39247397e-01 -2.15911120e-02 -1.13990001e-01 -2.34850749e-01
 -8.49907398e-02 -6.98155537e-02 -1.88638151e-01 -2.57927775e-01
  1.76446304e-01  1.93085566e-01 -1.59257025e-01  2.63170749e-01
  1.77400365e-01 -3.18881460e-02  3.43038887e-01  1.84574097e-01
  3.42218541e-02 -7.28533268e-02  9.48066711e-02 -1.76386297e-01
 -8.16511139e-02  4.56122309e-02  3.47262956e-02  1.79736968e-02
  2.66743690e-01 -2.75362223e-01  3.42361093e-01  2.88229622e-02
  7.75218531e-02  3.50503735e-02  3.52792591e-02 -1.30097032e-01
 -2.89330751e-01  4.90558863e-01  1.99834436e-01 -2.47264445e-01
 -2.20843330e-01  2.48631105e-01  1.81018144e-01 -6.60328925e-01
 -1.11858524e-01  1.41725928e-01  1.92866605e-02 -5.93222231e-02
  1.96917787e-01 -1.80675194e-01  1.76627412e-01  1.55658156e-01
 -2.74825916e-02 -2.79804826e-01 -2.67023325e-01 -1.00077406e-01
 -9.10074171e-03 -1.75830007e-01  2.29663685e-01 -1.65405914e-01
 -1.05774447e-01  1.46767035e-01 -1.66230008e-01 -6.63388893e-02
 -6.26329705e-02 -1.49133317e-02  2.64934093e-01 -1.02847040e-01
 -3.12566683e-02  1.03723123e-05  8.05629138e-03 -2.66155571e-01
  3.99694085e-01  4.93518496e-03  6.08192608e-02 -2.90959984e-01
  2.88541853e-01  2.86629912e-03 -1.98456675e-01 -2.31603775e-02
  1.70162953e-02  3.41992602e-02  4.01559286e-02 -9.43681374e-02
  3.15263331e-01  2.81161845e-01  1.99317798e-01 -1.61325894e-02
  6.31003678e-02 -3.11152995e-01 -1.16007775e-01 -3.27937081e-02
  3.08618527e-02  9.21592638e-02 -3.34177762e-02  4.25392956e-01
 -1.43647060e-01  1.45794451e-01  2.18258519e-03  9.93829668e-02
 -2.74551868e-01 -1.30987421e-01  7.51692653e-02 -1.33609623e-01
  1.70794427e-01  5.18785231e-02 -1.06551843e-02 -3.87366675e-02
 -3.26711476e-01  2.28772581e-01  3.39451842e-02  2.72661090e-01
  4.73290384e-01  1.20078139e-01 -9.83881578e-02 -1.76187038e-01
  1.08850747e-01 -8.62218514e-02  2.02725202e-01 -2.86685191e-02
  2.10669622e-01  7.69040659e-02  4.35230762e-01 -5.68381399e-02
 -5.34214824e-02  1.25218898e-01 -1.47165909e-01  4.40611094e-02]