[[ 0.58777712  0.97970285  0.23432142  0.17433715  1.85103716 -1.15507577
  -0.50449572 -0.06346856  0.12731997  2.50121566  0.41290714  1.83203711
  -1.08753862 -3.90080718 -0.56745287 -0.86891861 -0.21207854 -0.34830715
  -2.30673003  2.27926847 -0.67006573  2.07248293 -1.1123428   0.04352574
  -1.68382275 -1.66748135  1.00789578  2.52067144 -0.56950714  0.18467004
   0.31249284 -0.96203135 -0.42630424  0.13900287  1.83777421  2.52785584
  -0.24676426  0.15319145 -0.82138148  0.38585002 -2.53022013 -0.49252576
   1.87632857  0.60333432  0.41878855  2.39383418 -1.76597423 -0.62417431
  -0.05474288  1.81706006 -0.97401146  0.93318707 -0.26645717  2.12153149
  -0.45533858  2.55671436 -0.2096843   1.18812716  0.68036004  0.88727859
  -0.67853996  1.93821702 -0.86646714 -0.8929457   0.65301572 -0.19723429
   2.03006008 -0.73337289  1.45597707  1.12650285  1.34364435 -1.64949853
   0.45232296  2.31408848 -1.69868435  1.70009436  0.67776857  0.09221717
  -1.2081471  -1.90024573  0.06985147 -0.83928571  0.83598999 -1.56741717
   0.49844715  4.20842995 -0.8581143   1.26375859  1.54463005  0.84744
  -0.7469686   1.59769571  1.51901296 -0.55167426 -0.13852995 -1.55353573
  -1.97320856 -0.21420145 -0.18442288  0.0324143  -0.1242372  -3.06505135
   1.1771986   0.33654     1.24722719  1.41398137 -1.38892569  0.04497712
  -1.14411422  1.0717814   0.72700141 -0.7649514  -1.87585     0.47807569
   0.42494427 -1.62151287 -0.09057144  0.00916719  0.66422863  1.04632853
   1.97708135 -2.47360996  0.93424286  1.5710971  -1.44053427 -1.27746419
  -1.37707421 -0.71750861  0.30630432 -0.99363143  0.38975001 -1.77301996
  -0.59800288 -0.05414431  1.02119277  0.66966288 -2.57216861  0.77899287
   1.9016099  -0.31104574  0.43176854  1.84584423  0.06441854 -0.64682572
  -0.17732283 -1.20274285  0.22123996 -1.93667855  0.9899614   0.45349715
  -0.27117573 -2.55520146  0.83458868  1.2894999   1.20941421 -0.56645863
   1.27738859  1.83938861  2.76740006 -0.85395711  3.29798426 -0.83723855
  -0.66559431 -1.32528005 -0.34989142 -1.47864713 -0.37916718  3.42846142
  -1.57965715  1.12886855  0.73935287  1.20705005 -1.04406432 -2.09577571
   0.80387997 -0.82509562 -0.91525286  2.41304861  1.42835007 -0.31409855
  -2.45057569  3.12900421 -1.05107859  1.10118992  2.83367266  0.83828429
   0.60170272  0.35167287  1.66116571  0.14841998  1.05041002  0.16428709
   0.36689569  1.2493      0.18054143 -0.19227285  0.61836149  1.42073125
  -0.16563571 -0.98557711]]