[ 0.17962573 -0.3793543  -0.08943284  0.9442686   0.6272443   0.76270574
  0.6005656  -0.55541    -0.91900855  0.44722292 -0.06471287  1.8551285
 -0.6147414  -1.42212     0.07987288 -0.11271425 -1.9084885  -0.40088567
 -2.1659071   1.453277   -0.44625428  1.3319757  -0.3013      0.32894996
 -1.139373   -0.60584724  1.1136029   2.0683029  -0.7477829  -2.1385415
 -0.3601986   0.01461999 -1.2311414  -1.1635758   2.6300273   1.7621273
 -0.96256     0.87386286 -0.24623142 -0.89793    -1.7987744  -1.8836757
  2.0922914   0.01042998  0.5757143   1.4053729  -0.9583543  -0.8200671
 -0.36402002  0.64695996 -0.18258716 -0.32216144  0.70082575 -0.18085286
 -0.45914426  0.12751141 -0.39982003  0.49169856  1.3207514   0.34078857
  0.08578569  0.5442657   1.6786543  -0.78319865  1.1289443   1.0593001
  1.0749743  -0.3609243   0.37003857  0.8084229   1.0983329  -1.7332785
  1.5318587   1.5862199  -2.4234314   1.4101028   0.3965514   0.7742943
 -1.4692585  -0.7416729   0.63816434 -0.6225543  -0.5558829  -1.1003457
  0.7183485   1.0695828  -0.24626002  0.37862286  1.0331601   1.1898687
  0.85643715  0.5016286   0.27641705 -0.2633314   0.76992714 -1.4911972
 -0.5770701  -1.7928787  -0.01546288  0.24082139  0.29866    -1.9370714
  1.0825928   0.68097    -0.00366715 -0.07395428 -1.05451     0.31905574
 -1.3632356   0.32158437  1.0565472  -0.8283742  -0.8838657   0.7955657
  0.51903427 -1.1839315  -0.19777143  0.70802146  0.28158     0.19547856
  1.0849401  -0.69658715  1.3660542   1.2734998  -0.71860427 -1.5283443
 -1.1314043  -0.7473628  -0.25879285 -0.93973     0.23632278 -2.0197616
  0.32995716  1.0014514  -0.7883029   1.5727456  -0.56048286  0.90576714
  0.78891855  0.82176286  0.53726     0.9504443  -0.47350284 -1.3231515
  0.36453146 -0.77496856  0.29901004 -1.6648486   1.2172958   0.5235015
  0.68397856 -1.6354471   1.0605099   0.69690853  0.24391285  0.99315435
  2.17161     1.0292356   1.615847   -0.21115573  2.9234517  -2.01595
 -0.78795    -0.6041585   0.52854854  0.6158242   0.3444757   3.0715616
 -0.88770866  0.52435434  0.8571315   2.5061085  -1.3098457  -0.7586214
  0.3748943  -0.3052686  -0.47853142  1.1663343   1.4077843  -0.9067828
 -2.22099     1.67359    -1.3536829   1.0788815   2.3437998  -0.7264072
 -0.7435957   0.9768586  -0.6058615   0.39330435  0.29002428 -0.01423856
  0.72652     0.8486514   1.0351585  -0.05374141  0.67220145 -1.2640073
 -1.2445172   0.91261   ]