[-0.53871757 -0.2516825  -0.38950497  1.5779951   2.848885   -0.19586748
  1.8375199   0.31045753 -3.2216923  -0.19158752  0.8838825   2.8889923
 -1.3570025  -3.6641827   0.2600525  -0.14113754 -0.73749745  0.58134997
 -1.5148876   1.4385875  -0.71064746  1.6849649  -1.1535776  -0.04397747
 -0.72239757 -0.34012002 -0.34464744  2.2213376  -1.4338375  -2.4732478
  2.6514626  -0.679475   -0.2668725   0.02140002  2.8335924   3.3091874
 -1.8350425   1.9117326  -0.9851875   0.8404475  -4.0268073  -0.4877225
  3.95043    -1.7122201   0.5510199   1.7949     -2.5852249  -1.473165
  0.19389501  1.5247201   1.596445    0.311785    0.8506      2.9700773
 -0.21907002  2.450295    1.3508025   2.171215    0.8349175   1.5886474
 -0.19045001 -0.2942824  -0.30682248 -1.4820875   0.21851006  1.3158076
  0.56645495  0.98962754  0.467955   -0.14413251  2.012875   -1.770365
  0.88371754  3.1930125  -2.5547924   1.3309925   1.3559325   1.4917175
 -0.80388254 -0.97465503 -0.70257246 -1.9101175  -2.183905   -2.2454672
  0.44597498  1.854495   -1.6560473   0.72928     2.738265    0.38442
  2.0140026   0.24893501  1.5845125   0.4593576  -0.5430475  -1.6553526
 -1.8854425  -0.117705   -1.9821975   0.34894     2.2001824  -3.176645
  3.3966599   0.8683526   1.6407475  -0.07852998  0.42625254  0.7113175
 -2.1446874   1.4003351   2.04881    -1.69078    -0.6193075   1.6176499
  0.538      -3.0494075   0.59965754 -0.33947498  0.23212747 -0.6687725
  1.0213724  -1.63749     2.0860875   1.1534524  -2.6035075  -1.960635
 -1.3792226  -1.2591826  -0.08118    -0.5605775   2.1617699  -0.86262
 -1.2491775   0.73994756 -1.3855675   0.8637874  -0.96988505  0.49673748
  3.4824002  -0.36915255 -0.06354     0.71027005 -0.31938    -3.4988775
  0.03096253  0.02716249  0.11434248 -2.6280751   2.129475    1.4053699
 -0.4843875  -0.02853498  1.5709175   0.8682176  -0.82728255  1.0663176
  1.0254099   1.8610026   1.02343    -1.55469     3.045835   -1.895855
 -1.7700926   0.06108752 -0.263695    0.8438699  -1.9397225   3.9028199
 -0.76198006  1.495965    1.0709175   2.1019576  -1.9485     -0.61021006
  1.2227051  -0.76124996 -0.42554003  2.4834025   0.22652756  0.41388
 -3.3583598   1.773165   -0.7889425   1.5207449   2.8242579   0.6915725
 -1.1808075   0.33747745  0.52034    -0.61236     0.96259    -0.671185
  2.61464     2.22531     2.5800076  -0.9439601   1.3208799   1.2894825
 -1.4158175   0.6671275 ]