[-1.25332677e-03 -3.77643347e-01 -3.72478336e-01  6.74259961e-01
  1.80238497e+00 -1.19481631e-01 -2.21244991e-01  2.90601701e-01
 -1.52636337e+00  2.01769993e-01  6.63906634e-01  1.04022503e+00
 -4.50870037e-01 -1.90550172e+00  1.03331663e-01 -2.73983359e-01
 -4.45329994e-01  3.09500042e-02 -1.18466330e+00  2.90000021e-01
  1.82451665e-01  1.77230990e+00 -1.51843679e+00 -7.12081671e-01
 -1.30579329e+00 -7.40863383e-01  6.96208298e-01  1.54704177e+00
 -5.70218265e-01 -1.17508495e+00  1.70455658e+00 -9.85219955e-01
 -5.05161703e-01  2.24841654e-01  2.64432836e+00  8.85588348e-01
 -4.51028347e-01  4.29636627e-01 -1.59504473e+00  8.66268337e-01
 -6.50323331e-01 -4.82288361e-01  2.02436996e+00 -5.34136713e-01
  7.20780075e-01  1.61800003e+00 -1.33414495e+00 -6.04144990e-01
 -4.78274971e-01  8.52583647e-02  5.94625056e-01  7.39933327e-02
  4.57233004e-02  2.37669492e+00 -3.40638310e-01  8.05608332e-01
  9.85414982e-01  7.13084996e-01  2.31491685e-01  6.51103318e-01
 -1.37933329e-01  3.52221727e-01  2.46218324e-01 -7.28526652e-01
  5.44228375e-01 -2.75413364e-01  6.30613327e-01  1.47451830e+00
  1.37885845e+00 -1.15523338e-01  4.69370008e-01 -7.32096672e-01
  1.19300997e+00  1.76486838e+00 -1.54724014e+00  1.73201334e+00
 -1.29088327e-01  1.32626998e+00 -2.87133306e-01 -4.22525018e-01
  1.71265006e-01 -1.38423157e+00 -1.81278303e-01 -1.55039823e+00
  5.78091621e-01  1.84044170e+00 -1.34244156e+00  1.16060674e+00
  1.12380493e+00  1.22320026e-01  1.55341673e+00  7.34911680e-01
 -3.91433328e-01 -3.23621660e-01 -2.30436683e-01 -2.77936667e-01
 -1.07143342e+00  2.20376670e-01 -8.07443321e-01 -1.73966691e-01
 -1.07686676e-01 -1.87155342e+00  1.22167504e+00  6.33964956e-01
  3.45018357e-01  6.46126688e-01 -1.88194945e-01 -8.44781697e-01
 -6.52750015e-01  1.46748161e+00  1.12984335e+00 -9.01031673e-01
 -4.07616705e-01  1.21379828e+00  1.80916667e-01 -2.04857326e+00
  5.37928343e-01  8.74528229e-01  9.20383334e-02 -4.43213344e-01
  1.10620666e+00 -1.19901168e+00  6.33789957e-01  8.29098403e-01
 -1.22724998e+00 -9.65401649e-01 -9.81391668e-01 -8.82666647e-01
  4.95766588e-02 -1.12136161e+00 -1.23981714e-01 -6.86330020e-01
 -2.32292843e+00 -3.83984953e-01 -4.18220013e-01  5.95843256e-01
 -7.35496700e-01  1.08288991e+00  2.07994342e+00  7.29733333e-02
 -2.45529965e-01  1.05196333e+00  3.71674925e-01 -1.02922666e+00
  1.15734518e+00 -9.35533345e-02  2.00453341e-01 -9.65598404e-01
  1.53882504e+00  4.95281667e-01 -8.11196625e-01 -6.90848351e-01
  1.07648659e+00  9.57250059e-01  8.16193342e-01  1.23250675e+00
  1.64077508e+00  1.08126497e+00  6.16026700e-01 -4.77216631e-01
  1.74675667e+00 -1.59637833e+00 -9.00595009e-01 -2.74433345e-01
 -1.55606672e-01  5.50738394e-01  1.50800034e-01  2.43903852e+00
 -5.00781715e-01 -3.61143351e-01  1.40032005e+00  1.64044666e+00
 -1.45355999e+00 -1.32781172e+00 -1.38415024e-01 -1.04734337e+00
  1.61708340e-01  6.44043386e-01  9.86090004e-01  1.23833620e-03
 -2.44939661e+00  1.83510160e+00  1.39141634e-01  1.11932993e+00
  2.83676171e+00  9.09448326e-01 -3.19248348e-01  6.70673311e-01
  5.37531674e-01  5.98766617e-02  1.03016496e+00  2.85301656e-01
  1.94238508e+00  1.08938658e+00  1.50971329e+00 -4.51815009e-01
 -5.43633290e-02  7.70659983e-01 -4.04466718e-01 -2.38246664e-01]