[ 1.1455435e+00 -1.7416266e+00 -1.9987167e+00  8.2558006e-01
  4.4739099e+00 -1.0569433e+00 -1.5293800e+00  2.8359032e+00
 -4.5120335e-01 -8.5950667e-01  1.7842566e+00  1.5086833e+00
  3.7938002e-01 -1.9793501e+00  3.8345990e-01 -1.7346801e+00
 -9.9400669e-01  1.5234166e+00 -2.1282833e+00  3.1596670e-01
 -4.6491003e-01  4.5238233e+00 -1.3320498e+00 -2.4689434e+00
 -3.7204702e+00 -4.8475996e-01  1.2313133e+00 -4.3466487e-03
  1.3382301e+00 -3.8163337e-01  3.7776730e+00 -2.4581635e+00
  2.5272664e-01  2.7214000e-01  3.7796967e+00  1.7607466e+00
  2.1842501e+00 -1.5840765e+00 -2.2006199e+00  2.2455399e+00
 -7.5700007e-02  3.1279007e-01  2.3347001e-01 -1.2697200e+00
 -1.3762338e-01  2.4452801e+00 -2.0982669e-01 -9.5105004e-01
 -7.2571659e-01 -6.4183664e-01 -1.2892700e+00 -6.8230337e-01
 -1.0879400e+00  5.1697903e+00  7.6550341e-01 -2.2561002e-01
  1.5441366e+00  1.3992434e+00 -2.2261333e+00 -1.4283701e+00
  2.3405333e-01  2.5017300e+00  1.4726601e+00  1.3916668e-01
  1.8190900e+00 -1.7264900e+00  5.7311332e-01  1.6870733e+00
  2.4387801e+00 -8.3326668e-02  2.1348333e-01 -4.6373999e-01
  2.5940969e+00  8.1412333e-01 -2.2788835e+00  1.9486200e+00
  5.6201333e-01  2.2447200e+00  3.2208767e+00 -1.9372932e+00
  1.9312433e+00 -6.3141999e+00  2.4186337e-01 -1.1525667e-01
 -1.2335266e+00  1.4696336e-01  2.4032672e-01  3.5380998e-01
 -1.0424768e+00  4.6451339e-01  4.2091103e+00  5.9048671e-01
 -1.3912332e-01 -2.3875999e-01 -2.8590336e-01  3.8233003e-01
  6.7881662e-01  1.6043733e+00 -1.4442635e+00 -1.8674434e+00
 -6.0285002e-01 -2.1735098e+00 -3.7595665e-01 -4.5083666e-01
 -5.7825667e-01  2.5781200e+00 -3.2419167e+00 -3.0141098e+00
  2.9844335e-01  2.8825867e+00  2.6797333e+00 -2.3510997e-01
  3.1400666e-01  3.6107101e+00 -1.9411668e+00 -3.7530434e+00
  1.3014866e+00  1.2905599e+00  1.3976002e-01  2.5605670e-01
  3.3019993e-01  1.6539301e+00  1.1163267e+00  1.3160601e+00
 -4.6299734e+00 -1.9045000e+00  1.9523634e+00  1.4029329e-01
 -9.7906667e-01 -3.5994732e+00 -3.8376000e+00 -4.9723330e-01
 -4.6382632e+00 -1.5988866e+00 -2.2646267e+00  1.2519300e+00
 -7.4662995e-01  1.9708233e+00  2.6197500e+00 -7.0478672e-01
  2.4373336e-01  4.2759199e+00  1.6762699e+00  3.7970665e-01
  2.1119332e-01  1.3638671e-01  2.9053900e+00  1.2519301e+00
  2.1003001e+00  9.6960998e-01 -2.4930866e+00 -8.2887000e-01
  1.0643066e+00  2.6890500e+00  1.8887601e+00  1.9225799e+00
  2.2697899e+00 -4.8604003e-01  1.2764200e+00 -8.9632326e-01
  3.8177633e+00 -1.8132033e+00 -8.6750007e-01  5.4977006e-01
 -6.3542670e-01  3.6118007e-01  1.7737900e+00  3.1820099e+00
 -7.9193670e-01 -1.7772135e+00  3.3034298e+00  2.7829401e+00
 -1.5091734e+00 -1.3220567e+00 -2.3608701e+00 -4.4148035e+00
  1.7926998e-01  6.5181994e-01  3.9800434e+00 -1.6266565e+00
 -2.8193531e+00  2.6734235e+00  1.0915499e+00  1.3688933e+00
  3.1982832e+00  2.6560633e+00  2.8617532e+00  2.0788867e+00
 -1.3184832e+00  2.3844664e+00  1.5567766e+00  1.6202866e+00
  1.8969132e+00  2.1419232e+00  4.7687331e-01 -2.7626934e+00
 -4.8181662e-01  4.7380996e-01  1.2066996e-01 -1.5008501e+00]