[ 0.49609002 -1.6438332  -1.8907667  -0.02132998  1.9699335  -1.1386701
 -0.93469334  1.3961334  -1.62086    -0.12953664  1.6110734   1.45685
  0.34058666 -1.5188035   2.5274398  -1.4640132  -0.04211998  0.97909
 -1.4981699   1.1297766   0.10138001  2.7806568  -2.7841332  -0.2684634
 -3.4783535  -0.68704337 -0.29485     0.58066005  0.5259234   0.44566998
  4.10396    -2.0271533  -1.69969     0.93116003  2.9699166   0.60326666
  0.26841667 -0.53166336 -2.4697268   1.2879933  -1.2100066   0.52157
  1.7570866  -1.3890934   1.1650434   2.45024    -1.5305967   0.35989666
 -1.9849967  -0.9238767  -0.7356799   0.5539867  -1.0662134   4.612207
 -1.3549234   1.14709     1.33988     1.0432067   0.01094329 -0.88342667
  0.5893433   1.20831     0.56260335  0.09549669  1.7074634  -1.1055766
  0.06236335  2.66207     2.5576732   0.69614     1.3902267  -0.69758993
  2.3650134   2.19076    -2.7363899   1.11119    -0.69668335  1.7988267
  1.9648666  -1.21936    -0.32004663 -2.8919134  -0.6362733  -0.9317767
 -0.24032335  1.8017267  -1.27566     0.46008003 -1.2114267   0.38171673
  3.2986403   0.66837    -0.32991996  1.9012066  -0.19986336  0.26002666
 -0.65466005  0.7899566  -0.5937267  -1.4376234   0.15855329 -0.9339133
  0.27315673 -0.04383     1.1905833   3.066      -1.8771334  -1.8453866
  0.21615334  2.76363     0.8374732   0.34611666 -0.8101134   1.9391102
 -0.55399007 -3.614277    1.2110434   0.13202001  1.33765     0.07468337
  1.3122     -1.4178866   1.6180834   1.62564    -3.208617   -2.0843966
 -0.0426967  -0.39176336  0.18965328 -3.22212    -2.5731034  -0.50996
 -2.9263365  -1.2642599   0.38150993  0.54017663 -1.8737835   2.7847633
  2.6791198  -0.95310336  0.63694     2.90938     1.06302    -0.80487996
  0.6415067  -0.7597167   2.3696568  -0.1411233   1.6714798   2.2170866
 -1.6170734  -1.1556034   2.4668732   2.6049035   1.4791335   2.8756363
  2.8297567  -0.7400933   2.58667    -2.21739     3.6014767  -1.38405
 -1.9523567  -0.29341003 -1.50712     2.3863933  -0.09173664  3.9659433
  1.3052267  -0.76708335  2.8538265   2.0898268  -1.3225534  -1.5390167
  0.9035766  -1.2354766   0.1516933   1.7665666   3.7903335  -1.6353301
 -2.0441234   1.7833534  -0.7435301   2.4444067   3.1103165   1.1215035
  2.1004066   1.6738167   0.33415332  1.0824467   1.3236133   1.42206
  2.10165     2.72673     0.26929    -1.6585165   0.67375344  1.5949134
  0.85946995 -0.38331333]