[[-4.73595540e-01 -1.55864467e-01 -2.84126659e-01  7.69342209e-01
   1.79915224e+00  6.71574473e-01  1.57533314e-01  1.76358885e-01
  -4.71061125e-01  8.91115566e-01 -3.31211130e-01  1.35031554e+00
  -1.48270018e-01 -1.86504221e+00  7.97671108e-01 -2.79924441e-01
  -7.97686696e-01 -3.54467789e-01 -3.69649996e-01  1.30993223e+00
   6.73144413e-01  1.52810778e+00 -9.20940003e-01  4.08206642e-01
  -8.71266623e-02 -8.59451109e-01  4.32341110e-01  1.06285440e+00
  -7.05455641e-02 -1.27177888e+00  4.72601136e-01 -1.62227770e-01
  -2.67084479e-01 -8.86644466e-01  1.83661334e+00  4.54166644e-01
  -1.04391223e+00  3.50319993e-01 -1.14391110e+00 -1.47027774e-01
  -1.08717333e+00 -7.93236686e-01  1.50858104e+00 -3.16534433e-01
   5.92552228e-01  1.58032668e+00 -7.26378891e-01 -1.11204001e+00
  -5.54889988e-01  1.31061893e+00  2.60733285e-01  1.93056663e-01
   2.09073318e-01  1.32000107e+00 -2.60053350e-01  4.67546673e-01
   2.87911084e-01  3.70096664e-01  5.87384446e-01  3.42675564e-01
   1.36796680e-01  4.35554465e-01 -3.84832203e-01 -1.19067446e+00
   5.10845539e-01  8.91109996e-01 -7.20777644e-02 -3.51923320e-01
   5.75936688e-01 -5.93370012e-01  9.70169995e-01 -8.91025563e-01
   7.07277808e-01  1.43240102e+00 -7.87883348e-01  2.11787332e+00
  -7.98900922e-04  1.06376648e-01 -1.21626778e+00 -1.53521663e+00
   2.80251106e-01 -4.93502246e-01  1.94532229e-01 -1.04325887e+00
   7.65956640e-01  1.88552445e+00 -7.15162204e-01  8.05048903e-01
   1.47482332e+00  2.97795561e-01  8.48762261e-01  8.38931097e-01
   1.81654430e-01  2.72251129e-01  4.47433260e-02 -1.28612110e+00
  -1.60515565e+00  1.18989958e-01  1.76584429e-01 -9.30610829e-02
   2.49945574e-01 -1.50606336e+00  6.14496642e-01  1.00919557e+00
   9.20956686e-01  8.48181139e-01 -7.82897757e-01 -2.86074440e-01
  -1.11132328e+00  1.69580561e+00  9.88977746e-01 -1.17630666e+00
  -1.08171666e+00  6.21079995e-01  6.07852274e-01 -1.12840554e+00
   5.55634429e-01  3.06764470e-01  4.90594427e-01  4.29522230e-01
   1.36162225e+00 -1.33432998e+00  4.55259985e-01  9.44087744e-01
  -4.83495553e-01 -7.68702216e-01 -7.80611085e-01 -1.00595554e-01
  -5.88363340e-01 -1.42487110e+00  5.61495529e-01 -1.99712210e-01
  -1.28363344e-01  3.33366712e-01  3.92266512e-02  5.40901065e-01
  -4.43942229e-01  1.92296644e-01  8.68209998e-01 -4.57587779e-01
   5.30638893e-01  5.89146707e-01 -1.11934450e-01 -1.09701337e+00
   6.21142238e-01  3.05220001e-01 -2.19579981e-01 -7.56071104e-01
   1.46428221e+00  1.72137777e-01 -8.50111118e-01 -7.89205541e-01
   7.70065563e-01  5.59621122e-01  2.58529960e-01  7.28765615e-01
   6.53637754e-01  1.63516884e+00  9.80858896e-01 -4.21277758e-01
   1.38355666e+00 -2.24558004e+00 -5.02726667e-01 -5.58974465e-01
   5.44633334e-01 -1.40711189e-02  2.76376685e-01  2.36629107e+00
  -3.26824443e-01  1.27817773e-01  3.84028905e-01  1.06332227e+00
  -6.31852208e-01 -7.91330006e-01  1.14013316e-01 -2.23622183e-01
   1.95230008e-01  1.06668450e+00  7.86822438e-02 -9.87944537e-02
  -1.88877232e+00  1.25882668e+00 -3.82517821e-01  1.19406660e+00
   2.46991115e+00  7.04636670e-01 -6.92998913e-01  4.93082245e-01
   1.09413001e+00 -6.92713347e-01  7.48902222e-01  5.27177801e-02
   1.11404109e+00  1.11823888e+00  1.72618670e+00 -4.45555316e-03
   6.91611158e-02  7.29432219e-01 -2.35466666e-01 -2.59513332e-01]]