[ 0.43681803  1.02158     0.12165602  1.2530191   0.9232279   0.9179491
  0.303993    1.032933   -1.446068   -0.59833705  0.259688    1.78226
 -0.678885   -3.654572    0.42253393 -0.6737731  -1.088636    1.1220189
 -2.914763    2.2821913   0.30211306  2.5328279  -1.1626459   0.290237
 -1.2968409  -1.50192     0.369443    2.535512   -0.436982   -0.9310791
  1.629892   -1.0741799  -0.535856    0.8737071   4.1395183   1.6125278
 -2.064996   -0.059074   -1.5445579   0.579909   -2.571952   -0.47766095
  2.7491512  -1.3163998   0.78798187  1.0614179  -0.7074231  -0.69530594
  0.582578    0.9846099   1.6746309   0.98483294 -0.731985    1.752516
 -1.1508379   1.6344999  -0.84243697  1.5187101   0.953262    2.0004392
 -0.40137896  0.02821997  0.60893404 -2.19655     0.32587296 -0.280538
  0.40581402  0.65909994  1.002454   -0.58009094  0.473069   -0.81699
  0.27682596  1.5302511  -3.069314    1.538723    1.9106249  -0.37498397
 -1.6037982  -0.28001994 -1.1394678  -1.519498   -0.04932599 -0.497804
  0.5678799   2.625693   -0.44093806  0.70594597  2.401004    1.0226439
  0.52841413 -0.10874202  2.0481281  -0.79326904 -0.665652   -0.713915
 -0.762574   -1.509629   -1.3454369   0.546231    2.3096611  -2.791368
  3.1675668   1.330776    1.228616    0.88229704  0.391671    1.1572771
 -2.119324    2.51162     1.1303079  -1.566121   -0.874663    0.920914
 -0.06494097 -2.315495    1.146025    1.9860951   1.027207    0.10759797
  2.3197942  -3.11379     1.5861641   0.258724   -1.035651   -1.496724
 -1.4709209  -0.27842304 -0.03842498 -3.2420971  -0.25036803 -1.0062301
 -1.3396441   0.41728702  0.669719    2.0187562  -0.983946    0.863599
  1.0514419  -0.17757897  0.00837398  2.277978    0.25887495 -1.4299991
  1.07903    -1.5750229  -0.610297   -2.228631    2.4119709   0.07190396
 -0.883434   -0.00421098  0.58532095  0.345321    0.54748404  0.5281801
  1.4437909   2.186573    1.464899    0.55141294  3.5820668  -2.63865
 -1.1733459  -1.026402   -0.25766796  0.36036497  0.827402    3.2945647
 -1.50681     0.420422    0.68201894  1.647794   -1.0583391  -0.978958
  0.58612096 -0.6510671   0.235774    0.91751707  1.702882    0.799971
 -3.219867    1.380852   -0.40462     1.5276241   2.76824     0.875553
 -0.62587297  0.9300451   0.90998507 -0.466158    1.8457699  -0.336451
  1.8638833   1.4876      1.7019619   0.334096    1.055548    0.28728598
 -1.8681259  -0.28330398]