[-4.2243004e-01  6.1339337e-01  1.5758467e+00  3.7285337e-01
  1.1743500e+00  9.3562001e-01  1.0929700e+00  7.6471335e-01
 -2.3987734e+00 -8.3255333e-01  6.3060337e-01  2.9478798e+00
  2.4116997e-01 -2.0656269e+00  2.8816099e+00 -6.2854671e-01
  9.0399671e-01 -9.1493005e-01 -9.9335998e-01  2.1303535e+00
  2.6706669e-01  2.6696665e+00 -6.6382664e-01 -2.3293667e+00
 -8.5534334e-01 -1.0509000e+00  1.4984666e+00  3.7906001e+00
  4.7348332e-01 -4.0334663e-01  2.2334235e+00 -8.3765668e-01
  8.4761667e-01  4.1193330e-01  6.3964003e-01  1.8735967e+00
 -1.9018698e+00  1.6190338e-01 -8.3264333e-01  8.2197666e-01
 -4.4767632e+00 -2.5579665e+00  2.2146766e+00 -8.3464336e-01
  7.0444328e-01  2.6364698e+00 -8.1724995e-01 -8.4113008e-01
  7.3158002e-01  2.4585900e+00  5.1199994e-03  9.0924329e-01
 -3.4369001e-01  1.4138600e+00 -1.3290367e+00  1.8893633e+00
 -1.2662200e+00  1.6649300e+00 -6.4502335e-01  5.4680991e-01
 -8.9698333e-01  9.1137004e-01  9.6059006e-01 -2.3852136e+00
  3.3680018e-02  2.6279266e+00  1.5143433e+00  9.5480007e-01
 -2.0716202e+00  6.2701672e-01  1.5870466e+00 -4.0572336e-01
  1.0918466e+00 -1.6970658e-01 -1.9361134e+00  5.1715332e-01
  2.8014500e+00 -1.1335367e+00 -2.2059333e+00  3.4663001e-01
  8.1162333e-01 -2.2443600e+00 -2.9626667e-01 -1.2405900e+00
  8.0909663e-01  3.4317999e+00 -9.1723007e-01  2.5451663e-01
  2.4699068e+00  1.3019533e+00 -2.2038335e-01 -1.1179833e+00
  1.9464566e+00 -8.0998737e-04 -9.4712335e-01 -8.7997341e-01
 -1.6823034e+00 -5.9792000e-01 -3.0957338e-01  7.6336330e-01
 -1.5984671e-01 -1.7027768e+00  4.7825599e+00  7.9363662e-01
  3.0965130e+00  1.9990635e+00 -8.7266666e-01 -8.9610332e-01
 -2.2255199e+00  3.1358232e+00  8.0645996e-01 -1.2290367e+00
 -3.5994998e-01  4.1108069e+00  5.6731004e-01 -2.4737899e+00
  7.4886560e-02  1.1308340e-01  1.0269600e+00  1.9891335e-01
  1.4275566e+00 -3.1383333e+00  4.2466264e+00  1.2894434e+00
 -6.5029663e-01 -1.7884668e+00 -2.5861132e+00 -1.1875001e-01
  2.8772998e-01 -2.2965534e+00  6.4623332e-01 -3.0516669e-01
  4.5586333e-01  6.2004727e-04  6.9346666e-01  6.8372995e-01
  1.8253000e-01  2.9355326e-01 -1.8383332e-01 -1.1351323e-01
 -2.6419333e-01  1.2187667e+00  1.5095934e+00 -2.7204902e+00
 -5.5997324e-01 -1.8072166e+00 -4.1915998e-01 -2.8115435e+00
  8.9311004e-01  1.4266067e+00 -1.5208200e+00 -1.2291168e+00
  8.9409328e-01  4.7969994e-01 -1.9831600e+00  1.3288999e-01
  1.6134065e+00  2.4804366e+00  4.7304001e-01 -1.2219400e+00
  4.8615999e+00 -2.1688435e+00 -1.7225233e+00 -6.7861658e-01
  6.4854330e-01 -3.7696001e-01  1.1292502e+00  4.7112365e+00
 -2.3016200e+00  2.9156667e-01  1.3372067e+00  1.4014133e+00
 -1.6060934e+00 -2.8450735e+00  1.3642901e+00 -3.7242666e-01
 -5.8595330e-01  1.4204501e+00  8.4662002e-01  1.4361334e+00
 -2.4847498e+00  2.1131465e+00  6.1403662e-01  1.5000833e+00
  3.4818802e+00  1.3415400e+00  3.6475328e-01 -5.6395668e-01
  5.2363330e-01 -2.2759664e-01  9.7664201e-04 -9.8414326e-01
  2.4411700e+00  1.5172003e-01 -2.5966532e+00 -1.0129334e+00
  3.5002002e-01  5.0089675e-01  9.9851996e-01  1.7200500e+00]