[-7.1021754e-01  8.9132750e-01  8.6835027e-02  2.2346225e+00
  1.3426299e+00  4.0762001e-01  1.8474959e-02 -7.2410995e-01
 -1.2335376e+00  8.7163246e-01  6.2826753e-01  4.4187098e+00
 -8.5448003e-01 -5.5038099e+00  6.2805748e-01 -2.4736977e+00
  1.4120301e+00 -3.4253252e-01 -2.0092976e+00  1.5234250e+00
 -1.0466926e+00  3.2805302e+00 -2.9363599e+00 -3.1097242e-01
 -1.9331752e+00 -3.2523952e+00  1.5019176e+00  1.3930576e+00
  2.3189251e-01 -1.2428851e+00  1.2867523e+00 -1.4126226e+00
 -1.0129753e-01  1.8669550e+00  2.6248174e+00  3.8060799e+00
 -9.9770999e-01  1.2149400e+00 -1.4505399e+00  1.1981225e+00
 -4.7362523e+00 -1.3796024e+00  2.2234199e+00  1.2751749e-01
  2.7552751e-01  1.1616726e+00 -2.5358701e+00 -2.4220076e+00
  3.6358750e-01  2.1021149e+00 -8.4579742e-01  1.1187525e+00
 -1.2362999e-01  1.9477023e+00 -6.7007506e-01  2.9717749e-01
 -1.1665249e+00  1.9517102e+00 -4.7748350e-04  1.8867476e+00
 -1.7849922e-02  1.4817350e+00 -5.9046251e-01 -1.1908026e+00
  4.2035502e-01  1.7865375e+00  1.5184026e+00  1.1868175e+00
  1.6734074e+00  3.2115251e-01  1.8144925e+00 -1.7929101e+00
  1.8964550e+00  1.7183025e+00 -9.8800254e-01  2.0484474e+00
  2.3471248e-01 -1.2000749e+00 -2.4651127e+00 -2.2078750e+00
 -4.7575998e-01 -1.0855975e+00  9.5557518e-02 -9.2135495e-01
  5.3479505e-01  3.7666175e+00 -1.6900624e+00  9.1410249e-01
  2.5424252e+00  1.8711725e+00  1.3544600e+00  1.1601949e+00
  1.3851424e+00 -1.9657500e+00  4.0024780e-03 -1.5561925e+00
 -1.2595775e+00 -1.0337425e+00 -2.0824299e+00 -6.1739944e-02
  3.2131252e-01 -3.9302475e+00  1.4340800e+00  1.7192349e+00
  2.6908774e+00  1.3463250e+00 -1.1412475e+00  1.0889426e+00
 -2.2958999e+00  4.3093252e-01  4.9131501e-01 -1.5714775e+00
 -1.9691224e+00  7.9653502e-01 -3.4122527e-02 -2.2074051e+00
  1.6234649e+00 -1.5984050e+00  1.0317899e+00 -3.2114747e-01
  1.3826400e+00 -2.3627200e+00  1.6552900e+00  1.0343976e+00
 -2.9311199e+00 -2.4015601e+00 -3.1292675e+00  5.7225265e-03
  1.7407925e+00 -1.1017225e+00  7.5926256e-01 -1.1207025e+00
 -5.5491251e-01  1.7689074e+00  6.3735497e-01  2.5071175e+00
 -1.3101324e+00  3.8416600e+00  1.3790275e+00  1.4225650e+00
  1.7067574e+00  1.5777199e+00  1.5921049e+00 -3.0459375e+00
  6.7640001e-01 -1.5933574e+00  4.1169986e-02 -2.9061248e+00
  1.2474850e+00 -5.4835498e-01  2.3846501e-01 -9.2304254e-01
  2.8314126e+00  4.0238500e-01 -3.0352253e-01  6.8118006e-01
  3.9158750e-01  1.3701800e+00  8.9946759e-01 -1.5933701e+00
  4.8543525e+00 -1.9588826e+00 -6.5697742e-01 -6.5458745e-01
 -6.3530493e-01 -4.8673743e-01  8.9659500e-01  5.1396227e+00
  6.2619501e-01  4.6782553e-02  9.1891503e-01  1.1251075e+00
 -1.2876651e+00 -4.0730677e+00  7.8233504e-01 -3.4499252e-01
 -2.0054245e-01  2.2315400e+00  1.7946424e+00  1.4175651e+00
 -3.3873773e+00  1.7701099e+00 -5.8989745e-01  1.7105600e+00
  3.6132603e+00  8.7694502e-01  4.2102006e-01  7.2482008e-01
  4.5363754e-01 -2.9730242e-01  1.7814499e+00  7.5020748e-01
  2.5811374e+00  1.5663350e+00  6.2315500e-01  1.3590950e+00
  9.2089248e-01  6.5857500e-01 -7.7872002e-01  2.1846509e-01]