[[-5.81235212e-01  7.88401560e-01 -5.51385624e-01  5.46997458e-01
   1.08626218e+00  9.15917038e-02  1.04786519e+00  1.52486764e-01
  -1.13334916e+00  1.00692249e+00  5.96296079e-01  2.43376981e+00
  -1.60928739e+00 -1.95261161e+00 -3.49896287e-01  2.14883378e-01
  -1.04391395e+00  2.80369461e-01 -1.61448744e+00  1.66099285e+00
   2.86468764e-01  2.18007686e+00 -2.74544775e-01 -3.54702878e-02
  -6.31429156e-01 -3.35538988e-01  4.22837996e-01  2.55899256e+00
  -2.35018747e-01 -8.81494026e-01  5.25998752e-01 -5.76468287e-01
  -3.58402254e-01  1.96535211e-01  2.09069324e+00  1.82497847e+00
  -1.44365108e+00 -8.83219790e-02 -1.55741200e+00  2.18160002e-01
  -2.30933823e+00 -6.07372811e-01  1.11386270e+00 -5.96205031e-01
   9.62725742e-01  8.65416763e-01 -4.12249854e-01 -5.33079001e-01
   2.38456907e-01  8.06898025e-01  9.57045344e-01  6.84896627e-01
   7.96092738e-02  1.15219589e+00 -7.36617862e-01  1.34734068e+00
  -3.62732673e-01  1.28795765e-02  8.23967043e-01  1.39140128e+00
  -2.63478711e-01  9.84586019e-01  8.39908830e-01 -1.26013516e+00
   1.24547537e+00  5.79807044e-01  5.56077617e-01  1.05819043e+00
   5.17288157e-01 -5.49531970e-01  1.41614161e+00 -9.53314381e-01
   9.61916450e-01  1.26138424e+00 -1.41504071e+00  1.07680579e+00
   7.36949579e-01  6.77364256e-01 -1.21507255e+00 -5.38917223e-01
  -1.17303962e-01 -8.73372006e-01 -4.92829129e-01 -9.31804329e-01
   2.88730580e-01  1.67259891e+00 -1.16775703e+00  1.60483791e+00
   1.28409846e+00  8.40665481e-01  1.51810869e+00  3.69702823e-01
   4.91568716e-01 -1.92492129e-01  2.55870709e-01 -2.43595217e-01
  -5.61301609e-01 -6.74056196e-01 -7.31266249e-01  8.64788850e-01
   3.49679447e-01 -1.78822303e+00  2.31385209e+00  1.24750917e+00
   5.33247876e-01  7.68428266e-01 -2.00752095e-01  6.16214096e-01
  -1.93017368e+00  2.06445045e+00  3.40400669e-01 -1.59250079e+00
  -8.98614521e-01  1.05452626e+00  6.33313552e-01 -1.75412770e+00
   7.67332674e-01  7.17188320e-01  2.60195838e-01  2.85351409e-01
   1.95358162e+00 -1.59378450e+00  2.02928844e+00  1.30325683e+00
  -1.08518634e+00 -2.24650943e+00 -1.36612307e+00 -6.94459826e-01
  -8.42127062e-03 -5.56942101e-01  2.13173801e-01 -1.11415046e+00
  -1.23961766e+00  2.46454108e-01 -3.49675078e-01  1.85716485e-01
  -7.11411958e-01  1.12565066e+00  1.20069880e+00  2.42090838e-01
   7.35167738e-02  1.31974278e+00  1.09143791e+00 -1.53382299e+00
   1.43457548e+00 -3.40238172e-01  1.53306815e+00 -1.35407848e+00
   1.18735698e+00  2.45600144e-01  2.07283154e-03 -8.02345510e-01
   9.05935358e-01  8.58472521e-01 -2.58343950e-01 -2.89143802e-01
   7.93333558e-01  1.34050285e+00  1.62825132e+00 -5.01437758e-01
   1.92035984e+00 -1.78384869e+00  2.23647913e-01 -3.98594204e-01
   4.20805489e-01 -2.32235499e-01  7.82531831e-01  2.92697590e+00
  -1.24378091e+00  2.71828875e-01  7.08203432e-01  1.15334180e+00
  -1.30118956e+00 -1.10958044e+00  4.97779583e-01 -7.53363238e-01
  -6.18598278e-01  5.27884231e-01  1.17040982e+00  6.56811109e-01
  -2.74666058e+00  1.43208651e+00 -4.44027184e-01  1.64129080e+00
   2.75498633e+00  7.40693692e-01 -8.80157031e-01  8.84878595e-01
  -2.13837726e-01 -5.10128446e-01  1.53866515e+00 -4.75032618e-02
   9.89850306e-01  2.20189987e-01  1.85707974e+00  6.00538046e-03
   4.82197135e-01 -2.62809803e-02 -7.72237881e-01 -2.14535929e-01]]