[ 1.8998467e+00  5.4601675e-01  3.5326001e-01  2.2717435e+00
  1.9113134e+00  1.2433900e+00  1.2288166e+00 -2.1274666e-01
 -2.5027568e+00  4.8054996e-01  2.3215735e+00  2.8030136e+00
  6.5108663e-01 -3.4053802e+00  9.2734998e-01  1.1914333e-01
 -4.2214999e-01 -6.8463331e-01 -2.6437500e+00  5.2223998e-01
 -4.4641998e-01  3.6884568e+00 -1.4238100e+00 -1.8753998e-01
  1.0521933e+00  5.5965656e-01  8.5766339e-01  2.6919501e+00
  8.6560339e-01 -7.7179664e-01  2.0626032e+00 -2.0135233e+00
  1.6533335e-01  3.5684335e-01  3.2642100e+00  3.6577702e+00
 -1.0657367e+00 -2.6295665e-01 -1.1361467e+00 -3.3732334e-01
 -4.7331967e+00 -1.7568599e+00  2.5482967e+00 -4.1645333e-01
 -3.7823999e-01  2.0822699e+00 -8.8723993e-01 -1.2153034e+00
  2.2203567e+00  2.2304933e+00  2.4762399e+00 -1.3144499e+00
  7.1997339e-01  4.1413431e+00 -6.4318997e-01  1.4937267e+00
 -5.6237668e-01  9.1065341e-01  1.8561734e+00 -1.4200012e-02
 -3.6543003e-01  1.0636168e+00  1.1730200e+00 -1.8363900e+00
  1.1047966e+00  1.4352700e+00  1.7500467e+00  8.9503998e-01
  1.1478299e+00  4.5189992e-01  4.9168333e-01 -1.6919233e+00
  2.0709734e+00  1.6458200e+00 -3.9641335e+00  2.3348932e+00
  2.6598701e+00  1.3651665e-01 -1.9559034e+00 -6.5404004e-01
 -2.9942334e-01 -7.6738667e-01  1.3214866e+00  1.3046332e-01
  2.8191233e+00  4.0165834e+00 -1.5401098e+00 -6.3789994e-01
  2.5815566e+00  3.3907802e+00  1.1674466e+00  4.5719662e-01
  8.7067670e-01  1.1944102e+00 -5.0288999e-01 -1.5545435e+00
 -2.4056466e+00  9.0838665e-01 -2.3599367e+00 -2.3464668e-01
 -8.2776999e-01 -2.4367769e+00  1.4946566e+00  1.6175600e+00
  1.8560400e+00  2.2982466e+00 -1.2918434e+00  1.2710799e+00
 -1.3832968e+00  5.4556996e-01  5.7111329e-01 -4.2042336e-01
 -1.6580800e+00  8.2069999e-01  7.4956661e-01 -2.4813168e+00
  1.8883233e+00 -7.2147328e-01  2.3764200e+00 -4.1708001e-01
  1.4588600e+00 -1.9573933e+00  1.8239967e+00  1.0262734e+00
 -1.5295032e+00  3.1624329e-01 -1.7308801e+00  2.2424324e-01
 -3.4365666e-01 -2.1791301e+00  6.8060666e-01 -1.2006434e+00
  3.2018667e-01  2.3597867e+00 -8.1930333e-01  1.4127532e+00
 -1.7354333e-01  7.9533262e-03  3.3707669e-01  7.5500327e-01
 -5.6252337e-01  2.2520902e+00  3.3595333e-01 -2.9842131e+00
 -1.8085670e-01 -1.9825701e+00 -4.4333437e-03 -3.3990934e+00
  2.8854332e+00  8.9427668e-01 -9.6719998e-01 -2.0142868e+00
  5.1340669e-01 -8.3853006e-01 -9.7884339e-01 -7.4231339e-01
  1.9128733e+00  1.3778067e+00  1.2546533e+00 -4.8117670e-01
  4.3517065e+00 -2.8478935e+00 -5.3002000e-01 -1.5134064e+00
  1.3510365e+00 -5.1053005e-01 -7.1607327e-01  2.4554999e+00
 -1.8427868e+00  1.4836334e+00  2.1143401e+00  1.4266567e+00
 -1.6559666e+00 -2.1455202e+00 -2.0049969e-02  7.0109671e-01
  9.1492337e-01  6.8757004e-01  1.0698600e+00  1.7953634e+00
 -1.1576033e+00  1.6359433e+00 -3.1638995e-01  1.8983933e+00
  3.0504570e+00  5.7045335e-01 -1.5786834e+00  4.3461993e-01
  8.2372999e-01 -5.6972665e-01  3.6840999e-01  2.3842333e-01
  3.8684466e+00  6.9906336e-01 -1.2371000e-01  6.0595661e-01
  7.2879666e-01  2.9903834e+00 -1.0050367e+00  1.1131934e+00]