[-5.5168498e-01  2.0559873e-01 -2.1953002e-01  1.5163562e+00
  2.4344599e+00 -4.4139373e-01  2.1420064e+00 -2.4178374e-01
 -1.5880625e+00 -9.7332257e-01  4.4790372e-01  2.1318176e+00
 -6.1739624e-01 -1.8296189e+00  4.5712125e-01  3.2301250e-01
 -1.4719276e+00  4.9443248e-01 -4.5258752e-01  1.9187349e+00
  1.0959247e-01  1.0810524e+00 -6.4931506e-01 -4.8796123e-01
 -9.9345011e-01 -8.0503869e-01 -2.7991000e-01  2.1321287e+00
 -6.0556263e-02 -1.2178249e+00  6.6373754e-01 -5.3106129e-01
 -7.0575124e-01  2.3888499e-01  4.4982138e+00  1.1320362e+00
 -2.2767324e+00  8.4824377e-01 -2.2272711e+00 -3.8703880e-01
 -4.0809236e+00 -3.6500376e-01  2.7384663e+00 -1.9989351e+00
  1.4477986e+00  1.1811424e+00 -9.2476618e-01  3.3834749e-01
  2.6381502e-01  2.8159513e+00  2.1555901e+00 -1.6511998e-01
  1.1666150e+00  8.0928874e-01 -7.9747504e-01  1.5412475e+00
 -1.1382127e-01 -4.0105125e-01  2.9040401e+00  1.5082825e+00
 -5.6203502e-01  3.5398874e-01  7.6243627e-01 -2.2456324e+00
  1.4552250e+00  9.1579628e-01  5.6444252e-01  1.4840251e+00
  8.1345999e-01 -1.0032949e+00  2.0631187e+00 -5.8039492e-01
  7.7307999e-01  2.4003935e+00 -1.5247601e+00  7.6456243e-01
  1.7332661e+00  2.1300000e-01 -5.8756284e-02 -1.8749399e+00
  6.1090007e-02 -1.2844750e+00 -1.0421951e+00 -1.5544450e+00
 -5.7630040e-02  1.3558775e+00 -1.0502524e+00  1.1497587e+00
  1.2128162e+00  4.0914997e-02  1.2803712e+00  8.3008999e-01
  1.6226786e+00  4.6369499e-01  2.1013497e-01 -1.5316449e+00
 -1.3681226e+00  4.7651625e-01  6.8142503e-02 -3.3644375e-01
  1.8990538e+00 -2.4831474e+00  3.3443651e+00  7.4558878e-01
  8.3963871e-01  7.8246251e-02  1.9753784e-02  6.1220002e-01
 -2.7596312e+00  2.9794524e+00  5.0536370e-01 -2.0771427e+00
 -1.8706589e+00  1.4334686e+00  2.3203002e-01 -3.1357012e+00
  8.7442744e-01 -1.0484247e-01  1.0840950e+00  1.3706289e-02
  3.1875513e+00 -1.3734537e+00  1.3742000e+00  3.6876997e-01
 -1.1793325e+00 -2.4222503e+00 -1.8911636e+00 -1.2260776e+00
  2.3158753e-01 -1.1410650e+00  8.8297749e-01 -3.7847626e-01
 -7.6098126e-01  1.4507936e+00 -1.1449301e+00  4.8762262e-03
 -6.4880246e-01  9.5758998e-01  3.0514123e+00 -1.4348214e+00
  2.9155624e-01  1.0906513e+00 -6.0667753e-01 -9.6631128e-01
  1.6000824e+00 -7.2239369e-01  2.8263250e-01 -2.3527637e+00
  1.8544401e+00  1.1837437e+00 -9.0006620e-01 -1.7089248e-01
  6.6339254e-01  1.4904013e+00  4.0479988e-02 -9.9918693e-02
  1.5097625e+00  2.0536687e+00  1.1172862e+00 -5.9390759e-01
  1.3574400e+00 -1.4025601e+00 -2.3671998e-01 -3.9070123e-01
  1.5462190e-03  9.3480510e-01 -2.1311250e-01  3.8888774e+00
 -1.1225951e+00  1.9518425e+00  5.2566254e-01  1.6543250e+00
 -1.9288827e+00 -1.2425687e+00  6.1423749e-02 -9.6671134e-01
 -6.5345383e-01  1.0486801e+00  8.1973499e-01  5.1352370e-01
 -1.4695761e+00  1.3042338e+00 -8.2937872e-01  2.5360212e+00
  2.3773875e+00  1.1349501e-01 -1.3565650e+00  6.0522377e-01
 -3.7002498e-01 -9.2754751e-01  1.8411251e+00 -2.4128501e-01
  1.6909463e+00  2.5681400e+00  3.0524499e+00 -7.9098004e-01
  5.7903874e-01  1.6561638e+00 -8.6466622e-01  1.6823188e+00]