[[-0.65412141  0.5490361  -0.03944706  0.80093773  1.17914431  0.03030329
   0.82595931 -0.03237657 -1.35256119  0.22329378  0.31319011  1.61284671
  -1.14562755 -2.18603186 -0.05528901 -0.45823213 -0.89248053 -0.33661113
  -1.52481306  1.29968632 -0.43295316  2.0230273  -0.4181937  -0.1478017
  -0.62548261 -1.12514902  0.81766697  1.93195168 -0.15479992 -0.63375616
   0.88508308 -0.79971046 -0.46364365  0.33231379  2.53515076  1.63237183
  -1.19824675  0.14401424 -1.38760812  0.00647462 -2.09619066 -0.84903274
   1.28296896 -0.41958519  0.80078612  1.43283036 -0.9990651  -0.37267538
   0.09723318  0.82850456  0.49732486  0.45921986  0.18211141  1.24197987
  -0.67225763  1.12221107 -0.4534684   0.83627221  0.51728249  1.33343276
  -0.44492115  1.01888824  0.28523573 -0.97533997  0.47814457  0.62332464
   0.44989133  0.86096655  0.60827259 -0.21001474  1.51112775 -0.90986256
   0.76965581  1.11524778 -1.57073624  0.88739643  1.04255043  0.65680532
  -1.0789156  -0.16997211  0.01864365 -0.65316003 -0.45593075 -1.22434596
   0.43640056  1.63069698 -0.93547032  1.11724795  1.08937726  0.88889915
   0.57040235  0.23061356  0.94357313 -0.03143692  0.22874625 -0.39012435
  -0.9109245  -0.455555   -0.28577487  0.75006025  1.31866091 -1.5976133
   2.35036339  1.06195866  0.5966468   0.55716632 -0.21370241 -0.16145731
  -1.39016606  1.24600922  0.2956062  -1.40856766 -1.49029558  0.99429588
   0.25755879 -1.5538185   0.26164357  0.10271464  0.26958134  0.37493629
   1.28120683 -1.18400539  1.39304348  1.39935471 -1.10269241 -1.3834099
  -0.92138583 -0.39925995 -0.28065904 -0.90978981  0.40123675 -1.13142706
  -0.49986977  0.80643869 -0.29931008  0.20168324 -0.61612596  1.05286083
   0.84656208  0.40660883  0.09760708  1.38367924  0.64058089 -0.82935364
   1.07301639 -0.45626234  0.53243123 -1.63464996  1.0932999   0.17508525
  -0.20467956 -0.68574515  0.81437601  0.57164462  0.0959938  -0.10786978
   1.11262633  1.68796846  1.05716301 -0.18825619  2.05214886 -1.61390008
  -0.51185825 -0.66466038 -0.18522489  0.27401163  0.22308535  2.81739648
  -0.67806246  0.83950435  0.82176707  1.29379173 -0.77062691 -0.93368489
  -0.23359498 -0.53325399 -0.11207928  0.69794559  0.82095576 -0.16487462
  -2.21865139  1.13062595 -0.48294405  1.73330327  2.27259239  0.49810297
  -0.35711454  0.7365067   0.00756208 -0.33007443  1.12589621 -0.04596169
   1.76135121  1.30661864  1.02982764 -0.0185817   0.39011209  0.98422271
  -0.31796401  0.06788461]]