[[-1.15626766e+00  8.36836738e-01 -2.26380770e-01  5.64934423e-01
   1.12774070e+00 -7.00984646e-02  3.09515968e-01 -2.23399033e-01
  -1.66969722e+00  3.15847128e-01  9.21512453e-01  2.55569719e+00
  -1.08696209e+00 -1.74676051e+00  7.28379971e-01  3.17834801e-01
  -1.20366635e+00 -4.63573165e-02 -1.08618977e+00  1.23957060e+00
   5.64372707e-01  2.09509303e+00 -9.41279989e-01 -2.54226919e-01
  -4.73976901e-01 -3.21696727e-01  9.62041523e-01  2.23090112e+00
  -4.76429776e-01 -4.65591556e-01  5.65275401e-01 -6.76027274e-01
  -5.39398649e-01 -2.79673182e-02  2.05434097e+00  1.44439733e+00
  -1.57309717e+00 -6.02042234e-02 -2.09660637e+00  8.10007476e-01
  -1.74276887e+00 -9.91874650e-01  1.17393785e+00 -1.17964768e+00
   9.60650769e-01  6.59023837e-01 -4.76142326e-01 -4.58368281e-01
   2.98555961e-01  1.02762155e+00  7.47888886e-01  1.90664051e-01
  -4.66583839e-01  1.07996363e+00 -9.81599827e-01  1.71203211e+00
  -5.41339623e-01  4.88587710e-01  5.79980953e-01  1.45755962e+00
  -2.28116532e-01  1.38291785e+00  8.04188672e-01 -1.27145657e+00
   9.00134036e-01  3.59613668e-01  1.28053465e-01  9.87649209e-01
  -2.36057626e-02 -8.11153911e-02  1.10251825e+00 -1.09453044e+00
   1.05910579e+00  1.51709998e+00 -8.56028451e-01  2.74939427e-01
   1.09563535e+00  5.78684793e-01 -8.40397909e-01 -4.01488831e-01
  -3.16251904e-02 -8.49233876e-01 -8.05278606e-01 -1.28842539e+00
   1.17571316e-01  1.98272723e+00 -1.30071418e+00  9.70694433e-01
   5.36870005e-01  6.71583262e-01  1.06676595e+00  9.19394813e-01
   7.93345328e-01  1.54296736e-01  4.29885769e-01 -7.18911542e-01
  -4.04977492e-01  2.84418662e-01  3.82153633e-03  8.90173247e-01
   4.45428625e-01 -1.81857185e+00  2.26225733e+00  4.96001157e-01
   7.04660776e-01  2.03231750e-01 -1.23213713e+00  5.30955579e-01
  -1.94689094e+00  1.80985533e+00  4.64366372e-01 -9.08763319e-01
  -7.87248255e-01  1.56411406e+00  6.94369219e-01 -2.08645304e+00
   8.47004436e-01  5.65620548e-01 -3.24109818e-01  2.56960882e-03
   1.22559982e+00 -1.71595113e+00  1.50989255e+00  1.33025488e+00
  -4.85625156e-01 -2.46490375e+00 -1.53403423e+00  3.72089808e-01
   5.65047714e-01 -1.08033577e+00  7.53510001e-01 -9.34532665e-01
  -8.14970965e-01  3.81277700e-01 -8.05379425e-01 -8.19653786e-02
  -6.94011372e-01  1.42342482e+00  1.10138540e+00 -4.35963881e-01
   2.70298849e-01  9.69714229e-01  1.11583064e+00 -2.24524823e+00
   8.80543108e-01 -8.54812702e-01  1.32224480e+00 -1.82624744e+00
   1.08061732e+00  8.29185393e-01  3.31019180e-02 -9.68230184e-01
   8.64376923e-01  6.79688057e-01 -1.10530214e-01 -6.93088432e-02
   1.08886829e+00  1.56432803e+00  1.15815152e+00 -3.09556548e-01
   1.63537225e+00 -1.58034708e+00 -4.57386735e-01 -6.01903850e-01
  -6.56755664e-02  8.96040155e-01  3.72068661e-01  2.82179277e+00
  -1.20770428e+00  5.98645382e-01  5.27681896e-01  9.70177886e-01
  -8.99923045e-01 -1.39636100e+00  6.15369810e-01 -3.74230765e-01
  -8.77215921e-01  1.44087234e+00  1.75398416e+00  1.04112319e-01
  -2.18968187e+00  1.10393863e+00 -3.36416158e-01  1.41630882e+00
   2.52758943e+00  4.27511354e-01 -9.60815959e-01  7.31384816e-01
   7.04663495e-01 -5.32461757e-02  1.19220978e+00 -1.60492506e-01
   1.43038869e+00  9.89595956e-01  2.00900405e+00 -2.72380950e-01
   1.02428696e+00  3.51225013e-01 -4.41621914e-01  1.80456357e-01]]