[-0.20705399  0.0780095   0.09076099  0.17884901  0.2278305  -0.095814
  0.16731401  0.13563175 -0.2590945   0.00128925  0.16206849  0.21376729
 -0.17451    -0.32463402  0.094175   -0.0089405  -0.59247273 -0.19217749
 -0.0665285   0.20898326  0.04490376  0.34645674 -0.27055025 -0.15268749
 -0.29423302  0.03767775  0.022104    0.18144526  0.01632075 -0.3624245
  0.11074849  0.09754775 -0.17579249  0.02171375  0.389778    0.21981876
 -0.04157875  0.05577326  0.05168475 -0.05038149 -0.51267993 -0.06859775
  0.24384649 -0.35042578 -0.00600675  0.40589052  0.04939751 -0.05461675
 -0.09870075  0.21960726 -0.05169125 -0.02143526  0.18097275  0.03647325
 -0.17708425  0.44962972 -0.1789085   0.31007522  0.21047425  0.32799897
 -0.18068099  0.29221573  0.07124551 -0.27067876 -0.2876255   0.21134801
  0.10701525 -0.01750749  0.11078276  0.076424    0.42321625 -0.19854975
  0.00912875  0.32367876 -0.455731    0.29348502  0.27202776  0.13055077
 -0.16174625 -0.1778785   0.21351199 -0.18600349 -0.35651025 -0.489884
  0.09933726  0.33221546 -0.2791875  -0.00922075 -0.011641    0.05043574
 -0.01967176 -0.12602249 -0.0476625   0.12479074 -0.02128925 -0.30518898
 -0.18674001 -0.04389825  0.1373615  -0.0546025   0.40585798 -0.17928526
  0.45768422  0.315209   -0.08264325  0.33274025 -0.0236885   0.01930374
 -0.26908904  0.23497677 -0.122573   -0.2863195  -0.02215775  0.193608
 -0.04947325 -0.23963776 -0.06712226 -0.17731626 -0.04825151 -0.0509555
  0.13100675 -0.13731976  0.38799223  0.44984046 -0.078172   -0.6140575
 -0.14213327 -0.0111765   0.10430875 -0.20649524  0.02256175 -0.5047605
 -0.05333725  0.0191375   0.1291545   0.05047775 -0.24200201  0.11037876
  0.303747   -0.15205124  0.20265874  0.26477572  0.17979375 -0.3604375
  0.1875445  -0.096896    0.3215415  -0.20999351  0.311678   -0.0131255
 -0.23777524 -0.010332    0.18456574 -0.08934374 -0.0394535   0.15014075
  0.10275149  0.32081574  0.23849675 -0.15985449  0.41567773 -0.48409924
 -0.0810635  -0.13813874  0.12267276 -0.03093001 -0.11256476  0.566445
 -0.00466425  0.08116499  0.08484299  0.23936224 -0.130335   -0.0384255
  0.18938498  0.09957101 -0.09197275  0.20970123  0.24350977  0.04979575
 -0.47258678  0.38895524 -0.23167026  0.301593    0.650537    0.10477225
 -0.06083677  0.3770205   0.11567275 -0.22078526  0.187758   -0.17167948
  0.32735902  0.341892    0.22036949  0.08477151 -0.03922749  0.09705549
 -0.08373249  0.120474  ]