[-1.38036     0.52006334  0.6050733   1.1923267   1.51887    -0.63876
  1.1154267   0.9042117  -1.7272967   0.00859499  1.0804566   1.4251152
 -1.1634     -2.1642268   0.62783337 -0.05960333 -3.9498184  -1.2811832
 -0.44352332  1.3932217   0.2993584   2.3097117  -1.8036684  -1.0179166
 -1.9615535   0.25118503  0.14735998  1.209635    0.108805   -2.4161632
  0.7383233   0.6503183  -1.17195     0.14475833  2.59852     1.4654584
 -0.27719167  0.37182173  0.344565   -0.3358766  -3.4178665  -0.45731834
  1.6256433  -2.3361719  -0.04004502  2.7059367   0.3293167  -0.36411166
 -0.65800494  1.4640484  -0.34460834 -0.1429017   1.206485    0.24315502
 -1.1805617   2.9975317  -1.1927233   2.0671682   1.4031616   2.1866598
 -1.2045399   1.9481049   0.47497    -1.804525   -1.9175032   1.4089867
  0.713435   -0.11671662  0.7385518   0.5094933   2.8214417  -1.323665
  0.06085834  2.1578584  -3.0382068   1.9565668   1.8135184   0.87033844
 -1.0783083  -1.1858567   1.4234133  -1.2400233  -2.376735   -3.2658932
  0.6622484   2.2147696  -1.86125    -0.06147166 -0.07760664  0.3362383
 -0.13114505 -0.84014994 -0.31775     0.83193827 -0.14192832 -2.0345933
 -1.2449334  -0.29265502  0.91574335 -0.36401665  2.70572    -1.195235
  3.0512283   2.1013935  -0.550955    2.2182684  -0.15792334  0.12869163
 -1.7939268   1.5665118  -0.8171534  -1.9087967  -0.14771836  1.29072
 -0.32982168 -1.5975851  -0.44748172 -1.1821084  -0.32167673 -0.33970332
  0.8733783  -0.91546506  2.5866148   2.9989364  -0.52114666 -4.0937166
 -0.94755507 -0.07451     0.69539165 -1.376635    0.15041168 -3.36507
 -0.35558167  0.12758332  0.86103004  0.33651832 -1.6133467   0.7358584
  2.02498    -1.013675    1.3510584   1.7651715   1.198625   -2.4029167
  1.2502966  -0.6459733   2.14361    -1.3999567   2.0778532  -0.08750331
 -1.5851682  -0.06888001  1.2304382  -0.595625   -0.26302332  1.0009383
  0.68500996  2.1387718   1.5899783  -1.0656966   2.771185   -3.2273283
 -0.54042333 -0.9209249   0.8178184  -0.20620005 -0.7504317   3.7763002
 -0.03109501  0.5410999   0.56562     1.5957483  -0.8689     -0.25617
  1.2625666   0.66380674 -0.6131517   1.3980082   1.6233984   0.33197168
 -3.1505785   2.593035   -1.5444684   2.01062     4.3369136   0.6984816
 -0.40557846  2.51347     0.7711517  -1.4719018   1.2517201  -1.1445299
  2.1823933   2.27928     1.4691299   0.5651434  -0.2615166   0.6470366
 -0.5582166   0.80316   ]