[-0.46012     0.17335445  0.20169109  0.39744222  0.50629    -0.21292
  0.3718089   0.30140388 -0.57576555  0.002865    0.36015218  0.4750384
 -0.3878     -0.7214089   0.2092778  -0.01986778 -1.316606   -0.42706108
 -0.14784111  0.46440724  0.09978613  0.7699039  -0.60122275 -0.33930552
 -0.65385115  0.08372834  0.04911999  0.40321168  0.03626833 -0.80538774
  0.24610776  0.21677278 -0.39064997  0.04825278  0.8661733   0.48848614
 -0.09239723  0.12394057  0.114855   -0.11195888 -1.1392888  -0.15243945
  0.5418811  -0.77872396 -0.01334834  0.9019789   0.10977224 -0.12137055
 -0.21933499  0.48801613 -0.11486945 -0.0476339   0.4021617   0.08105168
 -0.39352056  0.9991772  -0.39757442  0.6890561   0.46772057  0.7288866
 -0.4015133   0.6493683   0.15832335 -0.6015084  -0.6391677   0.46966225
  0.23781167 -0.03890554  0.24618393  0.1698311   0.94048053 -0.44122165
  0.02028611  0.71928614 -1.0127356   0.65218896  0.60450613  0.29011282
 -0.35943612 -0.39528555  0.4744711  -0.4133411  -0.79224503 -1.0886312
  0.22074945  0.7382566  -0.6204167  -0.02049055 -0.02586888  0.11207943
 -0.04371502 -0.28004998 -0.10591667  0.27731276 -0.04730944 -0.67819774
 -0.4149778  -0.09755167  0.30524778 -0.12133888  0.90190667 -0.39841166
  1.017076    0.7004645  -0.18365166  0.7394228  -0.05264111  0.04289721
 -0.5979756   0.5221706  -0.27238446 -0.6362655  -0.04923945  0.43024
 -0.10994056 -0.53252834 -0.14916056 -0.39403614 -0.10722557 -0.11323444
  0.2911261  -0.305155    0.86220497  0.9996455  -0.17371555 -1.3645722
 -0.3158517  -0.02483667  0.23179722 -0.4588783   0.05013723 -1.12169
 -0.11852723  0.04252778  0.28701     0.11217277 -0.53778225  0.24528612
  0.67499334 -0.33789167  0.4503528   0.5883905   0.39954168 -0.8009722
  0.41676554 -0.21532445  0.71453667 -0.46665224  0.6926177  -0.02916777
 -0.5283894  -0.02296     0.4101461  -0.19854166 -0.08767444  0.33364612
  0.22833665  0.7129239   0.5299928  -0.35523218  0.9237283  -1.0757761
 -0.18014112 -0.30697498  0.27260613 -0.06873335 -0.2501439   1.2587667
 -0.010365    0.18036664  0.18854     0.5319161  -0.28963333 -0.08539
  0.42085552  0.22126892 -0.20438391  0.46600273  0.5411328   0.11065723
 -1.0501928   0.86434495 -0.5148228   0.6702067   1.4456378   0.23282722
 -0.13519281  0.83782333  0.25705057 -0.4906339   0.41724002 -0.38150996
  0.72746444  0.75976     0.48970997  0.18838114 -0.0871722   0.21567887
 -0.18607219  0.26772   ]