[-5.09851396e-01  6.70346558e-01 -2.80541331e-01  7.63038814e-01
  9.74245012e-01  2.69197762e-01  6.28709137e-01 -4.97663528e-01
 -1.41141224e+00  4.07097965e-01  9.03819799e-01  1.76943040e+00
 -6.49720430e-01 -2.31153154e+00 -2.62527317e-01 -3.84090930e-01
 -9.08303261e-01 -5.30787528e-01 -1.43015695e+00  1.01587081e+00
 -6.22792423e-01  1.89428830e+00 -1.03755319e+00 -3.87019098e-01
 -6.04336023e-01 -9.44728255e-01  1.17181516e+00  2.03059649e+00
 -2.94012219e-01 -6.97885573e-01  6.05580926e-01 -4.02501792e-01
 -5.52873850e-01  1.12079913e-02  2.17490268e+00  1.68967867e+00
 -9.85549867e-01  4.44107056e-01 -1.08869278e+00  8.87096226e-01
 -1.79734802e+00 -7.84320176e-01  1.33506203e+00 -3.87802273e-02
  5.77787161e-01  1.49299991e+00 -8.29932630e-01 -7.06866086e-01
 -4.80417341e-01  1.17165363e+00  4.54688430e-01  3.44591111e-01
 -5.21462075e-02  1.12888741e+00 -6.67366922e-01  1.27315974e+00
 -2.23810881e-01  5.95800042e-01  4.19541597e-01  9.16583836e-01
 -1.70432255e-01  9.40836191e-01  3.69329125e-01 -8.86572003e-01
  3.36511284e-01  5.15364528e-01  4.26726900e-02  8.15425515e-01
  3.93731654e-01  6.98909089e-02  1.75560868e+00 -8.87202978e-01
  2.62935132e-01  1.70585501e+00 -1.01041842e+00  7.12126076e-01
  1.43227184e+00  9.92820919e-01 -1.23905432e+00  1.68703094e-01
  1.17566861e-01 -7.22887337e-01 -2.50109971e-01 -9.11925495e-01
 -1.44711335e-03  1.80962813e+00 -1.13005590e+00  1.38541830e+00
  1.34519482e+00  3.72170478e-01  7.65268385e-01  3.00425798e-01
  7.62139380e-01 -2.75584489e-01  9.08306688e-02 -5.44654250e-01
 -8.68351221e-01 -5.54449379e-01 -3.43896687e-01  6.24245763e-01
  1.14463615e+00 -1.13812065e+00  1.75522411e+00  1.01624048e+00
  3.92264485e-01  8.58961821e-01  8.99310689e-03  5.72444424e-02
 -7.89845943e-01  1.14510667e+00 -1.18806012e-01 -1.30722904e+00
 -7.31745124e-01  4.77296621e-01  1.85929954e-01 -1.29103637e+00
  4.20944691e-01  1.89544439e-01  3.09745997e-01  3.91018242e-01
  1.03114009e+00 -1.27783191e+00  1.41858268e+00  9.21083331e-01
 -7.12001383e-01 -1.43867183e+00 -7.92616785e-01 -4.77143824e-01
  3.61657500e-01 -7.90234625e-01  8.52100015e-01 -1.40429127e+00
 -8.93887997e-01  4.35352653e-01 -4.55233097e-01  5.97234607e-01
 -5.41117191e-01  1.17107987e+00  1.03898048e+00  4.67585117e-01
  2.17874020e-01  1.30800080e+00  5.24078429e-01 -8.75027120e-01
  7.10275292e-01 -5.75438678e-01  3.69352162e-01 -1.72738636e+00
  8.64169717e-01  3.26395065e-01  7.04326183e-02 -1.10722578e+00
  1.00491095e+00  5.18547595e-01  1.87577412e-03 -1.12778395e-01
  7.68517196e-01  1.63087142e+00  1.34966207e+00 -7.57795572e-02
  1.96766508e+00 -1.68954623e+00 -5.70076525e-01 -6.34045839e-01
  1.86329782e-01  8.90024379e-02  2.52381772e-01  2.82515836e+00
 -5.32438815e-01  3.79578441e-01  1.89707339e-01  9.72631574e-01
 -6.90286815e-01 -5.33951342e-01 -2.45344251e-01 -4.84243482e-01
 -3.31943095e-01  9.23960984e-01  4.51190948e-01  2.67610669e-01
 -2.25745034e+00  1.12166107e+00  3.97395603e-02  1.36717319e+00
  2.42393923e+00  8.06969643e-01 -1.16137572e-01  1.37758851e-01
 -2.27411121e-01 -1.20744660e-01  1.59268224e+00  1.48084894e-01
  1.53110814e+00  9.08234060e-01  1.09296024e+00  3.03455144e-01
  5.02695628e-02  7.50120640e-01 -7.55806029e-01 -5.27105749e-01]