[[-1.64612303e-01  2.87030776e-01 -2.08337368e-01  6.37001424e-01
   7.56651855e-01  3.65839535e-01  4.49926571e-01  2.51759343e-01
  -8.26636060e-01  3.90788082e-03  4.76435728e-01  8.62544419e-01
  -4.55327587e-01 -1.00823913e+00  8.69616329e-02  4.25434122e-02
  -5.78065419e-01 -7.50054153e-02 -7.65986288e-01  8.25567785e-01
  -9.27041789e-04  1.30240299e+00 -6.74540995e-01 -1.17408115e-02
  -1.72009010e-01 -2.65296080e-01  3.72521311e-01  9.43350831e-01
  -2.54651954e-01 -4.99579992e-01  6.15624350e-01 -3.05481125e-01
  -2.66601463e-01 -6.40321306e-02  1.37644476e+00  8.92667938e-01
  -1.03575867e+00  2.93708849e-01 -6.04507363e-01 -1.95959990e-01
  -1.04057090e+00 -5.85882758e-01  7.89176779e-01 -2.62451298e-01
   6.34015580e-01  7.33197869e-01 -6.32112906e-01 -3.19000352e-01
   1.23389163e-01  3.99365382e-01  5.78166693e-01  2.01754738e-01
   7.78112841e-02  5.91150788e-01 -5.43429983e-01  7.45778522e-01
  -2.17988196e-01  3.27013086e-02  7.78387492e-01  6.88227304e-01
  -1.09929996e-01  3.90289018e-01  1.35060344e-01 -4.92989387e-01
   5.00644381e-02  3.02569675e-01  3.23424427e-01  4.10953194e-01
   1.51178559e-01 -7.90314586e-02  3.95306825e-01 -7.31510400e-01
   2.90471790e-01  6.33140263e-01 -7.05174063e-01  4.61144115e-01
   1.07828049e+00  5.08301444e-01 -3.39733972e-01 -1.49907374e-01
  -1.24775078e-01 -5.17372090e-01 -3.11192747e-01 -5.73280178e-01
   1.63112781e-01  1.01237149e+00 -6.89604050e-01  6.58114046e-01
   5.34692483e-01  4.64163914e-01  6.24169753e-01 -6.26885256e-02
   3.09432473e-01  3.15663946e-02  4.34388572e-02  1.70899657e-01
  -8.29629521e-01 -2.82161630e-01 -3.46085263e-02  1.57072138e-01
   4.59689529e-01 -6.45560938e-01  1.09892087e+00  5.71382464e-01
   3.73978810e-02  8.81458959e-01  8.92652097e-02 -2.41505239e-01
  -9.35185849e-01  1.32929055e+00  5.82433583e-01 -7.02778423e-01
  -7.00800011e-01  6.38047894e-01  2.98727573e-01 -8.05574176e-01
   1.48987225e-01  3.03627522e-01  1.95803781e-01  3.73942933e-01
   8.87126055e-01 -7.48831832e-01  1.20476491e+00  9.02322564e-01
  -2.46907862e-01 -8.00710248e-01 -3.27495407e-01  1.17450163e-01
  -3.71319863e-01 -4.98106405e-01 -5.15811541e-02 -8.17016594e-01
  -5.64664454e-01  3.11253114e-01 -2.86790331e-01 -2.32365264e-01
  -3.49691784e-01  2.22607245e-01  7.26257013e-01 -3.00990240e-02
   2.85086817e-04  9.11636822e-01  2.30348698e-01 -6.98641926e-01
   4.55974466e-01 -1.16189516e-01  4.75120838e-01 -8.24362320e-01
   8.64792657e-01 -1.54381808e-01 -6.61495865e-03 -3.05406066e-01
   5.43523609e-01 -4.51829433e-02  2.74493430e-02  2.57039506e-01
   9.57383972e-01  1.05681017e+00  3.57879002e-01 -9.60121340e-02
   1.12379834e+00 -1.28986121e+00 -5.14333757e-01 -3.62718047e-01
  -1.80105908e-01 -1.65656244e-01  1.65647528e-01  1.30477017e+00
  -4.02159327e-01  4.29872159e-01  6.08416680e-01  9.51853438e-01
  -6.86372186e-01 -3.85239483e-01 -6.45750908e-02 -4.82775026e-01
  -1.58444409e-01  5.16651540e-01  2.92186229e-01  8.83410211e-03
  -1.46523560e+00  8.18638752e-01 -1.93839515e-01  1.33957443e+00
   2.03143449e+00  2.64806556e-01 -1.78521184e-01  4.61123464e-01
   2.91076735e-01 -1.33087367e-01  8.18871735e-01 -3.18996039e-01
   9.29539536e-01  8.81886568e-01  8.53020734e-01 -4.23052651e-01
   1.62805245e-01  2.71124420e-01 -2.37901131e-01 -1.17222942e-01]]