[[-0.35104559  0.52700147 -0.09877186  0.51698179  1.17267199  0.31033186
   0.69699168 -0.06511798 -0.84577775  0.16485954  0.46452783  1.16655887
  -0.80215542 -1.52274132 -0.20306643 -0.14643148 -0.82884534 -0.27467643
  -1.31903597  1.09590291 -0.18941186  1.37620986 -0.86532079 -0.04384063
  -0.34339123 -0.7796631   0.52389078  1.79447835  0.22116931 -0.86086728
   0.37707186 -0.33181961 -0.16974612 -0.00964946  1.71034126  1.34962867
  -0.88973705  0.24949255 -0.94029248  0.08860581 -1.56523907 -0.7960659
   1.15492691 -0.32800659  0.53004007  1.06855892 -0.71361216 -0.51043054
   0.1684838   0.82652333  0.28593938  0.37762178  0.31776953  0.77737869
  -0.52558062  0.72541782 -0.53766604  0.31804589  0.50104962  1.21913921
  -0.15773961  0.61985651  0.46223241 -0.65018892  0.47219938  0.7370283
   0.43846094  0.61696411  0.10740752 -0.20827449  1.17183752 -0.72116217
   0.62642371  1.03037682 -1.17227932  0.99404574  1.1956366   0.16678721
  -1.08651    -0.32416922  0.06254148 -0.84413992 -0.26039287 -0.60809131
   0.56249853  1.32008249 -0.51659626  0.62443433  0.93394874  0.43651171
   0.52841999  0.04846939  0.40599024  0.09084224 -0.11737287 -0.53473381
  -0.86237918 -0.62195186 -0.40612342  0.67526581  0.65432584 -1.27255876
   1.64846511  0.92933606  0.19704666  0.49708434 -0.08858466 -0.1501914
  -1.23417922  1.44725171  0.36330581 -1.11218154 -0.97753862  0.8817551
   0.45048481 -1.10819924  0.12795039  0.35676201  0.31867938  0.21925675
   0.78868224 -1.29209365  1.0848341   1.15143552 -0.31686496 -1.29188481
  -1.09668991 -0.30339347 -0.27658891 -0.67716171  0.50086108 -1.20545597
  -0.23128992  0.46649829 -0.22601465  0.29393303 -0.26116504  0.85384226
   0.46828488  0.0645431  -0.11575968  0.80183658  0.32601799 -0.73514342
   1.03812931 -0.49135837  0.22824015 -1.36211551  0.88861875  0.42287249
   0.02107055 -0.24722457  0.70237155  0.42870349 -0.25690273  0.16289939
   0.88460452  1.5204793   0.61959093 -0.29826744  1.62662348 -1.53541956
  -0.47279466 -0.43508256 -0.10526263 -0.13090892 -0.23101186  2.33417153
  -0.78834302  0.51011273  0.51760674  0.93374223 -0.66085162 -0.70876163
   0.0726293  -0.22748682 -0.23331836  0.61395427  0.34418628  0.09482698
  -1.65242364  1.13909605 -0.14988652  1.35713357  2.00802957  0.45684054
  -0.17299433  0.64640915  0.02937062 -0.57858364  1.01542944 -0.2983724
   0.88253543  1.00870312  0.83760868 -0.01112201  0.22007496  0.3260062
  -0.19210512  0.15321124]]