[-0.26593104  0.40485516 -0.19971223  0.6189422   1.0042415   0.4303218
  0.8123137  -0.20742048 -1.1909025   0.50727344  0.78132075  1.8110518
 -1.0087018  -2.5468688   0.18172307  0.3915186  -0.86625654 -0.42147908
 -1.7322721   1.1587281  -0.49186102  2.402264   -1.2749143  -0.0956043
 -0.43830815 -0.63287514  1.0878077   2.1405401  -0.24522291 -0.8666766
  0.6143525  -0.5013831  -0.33241752  0.47178233  2.4990194   1.6227909
 -0.7209561   0.32412001 -0.95024055  0.11927629 -2.3122892  -0.18704292
  1.8118739  -0.50663304  0.47901112  1.5456291  -0.83711576 -0.75480926
  0.33369327  0.75274765  1.0469288   0.5662631   0.18461162  1.3907583
 -0.6905489   0.80270797 -0.696137    0.3185969   0.54801536  1.7888427
 -0.22474013  0.67479724  0.45370546 -1.0118893   0.48740423  0.5303092
  0.6063601   0.5976255   0.5132833  -0.07870416  0.8471001  -1.4005456
  0.6375862   1.2086949  -1.450955    1.4292166   1.5065875   0.51498485
 -1.4648743  -0.47597307  0.22098581 -1.1875911  -0.26365542 -0.7946449
  0.38219416  2.0167367  -0.8309735   0.8783721   1.0440059   0.9165771
  0.9459332   0.24518293  0.72438467 -0.16604485 -0.14964597 -0.8499892
 -0.9109191  -1.3124729  -0.77779466  0.5078609   0.40693668 -1.8418969
  1.8766856   1.2875476   0.54693705  0.95238465 -0.5881206   0.16858013
 -1.9623849   1.2246385   0.4734132  -1.1477561  -0.8937571   0.71910596
  0.940124   -1.7295518   0.18556775  0.39985043  0.35552984 -0.10724413
  1.1643534  -1.9294546   1.9092339   1.6774104  -0.7963758  -1.4691452
 -1.2783309  -0.55135983 -0.01399846 -1.2962855   0.29527482 -1.5504168
 -0.59717834  0.75851834 -0.2890177   0.27006945 -0.8451135   0.6503061
  1.2861475   0.45212656 -0.06806657  1.421359    0.38586614 -1.4492036
  0.8842941  -1.0381608   0.26219618 -2.1089165   1.2522591   0.3382
  0.09519485 -0.9335536   1.0189687   0.6188939  -0.06128459  0.1614747
  1.4371328   1.9657143   1.1410767  -0.35070655  2.2830107  -2.0805354
 -0.6097719  -0.64636576 -0.08153426 -0.3022243   0.13813375  2.6857095
 -1.1265583   0.5660277   0.66919124  1.1161788  -1.372886   -1.4174964
 -0.21099068 -0.03292276  0.21207029  1.0140983   0.6147232  -0.17857501
 -2.3361895   1.7651333  -0.59577906  1.5161741   3.124524    0.4211618
 -0.23001374  0.51307285  0.23010476  0.02449889  1.348483   -0.13050541
  1.4713781   0.846166    1.0497408   0.13975748  0.08379558  0.07565068
 -0.36773208  0.15851265]