[[-5.92939712e-01  7.42002580e-01 -3.26234187e-01  7.27755152e-01
   9.22254947e-01 -3.50445999e-01  3.99673342e-01  1.10543909e-01
  -1.95532455e+00  6.28419892e-01  3.01266191e-01  1.90476189e+00
  -9.15062569e-01 -2.00466485e+00  2.61724094e-01  9.74476052e-02
  -4.28916957e-01  1.39036651e-01 -1.54825132e+00  1.88588085e+00
   3.97668561e-02  2.17646762e+00 -3.89178756e-01 -3.96479038e-02
  -9.95131131e-01 -5.94877907e-01  1.22047847e+00  2.12534991e+00
  -7.59397897e-01 -3.46820003e-01  4.60145803e-01 -4.01003620e-01
  -2.70435045e-01 -1.88212481e-01  1.70403153e+00  1.67561372e+00
  -1.01426487e+00  2.05760002e-01 -1.43633210e+00 -2.12866860e-01
  -1.90483114e+00 -8.43197133e-01  1.42486886e+00 -5.10159234e-01
   8.07276089e-01  1.08076190e+00 -4.82121612e-01 -9.10537799e-01
  -3.94524377e-01  6.16117320e-01  5.08968378e-01 -2.49467095e-03
  -1.60296955e-01  9.44540762e-01 -8.42726961e-01  1.26804715e+00
  -4.66967423e-01  2.33866189e-01  3.60664193e-01  1.06110487e+00
  -4.13975712e-01  1.32871276e+00  1.07883038e+00 -7.90610954e-01
   7.88278851e-01  2.62352957e-01  3.49402477e-01  1.06324971e+00
   6.73020481e-01  2.30301613e-01  1.16105038e+00 -7.94462389e-01
   8.00170563e-01  1.44522886e+00 -1.35583306e+00  6.68390558e-01
   1.37455657e+00  8.20912858e-01 -8.60804384e-01 -6.86500676e-01
   2.51459038e-01 -9.61406096e-01 -1.05825162e+00 -5.55040177e-01
   1.57099152e-01  1.95885152e+00 -9.32477522e-01  6.45667038e-01
   7.65605906e-01  4.89830765e-01  1.30473095e+00  4.64448866e-01
   9.55343441e-01  1.59869523e-01  3.22095423e-01 -1.80272352e-02
  -1.41956196e-01 -6.60997043e-01 -1.03427423e-01  4.64387899e-01
   7.75096761e-01 -1.63304543e+00  1.72246619e+00  1.27515563e+00
   7.63251616e-01  1.08950095e+00 -4.69647517e-01  3.47787141e-01
  -1.25908714e+00  1.05033408e+00  1.54758667e-01 -9.63922762e-01
  -1.24695142e+00  1.14400161e+00  5.00243230e-01 -1.91432999e+00
   6.32161849e-02  2.42789242e-01  1.73259428e-01  1.14821524e-01
   1.14599895e+00 -1.10841248e+00  1.44766373e+00  1.16840429e+00
  -7.44851797e-01 -2.02538551e+00 -5.48426571e-01 -3.70813330e-01
   2.59668573e-02 -1.02664230e+00  1.03770207e-01 -1.18447952e+00
  -7.16375635e-01  1.58787810e-01 -9.15430273e-01  2.57837228e-01
  -4.63104098e-01  1.03444135e+00  1.57297858e+00  3.83339033e-02
   2.05052953e-01  1.42024581e+00  1.11361333e+00 -1.61009249e+00
   1.14824752e+00 -2.35406189e-01  7.41838477e-01 -1.36223771e+00
   1.20200275e+00  2.16582667e-01 -2.57584758e-01 -1.43054788e+00
   6.82008188e-01  5.72676279e-01 -4.55581861e-02 -2.20301802e-02
   7.28143230e-01  8.76228954e-01  1.84479962e+00 -7.08932753e-01
   2.00029897e+00 -1.78225704e+00 -1.59897231e-01 -3.36605523e-01
   1.73291244e-01  3.39603234e-01  4.36871638e-01  2.71998535e+00
  -1.09569725e+00  5.70366001e-01  7.12314859e-01  1.19592847e+00
  -3.89079615e-01 -9.45309420e-01 -1.24506866e-01 -6.46441528e-01
  -3.84767253e-01  7.22632666e-01  1.14786752e+00 -7.78436262e-02
  -2.06548589e+00  1.05036714e+00 -8.39065247e-01  1.70889238e+00
   2.42092714e+00  6.01434284e-01 -3.09447614e-02  7.28407531e-01
   1.61089912e-01  1.37717909e-01  1.19937914e+00  2.58046673e-02
   1.08952087e+00  4.88655430e-01  1.31229541e+00 -3.08345903e-01
   3.93642961e-01  3.68306288e-01 -7.30787995e-01 -7.59931510e-02]]