[[-0.08184695  0.04937741 -0.13792234  0.27501999  1.28937917 -0.22302024
   0.41660741  0.56541988 -0.85849659  0.52805012  0.14007812  0.94793471
  -0.28861106 -1.63861496  0.27897306 -0.33457518 -0.941742   -0.20780046
  -0.8005827   1.27615376 -0.27153612  1.50702742 -0.87357883 -0.11304942
  -0.26612047 -0.37571493  1.12895388  1.17401788 -0.09566871 -0.63554682
   0.53774071 -0.49625577 -0.33241259 -0.23514306  1.65239871  1.23171777
  -0.95142069  0.00388012 -0.54472118  0.05399741 -1.44823436 -0.30286599
   1.00884857 -0.28111635  0.89180518  0.86540153 -0.35309235 -0.45959318
  -0.18543835  0.75832682  0.01777106 -0.30087894 -0.02406282  1.37594318
  -0.45945435  0.857826   -0.41104353  0.86221812  0.57609494  0.51262552
   0.04540366  0.62654471 -0.13677365 -0.77568553  0.27253459  0.20610954
   0.60497425  0.49598046  0.63381459  0.38278129  1.04675658 -0.64984447
   0.51429599  0.64252517 -1.07610552  0.92088658  0.33063517  0.59706777
  -0.72599776 -1.05033094  0.24392565 -0.69935612  0.26874446 -0.91804577
   0.24276188  1.650362   -0.85791342  0.33036916  0.47496753  0.20434306
   0.41997811  0.12916918  0.18808718 -0.26819776 -0.60147988  0.07037753
  -0.87292553 -0.16262435 -0.51536542  0.04129175  0.62074824 -0.96026235
   1.12097116  1.15862694  0.88383094  1.00500846 -0.13607636  0.18938906
  -0.33599506  0.69986459  0.33555635 -0.57964871 -0.53770847  0.66671482
  -0.06692236 -1.38732458  0.01441189  0.27073188  0.24576847  0.33286577
   1.01121141 -1.27085024  1.18121716  0.88430423 -0.65305305 -0.52851459
  -0.52048717 -0.25708976  0.08708448 -1.48441612  0.0170393  -1.07525646
  -0.88892024  0.31257377  0.29064213  0.25502011 -0.45504611  0.49339412
   1.32891694  0.07017223  0.63957576  1.3382679   0.306802   -0.63849458
   0.03542259 -0.43859271  0.372028   -1.02340647  0.73176517 -0.09073471
  -0.32762282 -1.26025257  0.5161      0.27872259 -0.43306036  0.71673823
   0.82423329  0.75977306  1.17393413  0.00800612  1.63382387 -1.14764976
  -0.64545247 -0.69719201 -0.34547342 -0.2121266   0.33181307  1.84885166
  -0.53436248  0.43433528  0.39479035  1.34372247 -0.19674835 -0.97223119
  -0.14299495 -0.04955189 -0.13262317  0.84357247  0.36240847 -0.12463564
  -1.07572588  1.34820564 -0.33784224  1.04384307  1.86813225  0.55115341
  -0.06264823  0.14573094  0.04544295 -0.28800729  0.86350235  0.14380507
   1.06792307  0.60924471  0.28400153 -0.37396247 -0.03719578  0.59861435
   0.05458012  0.19010846]]