[[ 0.19146    -1.89097327 -1.62056342  1.37211013 -0.69278667 -1.83037996
   1.21201332  1.68901328  0.67194668 -0.61185666  2.41268675  1.56251335
  -1.24870336 -1.06829667  0.40005336  2.07145    -1.67536338 -0.44293
  -0.54878668  2.31977002 -0.27730334  2.32704004 -0.50667334  0.00991329
  -1.18602329 -0.95083006  0.60781334  1.84217001  0.15990671 -1.41259332
   0.08027013  1.04535333  0.46228661  2.08062327  0.08903333  1.08738001
  -0.71539003  1.09597671  0.09662334  0.75181002 -1.58473337 -0.66279672
   1.9741832  -0.64953335  0.3445      0.49239667 -0.28868     0.29149667
  -1.34844669  1.35969333 -1.10893671  0.50814668  0.90066996  0.97807995
  -0.49009335  0.85356338 -1.37211672  2.15895995  2.35369333  1.25409333
   0.63085335 -0.20349667  0.97698    -0.52228001  1.51183661  1.51870668
   0.16871332  0.83578666 -0.85195006  0.93296999  1.42996672 -0.62107
   2.25390657  1.29630661 -0.26321335  1.70954662  1.61461997  1.1437701
   0.58143669 -0.04501665  1.63318996 -0.38434335 -2.57618674 -0.20217339
   0.38772333  0.27345     0.25987335 -2.12258339  1.54710337  1.1722334
  -1.66049329 -0.41005667  0.83076326 -0.3893167  -0.29833668  0.78150668
  -0.50034996 -0.89759338  1.05745339  0.95505668  0.10655334 -0.47809333
   2.0441134   0.26994997 -0.01361672  0.98781006 -0.80730001  1.11122664
  -0.2477633   0.5573533   1.35588002 -0.19287333  0.53291998  0.7493133
   0.24025003 -1.41880337 -0.12890669  1.39730326  0.12476333  1.51593331
   2.48896329  0.15725998  0.96761338  1.16119333  1.44131    -1.20723999
  -0.10247338 -0.43267669 -1.96771002 -2.88068342  0.60253668  0.45083658
   0.27230334 -1.08261995  0.24388003 -0.89244666  0.00493999 -0.20860334
   1.46576333 -0.38827996  1.80515671  2.23998658  0.72802    -2.70786007
  -0.69716334 -1.07328331  1.29862003 -2.97682341  2.00258323  0.29704003
  -1.32482334 -1.23417995 -0.50358335 -1.81644996  0.5229367   0.97525996
   0.40900334  1.1185733   1.92297002  0.31115333  2.39060998 -4.03804
  -1.95049334  0.82450668  0.00711999 -0.12093999  0.04871345  1.60078005
  -0.28754663 -2.09619999 -0.05003667  3.50842015 -0.2043033  -0.67653672
   0.43364326 -0.75898667 -1.24565997  1.51145665 -0.31558     0.11611664
  -1.95298332  1.68018997  0.18653666 -0.32061005  3.24822362  0.65672667
  -1.31846666  0.19605     0.12890335 -0.71397001  0.67867335  0.32677331
   0.44269333  1.58500004 -0.11048333 -0.66847333 -0.15407     0.64908334
   0.57679999  1.13893334]]