[-0.15054     0.68210745 -0.78280246  0.85442495 -0.4546225  -0.39409244
  0.528425    0.019905   -0.8314825   1.1152575   1.3403075   1.23783
  1.03708    -3.8901424   1.0528849  -0.83789     0.12419     0.605965
 -0.6974175   1.6637199   1.5848224   1.4300675  -1.6549026  -0.45079252
 -0.5984375  -0.52225757  1.6780075   3.5773926   1.6382074  -2.2376075
  0.6792375  -0.02319249 -1.3737376  -0.6474625   4.127045    0.8166925
 -1.7322351   1.5619125  -2.5934176   1.519565    0.24731746 -0.85686255
  0.61860996  0.93728     2.0241625   2.24143    -0.15553251  0.492825
 -0.21348497  0.64758     0.24476498  0.4965775   0.31553996  3.828515
 -1.3704875   1.9068251  -0.14175253  0.12332501  1.6365025  -0.367035
  0.42551     0.14841998 -0.5352575  -0.639835    1.840695    0.24896498
 -0.18917    -0.71526754  2.13194     0.51332504  0.2089425  -2.21137
  0.15426251  2.8403099  -1.64867     1.5260749   0.53420496  0.5157225
  0.90783256  0.074365   -0.34772998  0.16753     1.1801524  -2.69029
  0.96560997  3.00756    -2.6861076   0.82166505  1.3570925  -0.40127748
  0.34278253 -0.37399253 -0.35771     1.642055    1.4332925  -0.34580502
 -1.0226      1.3512325   0.49123    -1.2505225  -0.32274    -1.7959399
  2.0310998   1.854805    1.0044324   1.02526     0.99393     0.6127725
 -0.5850175   0.5908626   2.394465   -0.9733     -0.83940756  0.94244754
  0.20467502 -2.71415     0.303525    0.9445975   0.42618     0.981195
  1.3776275  -0.01323003  1.3350649  -0.32078248 -1.3158275  -3.0172849
 -1.1674525   0.30849248 -1.4014525  -0.0833075   0.02236247 -0.2572475
 -2.2855575   0.07467505  0.571295    1.0582374  -1.6287324   0.8195549
  1.42372    -0.43515503  0.69061506  1.0523875   0.8547375  -2.5246575
  3.46099    -0.2450875  -0.6861     -2.2807627   2.6919224  -1.079495
  0.086185   -1.2068925   0.64035505 -0.70729     0.91146004  0.7908925
  0.8822501   1.0472624  -0.9297825  -0.36790502  1.50443    -3.0595798
 -1.6938901  -1.1576176   0.24297751  2.01863    -1.2503525   2.7675924
  0.10429248  0.3997025  -0.275625    1.2908176  -2.6959627  -0.538365
  0.57560253  1.05662     0.61229247  0.8003875   1.08438    -1.1138425
 -2.304485    1.8973124   0.49482003  2.8076398   4.0929174   0.509115
 -1.1994824   1.8921175  -0.15984496 -1.829505    0.42135996  0.77853245
  3.13691     0.75924504  2.6160424  -0.47664252  0.61511254  0.83951247
 -0.00986001 -1.46713   ]