[[-1.10887144e+00  4.38588575e-01  3.98135679e-01  1.62780000e+00
   1.51340275e+00  1.00403294e+00  1.21959432e+00 -2.28684289e-01
  -1.16178719e+00  2.85494276e-01  7.39499927e-02  1.32017718e+00
  -1.12187713e+00 -2.63167850e+00  4.66144283e-01 -2.81979993e-01
  -1.63561431e+00  7.17605727e-01 -9.18294294e-01  1.49200572e+00
   4.89512801e-01  2.23039429e+00 -6.20272824e-01  6.94150005e-01
  -7.25855998e-03 -1.19973720e+00  7.54551394e-01  2.43729865e+00
   1.55552839e-01 -1.48118572e+00  9.95102867e-01  5.99265746e-01
  -8.16814295e-01  4.54297142e-01  2.76156429e+00  1.94275711e-01
  -1.56911855e+00  1.49511855e+00 -1.17529138e+00 -4.47637115e-01
  -1.45697568e+00 -1.41837285e+00  2.48569001e+00 -7.53375701e-01
   1.93709866e+00  1.47500294e+00 -2.26004311e-01 -8.10022865e-01
   1.36374292e-01  1.71831428e+00  1.14674144e+00  2.65595743e-01
  -1.42271774e-02  1.50823431e+00 -6.18591445e-01  1.57222151e+00
   4.27454259e-01 -6.26877138e-01  1.46618141e+00  1.67240145e+00
  -4.49558564e-01  5.78935728e-01  9.32571430e-02 -1.74857860e+00
   1.28664998e+00  8.01801460e-01  9.86697171e-01  7.35990018e-01
   5.72977168e-01 -6.65227192e-01  6.24557223e-02 -1.38586287e+00
   1.67221430e+00  1.88243999e+00 -2.48238713e+00  2.28231997e+00
   1.19775852e+00  3.55624267e-01 -1.48428851e+00 -3.55962863e-01
   5.78401446e-01 -1.11794426e+00 -1.12280145e+00 -1.46116570e+00
   4.10969956e-01  1.23732858e+00 -1.15939565e+00  1.35840140e+00
   6.45472850e-01 -1.77671249e-02  1.78507578e+00  1.57422990e+00
  -1.79824283e-01  8.73580030e-01  8.67545707e-01  3.62385426e-02
  -1.55263722e+00 -5.50155728e-01  7.69958573e-01  2.17467129e-01
   3.69877162e-01 -2.49685138e+00  2.06342568e+00  1.75722288e+00
   7.46952866e-01  8.01360028e-01  4.13551433e-01 -5.29901419e-01
  -2.07042133e+00  2.58539291e+00  6.59037175e-01 -2.52398712e+00
  -2.11076002e+00  1.09035437e+00 -1.51647146e-01 -2.58059004e+00
  -2.51338584e-01  6.40912839e-01 -7.25113600e-02  6.70879998e-01
   2.11791566e+00 -2.08858431e+00  1.85488141e+00  1.76392000e+00
   1.70971445e-01 -2.41914146e+00 -9.30448566e-01 -7.10478570e-01
  -6.55062835e-01 -1.27154148e+00  1.38278281e+00 -7.31114328e-01
  -8.49502825e-01  3.91435759e-01 -1.25050000e-01 -8.82797139e-01
  -9.92638620e-01  4.69089953e-01  2.40527004e+00 -6.90814282e-01
  -4.80917147e-01  1.88246007e+00  4.53464278e-01 -1.71106287e+00
   1.93921426e+00 -5.88838617e-01  5.27664321e-01 -1.76152285e+00
   2.14317708e+00 -7.01607176e-01  5.31199995e-01 -6.13392864e-01
   7.00904288e-01 -3.30585693e-01  7.53344281e-01  4.90408606e-01
   9.72881453e-01  2.62825865e+00 -2.46132885e-01 -4.06481447e-01
   1.79696570e+00 -3.24601153e+00 -7.61984246e-01 -9.12594293e-01
   7.23562835e-01  5.91462876e-01  3.13000168e-03  3.64790283e+00
  -1.23136142e+00  4.38380046e-01  1.17690997e+00  1.49865004e+00
  -2.28017134e+00 -1.43885567e+00  2.47782841e-01 -4.85971451e-01
   1.18022576e+00  3.61157154e-01  7.37385750e-02  1.16464711e+00
  -2.84480296e+00  2.13195142e+00 -9.24790033e-01  1.30519571e+00
   3.57722575e+00  1.13911714e+00 -1.02520428e+00  4.82298579e-01
   8.55848602e-01 -4.02504253e-01  1.49150282e+00  8.38629982e-01
   1.58393143e+00  2.36053850e+00  2.44348138e+00  5.46285595e-02
  -2.24367133e-01  1.25952859e-01 -6.84348549e-01 -3.04185578e-02]]