[[-3.36158738e-01 -1.74628781e-01 -3.07193741e-01  1.95317753e+00
   1.98590988e+00  9.10631338e-01  1.13418504e+00 -2.76983753e-01
  -1.31003631e+00 -1.62304975e-01  1.49869750e+00  1.55252507e+00
  -6.00728738e-01 -2.97859365e+00  3.97502491e-01  8.33758770e-01
  -1.47554377e+00  3.35936219e-01 -1.46324878e+00  1.45419131e+00
   3.80644932e-01  2.60031375e+00 -1.88068241e+00  3.87407497e-01
  -7.73433741e-01 -1.63855503e+00  2.87468761e-01  2.22336634e+00
  -6.78750053e-02 -1.82671000e+00  1.34591751e+00 -1.16924942e-02
  -2.14426262e-01  3.70015003e-01  3.04775503e+00  1.30087876e+00
  -1.94212874e+00  1.18059872e+00 -1.51646746e+00 -4.24947513e-01
  -2.04994120e+00 -2.95698732e-01  3.09685752e+00 -8.26084971e-01
   1.78821633e+00  2.09813631e+00 -6.14119992e-01 -7.52675027e-01
   1.38625004e-01  1.79941997e+00  6.98035017e-01  2.54012503e-01
   2.40471251e-01  1.64185628e+00 -1.15067378e+00  1.36188632e+00
   2.40223721e-01 -1.99984998e-01  8.99934985e-01  1.91952501e+00
  -3.86157505e-01  1.28662388e-02  1.11289998e-01 -1.47502002e+00
   4.67063721e-01  4.28368747e-01  8.57693780e-01  7.72707511e-01
   9.26950008e-01 -6.61418788e-01  3.11417490e-01 -1.76943004e+00
   1.22679000e+00  2.20537874e+00 -1.41447874e+00  1.82368872e+00
   1.00668247e+00  1.11320750e+00 -1.72787744e+00 -7.72649989e-01
   6.51187459e-02 -7.12018728e-01 -1.20000005e+00 -1.84621996e+00
   7.32316203e-01  1.87323250e+00 -8.52608703e-01  1.92754745e+00
   1.36262247e+00  7.58792491e-01  1.86070006e+00  5.96828721e-01
   2.02330019e-01  9.40801293e-01  7.92444997e-01 -1.10403754e-01
  -2.41699256e+00 -7.67507495e-01 -1.91757523e-01  2.87661247e-01
   4.98060018e-01 -2.30539001e+00  1.71843246e+00  1.05738377e+00
   8.88768755e-01  1.51318253e+00 -4.69151214e-01 -4.00066242e-01
  -2.27352867e+00  2.08686881e+00  1.77598130e+00 -1.93516373e+00
  -1.88933752e+00  1.40660509e+00  7.78974999e-01 -2.53026125e+00
   1.74179986e-01  4.08768732e-01  9.12836274e-01  4.59061245e-01
   1.45834622e+00 -2.29819253e+00  9.28029940e-01  1.44929126e+00
  -8.77626196e-01 -1.96917752e+00 -1.58917996e+00 -6.53775014e-01
  -6.86759984e-01 -1.15923253e+00  5.26171178e-01 -1.26366754e+00
  -1.36636252e+00  1.43705502e+00 -2.89287567e-02  7.92374462e-03
  -1.15766004e+00  8.57383722e-01  2.97406007e+00 -5.13456292e-01
  -5.31391259e-01  1.35073628e+00  6.31112523e-01 -1.67289126e+00
   2.15865502e+00 -2.98683753e-01  2.29388773e-01 -2.38375999e+00
   2.18209620e+00 -6.07986264e-01 -2.90097480e-01 -1.01403732e-01
   8.72267496e-01 -2.41748244e-03  4.95114997e-01  8.11310023e-01
   1.26739503e+00  2.87795755e+00  8.28257501e-01 -3.51360010e-01
   2.32201371e+00 -3.11742383e+00 -1.07550374e+00 -8.79449770e-02
   2.36088743e-01  9.27786268e-01 -5.42928740e-01  3.29943871e+00
  -8.14897500e-01  9.11068761e-01  6.00297511e-01  1.10254630e+00
  -1.69289747e+00 -2.20476376e+00  3.45936244e-01 -6.02915023e-01
   3.45251256e-01  3.83142502e-01  1.49707519e-01  1.15432125e+00
  -2.65690884e+00  2.80247624e+00 -6.21970013e-01  1.32998497e+00
   3.51468509e+00  4.92992524e-01 -1.03690127e+00  2.88753733e-01
   1.04800877e+00 -5.46532478e-01  1.17973998e+00 -3.59121215e-01
   2.07097125e+00  1.37287871e+00  2.86253622e+00 -7.49925226e-02
  -4.00934998e-01  1.23716252e-01 -9.66867477e-01 -1.89021245e-01]]