[ 1.0823925e+00  1.1555425e+00 -1.2724974e+00 -5.7834005e-01
  1.6780349e+00  8.2105505e-01  7.2459000e-01  2.8717244e-01
 -4.4288510e-01  1.2616550e+00  8.6857557e-02  5.5164046e+00
 -8.8644511e-01 -2.0578351e+00 -1.8944775e+00 -2.7307492e-01
  1.7488350e+00 -2.4432249e-01 -3.6797976e+00  2.4440925e+00
 -1.4751900e+00  2.7085450e+00 -1.0442126e+00 -2.7723274e+00
 -1.0992200e+00  1.7138625e+00  4.1513700e+00  2.0254350e+00
 -1.7666252e+00 -1.2943600e+00 -2.4288275e+00 -1.4079601e+00
  1.3895252e-01 -1.0863450e+00  3.3796072e+00  1.6167201e+00
 -2.0955747e-01 -2.7829248e-01 -1.7539051e+00  2.0903225e+00
 -2.1941626e+00 -1.3748126e+00  1.3462250e+00  5.4750997e-01
 -6.9437993e-01  9.5771497e-01 -4.0432495e-01 -6.2142003e-01
  1.8991950e+00  1.2330126e+00  1.3755076e+00  1.2515550e+00
 -5.9924960e-02  1.3001425e+00 -6.0299963e-02  3.0620751e-01
 -2.6301124e+00  1.1012301e+00  6.5667748e-01  4.6095258e-01
 -6.6334498e-01  1.8023875e+00  1.3084276e+00 -3.0835152e+00
  2.2122624e+00 -1.1310350e+00  2.2447424e+00  1.9883150e+00
  1.8829026e+00  2.6186261e-01  2.3540950e+00 -1.4701874e+00
 -1.4673550e+00  1.3609450e+00 -2.4705250e+00  8.7114000e-01
  5.4807508e-01  2.5312800e+00 -2.2203326e+00 -2.2502699e+00
  1.1836500e+00 -1.3183975e+00 -8.0423248e-01 -7.7543259e-01
  1.1816950e+00  2.6725302e+00 -1.7344849e+00  1.8055400e+00
  2.6585250e+00  1.4183699e+00  1.2662175e+00 -1.3843524e+00
  1.1350250e-01 -8.5432515e-02 -1.6067950e+00 -1.8163675e+00
 -3.4736052e+00 -4.3116248e-01 -2.5858576e+00  1.9771299e+00
  1.3118252e-01 -1.6013451e+00  1.0184150e+00  1.1680826e+00
  6.3874745e-01  3.3651075e+00 -2.0810225e+00 -9.1962487e-02
 -8.8561755e-01  1.1733124e+00 -1.6106524e+00 -2.3374100e+00
 -3.1661801e+00  1.7405025e+00 -2.7264252e-01 -2.7456453e+00
  5.0306749e-01  9.3306744e-01  1.3184175e+00 -1.3165998e-01
 -1.5573001e-01 -1.8767752e-01  1.1356676e+00  2.5072551e+00
 -4.4258747e-01 -6.4200747e-01 -6.4320743e-01 -3.2763600e+00
 -1.3010125e+00 -5.3119254e-01  2.0960250e-01 -2.3362374e+00
 -2.0718076e+00 -8.5790747e-01 -3.5909998e-01  1.0337675e+00
 -1.4350116e-03  1.7401875e+00  1.9679499e-01  3.1718502e+00
 -1.5067000e+00  2.2958050e+00  6.7905492e-01 -2.6118746e-01
  2.0769949e+00 -1.2010076e+00  5.0146496e-01 -2.5811975e+00
  1.9427301e+00 -4.9218994e-01  1.2801776e+00  3.9462447e-02
  4.6237499e-02  7.9337257e-01  6.1024499e-01  1.2607499e+00
  1.0209000e+00  5.2129000e-01  2.1476049e+00  6.6115004e-01
  3.4946151e+00 -2.4913151e+00 -1.1306225e+00 -9.8656994e-01
 -3.2583004e-01  2.2930247e-01  5.8595017e-02  1.8689475e+00
 -7.1111757e-01  2.5909724e+00  1.9295325e+00  3.6173677e+00
 -1.3585401e+00  1.6379325e+00 -1.4330003e-01 -3.2432500e-01
 -1.2049700e+00  1.2705250e+00  9.9579757e-01 -1.2243675e+00
 -4.6436272e+00  2.7306848e+00 -6.3317251e-01  2.0256245e-01
  3.3398974e+00  9.9690747e-01  3.2040507e-01 -1.3162744e-01
 -4.9829498e-01  6.7097507e-02  4.3868747e+00  1.5418100e+00
  1.9096925e+00  3.4706998e-01 -1.7475226e+00 -2.0984745e-01
 -1.2303200e+00  5.6112254e-01 -1.5098751e-01 -2.0064850e+00]