[-6.2101001e-01  9.5696110e-01 -4.5176664e-01  1.0175033e+00
  2.9556781e-01 -1.0284424e-02  1.3896056e+00 -3.5740888e-01
 -7.1548778e-01  9.7700435e-01  9.5834893e-01  2.6913354e+00
 -1.6905499e+00 -2.1960323e+00  2.1537235e+00 -7.9670995e-01
 -7.3773217e-01 -2.6434222e-01 -3.3059773e-01  1.7320766e+00
 -7.0523012e-01  1.8574232e+00 -9.0456992e-01 -2.6507121e-01
 -1.5799090e+00 -1.2891356e+00  2.0711699e+00  1.7466888e+00
  6.9169670e-01 -1.0310601e+00  1.8846330e-01  1.1294333e-01
 -4.2507112e-01 -1.1169000e+00  1.4040277e+00  1.6883000e+00
 -1.5571778e+00 -2.9047754e-02 -1.7299666e+00  7.2250891e-01
 -1.1421422e+00 -1.4365845e+00  1.5100099e+00  8.4880227e-01
  1.1364478e+00  1.5628722e+00  3.3793223e-01  2.4308868e-02
  3.7594220e-01  7.1993554e-01  9.0886772e-01 -5.8143109e-01
  1.1070410e+00  1.1017278e+00 -1.1294078e+00  1.7342178e+00
 -3.5584334e-01  1.3844899e+00  3.2249224e-01  2.3131857e+00
 -3.1632775e-01  6.5517002e-01  6.8127441e-01 -1.7788645e+00
 -2.7910995e-01  3.3067444e-01  3.8005888e-01  2.3139222e+00
 -3.5055412e-03  1.1563334e-01  5.7457227e-01 -5.1213109e-01
  8.8152337e-01  2.4713066e+00 -2.6800665e-01  1.4362967e+00
  9.9667668e-01  2.8479666e-01 -2.3476832e+00 -2.2122145e+00
 -8.3140111e-01  9.0882558e-01  3.6975570e-02 -9.3720883e-01
  1.0223966e+00  2.6556923e+00  1.0634489e+00 -2.0579328e-01
  6.9564557e-01  1.4948000e-01  2.0749135e+00 -1.5926668e-01
 -2.6898777e-01  7.9531141e-02  6.1095786e-01 -1.0711322e+00
 -7.1700561e-01 -7.2538006e-01  9.5344521e-03 -1.2683561e-01
  1.1359833e+00 -1.5587032e+00  3.0798798e+00 -4.5755571e-03
  8.8479000e-01  1.4279611e+00 -1.4449056e+00  5.1589662e-01
 -1.1295145e+00  1.4881467e+00 -6.9162887e-01 -6.2580556e-01
 -1.1218045e+00 -8.3260220e-01  1.4234078e+00 -1.6483433e+00
  2.9774109e-01  1.3498276e+00  9.4551116e-02 -1.6558777e-01
  3.7419920e+00 -1.4605577e+00  8.5456330e-01  1.4359976e+00
 -1.3208801e+00 -2.5562644e+00 -1.5977499e+00 -9.7572559e-01
 -7.5183660e-01 -2.2662199e+00  2.1816333e-01  9.8683113e-01
  2.5549995e-02 -7.1955884e-01  2.7115551e-01  1.6299478e+00
 -7.6477444e-01  1.3172245e+00  1.0494889e+00 -1.2368611e+00
  3.8312224e-01  1.3283710e+00  1.5065967e+00 -8.5775989e-01
 -1.6398889e-01 -5.0303775e-01  1.8562968e+00 -1.4316723e+00
  1.8995146e+00 -6.7356777e-01 -8.7673330e-01 -1.6390512e+00
  1.0805821e+00  9.1102886e-01  5.3939331e-01  1.4269301e+00
  1.8546857e+00  1.6936675e+00  2.2096677e+00 -5.2339220e-01
  1.7202590e+00 -2.3274264e+00 -1.0349056e+00 -1.5987966e+00
 -4.2237887e-01  3.7533885e-01 -1.8238223e-01  4.4206057e+00
 -7.6662564e-01  9.3402229e-02 -5.6097772e-02  2.5448723e+00
 -1.1857266e+00 -2.5807893e-01  7.0400113e-01 -1.1722012e+00
 -6.3184232e-01  1.0261933e+00  9.9173546e-01  9.8410988e-01
 -2.7629111e+00  2.4620967e+00 -9.4034672e-01  1.5128222e+00
  3.9395909e+00  1.0072266e+00 -1.5233355e+00  2.3711731e+00
  7.8713775e-01 -1.0871322e+00  2.0225744e+00  2.4467553e-01
  2.2861335e+00  1.8785033e+00  3.5468221e-01  8.4973449e-01
  1.3454833e+00  4.3418869e-02  2.3049938e-02  8.3485222e-01]