[[-0.86378815  0.82472832 -0.37341138  0.56873923  0.83257197  0.17520172
   0.41846016  0.25774831 -1.89101711  1.02897569  0.66459522  2.61113135
  -0.6281134  -1.9599358   0.045154   -0.074036   -0.68742245 -0.31256168
  -1.49223537  1.32385324  0.06951292  1.70581678 -1.01231677 -0.1619083
  -0.36027    -0.59878659  1.15536691  2.3978479  -0.32135845 -1.03455494
   0.41228893 -0.43066847 -0.34225292 -0.02870815  2.08813309  1.20673188
  -0.76353032  0.44813782 -2.31471571  0.59777369 -1.410854   -0.56625492
   1.06058002 -0.14991215  0.93014108  0.46117677 -0.48990706 -0.72488278
   0.04517783  1.062486    1.06211138 -0.54431723  0.16787291  1.37033984
  -1.15997355  1.57638692 -0.32236078  0.11842645  0.37589246  1.47814801
  -0.23862707  1.20021986  0.16745369 -1.01348494  0.64592662  0.65009968
   0.15266215  0.54149139  0.43511968 -0.0986763   1.02612125 -0.83414581
   1.24319418  1.16960124 -0.67637599  0.90626583  0.92012476  0.37043047
  -1.23881342 -0.13342384 -0.58304848 -1.04601908  0.03489845 -1.34363783
   0.78809815  2.15934863 -0.97274769  1.53376633  0.96273477  0.71776923
   0.34918693  0.13154322  0.32306937 -0.45613676  0.46075538 -0.89856522
  -0.32044848  0.033966   -0.05011706  1.22210602  0.92232014 -1.82739556
   2.25931597  0.63182323  0.79278508  0.03952093 -0.75237984 -0.06343709
  -1.58739262  1.6651572   0.35551618 -1.14854932 -1.23626828  0.70463937
   1.2747803  -1.82156402  0.48507908  1.18905785 -0.47905694 -0.97735938
   1.68286307 -1.42979583  1.40643647  1.15984092 -0.99666305 -2.07945896
  -1.51598289 -0.71503969 -0.3345797  -1.36702956  0.56755613 -0.6455
  -0.74159291  0.56984478 -0.20381248  0.62982491 -0.52822895  1.22172646
   1.12021278  0.27370861  0.26544676  1.15006448  0.88780524 -1.4059174
   1.02872552 -0.5056246   0.21781647 -1.59266863  1.15404571  0.42164647
  -0.268102   -1.70771351  1.25581214  1.01307077  0.08351277  0.15641123
   1.97495323  1.15415339  1.79401892 -0.31808447  1.34825864 -1.87187632
  -0.45050615 -0.76115832 -0.02168954  0.57773445  0.48824755  3.18889911
  -0.96154522  1.0814434   0.27200492  0.78574771 -1.28237416 -0.64231048
   0.5295963  -0.42678355 -0.95864092  0.783254    1.44977938  0.43358968
  -2.14701305  1.12907525 -0.77296523  2.0490603   2.43130035 -0.04319645
  -1.1290606   0.60145032 -0.0154263  -0.79030724  0.92564323 -0.13967785
   1.67826261  0.32191585  1.42820017  0.06305153  0.27582093  0.263936
  -0.44974183  0.37742138]]