[-1.04597092e-01  8.03202927e-01 -3.68807137e-01 -9.93157253e-02
  1.75601411e+00 -5.08562803e-01  1.20026863e+00 -1.78682983e+00
 -2.41774297e+00  1.72285526e-03  1.52817559e+00  1.67614567e+00
 -8.90530050e-01 -1.52258849e+00 -8.75587106e-01 -5.31647146e-01
 -1.14375710e+00  1.16683424e+00 -2.19591713e+00  1.63710129e+00
  9.67874169e-01  1.93080711e+00 -1.12147713e+00 -1.44100988e+00
 -8.76548469e-01  2.43071150e-02  1.01125562e+00  2.58843279e+00
 -2.03982860e-01 -2.02167845e+00  1.50587186e-01 -5.29871404e-01
 -1.78545702e+00 -1.19792864e-01  3.21718001e+00  1.82832873e+00
 -1.94441009e+00  1.81400031e-01 -1.15510142e+00  6.18447185e-01
 -1.87031281e+00  1.20707428e+00  1.33519685e+00 -1.77995431e+00
  1.01416278e+00  5.12017190e-01 -1.29128590e-01  6.01604342e-01
 -4.19742987e-02  1.68799865e+00  1.35544002e+00 -5.93441427e-01
  7.33441472e-01  7.86315739e-01 -1.62900698e+00  2.47277284e+00
 -1.86801463e-01 -5.11102855e-01  1.03449559e+00  1.52831137e+00
 -8.83162916e-01  7.08725750e-01  6.67835712e-01 -3.61100018e-01
  1.42587280e+00  5.27302861e-01  3.95511419e-01  6.56138539e-01
  1.10444856e+00 -9.24635589e-01  2.36525744e-01 -2.20266986e+00
  7.91312814e-01  1.38749409e+00 -1.95853865e+00  1.87982285e+00
  4.32982892e-01  8.74734282e-01 -1.62940300e+00 -2.34287286e+00
  1.12670863e+00 -1.72114575e+00  1.60200093e-02  1.43638581e-01
  9.91471410e-01  1.67366862e+00 -4.49792802e-01  1.27622139e+00
  1.99767995e+00 -4.15091455e-01  1.35137725e+00  6.92998588e-01
 -1.16410002e-01  2.35374257e-01  9.80960011e-01  2.25192890e-01
 -2.11217713e+00 -1.09091151e+00  1.11444998e+00  1.52621463e-01
  4.80174273e-01 -2.43672991e+00  1.65992427e+00  6.05978549e-01
  6.41021430e-01  1.49724290e-01 -1.11953568e+00  5.86345673e-01
 -1.86508858e+00  2.02408290e+00  1.01335013e+00 -3.09578508e-01
 -1.23390007e+00  1.20268428e+00  1.15923285e+00 -2.30537009e+00
  4.24142838e-01  9.73722875e-01  1.21454012e+00 -4.41111416e-01
  2.66155028e+00 -1.63549864e+00  2.19530272e+00  5.58437169e-01
 -8.24918568e-01 -2.78908157e+00 -1.36748719e+00 -2.32132882e-01
 -1.22257578e+00 -2.58277148e-01 -2.65442878e-01 -5.84751546e-01
 -1.40644562e+00  1.10604870e+00 -1.53727150e+00 -5.64400017e-01
 -1.17964149e+00  1.16619849e+00  1.28760147e+00  1.42438576e-01
 -4.71942842e-01  7.90151477e-01 -4.16179985e-01 -1.81375015e+00
  1.98231864e+00 -1.32523859e+00  5.68115652e-01 -2.69213557e+00
  2.48934865e+00 -5.51920056e-01  5.03274262e-01 -5.19927025e-01
  6.31988585e-01  8.81885812e-02  4.87117141e-01  6.33607090e-01
  1.36631429e+00  1.66065860e+00  9.10931468e-01 -3.16247165e-01
  1.67566001e+00 -1.85674977e+00  1.39318570e-01 -1.61928010e+00
  1.84121445e-01  1.21232998e+00 -1.05601378e-01  2.42551732e+00
 -2.04625845e+00  9.24759924e-01  8.71200025e-01 -1.18172832e-01
 -1.50428140e+00 -1.77064344e-01 -8.34857076e-02 -1.27675712e+00
 -7.94191420e-01  2.99171209e-02  3.12217146e-01  4.35131460e-01
 -1.83460867e+00  2.23859143e+00 -1.20815575e+00  2.58517289e+00
  3.52584004e+00  1.45804271e-01 -8.13338578e-01  6.73881412e-01
 -6.25122905e-01 -1.39238000e+00  9.54512775e-01  3.50705713e-01
  1.03964007e+00  5.19971922e-02  1.54611576e+00  3.74402910e-01
 -2.07267076e-01  1.37449995e-01 -4.16981459e-01  5.57322860e-01]