[[-0.25737282  0.12188984 -0.11526783  0.5288985   1.34124949 -0.30722984
   1.03728267  0.21453166 -1.00074735  0.2597975   0.5192665   1.41811783
  -0.81220032 -1.98650169  0.35294051 -0.04953634 -0.680106   -0.82042233
  -0.96165668  0.80236051 -0.48055234  2.04197633 -0.64533583 -0.21437932
  -0.55635333 -0.74411068  1.21608765  1.70487134 -0.10866284 -0.87587883
   0.72046799 -0.45848517 -0.63674117  0.34129534  1.93315485  1.037957
  -1.13569983  0.17742782 -1.03730133 -0.09532133 -2.00271519 -0.03751067
   1.77781151 -0.65889666  0.82775617  0.99001418 -1.08968982 -0.43775667
  -0.11059483  0.99763133  0.62612799  0.24958533  0.22974566  1.07850951
  -0.48808333  0.83557633 -1.04740282  0.7015155   0.41213317  1.59517083
  -0.06434617  0.93773884  0.22095349 -0.81894533  0.73047365  0.23950901
   0.59348367  0.72444169  0.60921251 -0.10482167  0.74416734 -1.17647933
   0.68652901  0.85092731 -1.1127365   1.11876815  0.996585    0.02043182
  -1.00113415 -0.80971082  0.31578166 -1.048425   -0.02379249 -0.9737545
   0.45695899  1.69414834 -0.98219951  0.78748001  0.56521983  0.82769583
   1.53664667  0.15508184  0.62032816  0.06180184  0.38416583 -0.1874775
  -1.32271633 -0.52702317 -0.15921051  0.31666133  0.60730966 -1.44562751
   1.71694466  1.01979333  0.499644    1.17261315 -0.57173851 -0.10002265
  -1.33794135  1.13835734  0.31499483 -1.48284315 -1.08879966  1.12943649
   0.62323201 -1.58890535  0.149609    0.50658183  0.24060451 -0.119266
   1.2096365  -1.24205916  1.6188943   1.26582485 -0.59332983 -1.57045849
  -0.7298165  -0.81771217  0.04891801 -1.00540033  0.06150965 -1.49886033
  -0.73810401  0.57821868 -0.22451135  0.39371198 -0.33565548  0.88567317
   1.49752683  0.2297755   0.06030434  1.35037083  0.44855649 -1.12746951
   0.85067431 -0.67781533  0.33489234 -1.3248315   1.15107083  0.1768795
  -0.5130585  -0.72106417  0.76895617  0.72479233 -0.50508382 -0.26752635
   1.40124834  1.20630117  1.12924418 -0.38175916  2.29659101 -1.522961
  -0.32245201 -1.25825267 -0.23510834  0.0559995   0.28734015  2.53425416
  -0.87466718  0.66014884  0.72120767  1.25156466 -0.85403633 -1.17351084
  -0.28420951 -0.48063899 -0.17651467  0.57610516  0.63233767 -0.25177183
  -1.8203305   1.86002066 -0.67222984  1.3044585   2.56800618  0.42930584
   0.06451518  0.58419683  0.01541934 -0.11879933  1.44382984 -0.30982766
   1.07837583  0.587303    1.35395403 -0.43573166  0.126336    0.38143416
  -0.77224567  0.05477132]]