[[-0.78434825  0.38076775 -0.18167299  0.6252175   1.00635348  0.1674655
   0.9204345   0.230515   -1.28253853  0.21741651  0.63473026  1.45785751
  -1.42266475 -1.82009927  0.15907325  0.63774425 -1.22656924  0.29268825
  -1.27252799  1.23755024  0.29308898  2.01361174 -0.92626549  0.02039325
  -0.42011651 -0.97957751  0.69277051  1.86684925  0.12229125 -1.32411176
   0.67575875 -0.23163298 -0.35693775 -0.2692785   2.61584377  1.58492874
  -1.69995701  0.38556399 -1.61441373 -0.00642498 -1.47778375 -0.18541551
   2.07518649 -0.84271301  1.60215075  0.91576177 -0.0699395  -0.11089326
   0.23525676  0.71268251  0.89777677 -0.19956126  0.4337455   1.05454924
  -0.97062899  1.71048924 -0.60488     0.25933051  1.13307899  1.92197125
   0.03106799  0.3552925   0.52964974 -1.24660449  0.64084425  0.77872774
   0.681874    1.16240524  0.627567   -0.11610624  1.67031249 -1.35321425
   0.37492175  1.38910475 -1.35878877  1.57455475  1.09794274  0.335547
  -1.41173047 -0.61598675 -0.442522   -0.697901   -0.50499176 -1.28630175
   0.34440773  1.69651699 -0.67494674  0.89943426  0.660358    0.40777901
   0.97386673  0.5473095   0.01629125  0.06134951  0.61756075 -0.53541325
  -0.82031401 -0.18794775  0.20479475  0.76085573  0.73261849 -1.1358985
   2.21742173  0.74568225  0.30681649  0.11407402 -0.42019424 -0.11453051
  -1.63167574  1.82907551  1.01340898 -1.03708749 -0.9611945   0.81187475
   0.95068325 -1.81531776  0.4284315   0.98348525  0.39009423  0.40727499
   1.72337852 -1.85914851  1.2886995   1.59249551 -0.27103524 -1.5783295
  -0.92894649  0.15593299 -0.36358775 -1.11834724  0.60944675 -0.86618574
  -0.55054227  0.71268524 -0.62680326 -0.40720374 -0.80904924  0.63809226
   1.4606695  -0.33457027  0.31217675  1.23845624  0.55971024 -1.81234701
   1.25069753 -0.3722305   0.45035248 -1.50856574  1.1999615   0.19897049
  -0.06998677 -0.22462351  0.36206825  0.37834624 -0.01541875 -0.05124724
   1.66685677  1.81026023  0.87705975 -0.90479049  1.58018025 -1.78108322
  -1.14360074 -0.24723301 -0.39706198  0.31594325 -0.0724225   2.74190825
  -1.23101126  0.83330326  0.45793176  0.57917776 -0.98632777 -0.27684027
   0.370558   -0.53526149 -0.30442849  0.662916    0.54599475  0.33613476
  -1.53383251  1.31478599 -0.63073025  1.80399075  2.64789351  0.61702026
  -1.14012477  1.10069123 -0.11641551 -0.61089676  1.69571726 -0.10078549
   0.79695176  0.88181024  1.93288376 -0.38861352  0.05476649  0.47737376
  -0.62725926  0.27909851]]