[-6.11642957e-01  7.95250833e-01 -4.83110309e-01  6.54154420e-01
  1.20298886e+00  3.91686141e-01  8.73041391e-01 -4.30695057e-01
 -9.38004613e-01  2.18917951e-01  4.91281778e-01  1.48056066e+00
 -7.81121492e-01 -2.15846062e+00 -2.96869725e-01 -1.34978533e-01
 -1.10955894e+00 -4.57355022e-01 -1.30935192e+00  1.12186098e+00
 -3.23131770e-01  2.09482098e+00 -1.01127875e+00  2.00340360e-01
 -3.07827145e-01 -9.74554420e-01  6.39334917e-01  1.63674295e+00
 -1.84532061e-01 -7.54154980e-01  8.47952604e-01 -3.96897078e-01
 -5.41542590e-01  4.96632963e-01  2.07316256e+00  1.86084580e+00
 -1.21035445e+00  7.11865902e-01 -1.03460002e+00  6.42607570e-01
 -1.49524820e+00 -8.40029955e-01  1.71169329e+00 -4.80551481e-01
  7.21569419e-01  1.52619350e+00 -9.47097778e-01 -5.73763251e-01
 -3.49667668e-01  5.34147084e-01  4.51943189e-01  4.46225315e-01
  5.28910875e-01  7.25369990e-01 -7.08880007e-01  8.93647909e-01
 -1.01774621e+00  6.29655540e-01  5.30637026e-01  1.66468906e+00
 -4.91333514e-01  6.49645805e-01  3.80792379e-01 -1.08157456e+00
  1.25361472e-01  5.67527294e-01  3.33114147e-01  7.65671730e-01
  2.23630592e-01  6.30735382e-02  1.15335953e+00 -1.45374715e+00
  8.22572172e-01  7.75948465e-01 -1.62530529e+00  1.52165711e+00
  1.24733508e+00  2.81430572e-01 -1.50106871e+00 -1.17203419e-03
 -1.68572038e-01 -8.89738262e-01 -6.09070480e-01 -9.54021573e-01
  7.17420638e-01  1.53517044e+00 -7.82929122e-01  6.18802607e-01
  9.27654445e-01  7.26297379e-01  8.28185320e-01  1.14545286e-01
  5.95829129e-01  3.80558282e-01  1.72730580e-01 -6.08604670e-01
 -1.14720464e+00 -8.65588188e-01 -4.11627054e-01  4.85280812e-01
  4.95206147e-01 -1.66405165e+00  1.50173247e+00  1.25750601e+00
  4.41006482e-01  9.78358328e-01 -4.09604698e-01 -1.05111793e-01
 -1.43632579e+00  1.62762570e+00  5.29372096e-01 -1.44082844e+00
 -1.20901370e+00  9.48883414e-01  7.04476833e-01 -1.40332961e+00
  2.49984398e-01  6.72084212e-01 -5.79449981e-02  3.19264412e-01
  7.91613519e-01 -1.20978260e+00  1.61369038e+00  1.44621313e+00
 -3.62632960e-01 -1.44294775e+00 -1.16378319e+00 -5.53215325e-01
 -2.53628224e-01 -1.20174479e+00  5.48835635e-01 -9.44989681e-01
 -3.32509428e-01  9.03853238e-01 -6.78808570e-01  3.81910890e-01
 -2.21426815e-01  1.12559843e+00  1.18811464e+00  5.46034694e-01
 -5.24394177e-02  9.31899369e-01  6.96320295e-01 -1.30758953e+00
  1.58247471e+00 -1.40063241e-01 -3.14405859e-02 -1.71209335e+00
  1.21244848e+00 -4.11702879e-02  3.32040012e-01  1.66249909e-02
  8.72832298e-01  6.83087647e-01 -1.50425881e-01  3.22492361e-01
  1.04596055e+00  1.76316738e+00  4.59498197e-01 -5.46907425e-01
  2.12826991e+00 -2.29817176e+00 -6.38963223e-01 -7.99047947e-01
 -4.00592357e-01 -3.06235272e-02  5.61408818e-01  2.41947293e+00
 -7.03871787e-01  4.78878528e-01  5.76375246e-01  1.17564094e+00
 -1.12767792e+00 -1.01626241e+00 -2.95325875e-01 -4.56833571e-01
  1.88792959e-01  7.32219100e-01  6.15917683e-01 -3.85333240e-01
 -2.40268970e+00  1.56082487e+00 -5.32237470e-01  1.31792605e+00
  2.65385556e+00  5.84189117e-01 -1.80514455e-01  2.74851769e-01
  3.07808548e-01 -2.42502049e-01  7.68158376e-01 -9.99351125e-03
  1.41184986e+00  7.63673663e-01  1.82035816e+00 -2.22203553e-01
 -3.48322064e-01 -1.14996754e-01 -6.82973146e-01 -1.63585290e-01]