[[-0.2012032   0.49675196 -0.03390382  0.70703226  0.45815886 -0.46627123
   0.68664597  0.29877526 -1.0966795   0.00842413  0.21359939  1.59225948
  -0.72197228 -1.80219114  0.1101169  -0.09986568 -0.98874969  0.13745053
  -1.24013124  1.29270959  0.06717609  2.01715372 -0.67153916  0.01435052
  -0.46386929 -0.84672546  0.63035259  1.79719237  0.17321515 -1.04506061
   0.67993815 -0.62304679 -0.85082556 -0.24982608  2.72231155  0.90821105
  -1.42627826  0.56210597 -1.32286782  0.22688557 -1.77014897 -0.22761299
   1.49247907 -0.92732257  0.9754198   0.98439629 -0.42251989 -0.21052547
  -0.56645267  0.73647124  0.49035134  0.15533855 -0.06101299  0.92038299
  -0.77824629  1.60705061 -0.30848948  0.32314938  0.97487197  1.14762927
  -0.14380165  0.94939712  0.30319516 -1.55461103  0.40006504  0.37184556
   0.59208794  1.00089897  0.77375155 -0.42760381  0.85591321 -1.00521473
   0.63581835  1.27341824 -1.1055433   0.85669452  1.50044341  0.10010453
  -0.98783114 -0.38639103  0.07674402 -0.94247753 -0.12693072 -0.8354199
   0.37514289  2.06830938 -0.51728545  0.75776711  0.37761559  0.67666908
   0.80886516  0.81423804  0.41945526  0.20800134  0.05439764 -0.28309218
  -0.1326933  -0.436777    0.33066238  0.1037301   1.00484886 -1.73823681
   1.66238174  0.90616618  1.15250052  0.39278898 -0.09806928  0.31100268
  -1.51205053  1.25402761  0.5750635  -0.9629165  -0.92945041  0.70380073
   0.57865031 -1.66515084  0.32361681  0.25368834  0.54005143  0.74575784
   1.54078527 -1.33397217  1.59321125  1.35805228 -0.62782102 -1.90126455
  -0.79404576  0.04887412 -0.77522846 -1.48450742  0.36363144 -1.37582948
  -0.50463062  0.74601322  0.2790397  -0.01336134 -0.77334258  0.66714639
   1.62311185 -0.26334248  0.38481782  1.43553206  0.57047051 -1.08540568
   1.28394989 -0.41213341  0.99105104 -1.56765609  1.20016866  0.42756195
  -0.2690564  -1.00082165  0.51115092  0.68652155  0.12410082  0.4286594
   1.26156886  1.27441184  1.00276228 -0.4742394   2.2715397  -1.87339298
  -0.61698588 -0.28679639 -0.31430752  0.17906835  0.12055216  2.14945319
  -0.86053496  0.44354701 -0.01863628  1.40938712 -0.96516074 -0.84904981
   0.45283794  0.02978238 -0.08791928  1.1190329   0.92901278  0.00600846
  -2.03237082  1.68361186 -0.89415876  1.64457627  2.92284246  0.85329865
  -0.3888561   0.72548041  0.11343247 -0.17613989  0.98800473  0.17669793
   1.22264814  0.90584485  1.42845526 -0.33395876  0.42090236  0.45193031
  -0.28199897  0.17797309]]