[[-2.74192447e-01  3.35082490e-01 -2.99747116e-01  5.44717467e-01
   7.17800732e-01 -3.51368320e-01  8.72344802e-01  2.55523301e-01
  -1.24458397e+00  1.91057337e-01  2.73285529e-01  1.94530030e+00
  -5.54196146e-01 -2.24904411e+00  1.49015214e-01 -4.54452462e-01
  -9.70827253e-01 -2.29723598e-01 -1.33949458e+00  1.36821955e+00
  -3.19874154e-01  2.04352732e+00 -1.13262321e+00 -3.17572561e-01
  -6.07126074e-01 -4.68189220e-01  9.96670446e-01  2.03181419e+00
  -7.60001388e-04 -7.35830219e-01  5.00128927e-01 -4.26110527e-01
  -8.72683732e-01 -4.59752584e-01  2.61063412e+00  1.63465064e+00
  -1.17175714e+00  2.69198512e-01 -1.28902548e+00  1.94246376e-01
  -2.23118112e+00 -4.73112328e-01  1.17453797e+00 -5.82535846e-01
   1.35826072e+00  1.04869875e+00 -4.45454468e-01 -7.76179344e-01
   1.19786489e-01  9.15830541e-01  3.42274264e-01  2.43537247e-01
   7.72000164e-02  1.35762266e+00 -3.05380864e-01  1.43063381e+00
  -3.93113726e-01  9.81963705e-01  4.30739686e-01  1.28745144e+00
  -4.56859127e-01  9.72331707e-01  3.84120314e-01 -9.77977496e-01
   4.74901373e-01  6.45281800e-01  3.69088933e-01  1.16798635e+00
   7.18164863e-01  4.94312866e-02  8.79962862e-01 -9.01635294e-01
   5.40691080e-01  1.43458697e+00 -1.46758692e+00  4.12782336e-01
   1.10616830e+00  5.87272559e-01 -9.90606921e-01 -6.50995737e-01
   9.17380871e-02 -9.57523320e-01 -1.40549476e-01 -1.23337852e+00
   3.23163318e-01  2.30355326e+00 -9.34135402e-01  6.75861909e-01
   7.72026131e-01  7.67845961e-01  8.70031269e-01  6.11462375e-01
   6.27682975e-01  3.44445742e-01  3.76705954e-01  3.82595728e-02
  -2.93554568e-01 -4.99454467e-01 -8.95693616e-02  3.09126898e-01
   7.01472764e-01 -1.60190676e+00  1.79242330e+00  1.01175427e+00
   9.18557762e-01  6.99261715e-01 -1.99256708e-01  3.38208287e-01
  -1.28865954e+00  7.56996893e-01  5.27007467e-01 -1.19547788e+00
  -1.08827737e+00  6.98258833e-01  4.97952544e-01 -1.87355366e+00
   1.75325972e-01 -2.01192790e-01  4.00164251e-01  1.11319892e-01
   1.34890235e+00 -1.68418789e+00  1.13561520e+00  1.20412506e+00
  -8.88687902e-01 -1.38259116e+00 -9.27956700e-01 -2.73325847e-01
   1.48547908e-02 -1.60268852e+00  3.65450304e-01 -1.32416105e+00
  -6.13345835e-01  2.34661379e-01 -2.66771592e-01  6.19919054e-01
  -8.52423293e-01  9.94874831e-01  1.50986977e+00  2.64748125e-01
   4.23112976e-01  1.40106052e+00  8.63244268e-01 -1.37655851e+00
   9.72534878e-01 -6.53031374e-01  4.82750322e-01 -1.78964558e+00
   1.29058752e+00 -1.60731516e-01  6.09881857e-02 -1.51428603e+00
   7.04361574e-01  8.44326826e-01 -3.10845631e-01  6.58805220e-01
   9.45017147e-01  1.58380618e+00  1.39627754e+00 -6.64700822e-01
   2.20761487e+00 -1.51183213e+00 -8.95552972e-01 -4.86296908e-01
   1.22443415e-01 -5.82900973e-02  3.02009254e-01  2.90372131e+00
  -9.49322888e-01  6.06939984e-01  7.37479994e-01  1.30338227e+00
  -6.91430405e-01 -1.54731012e+00  2.00570014e-01  7.50837276e-02
  -3.39982224e-01  1.11349226e+00  1.02294598e+00 -4.10276916e-01
  -2.20505502e+00  1.70324457e+00 -4.47746593e-01  1.85587595e+00
   2.59342149e+00  5.92012671e-01 -2.81707992e-01  7.03174350e-01
   3.99512763e-01 -3.21199703e-01  1.12910288e+00  3.81861807e-01
   1.35605537e+00  8.43260634e-01  9.17864838e-01 -8.61900988e-02
   6.49198510e-01  8.47188939e-01 -4.05345780e-01  3.02188181e-01]]