[-0.97612166  0.99036837 -0.4603467   0.73911     1.1944816   0.10134834
  0.47902164  0.4058483  -1.939485    0.07445667  0.7085333   1.8014168
  0.22663498 -1.9562302  -0.12252501  0.28201166 -1.3830217   0.13073838
 -0.8814333   1.6804117   0.47905996  1.9078418  -0.6680717   0.97819835
 -0.49690333 -1.1996183  -0.037145    1.0161518   0.48312834 -0.9989016
  0.16191499  0.13596168 -0.15836333 -0.37991333  2.265595    1.99484
 -0.8776067   0.40649    -1.15521     0.55147004 -1.439205   -0.23484336
  1.52069    -0.77703     0.20212334  1.0033617  -0.49854335 -0.214635
 -0.31032005  0.61897665  0.45850167  0.60679835  0.73381335  1.087325
 -1.2330316   1.1954384   0.06344332 -0.52541333  1.1994066   2.23561
 -0.29162502  0.5210784   0.9883466  -1.5186167   0.24458833  0.9760184
  0.01579667  0.8397083   0.549175   -0.56917334  0.9878333  -1.9762284
  1.2365516   1.5386783  -1.1942767   1.5008634   1.0865101   0.6260933
 -1.9827851  -0.0729717  -1.1089749  -0.5508184  -0.5149517  -0.9979534
  0.6844733   2.0915167  -0.60235     0.41762337  1.3257251  -0.13678336
  1.2399033   0.63677996  0.2373067  -0.5181316   0.6422849  -0.7575567
 -1.58962    -0.40334168  0.42120996  0.23134165  1.0235616  -1.4113599
  2.1266682   1.2725967   0.09391332  0.51197666 -0.77078336 -0.5732916
 -1.7301183   2.7337167   0.72337    -1.03891    -1.1944968   0.5660617
  1.2454133  -1.8922149   0.4452417   0.24596666 -0.56786996 -0.18492667
  0.36351332 -1.04409     1.3638734   1.3318617   0.05333833 -2.1672835
 -1.3976732   0.30886668 -1.05494    -0.8627917   1.07977    -0.73982996
 -0.21157497  1.0750083  -0.97594833  0.06074667  0.19398169  0.5139667
  0.9567166   0.26524666 -0.09945001  1.2553567   0.30002335 -1.811875
  1.7918934  -0.16513667  0.382175   -0.97982335  0.6574683   0.4715167
 -0.93218666  0.04057668  0.26035666  0.20715833 -0.8461616   0.8613884
  1.1772484   1.94065     0.5690033  -0.532825    1.8144966  -2.0799649
 -0.37217334 -0.29108003 -0.255795    0.24008663  0.6218784   1.8615566
 -0.5638316   1.0781267   0.65903497  1.5091916  -1.1452917  -0.25962165
  0.37787333  0.28959337  0.08578166  1.151275    0.316015   -0.22570832
 -2.0515268   0.674105   -1.28389     1.5713049   2.548305    0.05621001
 -0.12767334  0.65299004  0.70561504 -0.5483317   0.8250517  -0.74636334
  0.596145    0.43325832  2.6321933  -0.5068433  -0.40337    -0.25057667
 -0.54587334  0.32672   ]