[[-0.41489031  0.57786416 -0.57386207  0.81813851  0.49385779 -0.54593112
   0.62333047 -0.07964927 -1.05125977  0.85326091  0.42094394  1.93756786
  -0.63005712 -2.55037328  0.04613766 -0.32498776 -0.97270683 -0.41238974
  -1.23519734  1.53404308  0.29593653  1.93131177 -0.8250168  -0.03880073
  -0.99682971 -0.49280557  0.58063243  2.01328121 -0.23279679 -0.485784
   0.53403899 -1.1168708  -1.09131045  0.14101805  2.12810304  0.97479586
  -0.73153711 -0.6070609  -1.69933556  0.35714061 -1.61365918 -0.81087771
   0.79109142 -0.48473194  0.98541638  0.87233956 -1.18672683 -0.88917921
  -0.29552754  0.74475563  0.45166233  0.73482758 -0.48261143  1.52475194
  -0.54820543  1.52915009  0.0861701   1.08769971  0.3169555   0.92713064
  -0.62001563  1.91063571  0.22682099 -1.15562873  0.58534005  0.03147347
   0.30354194  0.55279504  1.05430966  0.71160661  1.21996442 -0.38734714
   0.73520938  1.01848503 -1.36995922  0.79676393  0.64320884  0.77435095
  -0.93842426 -0.68090916 -0.06024219 -0.69734234  0.09400081 -1.61627335
   0.10896124  2.271302   -1.45571939  0.4724939   0.04452396  0.8288509
   0.57102464  0.80541097  0.65984765  0.18888704 -0.14315948 -0.23141241
  -0.50859709 -0.13358562 -0.21188609  0.49043074  0.8622502  -1.58859646
   1.80001212  1.26632354  1.12626905  0.66978684 -0.89482877  0.23133129
  -1.02459247  0.88718027 -0.35008367 -1.00981856 -1.22768895  0.41768552
   0.69811944 -2.08446616  0.46922081  0.48864061  0.06407245 -0.07386947
   0.76827621 -1.60274937  1.12531883  1.43215683 -0.95361002 -1.53822072
  -1.02900797 -0.85971399  0.56994092 -0.94198165  0.37715395 -1.1748833
  -0.97736315  0.26382305 -0.51968756  0.06751998 -1.37391614  1.36740982
   1.39599869  0.34879236  0.58170442  1.77728612  0.96892907 -1.70290638
   0.94711113 -0.58011358  0.23620381 -1.13821006  1.40062962  0.07529621
  -0.7590108  -1.61871954  1.43102687  0.75240984  0.37719703  0.10282623
   1.28519575  1.45833934  1.6857194  -0.45328413  1.99896333 -1.34119092
  -0.39937632 -0.81769259  0.212145   -0.02496072  0.2692058   2.59176542
  -0.70419605  0.70085391  0.57072092  0.22801837 -1.0322911  -1.46495056
   0.04685886  0.16166457 -0.50302707  1.364706    1.95377795 -0.40618865
  -2.01026075  1.78536899 -1.42314859  1.29655573  1.85304574  0.30439858
  -0.07901649  0.95681888  0.26340052 -0.03726307  0.95997882  0.02935715
   1.16143244  0.60504971  1.45125114 -0.08090051  0.49545665  0.80393692
  -0.2642847   0.26236211]]