[-0.07148511  0.05412714 -0.06188846  0.09018861  0.10941026  0.01219518
  0.04779888  0.03902622 -0.13408105  0.01434434  0.08973999  0.20054439
 -0.06771693 -0.1669752   0.03904713 -0.0711772  -0.0994898   0.02368384
 -0.13385502  0.11912126  0.01710203  0.24959889 -0.06746414 -0.05914349
 -0.03549399 -0.07344706  0.01224251  0.2163509   0.03972602 -0.10669672
  0.05402587 -0.02205819 -0.03071336 -0.01905776  0.23353428  0.11850413
 -0.12817232  0.05607111 -0.05038476 -0.00099916 -0.21844657 -0.0330379
  0.19308698 -0.10635076  0.18101163  0.13222064 -0.04513622 -0.08491755
 -0.01764874  0.06403252  0.11484035  0.02797385  0.06485035 -0.01031804
 -0.04123986  0.13877629 -0.0637021   0.03718077  0.10312887  0.19943792
 -0.0300165   0.05684517  0.09508867 -0.14607574  0.13582602  0.06678308
  0.07593245  0.10312727  0.0750807   0.01969419  0.09183469 -0.18010363
 -0.04043679  0.20788635 -0.13165875  0.10562091  0.13549708  0.04675364
 -0.09695958 -0.05821951  0.01823959 -0.11242566 -0.07061259 -0.16067113
  0.00111377  0.16601567 -0.10237106  0.05972986  0.06172994  0.04268553
  0.13029279 -0.07490727  0.10111923  0.06989699  0.00904986 -0.04996091
 -0.11664168 -0.07040273  0.00296888 -0.02164482  0.0555549  -0.08702853
  0.20121217  0.09465761  0.04544524  0.01938119 -0.02995182 -0.01714825
 -0.23129617  0.19595148  0.16451952 -0.04452867 -0.04537028  0.1081709
  0.10253853 -0.18930951  0.03916476 -0.0260449  -0.01418735 -0.07713279
  0.10587651 -0.16924833  0.07602195  0.18066412 -0.04739063 -0.10562658
 -0.15533589  0.02160594  0.02652321 -0.10817084  0.04147783 -0.04285692
 -0.10255798  0.03454909 -0.05355818 -0.03981301 -0.01363308  0.07950643
  0.14213327  0.02212042 -0.01003546  0.19657923  0.08042063 -0.16561553
  0.13079609 -0.10057888  0.09294041 -0.14701062  0.05086273  0.01358636
 -0.00945308 -0.07557413  0.06194035  0.01735783 -0.02432182  0.02873265
  0.06394476  0.15730007 -0.01781224 -0.05220587  0.15937147 -0.189567
 -0.1286842  -0.01168301 -0.05946847  0.02938056  0.03306678  0.28002515
 -0.09799126  0.03917112  0.04816098  0.05508846 -0.08433391 -0.13523063
 -0.02513497 -0.01873685 -0.08795419  0.03840658  0.11821567 -0.01242091
 -0.16204567  0.1446333  -0.03272979  0.18450071  0.19373742 -0.00362741
 -0.06942839  0.03294231  0.07085127  0.10449511  0.16761036 -0.02121336
  0.13239287  0.1285049   0.19534558 -0.05333532  0.0665707   0.03910251
 -0.08214979 -0.03044832]