[[-0.22462778  0.70129541 -0.27530606  0.53625467  0.86186319 -0.11037475
   0.57936024  0.12151107 -1.34237427  0.09522172  0.27051065  1.21393819
  -0.53418517 -1.67174754  0.15198926 -0.1042764  -0.7088286  -0.09052599
  -1.14352131  0.84296796  0.06775656  1.72360434 -0.85621927  0.12240049
  -0.29028902 -0.59693598  0.89194476  1.99027016 -0.33225771 -0.57420943
   0.52673475 -0.88534999 -0.66244787  0.02434927  1.66691076  0.83982425
  -0.76937368 -0.01060803 -1.31105379 -0.15415164 -1.19842189 -0.34137082
   1.19418949 -0.1221791   0.62519319  0.60159238 -0.77271901 -0.43431385
   0.28136804  0.57716483  0.56876353  0.13817024 -0.28079025  0.93015762
  -0.61325991  1.06187393 -0.40442107  0.79911115  0.64875073  1.32043942
  -0.46615934  0.923165    0.57177771 -0.65492107  0.70713228 -0.09341238
   0.32672852  0.61197854  0.5813164   0.02423737  0.90303491 -0.83205615
   0.62085918  0.9903591  -1.10066467  0.38884975  1.00748197 -0.32596254
  -1.16167148 -0.56745516 -0.12974934 -0.67185262  0.10249615 -0.87292181
   0.22560385  1.84714844 -1.02422066  0.71823639  0.2758614   0.52554508
   0.74320155  0.41421656  0.43182957 -0.11751205  0.11385648 -0.21491573
  -0.6034523  -0.16642336 -0.19507024  0.41340089  0.6850464  -1.39934122
   1.47040989  0.57408942  0.97301452  0.54794164 -0.59530057  0.45011672
  -0.96765909  0.97130188 -0.06859836 -0.57052368 -1.20344245  0.87389182
   0.55893287 -1.49773951  0.58684361  0.21313532  0.22076746 -0.191045
   0.81423885 -1.36887378  0.94102564  0.73925869 -0.82606778 -1.68927835
  -1.06267098 -0.09578861  0.06586992 -0.77281254  0.50840935 -0.79529377
  -0.30785533  0.22451877 -0.49875074  0.31965525 -0.80357672  0.86124229
   1.21601214  0.08803286  0.12269566  0.99305459  0.52660761 -1.35606419
   0.91264328 -0.22802246  0.06989426 -1.37926451  1.2529018   0.34672705
  -0.33792205 -0.87851917  0.87872057  0.47987155  0.02761196  0.01257353
   1.06262672  1.43200959  0.96076    -0.35296336  1.68870131 -1.00303909
  -0.61288836 -0.33512081 -0.04302631 -0.07059106  0.29863573  2.05838508
  -0.5805327   0.63572312  0.31372311  0.71662623 -0.88926271 -0.73233901
   0.29798246  0.10377173 -0.44610836  0.6770046   1.06069171 -0.15648623
  -1.68005746  1.47500041 -0.88235026  1.2227254   1.91374171  0.03405533
  -0.27821483  0.82270246  0.20109836 -0.30840149  0.74135697 -0.22946582
   1.0522195   0.22285402  1.08645853 -0.22155015  0.41312491  0.41448787
  -0.80648278  0.26846672]]