[[-0.1720829   0.5088397  -0.0814033   0.18958635  0.87215817  0.07386747
   0.50546606 -0.11904152 -0.8378105   0.5425964   0.32923514  1.42448704
  -0.72431609 -1.89495345 -0.03145405 -0.21106628 -0.5014871  -0.65184856
  -1.16700323  1.04519084 -0.22199123  1.37471782 -0.50055346 -0.14215366
  -0.24846502 -0.78352659  0.72264192  1.35721187 -0.36770227 -0.59912507
   0.70465976 -0.59931112 -0.64279339 -0.15559305  2.06002624  1.22772247
  -0.78542032  0.04362725 -0.98257695 -0.02588929 -1.81753615 -0.82871412
   1.15526416 -0.1306373   0.62169846  0.8566004  -0.56440781 -0.60617877
   0.04466962  0.79538713  0.34070214  0.27726167  0.01424304  0.76027419
  -0.32316385  0.66784984 -0.4880917   0.61798968  0.41096547  0.84084684
  -0.29796969  0.97582576  0.19655719 -0.64664825  0.34272705  0.33024629
   0.10548358  0.35471287  0.41588862  0.14275786  1.29855463 -0.47258105
   0.60370677  0.87940337 -0.92781404  0.70996743  1.06867795  0.24482375
  -0.88495629 -0.08035405  0.48932923 -0.62640692 -0.01736803 -1.07730658
   0.48673345  1.45103504 -0.64053407  0.65901676  0.61863561  0.46207067
   0.6041883   0.28929735  0.63237859 -0.04964672 -0.01465328 -0.79419157
  -0.67347315 -0.682953   -0.15335909  0.32161909  0.77132083 -1.52980851
   1.40757652  0.55852787  0.28614175  0.53020269  0.07037589  0.16857763
  -0.72586257  0.71242203  0.02943817 -1.28943497 -1.03067375  0.41741411
  -0.01380934 -1.14370702  0.30861899  0.10243869  0.08356032  0.1987723
   0.90662626 -0.97372949  1.37967418  1.15753819 -0.96568846 -0.91382477
  -0.46408546 -0.51593951  0.02246726 -0.77084854  0.43178269 -1.05032449
  -0.58122895  0.64618066 -0.06045425  0.5807106  -0.54670383  0.55547851
   0.52759525  0.19260648  0.28194733  1.16089863  0.50393378 -0.5810264
   0.59779617 -0.72573025  0.14981848 -1.46173592  0.87442335 -0.00785491
  -0.31572421 -0.74509982  0.66439828  0.76363515 -0.10345548  0.09522149
   0.88037915  1.26340792  0.80098773 -0.08457581  1.601596   -1.24300142
  -0.31246685 -0.70704961 -0.15868679 -0.10826617 -0.23327961  2.39716564
  -0.65193277  0.37439088  0.66314167  1.09643119 -0.2798042  -0.55273742
  -0.08913336 -0.06542779 -0.28386841  0.59026148  0.77596343 -0.05748229
  -1.66281816  0.92386801 -0.46538216  1.3282843   2.0501888   0.43111635
   0.0130423   0.6209881   0.09210451 -0.28414733  0.90376578  0.09095001
   1.08100122  0.79372579  0.52005157 -0.01002565  0.39055266  0.7638213
  -0.2354838  -0.00411763]]