[[-0.34481582 -0.19579248  0.07288744  0.67438814  0.83820643  0.05490162
   0.61536472  0.25696263 -1.17801807  0.32579474  0.57390937  1.651643
  -0.84071371 -1.83591054  0.44894892  0.34544294 -1.06558404  0.02182589
  -1.22765682  1.55988131 -0.22154853  1.57875565 -0.69629923  0.19813845
  -0.58139209 -0.2766376   0.68505916  1.36427908 -0.32930077 -0.65834426
   0.72416241 -0.22036077 -0.33488604  0.15350069  2.22156972  0.91858628
  -1.0835769   0.26803938 -0.52823178  0.03994488 -1.96681519 -0.3274342
   1.2059034  -0.65604675  1.11694039  0.85779667 -0.40540659 -0.36251768
  -0.29242333  1.16878364  0.12411326  0.26966719  0.22775891  1.37282279
  -0.12924008  1.32710629 -0.15555727  0.36617356  0.69032652  1.2408576
  -0.07170349  0.68304558  0.46155945 -0.95870419  0.24021714  0.44660573
   0.25222364  0.590069    0.37980241 -0.05605922  0.73416681 -1.12959542
   0.87600239  0.91877333 -1.21988148  0.99360596  0.97366535  0.24711899
  -1.0411945  -1.16263109  0.07070186 -1.03102851 -0.38253077 -0.76054357
   0.03594953  1.3458424  -0.68272635  0.65678435  0.59989466  0.75075403
   0.89334606  0.57739232  0.14019233  0.2050638   0.36735945 -0.05663745
  -0.33839977 -0.87631722  0.0164679   0.43399108  1.02686691 -1.30809426
   1.59543347  0.79060993  0.6321786   0.69189504 -0.343159    0.40368876
  -1.42475868  0.89699681  0.69131549 -0.72315094 -0.37949837  0.04481109
   0.2850928  -1.2714569   0.06222907  0.24348945  0.41324473  0.20455729
   1.49473557 -1.1670859   1.35565186  1.03781117 -0.39948767 -1.61487613
  -0.63712567 -0.29419597 -0.21736813 -1.51730178  0.21029403 -0.61671961
  -0.47998621 -0.0946003  -0.27095836  0.45855117 -0.92670472  0.5723855
   1.01089433 -0.54220093  0.60317178  0.96444667  0.74189906 -1.22507628
   0.54607992 -0.91623148  0.85666419 -1.40735589  0.94827139  0.12839303
  -0.45798496 -1.14912984  0.64229985  0.19406775 -0.17947109  0.74453551
   0.78648155  1.16785434  1.47917705 -0.48764659  2.15662513 -1.80671302
  -0.66997318 -0.37917984  0.12569806  0.09819597 -0.10282487  1.94049549
  -0.71115008 -0.19145511  0.40852047  1.64127016 -0.78161759 -0.751048
   0.01763573  0.03235202 -0.00643822  0.81087365  0.28981784 -0.10153381
  -2.02338326  1.50471249 -0.73451852  1.54788272  2.52920545  0.53340187
  -0.56153458  0.57519278  0.16060489 -0.07962767  1.07880179  0.03218372
   1.00059474  1.1997241   0.90897442  0.0245814   0.44939241  0.10167844
  -0.27800226  0.43416317]]