[-0.32976693  0.40157834 -0.049879    0.486869    0.945766    0.03903288
  0.41265827  0.18662176 -0.738166    0.0638615   0.31913036  0.7393661
 -0.36632413 -1.0079191   0.22098586  0.03008675 -0.49800467 -0.2414285
 -0.78972137  0.5716878   0.2257076   0.84069663 -0.46311837 -0.03352111
 -0.2467489  -0.49493438  0.46781597  0.99700105 -0.21043047 -0.3240314
  0.32295036 -0.32439128 -0.21538886  0.03289188  1.264019    0.8467504
 -0.7133189   0.12849274 -0.8510448  -0.047837   -1.2482033  -0.4550851
  0.8713561  -0.18583538  0.5437654   0.57060397 -0.50411564 -0.21272762
  0.1638385   0.6080049   0.36288208 -0.02388474  0.10307963  0.6590654
 -0.31559414  0.7600866  -0.3613597   0.21610963  0.5097655   0.6849025
 -0.1413239   0.46556598  0.20278299 -0.5550964   0.35856038  0.1669529
  0.27252838  0.51110226  0.350846   -0.21878251  0.76458085 -0.5645344
  0.39023897  0.6009151  -0.70562315  0.47254333  0.7236796   0.33690602
 -0.4849321  -0.02710225  0.0568056  -0.31795165 -0.14150698 -0.51536024
  0.3989984   0.9745861  -0.35356754  0.37823352  0.3309408   0.6024147
  0.5843637   0.22851415  0.49052376 -0.10745213  0.13511963 -0.20198688
 -0.3542115  -0.14949486 -0.13264737  0.61005896  0.44686598 -0.8412119
  1.1797997   0.308168    0.1502765   0.34486374 -0.32694635 -0.21323626
 -0.6096672   1.0180416   0.39439422 -0.6991292  -0.76255554  0.7254151
  0.36121798 -0.9189108   0.3826019   0.45463642  0.12155686  0.23564236
  0.84796697 -0.78533137  0.8535247   0.79090047 -0.17393236 -1.0216769
 -0.47654185 -0.23776798 -0.1242103  -0.5658529   0.25711545 -0.62700415
 -0.31569788  0.03933299 -0.32130173 -0.08717288 -0.3058301   0.45632428
  0.5929116  -0.08395674  0.0079425   0.5711853   0.36765024 -0.93738574
  0.6225096  -0.48059416  0.28272337 -0.76886094  0.8002294   0.02104025
 -0.21777372 -0.20310673  0.1922327   0.5073103  -0.38732034 -0.19955523
  0.8102595   0.8735932   0.47599107 -0.31489602  0.964337   -0.8416065
 -0.262314   -0.40221024 -0.19124436  0.08810123  0.17375198  1.3233242
 -0.62688196  0.65857893  0.37801188  0.64776236 -0.5933367  -0.32764238
  0.03628099 -0.26859146 -0.18440661  0.37387615  0.4962062  -0.04752999
 -1.0694778   0.5053755  -0.10093924  0.8948674   1.4461945   0.19760463
 -0.38905138  0.36486953  0.0864765  -0.31773323  0.78297824 -0.11161401
  0.7888342   0.48764294  0.9430577  -0.09015625  0.23178637  0.25175002
 -0.42469263 -0.14059277]