[[-0.34948762  0.11930119 -0.10859187  0.64677082  0.79200283  0.03800149
   0.51530283  0.19853873 -1.20372981  0.49614591  0.84366     1.58268162
  -0.58778835 -1.62777104  0.47199433  0.04954581 -0.64791074  0.09731559
  -1.2334323   1.35591688 -0.01642381  1.82376852 -0.81603545  0.06880478
  -0.51162045 -0.46414844  0.82673201  1.40440627 -0.14768821 -0.70281732
   0.71241448 -0.40475762 -0.2972512   0.02386499  2.07361703  1.24091776
  -1.00550506  0.27385411 -0.70044075  0.23563687 -1.81952322 -0.36508456
   1.19465887 -0.28374634  0.88786559  0.91401113 -0.47250694 -0.35817134
   0.07274187  0.78454829  0.22698581  0.24003761  0.22569208  1.1466671
  -0.51859799  1.2813912  -0.24953611  0.19327658  0.72841634  1.34110985
  -0.11483477  0.51772082  0.6496206  -0.87745568  0.28443247  0.4970494
   0.35425859  0.60458625  0.3363106  -0.26573045  0.80158761 -0.91897702
   0.47400537  1.02249426 -1.26313471  0.79170564  0.75640321  0.38478202
  -1.01592343 -0.68571605 -0.10432201 -0.88549573 -0.57163299 -0.86729163
   0.17654619  1.4150288  -0.62015724  0.6094588   0.69784232  0.376888
   0.47533501  0.04509335  0.33164283  0.19965111  0.15241262 -0.15405283
  -0.53593889 -0.74722453 -0.06485925  0.3337656   0.73762784 -1.07958819
   1.47204404  0.76536478  0.45026597  0.62723589 -0.27286582  0.17274701
  -1.29416096  1.35487805  0.49631813 -0.83931173 -0.61834561  0.52512955
   0.30083277 -1.59215717  0.31072649  0.43615604  0.40274074  0.28209717
   1.18121076 -1.17881567  1.12772657  1.17735411 -0.51368536 -1.29045231
  -0.87060686 -0.21473701 -0.17100873 -1.13462559  0.30702761 -0.74747163
  -0.29790142  0.20753724 -0.2915338   0.05375984 -0.76693643  0.47954047
   1.25038693 -0.204385    0.15039321  1.07430859  0.69574643 -1.21430547
   0.81215776 -0.54039606  0.51764583 -1.312697    0.72565746  0.10334858
  -0.22525993 -0.71490762  0.48223306  0.31458038  0.02116761  0.44814679
   0.73676649  1.0666035   1.15413879 -0.43198014  1.77391009 -1.43219037
  -0.57547546 -0.42607127 -0.13112329  0.11458119  0.1021647   1.8135441
  -0.72324455  0.34657761  0.39948693  1.25288678 -0.58224581 -0.67435671
  -0.09635858 -0.23272172 -0.25986335  0.75574991  0.70780417 -0.00489129
  -1.88555198  1.5004377  -0.69623478  1.42758024  2.09759266  0.54127462
  -0.49181544  0.39694435  0.13444784 -0.11015769  0.85591761  0.04990186
   1.00847552  0.93395657  0.7773559   0.15415985  0.38493612  0.07767209
  -0.32469558  0.0915003 ]]