[[-0.2766591   0.46396569 -0.15811594  0.43505009  0.92414907 -0.05506785
   0.74818308 -0.01143824 -1.15474983  0.80244445  0.28551986  1.46209609
  -0.94559025 -2.45027387 -0.19617947 -0.5640828  -0.48226328 -0.44772052
  -1.14252822  1.44171129 -0.59008334  1.99966235 -0.55230121 -0.1038705
  -0.44034508 -0.56567133  1.00764026  1.53827999 -0.37386458 -0.49493934
   0.57666799 -0.72898206 -0.77861479  0.14739847  1.96487966  1.72703553
  -0.66971598  0.36731973 -0.83401718 -0.02159025 -1.88253891 -0.47653975
   1.39039441  0.09300635  0.9330491   1.21568526 -1.36680887 -0.43570012
  -0.21753329  0.82532354 -0.07117076  1.05408267  0.07691355  1.67234338
  -0.66236783  1.29903371 -0.26612255  1.18449486  0.28776005  1.22093776
  -0.7800871   1.30944095 -0.1094609  -1.03496483  0.29746912  0.54400719
   0.5106072   0.2786768   0.8728056   0.47971887  1.21897337 -0.68993912
   0.71093049  1.25475175 -0.9907771   0.52617829  1.03775746  0.37261938
  -0.91679366 -0.09699609  0.33020355 -0.81606263 -0.1955252  -1.30347509
   0.31923912  1.89237741 -1.09558903  0.84445296  0.67986319  0.72055327
   0.31242253  0.50793342  0.67736623 -0.07401531  0.1775562  -0.61949392
  -0.47001451 -0.43353379  0.15216419  0.59456684  0.8287178  -0.96067132
   1.7261221   1.03727844  0.59032054  0.72998509 -0.39254898  0.1651671
  -0.69844739  0.45681729 -0.25760976 -0.91420632 -0.9580743   0.61615499
   0.1727412  -1.39022489  0.42979557 -0.12748214  0.1852986   0.54414101
   1.40249324 -1.01392192  1.60729307  1.55990836 -1.56869417 -1.09181321
  -0.51928693 -0.2993132   0.17651357 -0.89679511  0.5597151  -0.9856711
  -1.26490962  0.29749723 -0.35666024  0.66973496 -0.93871027  1.06366253
   1.17761239  0.47674126  0.22733316  1.36622247  0.9354208  -0.76981811
   0.42481976 -0.42976382  0.39463203 -1.42554997  0.56341555 -0.16958177
  -0.36206342 -1.08674076  1.18346552  0.79902621 -0.01494772  0.33595344
   0.78600048  1.10758154  1.23297469 -0.3751746   2.07846999 -1.77470746
  -0.68273328 -0.8438109  -0.25124772 -0.03123217 -0.10414268  3.09451233
  -0.59435402  0.51434221  0.77249694  1.24524351 -0.42979059 -1.08077731
   0.06229174 -0.40720535 -0.66934267  0.7636163   0.90033635  0.01074772
  -2.54576536  1.3116751  -0.5396486   1.26675152  2.33567972  0.36556458
   0.29996519  0.93670746  0.14715999 -0.35267391  1.35282988  0.08211431
   1.33389498  1.2738337   0.58583269  0.18170951  0.2573896   0.82633059
  -0.37998495  0.04770048]]