[[ 0.23504467  0.21513695 -0.06150828  0.36903841  1.48813196  0.26293449
   0.67110213 -0.10630695 -0.96396673  0.39841172  0.81715814  1.38286292
  -1.17786473 -2.75879336 -0.03797134 -1.04897636 -0.84306612 -0.80205339
  -1.78791005  0.9595444  -1.12354332  1.99084866 -0.75419961 -0.35969512
  -0.1986896  -1.23248496  1.17106321  1.72084668 -0.13530146 -0.64891013
   0.9603508  -0.35542439 -1.12675637 -0.08814239  2.62339445  1.42269245
  -0.96130365  0.00571867 -0.80114068 -0.0529548  -2.02726754 -0.85828254
   1.0940301  -0.17176531  0.94719749  1.67415032 -0.36393389 -1.20592718
  -0.32427332  0.96912265  0.62342653  0.32338439 -0.16068721  0.96265158
  -0.64254106  0.79954801 -0.57566931  0.86069616 -0.03471332  0.6550196
  -0.34999694  1.46816831 -0.35390615 -0.9231048   0.33620066  0.61377623
   0.34413788  0.52456439  0.55750505 -0.49636468  1.34521136 -0.39709196
   1.06565657  1.3774779  -1.55123724  0.75320198  2.05482401  0.40232987
  -1.36883854  0.11437321  0.74578775 -1.12358809 -0.24710346 -0.37548105
   0.53401731  2.44893875 -0.84095234  1.28455842  1.49287299  0.4448892
   0.15346523  0.44171665  1.04183902 -0.4090984   0.18386865 -0.6047172
  -0.8424663  -1.1481539  -0.09471639 -0.03901999  1.12074852 -1.69508992
   2.21233421  1.26076248  0.81607335  1.18626655  0.56977027  0.54687986
  -0.67205452  0.32744783  0.49498023 -1.8833629  -0.6083748   0.54067293
  -0.21967026 -1.25631494 -0.27311427 -0.17219226  0.98995061  0.65234508
   1.77837016 -1.40741878  1.85381106  1.3807805  -1.44365175 -1.30776552
  -0.95416005 -0.1075772  -0.24117161 -1.24376538  0.24861441 -1.41925749
  -0.99653239  1.06282679  0.34956399  0.95218159 -0.32692719  1.23914173
   0.43032827  0.54072318  0.9310349   1.43386334  0.69085851 -0.48480894
   0.74194069 -0.91327336  0.55256345 -2.10122893  1.27939255  0.01865547
  -0.61529038 -1.03313482  0.67582903  1.19264718  0.11883068 -0.1382104
   0.94645748  1.72802884  1.59124635 -0.16952067  2.60392429 -1.58207686
  -1.03135396 -1.1126061   0.12425414 -0.10585495 -0.2494612   2.73154732
  -0.94923678  0.18331521  0.82745946  1.65819676 -0.2065397  -1.03141041
  -0.11385307 -0.3842669  -0.0588448   0.7335671   0.51009255 -0.17094132
  -2.58696192  1.44533338 -0.60912027  1.67176307  2.85202004  0.9304547
  -0.05292869  0.57999357 -0.14104495  0.06717734  1.68181618 -0.07202346
   1.29412396  1.6559546   0.59427572  0.0603396   0.2543756   1.14445812
  -0.68490587  0.22163573]]