[[-2.27872800e-01  3.85421593e-01  7.16106909e-02  6.16995690e-01
   1.32992232e+00  1.44986677e-01  4.70226326e-01  3.39389835e-02
  -1.56777406e+00  3.29049184e-01  5.50788082e-01  1.64675418e+00
  -1.11673668e+00 -2.40967598e+00 -3.10727579e-01 -1.18897788e-02
  -1.07371837e+00 -2.21630810e-01 -1.72237664e+00  1.19614619e+00
  -3.12348287e-01  2.13023684e+00 -4.18733043e-01 -2.47790640e-01
   1.61428490e-01 -7.28483714e-01  1.09198846e+00  1.71321070e+00
  -7.76978221e-02 -8.06292822e-01  8.37236668e-01 -5.38132047e-01
  -3.97937940e-01 -5.75951646e-02  2.56579266e+00  1.48904471e+00
  -1.06576459e+00  2.92608499e-01 -1.22745952e+00 -6.90870264e-02
  -1.82105750e+00 -7.48104449e-01  1.16120789e+00 -3.87500263e-01
   1.15722341e+00  1.03710399e+00 -4.42022344e-01 -5.60280883e-01
  -1.30743260e-01  1.01614729e+00  6.05964083e-01  1.31513585e-01
  -1.50328014e-01  1.16762013e+00 -5.48768898e-01  1.41183392e+00
  -7.28962785e-01  6.27594706e-01  4.99506411e-01  1.33451381e+00
  -1.69891251e-01  1.40251327e+00  1.00086475e-04 -5.28323121e-01
   3.45323160e-01  3.94272211e-01  5.12187266e-01  6.05278934e-01
   1.89238278e-01 -5.66695000e-01  1.60004805e+00 -8.62921206e-01
   1.52977812e+00  1.42955873e+00 -1.16087901e+00  6.74366283e-01
   1.62036411e+00  6.69049595e-01 -9.74311302e-01 -3.54652411e-01
   2.43102535e-01 -9.40192410e-01 -1.35301707e-01 -8.05876190e-01
   5.68896885e-01  1.47505910e+00 -7.90314744e-01  1.36153874e+00
   9.93278759e-01  7.02520439e-01  6.55645538e-01  7.08876658e-01
   8.81381995e-01  1.39860809e-01  2.76158777e-01 -5.67278323e-01
  -6.12004907e-01 -6.98964891e-01  1.52658851e-01  2.64097001e-01
   9.55608770e-01 -1.32521868e+00  2.02149971e+00  9.25556615e-01
   3.89239285e-01  1.06958520e+00 -1.07180924e-01  4.67960813e-01
  -1.15715058e+00  9.92794542e-01  5.86203551e-01 -1.41968447e+00
  -4.89470718e-01  8.67316685e-01  1.21832493e-01 -1.73142651e+00
   2.73853668e-01  4.13304322e-01  5.36863337e-01  6.09088417e-01
   1.34232763e+00 -1.16535328e+00  2.04512089e+00  1.27309245e+00
  -6.55952406e-01 -1.70350177e+00 -1.01084840e+00 -1.03321035e-01
  -2.87571009e-01 -1.14721584e+00  6.76577492e-01 -1.06026594e+00
  -1.00599627e+00  4.73101664e-01 -3.95586674e-01  5.11294106e-01
  -5.78149727e-01  1.04854116e+00  8.33151277e-01  1.45121388e-01
   2.90728202e-01  1.27541159e+00  5.26774941e-01 -8.82625690e-01
   9.81104746e-01 -6.23907165e-01  3.63052436e-01 -1.57206920e+00
   1.40916395e+00  3.30272950e-01 -4.74124362e-01 -6.15749894e-01
   6.27703116e-01  9.04991967e-01 -2.22755863e-01 -7.18792910e-02
   1.15746846e+00  1.67979851e+00  1.40139484e+00 -4.91275085e-01
   2.20713219e+00 -1.75059093e+00 -5.45065625e-01 -7.88086143e-01
   6.48576004e-02  6.22042919e-01  6.15100342e-01  2.69969635e+00
  -9.77920823e-01  2.53044472e-01  6.50759164e-01  1.63084150e+00
  -1.63980190e-01 -1.10150244e+00  2.47255183e-02 -6.48961799e-01
   1.29765539e-02  7.11100034e-01  5.53506213e-01  2.78211478e-01
  -2.31128417e+00  1.35979550e+00 -7.91473627e-01  1.60951481e+00
   2.91979488e+00  5.50117477e-01 -5.35652305e-01  5.27205304e-01
  -7.26112720e-02 -1.21661148e-01  1.35544019e+00  2.07184154e-01
   1.10953154e+00  1.34722045e+00  1.04520790e+00 -3.27366904e-01
   4.84177994e-01  4.09430354e-01 -6.00118015e-01 -2.43130073e-01]]