[[-5.63498207e-01  3.34088542e-01  1.68985379e-02  6.51170426e-01
   1.20741221e+00 -9.36885225e-02  7.98258893e-01  8.69746582e-02
  -1.19963272e+00  9.01185246e-02  3.61554293e-01  1.45404393e+00
  -9.90326607e-01 -1.97139158e+00  2.80244040e-02 -4.87744118e-01
  -6.32474518e-01 -3.25744695e-01 -1.46630939e+00  1.03098892e+00
  -6.46154522e-01  1.89390524e+00 -5.25537771e-01 -1.88809740e-01
  -6.98677901e-01 -8.30150971e-01  7.84513336e-01  1.54384293e+00
  -3.91717430e-02 -6.43408758e-01  7.44922033e-01 -6.67874925e-01
  -6.54142752e-01  3.49473187e-01  2.38622157e+00  1.59376213e+00
  -1.18879084e+00  3.50006007e-01 -1.23376416e+00 -1.49813082e-01
  -2.17788046e+00 -8.91780194e-01  1.11194245e+00 -2.21103758e-01
   8.42043846e-01  1.41584567e+00 -8.99582563e-01 -4.92695086e-01
  -1.74380414e-01  7.66483549e-01  6.22869719e-01  5.04620242e-01
   2.21490392e-01  1.23849386e+00 -4.77803772e-01  9.93062018e-01
  -4.94589074e-01  8.65725218e-01  6.34050474e-01  1.18992564e+00
  -5.29442776e-01  9.35751687e-01  1.35505316e-01 -1.00734262e+00
   4.02145860e-01  6.54348228e-01  5.23197071e-01  6.51253757e-01
   7.94834250e-01 -1.91749080e-01  1.23238902e+00 -7.90944891e-01
   5.88915189e-01  1.18227426e+00 -1.41868551e+00  7.58226508e-01
   9.13579832e-01  6.70617115e-01 -9.42665688e-01 -4.25776058e-01
   1.14305321e-01 -6.77508016e-01 -4.01938535e-01 -1.13187975e+00
   3.02087172e-01  1.66429834e+00 -8.22462269e-01  1.07715014e+00
   9.18359298e-01  7.88257175e-01  7.46582879e-01  2.83497738e-01
   9.76711541e-01  2.28036923e-01  3.69187843e-01 -3.78431407e-01
  -8.96336645e-01 -3.25426819e-01 -8.30780105e-02  5.22901190e-01
   1.11830604e+00 -1.40585458e+00  2.17632951e+00  8.89946736e-01
   6.12281944e-01  7.06274950e-01 -6.15467032e-03  1.21169223e-02
  -1.27752538e+00  1.18425356e+00  1.39600018e-02 -1.40747370e+00
  -1.23540546e+00  6.83524935e-01  3.37130430e-01 -1.69856705e+00
   3.73297986e-01 -2.33999780e-02  3.85481584e-01  3.58086672e-01
   1.20692413e+00 -8.61957723e-01  1.29798689e+00  1.49062277e+00
  -1.27998592e+00 -1.19280808e+00 -5.22074944e-01 -5.97497749e-01
  -1.19513841e-01 -8.62780475e-01  4.20075862e-01 -9.61852362e-01
  -5.13637306e-01  6.15690551e-01 -1.13962934e-01  3.21522536e-01
  -6.43180512e-01  9.32003669e-01  1.02211608e+00  2.49376285e-01
   3.07971189e-01  1.28032338e+00  4.07715492e-01 -5.18236093e-01
   7.56376257e-01 -3.12218904e-01  6.38444365e-01 -1.36887750e+00
   1.07312310e+00 -6.22675866e-04 -3.58419333e-01 -7.59435287e-01
   6.43855417e-01  6.73048432e-01  2.63418562e-02 -5.01642595e-02
   8.72924466e-01  1.48039894e+00  8.65313043e-01 -3.73978702e-01
   2.08609271e+00 -1.58619701e+00 -5.46396118e-01 -7.02818460e-01
  -2.10851347e-01  2.27052133e-01 -1.15881026e-03  2.71128386e+00
  -5.70837549e-01  8.67560195e-01  7.04959817e-01  1.41290449e+00
  -6.75242923e-01 -9.58318051e-01 -2.38158941e-01 -5.25505598e-01
  -1.22576511e-01  6.48153113e-01  7.38107975e-01 -5.00813146e-03
  -2.15545627e+00  1.22295976e+00 -5.24438067e-01  1.58584753e+00
   2.13568269e+00  5.07168007e-01 -1.99450393e-01  6.46921204e-01
   1.47050403e-01 -3.67551722e-01  1.21818294e+00  4.79622775e-02
   1.50929902e+00  1.39694247e+00  9.25331180e-01  1.07414544e-02
   4.05912394e-01  1.06312682e+00 -2.89011759e-01 -4.00896061e-02]]