[-0.23555137  0.14999656 -0.191315    0.46784583  1.5277278   0.2563194
  0.99121326  0.882114   -1.2617986   0.43995765  0.6383597   1.7058809
 -0.94639385 -2.1041634   0.37339565  0.21020602 -0.2849821  -0.13286537
 -1.1862797   1.2397201  -0.35772607  2.2095773  -0.91380936 -0.4219987
 -0.6801727  -0.24095312  1.2069424   1.8004936  -0.34820294 -0.5312087
  0.5809244  -0.8043214  -0.2767757   0.22160964  2.0232081   1.4685104
 -0.84676707  0.12264378 -0.90679365 -0.4637896  -2.2894957  -0.7680762
  1.5111744  -0.6470669   0.91577554  1.2405899  -0.8735521  -0.27370936
  0.39584783  1.0248253   0.6975985   0.23029247  0.4757581   1.3146346
 -0.4020274   0.8105723  -1.2873687   0.5760938   0.6300185   1.1924843
  0.0147562   0.8348542   0.36062977 -0.94446445  0.32183963  0.5949652
  0.6823387   0.67923105  0.18538176 -0.07286051  0.8760611  -1.1164676
  0.20098293  0.8825632  -1.2410842   0.9973245   1.3780687   0.43303227
 -0.9197329  -0.6702132   0.5508646  -0.620211   -0.24218796 -1.1530887
  0.7716529   1.4389501  -0.46455577  0.6009383   0.42198926  1.1952965
  1.1502745  -0.05066105  1.0779533   0.05594949  0.25765103 -0.33920118
 -0.8911698  -0.4476934  -0.2398645   0.30548427  0.67691094 -1.3901365
  2.110888    0.9877906   0.5338095   1.5504389  -0.37655827  0.1245738
 -1.3855094   1.2935231   0.20370215 -0.9888549  -1.0699452   0.89780235
  0.49681762 -1.4775568   0.4858593   0.6639372   0.35661736  0.43316033
  1.6060927  -1.2211467   1.649384    1.6540828  -0.5637115  -1.4040765
 -0.4533355  -0.3951841  -0.3853108  -0.8988173  -0.11095292 -1.2670758
 -0.994807    0.16292247 -0.25440225  0.19065478 -0.58498716  0.6141023
  0.94445425 -0.11991365  0.32948044  1.3427765   0.6864576  -1.4848795
  0.52565026 -0.74886245  0.83186156 -1.6163131   1.0355959  -0.3303352
 -0.4012081  -0.6315852   0.45187187  0.6091092  -0.63673705  0.00824084
  1.3925524   1.5006648   0.7646088  -0.53110635  2.2285798  -1.8394485
 -0.3981841  -0.7538005  -0.38681275 -0.08263073  0.12862755  2.1086009
 -1.6229815   0.737081    0.9769665   1.753441   -0.9310585  -1.2673222
  0.46895102 -0.32120636 -0.3952879   1.3107964   0.56153387 -0.139545
 -2.0221188   1.7494972  -0.29958895  1.3694091   2.6235392   0.37769297
 -0.49980882  0.9179079   0.35870972 -0.02783792  1.1746634  -0.13683464
  1.4558866   0.8353735   0.554481   -0.14966594  0.32908398  0.46245518
 -0.57635516  0.13089846]