[-6.21027887e-01  1.01823723e+00 -4.01376307e-01  3.99784744e-01
  6.89695835e-01 -4.34652753e-02  4.47142661e-01 -4.04779494e-01
 -1.33345640e+00  2.08131582e-01  3.48220527e-01  1.38017845e+00
 -1.36631310e+00 -7.70089388e-01  2.56040573e-01  4.07681987e-03
 -9.41213131e-01  7.09158182e-02 -9.18754160e-01  1.31069374e+00
  3.70235234e-01  1.81578362e+00  1.12038977e-01  1.01664737e-01
 -8.67925346e-01 -5.49028456e-01  8.24320972e-01  2.26082921e+00
 -3.05367857e-01 -4.21551555e-01  2.47574225e-01 -9.26602602e-01
 -5.72440028e-01 -1.14659972e-01  2.27874041e+00  1.06313050e+00
 -1.52497685e+00 -2.79247373e-01 -2.05638480e+00  1.10760503e-01
 -1.27988064e+00 -4.98605281e-01  1.43997538e+00 -8.48990977e-01
  1.04015255e+00  2.84101039e-01 -2.20585302e-01 -5.70073247e-01
  3.98907900e-01  9.13257897e-01  8.16108525e-01  3.18426371e-01
 -4.24540013e-01  7.26679265e-02 -7.14952648e-01  1.44092321e+00
 -1.95592150e-01  5.29537380e-01  4.44873720e-01  1.19986486e+00
 -2.35558465e-01  9.34401572e-01  1.42096162e+00 -1.13967204e+00
  1.03365886e+00  5.28947353e-01  3.13602120e-01  3.70611072e-01
  3.49205822e-01  2.16386840e-01  1.59560430e+00 -6.94680035e-01
  5.75623691e-01  1.56722045e+00 -1.22893369e+00  6.30659521e-01
  5.89935303e-01  2.60666847e-01 -1.17524374e+00 -5.88589460e-02
  8.14131349e-02 -5.12575746e-01 -9.66133118e-01 -5.51354766e-01
 -1.49787918e-01  1.42447686e+00 -1.25566328e+00  7.50494242e-01
  1.20383894e+00  1.15746665e+00  1.14960313e+00  1.20539516e-01
  1.37146056e+00  3.00524771e-01  3.66447359e-01 -1.51811555e-01
 -8.23883176e-01 -4.47867841e-01  2.32431646e-02  3.98315713e-02
  5.33834279e-01 -1.46869528e+00  1.90352213e+00  6.53290510e-01
  3.08548927e-01  2.92125255e-01 -7.47944772e-01  1.09321368e+00
 -1.95800364e+00  2.04555583e+00  3.81795794e-01 -1.06070542e+00
 -1.25758326e+00  9.03923631e-01  3.76641601e-01 -2.07194829e+00
  4.15670007e-01 -2.26926301e-02  7.11715594e-02  1.22115752e-02
  7.27190018e-01 -6.55869544e-01  1.14935064e+00  1.37798274e+00
 -5.32260537e-01 -1.54826891e+00 -7.58960009e-01  2.06167892e-01
  6.09327435e-01 -4.23174798e-01  1.01364717e-01 -4.97426897e-01
 -5.92058957e-01  3.45201582e-01 -6.05681002e-01  7.14816332e-01
 -6.23675287e-01  1.15611887e+00  1.05355680e+00  3.50794733e-01
  3.40744227e-01  1.47332525e+00  6.97537363e-01 -1.79694009e+00
  6.26052678e-01 -1.62609473e-01  9.60095227e-01 -1.55856168e+00
  7.21175849e-01  9.00860608e-01  2.36744761e-01 -1.00425899e+00
  4.51771021e-01  5.30091047e-01  6.20353699e-01 -7.41784051e-02
  1.06106997e+00  1.47910929e+00  1.39817846e+00 -4.32604700e-01
  9.26111102e-01 -1.66500461e+00 -1.36400506e-01 -6.22825921e-02
 -8.02421123e-02  1.22502051e-01  5.56660056e-01  2.84802747e+00
 -1.72119224e+00  4.26176876e-01  3.73947859e-01  7.65423119e-01
 -5.61298430e-01 -9.45330441e-01  4.44062620e-01 -5.36204755e-01
 -6.25598907e-01  1.08294475e+00  1.21615362e+00 -2.26580545e-01
 -2.01505637e+00  6.85744166e-01 -9.53275204e-01  7.71302044e-01
  2.45634055e+00  2.14513674e-01 -3.35061044e-01  8.38483632e-01
  5.51935852e-01 -2.72735790e-03  7.81313717e-01  7.06973672e-02
  1.75766635e+00  9.86407816e-01  2.08795571e+00 -3.41415793e-01
  9.91022587e-01 -3.06300297e-02 -4.15863186e-01  4.73346859e-01]