[[-0.75680683  1.01850455 -0.42767679 -0.1358582   0.96283312 -0.25281045
   1.02052183  0.08278545 -1.17347399  1.25024142  0.5760809   2.94484822
  -1.58660866 -1.94557271 -1.09096937 -0.61842096 -1.12467769  0.66950139
  -1.61529001  1.7031206   1.38240776  2.04874327  0.03275867 -0.0802518
  -0.3842391   0.19202269  0.36443543  3.4441054   0.11055366 -1.00191589
   0.40069044 -0.85571087 -0.99782275  0.1415468   3.28286102  1.91581229
  -1.92731629  0.09079135 -2.05995456  0.09733908 -2.61500015 -0.35899951
   0.90219316 -0.57868363  0.82091128  0.55124046 -0.27044499 -0.09425234
   0.27174002  0.81489496  1.18384997  1.67718371  0.40343455  0.56120181
  -0.29574866  1.99701312 -0.82267098  0.22089591  0.44091908  1.21365548
  -0.25739862  1.02314241  1.45479489 -1.34537     1.86548595  0.45895363
   0.88725136  1.26657267  0.50620001 -0.50128361  1.74119232 -0.60833819
  -0.03637596  1.00713005 -1.91805906  0.57643952  0.88086585  0.6965209
  -1.62043269 -1.20221229  0.62045908 -0.94111833 -1.29010412 -1.06953006
   0.1678032   1.5107659  -1.51972372  1.74667415  1.36595682  0.71803319
   2.01208848  0.46963227  0.85332678 -0.23370498  0.52769729  0.32412685
  -0.43541864 -0.34262182 -0.33614638  0.69110142  0.0752632  -1.68352148
   2.26555272  1.5376327   1.34349138  1.20685998  0.09964823  0.7384914
  -2.40133745  2.05790765  0.43218405 -1.53274453 -1.51677958  1.15761862
   0.44068046 -2.48241758  1.4729437   0.762405    0.69271449  0.74572908
   2.52501818 -1.65933088  2.05659634  1.62748182 -1.347115   -1.85026861
  -1.22686995 -0.6824846   0.32488266 -0.16470501 -0.29572538 -0.93373903
  -1.52050103  0.0377123  -0.63673866 -0.12905187 -1.17606771  1.15081134
   1.95525579 -0.4374404   0.58091044  1.3138031   1.02828965 -2.64851683
   2.04726093  0.62441232  2.38549694 -1.18301591  0.79183906  0.31406502
  -0.34496226 -1.37813695  0.71988226  0.60074138 -0.31337494  0.57449005
   0.42611638  0.76909312  1.20597225 -0.11698591  1.7784386  -1.97133953
   0.92425918 -0.48900773  0.37012773 -0.02979456  1.1934841   2.24158233
  -1.76016469  0.38991954  1.0366395   1.21486773 -1.75053734 -1.65615267
   0.60934773 -0.96569859 -1.3107319   0.35634225  2.05810187  1.4510828
  -3.13947377  1.19222771 -0.57274501  2.31763625  2.71895435  0.86404315
  -0.70810407  1.34788643 -0.38251399 -0.12063183  1.81949504  0.24742817
   0.98109545  0.22606588  1.90683049 -0.29150907  0.27124355 -0.3483973
  -0.61203999 -0.79256547]]