[-7.2895181e-01  1.1358204e+00 -3.6543347e-02  1.2389990e+00
  1.6524028e+00 -1.2997381e-01  1.0514692e+00  1.5855478e-01
 -1.7091568e+00  9.1727811e-01  1.2239821e+00  2.5109692e+00
 -1.4108267e+00 -1.0932806e+00 -7.4791050e-01 -3.3760855e-01
 -1.7368486e+00  2.9595283e-01 -1.9194517e+00  1.6253800e+00
  1.2086096e+00  2.4048991e+00 -6.5753144e-01  4.0761998e-01
 -2.4221618e-01  5.9445238e-01  3.7963048e-01  4.1349273e+00
  7.7332377e-01 -9.8480469e-01  1.0717272e+00 -2.3056003e-01
 -5.0750142e-01  1.7900024e-02  3.5277357e+00  1.9845190e+00
 -2.4695599e+00  2.7809620e-01 -2.5744405e+00  6.0367095e-01
 -2.3520634e+00 -6.0404789e-02  2.0298772e+00 -9.2020482e-01
  2.1931164e+00  9.4340098e-01 -8.5522288e-01 -9.5532942e-01
  3.5322529e-01  5.7363099e-01  1.4249648e+00  9.1854429e-01
  5.5248863e-01  9.8893672e-01 -5.3756535e-01  2.5620835e+00
 -2.6461905e-01 -9.0784806e-01  1.2088290e+00  1.8382772e+00
 -7.3522049e-01  1.5094537e+00  1.7322086e+00 -1.4804595e+00
  1.7591460e+00  8.7226707e-01  3.9063331e-01  1.5309343e+00
  2.0336623e-01 -9.4045466e-01  1.3689581e+00 -1.0158422e+00
  1.2015504e+00  1.4925276e+00 -1.0938376e+00  1.3120539e+00
  9.5351183e-01  1.2397543e+00 -1.5499691e+00 -5.2900243e-01
  6.4036107e-01 -1.0515019e+00 -4.4036484e-01 -1.0475363e+00
  1.3233955e-01  1.9622906e+00 -1.3208891e+00  1.4039043e+00
  6.1424094e-01  7.6216382e-01  2.1675408e+00  2.7497378e-01
  1.0283473e+00 -6.3596147e-01  2.4996762e-01  3.2553571e-01
 -1.0290681e+00 -2.0050958e-02 -4.9462959e-01  1.0273954e+00
  2.7385190e-01 -1.6104944e+00  2.5694442e+00  1.4101620e+00
  9.3993938e-01  1.2731549e+00 -2.7518812e-01  5.2759713e-01
 -3.1084089e+00  3.1330907e+00  1.3155662e+00 -1.6426173e+00
 -1.2181004e+00  2.2003217e+00  7.5345480e-01 -2.4520679e+00
  9.2550993e-01  4.3157950e-01  1.0985606e+00  1.7858379e-01
  1.7798840e+00 -1.7015963e+00  1.8543125e+00  2.1385565e+00
 -3.1496160e-02 -1.8975903e+00 -1.2574866e+00 -8.0087525e-01
  1.0426521e-01 -1.4519335e+00 -1.9904998e-01 -1.5027167e+00
 -1.4709876e+00  8.9003926e-04 -6.2262142e-01 -2.8348106e-01
 -9.1899997e-01  9.6076846e-01  2.2455192e+00 -5.2047092e-01
  2.4704525e-01  1.6454058e+00  1.2499933e+00 -2.3410513e+00
  2.3322823e+00 -4.2376572e-01  1.1962267e+00 -1.1487684e+00
  1.4231567e+00  1.3804567e-01 -7.3512858e-01 -1.3063122e+00
  7.0704144e-01  4.4011480e-01 -1.1128305e+00  3.3181152e-01
  1.2191263e+00  1.3456181e+00  1.6704481e+00 -7.0975906e-01
  1.8398601e+00 -3.7666285e+00  1.9862665e-01 -7.1710569e-01
 -4.9850950e-01 -5.1775330e-01  1.7394649e+00  3.3548863e+00
 -1.9296379e+00  1.3168070e+00  1.1191876e+00  1.4775263e+00
 -3.6755031e-01 -2.0141375e+00  1.5846479e+00 -4.6915480e-01
 -1.1842917e+00  2.9964566e-01  2.2076695e+00  9.8143512e-01
 -3.3905118e+00  1.7020870e+00 -7.4239087e-01  1.6492244e+00
  3.4861944e+00  8.7200862e-01 -7.5130707e-01  1.6378424e+00
 -2.3725760e-01 -3.3695000e-01  1.3983705e+00  3.7432188e-01
  1.4555100e+00  6.2380236e-01  2.5302577e+00 -3.3940715e-01
  1.0801151e-01 -2.9796472e-01 -2.9536146e-01 -3.4475577e-01]