[-0.63088673  1.1864192  -0.2633193   1.239534    0.99858326  0.60852665
  1.3989271   0.111814   -1.450309    1.031524    0.11001334  2.4930017
 -1.0868835  -1.8252207  -0.85490865  0.22038835 -1.3033333   0.6990897
 -1.140086    1.9949868   1.0469673   2.4194942  -0.20734838  0.11038903
 -0.48976964  0.2851549   0.4369177   3.078444   -0.20927365 -1.197207
  0.1927403  -0.39352563 -0.2674527  -0.6034083   2.5474067   1.9392245
 -1.9792925   0.09716633 -2.271482    0.10776732 -1.6141474  -0.37159225
  1.1857545  -1.1324661   1.0938592   0.8163329  -0.9990898  -0.57666576
  0.18583934  0.50404495  1.7693429   0.7679518   0.15210766  1.01918
 -0.77073467  1.8826921  -0.69818    -0.47098464  1.0046946   2.3415444
 -0.45298234  1.2803426   0.8627128  -1.2046267   1.1673169   0.5228493
  0.5432463   1.1628764   0.24763034  0.11197864  1.5640284  -0.579551
  0.54789466  1.1979221  -0.5081187   0.7252493   1.7199924   0.516523
 -1.0820355  -0.01916831  0.22338232 -0.686577   -0.99113363 -1.3494965
 -0.45723638  2.428776   -1.5810658   1.4098167   1.1721905   1.2811034
  1.6105313   0.50789034  0.9478952  -0.45221773  0.73888034 -0.24253102
 -0.9322998  -0.33514702 -0.10848868  0.9707324   0.47775635 -2.037494
  2.587936    0.65992635  0.695122    0.8143824  -0.24687865  0.5615251
 -2.4948723   2.4551136   0.656171   -1.6870836  -1.1613294   0.89797837
  0.78030235 -1.9375688   1.201371    0.60012805  0.07693532 -0.48511332
  2.6185992  -1.2470323   2.1413586   2.0750067  -0.43140104 -2.048622
 -1.6289899  -0.9986314  -0.24012934 -0.5146893   0.70492566 -1.1640589
 -0.9645703   0.6090219  -0.645127    0.20780931 -0.958319    1.0799942
  2.2040634   0.12909332 -0.21968566  1.6048551   1.0125468  -2.447507
  1.3872876  -0.00760502  0.5098024  -1.5989352   1.3431474   0.469417
 -0.2795013  -0.77736     0.85188365  0.305583   -0.32810637  0.38293266
  1.7011937   1.0415722   0.47856134  0.07342998  1.68164    -2.2379127
  0.48716995 -0.9054893   0.36602005 -0.3786883   0.84522396  2.9322608
 -1.3246918   1.2107528   0.35805035  1.4614295  -1.6800323  -1.0259557
  0.47949892 -1.1103672  -1.2095568   0.07591729  1.7575942   0.88998955
 -3.0832915   1.3456718  -0.44809535  2.5357604   3.0766432   0.03144766
 -1.5211024   1.2741343  -0.09711267 -0.5099574   1.3507342  -0.10508497
  1.6328591   0.6751677   2.5277069  -0.08671895  0.70255655 -0.2142
 -0.09140699 -0.7352865 ]