[[-0.23790094  0.37954395 -0.24327448  0.36814168  0.28600832 -0.11323123
   0.32701367 -0.10985904 -0.37724697  0.23337703  0.1014002   0.61729172
  -0.41929505 -1.06320981 -0.16444441  0.10595297 -0.35190376 -0.20093864
  -0.71499438  0.50972649  0.06687956  0.78131828 -0.43859043  0.21398631
  -0.29137029 -0.3523056   0.32955603  0.92883875 -0.10435166 -0.18501187
   0.19263036 -0.52016288 -0.41107119  0.01259203  0.97457036  0.3792506
  -0.5177674  -0.10348101 -0.6602529   0.18724196 -0.67449301 -0.38359247
   0.31298564 -0.16231127  0.35549282  0.44171312 -0.51634011 -0.36949086
  -0.00945341  0.3101863   0.35364456  0.28168479 -0.12433617  0.56854564
  -0.40002415  0.72844664  0.05282421  0.35429695  0.02292245  0.53975114
  -0.37249429  0.57998417  0.24059768 -0.46250729  0.33020116 -0.10456782
   0.19663725  0.34047407  0.46242135  0.13916689  0.42140419 -0.40784958
   0.34715618  0.24024721 -0.72156662  0.37340061  0.29591307  0.25568442
  -0.41159445 -0.26147485 -0.02217711 -0.30227697  0.09191557 -0.58668014
   0.10232391  1.05127352 -0.55852336  0.45008985  0.28877623  0.44387188
   0.14373099  0.20387999  0.26191768  0.03845913 -0.02676131 -0.14123769
  -0.23712761 -0.01985369 -0.25773697  0.19566884  0.53415443 -0.80698251
   0.88552596  0.61559102  0.56803918  0.31135428 -0.24938891 -0.02571653
  -0.4432843   0.55896512  0.0084626  -0.44669993 -0.4201614   0.23329111
   0.4787255  -0.86661616  0.04273269  0.36667571 -0.047184    0.12215304
   0.26649033 -0.81643481  0.59194407  0.47932668 -0.35337036 -0.77239428
  -0.54077722 -0.29643471  0.05442442 -0.28274552  0.37567544 -0.7085738
  -0.41163516  0.11181398 -0.02476042  0.06724643 -0.58644813  0.61805556
   0.34650448  0.24030839 -0.02293274  0.69485052  0.47161595 -0.70291311
   0.5396608  -0.35719738  0.2085163  -0.58684063  0.70391935  0.05778621
  -0.32744189 -0.58850086  0.45561393  0.27634716 -0.05071253 -0.21233029
   0.73995909  0.53666953  0.6333879  -0.14193459  0.94027765 -0.60827346
  -0.1792676  -0.1657013   0.04401188 -0.07904036  0.22903369  1.00734185
  -0.36353795  0.36336221  0.15527631  0.08875493 -0.6208246  -0.4475199
   0.03367073  0.06360478 -0.0119016   0.50006181  0.51466707 -0.17479593
  -0.94804757  0.75363007 -0.52738763  0.73157716  0.88223345  0.31155673
  -0.18586202  0.31009912  0.06547624 -0.04648639  0.47682385 -0.24715266
   0.4731409   0.12614949  0.69076668  0.04458963  0.25318638  0.46255564
  -0.34333231  0.15728551]]