[-1.0435677   0.7645814  -0.32256666  0.37809053  1.6641433  -0.24312085
  1.4737419   0.46756762 -1.6584157   0.60635763  0.8146185   3.159598
 -0.9727815  -1.7713432  -0.8712085  -0.21788761 -0.7525524   0.13697898
 -1.0611706   1.5653843   0.6121962   2.9632096  -0.52977806  0.33906764
 -0.28823715  0.35880238  1.2095839   2.8560207  -0.42883715 -0.7554143
  0.7236242  -1.48337     0.0341043  -0.06259429  2.9045894   1.9724599
 -1.5671425   0.46801713 -1.458659    0.00785049 -2.415716    0.16893761
  1.6114023  -0.1999605   1.6962398   1.1055443  -0.51631576 -0.6507177
  0.21864288  1.859708    1.1901839   0.9254681   0.05925671  0.6199857
 -1.2927128   1.6570725  -0.17613377 -0.13186952  0.8962938   2.098554
  0.43546522  0.6633529   1.8537309  -1.2340904   1.568589   -0.31358477
  0.40582952  1.467757    0.32575953 -0.14160955  0.24514334 -0.8472205
  0.6777133   1.7794336  -0.6683386   0.64688945  0.90451723  1.9217896
 -1.3001573  -0.71750665  0.7940686  -0.8291976  -1.6075987  -1.0885782
  0.5167395   1.446322   -1.3732624   1.4240463   1.2333529   0.7074181
  1.2613413   0.3604186   0.7808671   0.668942    0.64650005 -0.6657724
 -1.0833976  -0.03390811  0.2948238   1.572257    0.564509   -1.9714906
  2.5772047   0.45592335  1.1664515   0.57934    -0.77731097  0.07546431
 -2.187021    3.5840704   1.2201964  -2.3527155  -1.4407967   2.3849819
  0.22913    -3.096313    0.63136816  0.8329347   0.8223844   0.48423004
  1.8169622  -1.312952    1.9037895   1.7272468   0.05571668 -2.7112136
 -1.4559495  -0.15488906  0.02917097 -1.1577848   0.33591235 -0.93800145
 -0.9510658  -0.07335094 -0.96963763 -0.64621097 -1.7352344   0.84892046
  2.2081995  -0.49036807  0.20778479  1.7761976   1.0785154  -3.068581
  2.0464787   0.27132526  1.6706804  -1.6505821   1.5837511   0.5486458
  0.3054695  -1.2228438   0.74885154  0.3586333  -0.18416569 -0.6906953
  0.10153146  1.4914156   1.5782974  -1.2056795   2.4515142  -2.8790438
  0.06468196  0.12811713  0.6731638   0.31681618  0.8464843   3.7669506
 -1.9531323   0.9095443   0.49942234  0.60032856 -0.69057906 -1.6110274
  0.79018664 -1.0245706  -1.0217528   0.41543096  1.8407807   0.05422718
 -3.373509    1.4219975  -0.5040929   2.0259566   3.7045012   0.91939944
 -1.1465706   1.6852604  -0.36206567  0.09546859  2.0621772   0.17526762
  1.4479231   0.45837384  2.9121542  -0.66355985  0.18131766  0.21595716
 -0.52334714 -1.2469232 ]