[[ 8.82523243e-02  5.94426948e-01 -4.98746209e-02  1.76199542e+00
   5.11863852e-01  1.66837463e+00  1.13617157e+00  2.74169233e-01
  -1.46691611e+00  3.84056139e-01  7.87363866e-01  1.25460845e+00
  -1.77947698e-01 -2.24590458e+00 -3.47477014e-02  7.96812328e-01
  -8.95612293e-01 -8.50010789e-01 -1.18889921e+00  1.30663690e+00
   1.43063069e-01  2.70576313e+00 -1.31563693e+00  1.76154002e-02
   2.32923051e-02 -1.14500739e-01  3.19727697e-01  2.21069693e+00
  -1.05788310e+00 -9.99151539e-01  1.44433999e+00 -6.64303092e-01
  -1.85208470e-01 -9.41546132e-01  1.46382540e+00  1.53184228e+00
  -1.17871157e+00  1.83626999e+00 -9.84084595e-01  6.86138410e-02
  -1.54131074e+00 -5.67276971e-02  6.71059223e-01  6.62100132e-02
   1.62455075e+00  1.13761538e+00  1.50053045e-01 -5.63332328e-01
   1.19022541e+00  1.54339384e+00  8.03505395e-01  3.91441526e-01
   2.47780743e-01  1.00824920e+00 -9.79800016e-01  1.62879461e+00
  -9.93537788e-03 -1.92538420e-03  1.37092320e-01  1.04137847e+00
  -8.06000787e-01  6.16703075e-01  2.08115360e-02  5.17615447e-03
   4.80391532e-01  7.00284942e-02  3.18357688e-01  6.06043110e-01
   6.63311574e-01 -3.32175392e-01  1.45858766e+00 -1.32189847e+00
   1.11090385e+00  9.61083082e-01 -1.33960154e+00  1.50041921e+00
   4.09700747e-01  1.89808075e+00 -1.20663227e+00  8.63939991e-01
  -4.86636908e-01 -1.53783848e+00 -4.86659238e-01 -1.62452076e+00
   2.51216173e-01  1.54738156e+00 -1.42492691e+00  8.75693064e-01
   1.74899246e-01  7.40802324e-01  1.24313543e+00  9.09036172e-01
   9.04725367e-01  1.89763078e-01 -3.95276943e-01 -3.99373841e-01
  -1.26690537e+00 -1.25001923e+00 -5.60442299e-01  1.31581233e+00
   3.82156175e-01 -6.37122309e-01  2.33120312e+00  9.26180794e-01
  -1.67461585e-03  1.09129923e+00 -8.58307100e-03  6.96438413e-02
  -1.64729000e+00  2.87103770e+00  1.71402689e+00 -5.03510035e-01
  -3.83492376e-02  1.74413698e+00  8.09669025e-02 -1.86085618e+00
  -4.18142310e-01  3.56762307e-01  1.28778075e+00 -2.47725392e-01
   1.48723847e+00 -2.84697694e+00  1.51724767e+00  2.02463154e+00
  -1.27274626e-01 -2.37711000e+00 -1.78018382e+00 -3.77055378e-01
  -6.58016906e-01 -1.02459231e+00  1.29544615e+00 -1.12613695e+00
  -5.94725370e-01  4.57434585e-01 -8.19183088e-01  2.67043072e-01
  -1.60563538e+00  4.84301535e-01  1.57983849e-01  5.15053850e-01
  -2.71361654e-02  1.02178231e+00  5.09059232e-01 -1.74071311e+00
   7.13393087e-01 -8.07481541e-01 -1.14865368e-01 -1.29172771e+00
   1.22755617e+00  1.16311386e+00  1.95100793e-01  5.22830578e-02
   9.72207682e-01  3.87952312e-01 -1.25916386e+00 -3.95228455e-01
   1.15231384e+00  2.17376773e+00  9.43383052e-01 -5.02484604e-01
   1.46744230e+00 -7.57111540e-01 -3.12372300e-01 -9.99964610e-01
   3.12038578e-02  2.08126141e-01  1.16871153e+00  3.17828765e+00
  -1.03230773e+00  4.10430775e-01  9.21569989e-01  6.80866921e-01
  -1.51897999e+00 -9.03001556e-01  5.09766179e-01 -2.91221545e-01
   1.30554025e-02  1.95594598e-01  1.50105386e+00 -1.73584681e-02
  -2.31857074e+00  1.33780019e-01  2.47233088e-01  1.44820848e+00
   2.65344156e+00 -4.22476771e-02 -6.03531545e-01  1.30557076e+00
  -8.83740026e-01 -4.17415419e-02  1.76879314e+00  7.78556131e-01
   8.48594638e-01  5.28817695e-01  9.43678489e-01 -3.52235405e-01
   8.40294627e-01 -5.19699991e-01 -4.87260006e-01  6.32427674e-01]]