[[-0.65908334  0.9794849  -0.84122439  0.73511527  1.38637578  0.4046479
   1.08749807  0.31193281 -1.23048579  0.71125139  0.86536824  2.41770719
  -1.92316245 -2.32223684 -0.26978807  0.10948561 -1.09307175  0.23022614
  -1.6492635   1.69271071  0.25602333  2.51617001 -0.72674403 -0.03527665
  -0.7515735  -0.39867561  0.49417753  2.73134053 -0.42768649 -0.94137458
   0.4792721  -0.7867114  -0.03143192 -0.07650369  1.79348651  1.82019718
  -1.5961414  -0.05119264 -1.7226465   0.37871544 -2.02583563 -1.03736842
   1.18710422 -0.70373175  1.18328525  0.80462843 -0.39392563 -0.77727895
   0.43017824  1.0334635   0.7896902   0.46208227 -0.09245474  1.2741042
  -0.93026034  1.09976509 -0.49341439  0.33291789  0.43429245  1.58012524
  -0.02757473  1.52607282  0.61263772 -1.30494632  0.98693456  0.5195965
   0.06234367  1.04511684  0.44551964 -0.30400281  1.51959017 -1.11341772
   1.05774577  1.47863718 -1.01478683  0.93280965  1.33620475  0.91182631
  -1.06202087 -0.05878157 -0.14789384 -0.90609579 -0.61441491 -0.70157473
   0.30566087  2.58813895 -1.70177158  1.61540212  0.97677791  0.77541
   1.89559401  0.26126018  0.43791561 -0.17799176  0.37041229 -0.67819719
  -0.64692632 -0.67653351 -0.48011229  1.13384876  0.18828037 -1.95839456
   2.39132173  1.27992667  0.67443297  0.72191281 -0.25899158  0.53501229
  -1.96974771  2.43531736  0.6846179  -1.51732792 -0.64807438  1.28871281
   0.54842528 -2.18904981  0.50956245  0.66241491 -0.45623263 -0.11902756
   1.6395049  -1.68873824  2.0857386   1.98276718 -0.95954578 -2.36544032
  -1.69125212 -0.62738403 -0.26463263 -0.28732666  0.32382983 -1.12182912
  -1.31773684  0.43952806 -0.43374088  0.39573718 -0.87954894  1.06436595
   1.25507335  0.51118543 -0.19018878  1.26962914  1.27836929 -1.38085948
   1.24688106 -0.56469246  1.46785141 -1.88462438  1.35385154 -0.03283562
   0.29376439 -0.7590093   1.03021247  0.72669613 -0.54146632 -0.50444473
   0.94827755  1.59144771  1.56672315 -0.59973332  1.8701249  -2.15992808
   0.08033561 -0.27842122  0.37028527 -0.43868527  0.63954544  3.56375526
  -0.9064907   0.58061632  0.34905823  0.95183878 -1.28883174 -1.37133808
   0.73356807 -0.45730212 -0.89743016  0.77428563  1.50358471  0.39502034
  -2.47594684  1.48120508 -0.42522158  1.4030186   2.8844877   0.6565614
  -0.64096     0.97668824 -0.15643841 -0.40956262  1.24337753 -0.16280211
   0.96555914 -0.02583808  1.72421263  0.37134703  0.36391946 -0.1073221
  -0.85522017  0.12078211]]