[-7.61931688e-02  9.16339517e-01 -3.90139550e-01  9.65715051e-01
  1.01844752e+00  3.52015644e-01  7.85185754e-01  2.23129839e-01
 -1.42677033e+00  2.23803520e-01  4.42682177e-01  1.65212333e+00
 -1.28154027e+00 -1.56699491e+00 -6.80507421e-01  2.94589013e-01
 -8.20061505e-01 -5.95888384e-02 -1.68545556e+00  1.39063203e+00
  2.02882290e-03  1.98062325e+00 -3.89535964e-01 -1.16579495e-01
 -5.50003290e-01 -5.37460327e-01  1.11275065e+00  2.08412337e+00
 -1.92440659e-01 -1.36012983e+00  6.93836033e-01 -5.50610125e-01
 -2.90311992e-01  7.58243278e-02  2.70275831e+00  1.57139587e+00
 -1.21083510e+00  4.69039410e-01 -1.73016906e+00 -1.75816715e-02
 -1.93467700e+00 -3.22516471e-01  1.35860181e+00 -4.17153627e-01
  8.28154802e-01  9.35861886e-01 -1.21253717e+00 -5.06515026e-01
  2.09605843e-01  5.94526291e-01  8.51815164e-01  1.50909871e-01
  8.56198072e-02  7.36741245e-01 -9.69429076e-01  1.29701507e+00
 -2.93941796e-01  3.80964488e-01  6.82715058e-01  1.41325569e+00
 -5.41462481e-01  1.48471332e+00  3.01475704e-01 -1.19823956e+00
  4.65794981e-01  3.44454467e-01  3.50664020e-01  9.80729699e-01
  8.12837183e-01 -8.95644724e-02  1.11841309e+00 -1.02629387e+00
  5.79841197e-01  1.30895782e+00 -9.69243646e-01  1.04850018e+00
  9.86787677e-01  6.62221313e-01 -1.11760199e+00 -1.92619160e-01
 -1.76699668e-01 -9.69499350e-01 -9.49588954e-01 -1.07689846e+00
  2.71738976e-01  1.93280542e+00 -7.23748982e-01  9.33495760e-01
  8.37828040e-01  1.02783525e+00  1.09703219e+00  2.96176523e-01
  7.43361354e-01  2.31436327e-01  3.17625314e-01 -6.73893988e-01
 -9.12446082e-01 -4.76354480e-01 -2.03544006e-01  1.01070404e+00
  8.75695944e-01 -1.85444236e+00  1.77453721e+00  1.07997215e+00
  2.68315136e-01  4.57831711e-01  6.61703572e-02 -2.80058473e-01
 -1.94577634e+00  2.00603604e+00  2.95324266e-01 -1.37898088e+00
 -1.28630459e+00  1.68198395e+00  6.09810591e-01 -1.67265439e+00
  3.33774388e-01  8.70087922e-01  5.86876214e-01  3.41906488e-01
  9.26236451e-01 -1.74495482e+00  1.80183053e+00  1.66500819e+00
 -2.60758817e-01 -1.78322113e+00 -1.28062332e+00 -3.09273988e-01
  9.34366733e-02 -5.71495116e-01  8.49728644e-01 -1.22840929e+00
 -8.74882460e-01  5.54395914e-01 -8.28228831e-01 -2.74392694e-01
 -1.00174856e+00  1.09959829e+00  1.83784902e+00  4.25943524e-01
 -3.42068464e-01  8.92524540e-01  5.93796670e-01 -1.04664850e+00
  1.71627557e+00  2.12423336e-02  2.10923508e-01 -1.42415965e+00
  1.14356756e+00  2.86060870e-01  1.61733329e-01 -7.23721921e-01
  6.69217110e-01  3.01360041e-01 -3.39692086e-01  6.39048517e-02
  1.59956110e+00  1.30472255e+00  1.15690768e+00 -7.26553798e-01
  1.86541760e+00 -1.63906085e+00  4.72133234e-02 -4.00907189e-01
  2.17237666e-01  1.28670856e-01  3.93522650e-01  2.56056499e+00
 -1.13154161e+00  1.39436328e+00 -2.87855268e-02  9.60913241e-01
 -9.48225319e-01 -7.61627138e-01 -5.75138330e-01 -1.99260801e-01
 -7.12637007e-01  5.38949430e-01  1.02597117e+00 -1.55029997e-01
 -2.29939795e+00  1.15782273e+00 -4.24371988e-01  1.69710660e+00
  2.79733419e+00  4.35979784e-01 -2.37992808e-01  6.01982832e-01
 -5.05766682e-02  9.26475078e-02  1.95940888e+00 -2.53735811e-01
  1.21351933e+00  9.89795625e-01  1.75531924e+00  4.80582705e-03
  9.60987955e-02  1.93486661e-01 -6.94850743e-01 -2.61113822e-01]