[[-0.13275067  0.24903274  0.06782275  1.07628807  0.76646173  0.46014076
   0.97310624  0.06563773 -0.86638709  0.20012316  0.34597952  1.28482967
  -1.30671815 -1.83325426  0.11216107  0.28510966 -1.34220225 -0.15325049
  -0.90286074  1.26763434 -0.07743701  1.6319387  -0.44436799 -0.27239601
  -0.51018665 -0.69989217  0.70737026  1.49830065 -0.24579616 -1.40364026
   0.63922426 -0.28906325 -0.60466183 -0.08406366  1.99941661  1.19007499
  -1.1323859   0.34234941 -1.07462765 -0.15164625 -1.54744485 -0.54129334
   1.60875612 -0.82440067  0.6949979   0.95345149 -0.48509217 -0.83179316
   0.09737042  1.62304839  0.46618849 -0.00269291  0.18735941  0.91387749
  -0.32805924  1.19620984  0.03271093  0.45399858  0.47363656  1.41606639
  -0.17249226  0.95822892  0.234507   -1.18114857  0.546785    0.37622725
   0.02023217  0.46581752  0.71205399 -0.42357351  1.53902386 -0.47474666
   0.85146024  1.26176374 -1.16310326  0.9916611   1.18090583  0.48831468
  -1.10319397 -0.27727482  0.07410674 -0.76240132 -0.39358849 -1.04178426
   0.18473326  1.51225152 -0.52780082  0.47279648  0.47378083  0.52986426
   0.90888492  0.806168    0.04597374  0.05925559 -0.00779434 -0.68954625
  -0.53474219 -0.70270025 -0.04767034  0.27802532  1.27578267 -1.66306069
   1.84536334  0.63628127 -0.12602568  0.24457109 -0.60053859  0.33788357
  -1.189693    1.21879073  0.61687692 -1.16245209 -0.57931925  0.81602533
   0.55531601 -1.20252324 -0.04964534  0.39362598 -0.33631767  0.48119459
   1.26804433 -1.11097902  1.30639943  1.11297659 -0.55015523 -1.75568468
  -0.85090232 -0.17592475 -0.48184083 -0.62044043  0.24216842 -0.98037749
  -0.45366349  0.41727567  0.39164824  0.30557816 -0.43516167  0.65186134
   1.12800523 -0.05036274  0.06992283  1.12880533  0.42373126 -1.10504066
   0.58064231 -0.7261964   0.41161609 -1.35873634  1.31616252  0.15519967
  -0.58458185 -0.77036682  0.77591483  0.54526608 -0.27798908  0.00605942
   1.25022342  1.59831334  0.98211024 -0.14989059  1.56238092 -1.73122597
  -0.30559083 -0.60726791  0.14402118  0.20021158  0.15397449  2.27806078
  -0.52095543  0.24584684  0.28774393  1.29860434 -0.95102619 -0.78477478
   0.36161317 -0.58485368 -0.04445734  0.85367542  0.96995292  0.10081866
  -1.87525489  1.19238695 -0.96152442  1.24572897  2.52195214 -0.05426834
  -0.73040542  0.88120442  0.55546709 -0.46154074  0.90490265  0.09521526
   1.10905036  0.94745125  1.22624042 -0.10186009  0.4804575   0.4774125
  -0.36849408  0.29614933]]