[-0.27187485  1.0393095   0.274467    0.80166346  1.2446688   0.5791632
  1.1865923  -0.11406329 -1.2060602  -0.15230218  0.5074378   1.8104712
 -1.3874341  -2.4254925  -0.15629771  0.40880153 -1.4536966  -0.7482825
 -1.5584091   1.8500617   0.2744386   1.7509468  -0.6817539  -0.22559889
 -0.3978591  -0.7514755   0.658188    1.848773   -0.41286305 -1.0102599
  0.38426232 -0.8797127  -0.8759361  -0.251102    2.4715898   1.6971563
 -1.9169946   0.18994926 -1.6448447  -0.36969858 -2.1875868  -0.7179073
  1.4497595  -0.9911486   1.1283057   1.5104096  -1.0419602  -0.20404786
  0.35986376  1.5132239   0.8154802   0.34729338  0.20527403  1.2185113
 -0.58650905  1.5463635  -0.3552661   0.74708295  0.63551676  2.1341121
 -0.856441    0.60862046  0.44580868 -0.88693106  0.6952866   0.28167313
  0.4083455   0.6340816   0.63449687 -0.61426     1.717501   -1.3590939
  0.9643909   1.4103225  -1.6555022   1.3508254   1.1258347   0.66874665
 -1.214413   -0.02060685 -0.04278814 -1.0908828  -0.27682674 -1.3016633
  0.27809355  1.7840909  -0.60649043  0.75662166  0.35397485  0.44321418
  0.8088992   1.0561384   0.853837   -0.14651485 -0.13793099 -0.5947001
 -1.2111385  -0.434417   -0.5361501   0.7110906   1.0939758  -1.6317008
  2.4819314   0.6987902   0.61305004  0.24391888 -0.42750958  0.343311
 -1.7813715   1.8829162   0.5969159  -1.5241693  -1.1894449   0.73300534
  1.035512   -1.9326969   0.27149615  0.58680165  0.18658523  0.46823633
  1.9889677  -1.9799894   1.5657215   1.1932552  -0.57114315 -1.7629236
 -1.6581547  -0.50854135 -0.6645637  -0.95049196  0.8726282  -1.2924707
 -0.7330084   0.70523965 -0.06320083  0.48223954 -0.52444696  0.6643687
  1.0740972   0.2002787  -0.23132528  1.6584591   0.89909524 -1.6404866
  1.2715197  -1.0252972   0.51027083 -1.4311076   1.6550343  -0.0737184
 -0.04199584 -0.43565804  0.76128674  0.96374196 -0.43382624 -0.36958787
  1.856066    2.1798577   1.1592184  -0.08036315  1.8834858  -1.4873505
 -0.34436482 -0.5742158   0.40123975  0.10001656  0.38829225  3.1110444
 -1.0524079   1.0511372   0.24404523  0.5741279  -0.93322974 -1.3494936
  0.12791787 -0.3095227  -0.1699212   0.6140002   0.9373995   0.02530638
 -2.176628    1.212242   -0.6259564   1.6006689   2.6354825   0.17480557
 -1.3115842   0.85861796 -0.05706612 -0.93599033  0.7729936   0.03166625
  1.1340278   0.86811906  1.1360766   0.18343456  0.38020244  0.63222665
 -0.440491    0.4574173 ]