[[-3.16406531e-01 -1.08129235e-01 -1.10473487e-01  1.41287881e+00
   1.18175991e+00 -2.61721162e-01  5.28031535e-01 -3.03860393e-01
  -9.51491599e-01  8.54289206e-01  6.66099627e-01  1.80434183e+00
  -1.12686765e+00 -1.52902080e+00 -2.49468056e-01 -6.33782708e-01
  -7.52415029e-01  6.19657957e-02 -8.81018847e-01  1.65465875e+00
  -7.95051552e-01  1.94877791e+00 -1.46340415e-01 -2.96350053e-02
  -1.73827680e-01 -5.77406943e-01  9.15076921e-01  1.68920509e+00
   2.18815001e-01 -1.30463267e+00  5.76347282e-01 -1.18334764e+00
   2.43179235e-01  3.84560376e-01  1.47895838e+00  1.23757278e+00
  -6.28273444e-01  7.89223955e-04 -6.63267292e-01 -1.48521532e-01
  -1.69402260e+00 -8.49411538e-01  1.33314602e+00 -5.53903862e-01
  -1.56484625e-01  1.08549116e+00 -4.40394585e-01 -1.35119269e+00
   3.11250251e-02  1.53335271e+00  7.50742291e-01  7.96690739e-01
   4.31410420e-01  1.04466076e+00 -4.20434640e-01  8.68902305e-01
   1.39474639e-01  8.22391192e-01  5.50961925e-01  6.31542348e-01
  -2.02882707e-01  6.01504606e-01  2.87900784e-01 -8.16980767e-01
   7.79780773e-01  7.29842301e-01  5.67473311e-02  3.80121906e-01
   6.14643432e-01  1.28709619e-01  1.40342685e+00 -1.37319928e+00
   5.40919939e-01  1.28684693e+00 -9.12635025e-01  1.08387838e+00
   1.65281038e+00  7.97820380e-01 -2.18501898e-01  1.70658501e-01
   4.83088402e-02 -1.38130041e+00 -6.12552698e-01 -8.60992626e-01
   8.95283048e-01  1.00653187e+00 -1.30662608e+00  2.36011514e-01
   1.39819031e+00  3.95718085e-01  7.77059573e-01  3.99623841e-01
   6.14149985e-01  3.45734211e-01  2.39873473e-01 -4.81102728e-01
  -5.82435784e-01 -1.11239395e+00  1.73169597e-01  9.97456024e-01
   1.44433699e+00 -1.57406348e+00  2.17011617e+00  1.52796086e+00
  -2.30942691e-01  4.68643496e-01 -6.60099596e-01  8.07018850e-01
  -1.11846744e+00  9.02815106e-01  4.08245389e-01 -1.41306890e+00
   8.32142326e-02  1.69076999e+00 -1.67428079e-01 -1.45373953e+00
   4.02669127e-02  9.74423186e-02  7.18197680e-01  6.84113837e-01
   1.29960457e+00 -1.51428948e+00  1.51158667e+00  1.33382393e+00
  -1.18262263e+00 -1.62935076e+00 -5.55654278e-01  1.77788454e-01
  -6.03319225e-01 -8.05186173e-01  2.31157285e-01 -1.23722265e+00
  -7.27878871e-01  8.70584249e-01 -5.12911501e-01  9.30633481e-01
  -3.72973495e-01  8.59505016e-01  1.11490041e+00  4.35861574e-01
  -1.33226944e-01  1.03842386e+00  4.09244565e-01 -1.07908567e+00
   4.95653877e-01 -3.19081925e-01  2.71235356e-01 -1.74357038e+00
   1.28502424e+00 -4.78735426e-01 -4.95395791e-01 -1.71622280e-01
   1.23081648e+00  5.02871527e-01 -3.68869268e-01 -5.17126803e-02
   5.57619258e-01  1.97573082e+00  1.03986739e+00 -5.61636542e-01
   1.50222494e+00 -1.32009882e+00 -7.30800354e-01 -5.66627281e-01
   2.49534644e-01  5.34963881e-01 -1.49766927e-01  2.38672346e+00
  -6.98211555e-01  5.38974222e-01  9.98891404e-01  1.66969199e+00
  -2.49951145e-01 -1.39349238e-01 -2.35971547e-01 -3.63376189e-01
   4.54037286e-01  4.84078895e-01  9.48146050e-01  4.09176948e-01
  -1.82967347e+00  5.11164651e-01 -2.64552698e-01  1.29935999e+00
   3.00009237e+00  3.59774611e-01  2.95062689e-01 -2.37276990e-02
  -4.92739244e-01 -1.92169636e-01  1.76183548e+00  7.91004126e-01
   1.17017194e+00  1.27373194e+00  1.04697057e+00  1.54981930e-01
   2.62390031e-01  5.49934596e-01 -3.30729946e-01 -8.62311331e-02]]