[-0.57821167  1.3142967  -0.66654664  2.1926215   2.685315    0.40149832
  1.2484716   0.25975168 -1.9612584   1.4764934  -0.264045    2.7357082
 -1.3412715  -0.2131534  -0.9519183   0.21079838 -1.0461134   1.3628467
 -0.87706995  2.5254     -0.5366001   2.91689     0.9198582  -0.261615
 -0.26890162 -0.61869997  0.53349     2.2234447   0.7785333  -1.760055
  1.2460966  -0.23456502 -1.0948116   1.1625868   3.67475     2.4733765
 -2.0938401   0.75606674 -2.5049267   0.7590151  -3.2450917  -0.63261837
  2.3692381  -1.3507885   0.01975667  1.42533    -2.09139    -1.0372885
  0.7670633   1.1140517   1.1846683   0.5321317  -0.21722007  1.1693467
 -0.94921666  1.03557    -0.6764434  -0.5575667   1.1418867   0.3999149
 -0.41357335  1.4940349   0.6301083  -1.7936049  -0.21981     0.46026668
  0.35599664  0.7298517   1.6119367  -0.739085    1.3098432  -1.249915
  0.41685     1.9978098  -1.8666534   1.7031883   0.83205336 -0.00633844
 -1.13374    -0.53532165 -0.257875   -1.23662    -2.047735   -0.8878749
  1.0613966   0.52908486 -1.0901849   0.52716666  2.2907717   0.9541967
  1.9315716   0.68547004  1.3763183   0.07012168 -0.19923663 -0.36882666
 -1.1678966  -0.98808163  0.862885    1.695105    2.2586918  -2.8011935
  2.4142535   2.63408     0.326725    1.172425   -0.61674166 -0.5828383
 -3.299155    3.7578332   0.45902005 -2.5098403  -1.2811834   3.4324248
  0.53740335 -4.2615666   0.66995335  0.84604996  1.3407882   1.4288033
  0.77029175 -1.341415    2.5996885   1.1852968  -1.1490533  -2.600115
 -1.7229949  -0.26533005  1.0724983  -0.86203337  0.02740508 -1.1720684
 -1.1222984  -0.02969831 -1.9319052  -1.68092    -2.5147617  -0.35028338
  3.6160698  -1.0090317   0.01721838  1.5420418   0.4704633  -1.2168833
  1.9183685   0.77081496  0.77894825 -2.7113464   1.9994501   0.7662516
 -0.39932665 -0.60230494  0.4389617   0.5573316  -0.75070333  0.63017505
  1.2763084   1.9692765   2.2079418  -3.4927466   1.6389365  -1.7987868
  0.5236667   0.15062661  0.16523175  1.1352683   0.2660033   2.5593002
 -2.2533934   1.1625217  -0.41524497  1.5637951  -0.9901435  -2.13044
  0.33764163 -1.4313234  -0.05983667  0.21897     0.34569666  0.4148034
 -3.539357    2.3540533  -0.9087916   2.6572382   4.65966     0.85984665
  0.7740783   0.58492166 -0.44861832 -0.39819834  2.0439832   0.30089667
  0.96201664  1.6192917   2.7541065  -1.219445    0.06030168  0.45649663
 -0.9558384  -0.37134662]