[-0.574335    1.160355   -1.0142218   1.8019466   2.28741     0.36176333
  1.5470616   0.24547501 -2.070195    1.7719232   0.10754005  2.7952
 -1.3012282  -0.5865367  -1.2350968   0.10955003 -1.2159817   1.7340835
 -1.0571834   2.5252132  -0.49700174  3.2832835   0.98576146 -0.06908333
 -0.37687    -0.37509832  0.49283168  2.4684331   0.48073497 -1.6505333
  1.2747465  -0.53584665 -1.4742032   0.8547867   3.4919484   2.3161883
 -2.0426567   0.5626283  -2.8654482   0.5345734  -3.2131615  -0.77043176
  2.3467968  -1.7655951   0.03346169  1.4798268  -2.2396517  -1.6468316
  0.87285167  0.9726884   1.6620735   0.6907584  -0.09068668  1.305045
 -0.85686666  0.6634583  -0.63781005 -0.877815    1.2555417   0.5342683
 -0.24502666  1.1992966   0.80438495 -1.9486732  -0.29723164  0.854835
  0.36179665  0.835145    1.12958    -0.6714867   1.2566667  -1.48618
  0.5178284   1.78573    -1.9608      1.5339599   1.2146335  -0.05675511
 -1.2987984  -0.41395497 -0.56300163 -1.1654266  -1.4871734  -1.0716732
  0.8769517   0.49423492 -1.1058849   0.6510499   1.7953864   0.5782883
  2.34777     0.8524167   0.98477834  0.1344167   0.21914999 -0.33525833
 -1.36098    -1.4172732   1.1011182   1.7307152   2.020505   -2.8787153
  2.572295    2.4252748   0.17246999  0.48131332 -0.5445     -0.40899166
 -3.5100734   3.4334164   0.35405836 -2.567725   -1.3628417   3.2221882
  0.6995983  -4.051437    0.6980684   1.0122849   1.3565499   1.1931249
  1.2123334  -1.2865001   3.271415    1.3291284  -0.90027666 -2.3203933
 -1.8515333  -0.61404335  0.82634    -0.5944033   0.04829174 -1.2849716
 -1.4808884   0.14771833 -1.4868116  -1.4168366  -2.8809617   0.28273168
  3.4901745  -1.177305   -0.48619664  1.4042364   0.29826167 -1.0386367
  2.1373684   0.79351157  0.6471767  -2.2756684   1.7432767   0.68802
  0.06026502 -0.21148665  0.59066504  0.69658166 -0.8276567   0.53719664
  1.1872351   2.0503433   1.8631134  -3.3810768   1.49786    -1.9642534
  0.585085    0.60077995  0.25750673  0.7921284  -0.02827834  2.316215
 -2.3146918   1.4058466  -0.18295997  1.8139467  -0.9442067  -2.4609852
  0.3375183  -1.3152117   0.27582666  0.562015    0.88816494  0.56061834
 -3.0024118   2.3936384  -0.86623     2.865063    4.736343    0.59025
  0.32143828  0.9047167  -0.41350332 -0.20027499  1.9353718   0.60249674
  0.92280823  1.2310084   2.761665   -0.8500467   0.6186983   0.363655
 -0.85544664 -0.39958835]