[-0.9217615   1.1512383  -1.31014     2.2742798   2.1884935   0.40210167
  1.094425    0.1624167  -1.6006268   1.4890167  -0.04269831  2.6177766
 -1.2127682  -0.4534351  -0.88665676  0.15042503 -1.2437068   1.5294
 -1.1687083   2.2331684  -0.7260418   2.8600986   0.8051966  -0.18876334
 -0.8594416  -0.52328163  0.54371333  2.1102016   0.6111133  -2.0809383
  1.6043768  -0.65457165 -0.918225    0.96431345  3.592045    2.54512
 -2.2401965   0.40998498 -2.8466465   0.4674767  -3.08411    -0.43361667
  2.2951517  -1.5487751   0.21173     1.2902584  -1.7148017  -1.5736934
  1.1324633   1.275115    1.19501     0.6241367   0.331705    1.2527933
 -1.0474566   1.3956265  -0.5927084  -0.98668504  1.492035    0.61666495
 -0.8850384   1.0635133   0.706465   -1.6494583   0.09675666  0.792705
  0.84433335  0.40098667  1.3476251  -0.8513884   1.5377417  -1.3536767
  0.05332168  1.6922699  -1.7992531   1.5801516   1.1521801  -0.40166673
 -1.6181735  -0.35995662 -0.46089998 -1.3067299  -1.9341149  -1.39247
  1.2279283   0.4079266  -1.0688317   0.66909665  1.7849898   0.40254998
  2.0914767   0.7111133   1.2337834  -0.03006502  0.11636499  0.15227835
 -1.5230099  -1.2515167   1.0826583   1.9739584   1.65516    -2.61134
  2.7696152   2.2400484   0.4632717   0.9415283  -0.74998665 -0.4449133
 -3.2907104   3.1705132   0.5798617  -3.0089405  -1.5396433   2.9712565
  0.8671067  -3.8052251   0.8973983   1.0763134   1.6223618   1.9941716
  0.80397004 -1.52169     2.4682734   1.0254234  -1.0405833  -2.7920532
 -2.07179    -0.6695633   1.3153733  -0.75803834  0.3605651  -1.4756083
 -1.2747217   0.18674833 -1.4059216  -1.3713799  -2.2555168  -0.12749338
  3.5082147  -0.9401317  -0.0668283   1.61387     0.5859467  -1.5886902
  2.367815    0.9204666   0.4994267  -2.8247116   2.1100519   0.45233664
 -0.37234497  0.01132337  0.72397834  0.93775004 -0.96221834  0.88507503
  1.119655    2.04007     1.7880999  -3.3372152   1.84757    -2.1512167
  0.5800033   0.45421     0.11762837  0.732245    0.12328166  2.5840733
 -2.1837683   1.2676767  -0.18494998  1.3750452  -0.82068664 -2.7699401
 -0.18566    -1.1313616   0.33217335 -0.03602165  0.6237367   0.64050335
 -2.9108934   2.3512301  -1.0187817   2.8251665   4.597038    0.58581
  0.40311494  0.9472583  -0.3179     -0.3910483   1.8158633  -0.30468667
  0.75672     1.3036733   2.9409382  -0.549345   -0.33410668  0.40598336
 -0.70916337 -0.6571117 ]