[-0.30666235  0.81243384 -0.27430418  0.627164    0.97912073  0.65000576
  0.59431285 -0.09060113 -1.2741573   0.20489073  0.34275165  1.3735257
 -0.8317202  -1.6895411  -0.21296087 -0.04966804 -1.1528536  -0.13857615
 -1.567673    1.2101995   0.2766434   1.8809794  -0.9318559   0.20275001
 -0.37792802 -0.8475522   0.48417532  2.025827   -0.27990514 -1.0671188
  0.2339794  -0.11353492 -0.1798838  -0.05922408  2.0313005   1.5923215
 -1.039159    0.6083931  -1.2227888   0.08509251 -1.7773128  -0.69833493
  1.335396   -0.6314588   0.6760201   1.0902003  -0.83324456 -0.66714317
  0.39003214  0.704021    0.71728516  0.23692124  0.27340937  0.7134514
 -1.0639142   0.98974925 -0.1838427  -0.01721021  0.6120777   1.4495763
 -0.25038308  0.46072513  0.88628376 -1.1009839   0.76637495  0.5615636
  0.3493503   0.66325754  0.34089616 -0.46512416  1.2207619  -1.0214688
  0.6115524   0.9616676  -1.3931248   0.8592096   1.0895272   0.6599849
 -1.2757654  -0.08691329 -0.02244947 -0.77494293 -0.60421056 -1.0972642
  0.6366053   1.4662129  -0.7616618   0.66481507  1.0549129   0.75769126
  0.59802085  0.5160304   0.4693269   0.07441569  0.07171138 -0.7313858
 -0.7311932  -0.5465125  -0.41745013  0.80466026  0.3965976  -1.4341382
  1.6761562   0.80672073  0.07562708  0.39767882 -0.20545073 -0.05924455
 -1.3737851   1.9372582   0.5086006  -1.123629   -1.1537288   1.0012236
  0.76560557 -1.3056943   0.26696795  0.7797074   0.1528427  -0.13201204
  0.9910433  -1.3033038   1.3756773   1.3728783  -0.00849395 -1.6159298
 -1.1582978  -0.21765189 -0.14088713 -0.34314603  0.85706    -1.1153413
 -0.6457606   0.37563726 -0.1605738  -0.01260388 -0.6191226   0.9725201
  0.67334205  0.44475338 -0.15746126  1.005713    0.5246233  -1.1037335
  1.192754   -0.49769878  0.52126294 -1.460096    0.9999031   0.03054978
  0.2658596  -0.18551481  0.51871586  0.39587834 -0.07367576 -0.08011597
  1.0221717   1.4738249   0.69088227 -0.24671459  1.5150726  -1.9322844
 -0.42506915 -0.05863079 -0.02911009  0.08801804  0.4212643   2.7204592
 -0.7181535   0.9168741   0.5252001   0.7495296  -0.86148685 -0.67596567
 -0.0341035  -0.32547238 -0.02060137  0.4914254   0.44824675 -0.04060411
 -1.8909427   1.0559412  -0.5589363   1.1709622   2.2728043   0.31388697
 -0.45224953  0.5958974   0.20921001 -0.47438702  0.86596227 -0.38292187
  1.1281288   0.46472272  1.6368645   0.04534151  0.07781207  0.18000083
 -0.59372014 -0.20790993]