[-3.00232973e-02  1.21527493e+00 -2.99318314e-01  1.95916653e+00
  1.95885849e+00  5.45451641e-01  1.70762312e+00  3.35873365e-01
 -2.16839504e+00  1.37085831e+00  2.46916696e-01  2.83043671e+00
 -1.20745838e+00 -8.46331656e-01 -7.20043421e-01 -4.05198306e-01
 -1.26865351e+00  1.46594846e+00 -1.29114342e+00  2.22597814e+00
 -2.08866760e-01  3.21274495e+00  4.10569906e-01 -5.43593347e-01
 -7.40869999e-01 -4.91658300e-01  1.14822328e+00  2.33263159e+00
  8.85664999e-01 -1.58661497e+00  9.07883406e-01 -9.32421684e-01
 -1.22378826e+00  7.85971701e-01  2.99354005e+00  1.88694823e+00
 -2.04259849e+00  2.55301625e-01 -2.80949497e+00  5.71015060e-01
 -3.18367004e+00 -4.81998354e-01  2.86321473e+00 -1.03529668e+00
 -8.63316432e-02  1.40373170e+00 -2.18658829e+00 -1.52218342e+00
  1.27588332e+00  9.93571579e-01  1.09227824e+00  9.19327606e-03
  1.48599982e-01  1.66751158e+00 -6.66828334e-01  6.74954951e-01
 -4.93639976e-01 -6.53166652e-01  1.31081164e+00  5.64863265e-01
 -5.14985025e-01  9.12503302e-01  6.23629987e-01 -1.71125507e+00
  2.43111655e-01  2.73278326e-01  4.83374983e-01  4.06483322e-01
  1.04035664e+00 -4.17583346e-01  1.18218660e+00 -1.43272841e+00
 -2.17953324e-01  1.86612666e+00 -2.25675344e+00  1.04055834e+00
  6.05356693e-01 -3.80003363e-01 -1.65590668e+00 -6.80490017e-01
 -4.97326642e-01 -1.15250492e+00 -1.82722664e+00 -1.60829484e+00
  1.25935173e+00  6.49678290e-01 -1.33030498e+00  4.63993311e-01
  1.71007645e+00  8.47604990e-01  5.14683306e-01  8.58170033e-01
  1.07898998e+00  1.12115026e-01  6.31233379e-02 -2.13421643e-01
 -1.03895831e+00 -1.01671660e+00  9.29403305e-01  1.47845995e+00
  1.83279836e+00 -2.53769660e+00  2.79409671e+00  3.04986358e+00
  3.61385018e-01  6.52029991e-01 -3.22844982e-01  1.23681642e-01
 -3.30571175e+00  3.73007298e+00  5.98213434e-01 -3.05494189e+00
 -1.26804662e+00  2.93691826e+00  9.00848329e-01 -4.24303484e+00
  5.22059977e-01  1.19664490e+00  9.41479981e-01  1.60234654e+00
  6.68365002e-01 -1.42936671e+00  2.91588187e+00  1.75799167e+00
 -7.73946583e-01 -2.60558677e+00 -1.72121823e+00 -8.27123344e-01
  6.78776681e-01 -7.67108262e-01  7.04476774e-01 -2.03244829e+00
 -1.13361514e+00  1.44624993e-01 -1.85952508e+00 -1.35315990e+00
 -2.81296349e+00  1.43838331e-01  3.51328635e+00 -5.09761691e-01
 -5.91916740e-02  1.24255145e+00  5.89786649e-01 -1.03328836e+00
  2.39235330e+00  6.11814976e-01  5.12089968e-01 -2.09308672e+00
  1.64973676e+00  6.04451656e-01  9.14066806e-02  1.79709986e-01
  9.96596754e-01  3.43825012e-01 -6.06808305e-01  4.32876676e-01
  9.62565005e-01  2.04199672e+00  2.01234341e+00 -3.02295852e+00
  8.67523372e-01 -1.99599683e+00  5.46665013e-01 -2.91335583e-03
  1.22596703e-01  1.14898336e+00  7.08003283e-01  2.66224837e+00
 -2.35380673e+00  1.03626668e+00 -5.22385001e-01  1.63952160e+00
 -7.04783261e-01 -2.99959850e+00  1.92185000e-01 -1.09565675e+00
  4.01031643e-01  4.58765000e-01  7.71225035e-01  5.71935058e-01
 -3.01843357e+00  2.56179833e+00 -1.71319997e+00  1.94773161e+00
  4.52574301e+00  5.75523317e-01  4.18978304e-01  1.01196492e+00
 -3.83126646e-01  1.45349503e-02  1.94812489e+00  3.18148404e-01
  8.31623316e-01  1.16465998e+00  2.92125988e+00 -6.45055056e-01
 -7.19334697e-03  4.18165058e-01 -7.98643351e-01  4.35580015e-01]