[-0.9408682   1.0102783  -1.2674334   2.2432215   1.89156     0.48497677
  1.9823216   0.11145505 -2.261365    1.612085    0.22145502  2.3570783
 -1.5356365  -1.2011317  -1.191445   -0.08574832 -2.2019      1.29205
 -0.6687217   2.2422483  -0.69563675  3.5287983   0.4100615  -0.26912498
 -1.0853316  -0.18738998  0.22522335  2.1346881   0.42971    -2.4315283
  0.7749367   0.3224299  -1.1732167   0.4327934   2.9047785   2.1031048
 -2.2884133   0.6907968  -3.0228465   0.4663117  -3.1184065  -0.7323784
  3.0091715  -1.731465   -0.02638332  1.8044416  -1.7015151  -1.4948901
  0.6407883   1.0417718   0.9523216   1.20425     0.52629334  1.5513067
 -0.5491383   1.0889233  -0.57059497 -0.3288667   1.0149001   0.2614366
 -0.22415166  1.0200683   0.6591534  -2.1075983  -0.38664505  0.86484337
  0.522135    0.31394002  1.2779     -0.75467664  1.8788366  -0.8968083
 -0.07360331  1.300445   -1.9930534   1.4159416   1.4192067   0.14754836
 -1.4907068  -0.2979933  -0.41776332 -1.1470684  -1.8941301  -1.6233431
  0.78962344  0.33349487 -1.6237732  -0.29916832  1.79097     0.81411165
  1.3959717   0.5422984   0.850445   -0.09256836  0.058675   -0.48269665
 -1.0141432  -0.78392667  0.74539495  1.1151284   2.1196535  -2.0717301
  2.7713382   2.7240617  -0.13698666  0.61843497 -0.41268    -0.08388496
 -3.3438568   3.3340263   0.25692335 -2.488067   -1.03235     2.5096948
  0.69206    -3.7550018   0.39284495  1.05922     1.2770834   1.2932483
  0.60669    -1.4222552   3.1106732   1.3207718  -0.73053664 -3.0671434
 -1.8100315  -0.5921234   0.82433504 -1.0175949   0.8298633  -1.015485
 -0.8513534   0.33252165 -1.7230383  -1.3327383  -3.2420216  -0.32101002
  3.2203348  -0.93858504  0.1401567   0.9547799   0.12426334 -1.3936783
  2.3267233   0.49589327  0.572665   -2.1207967   1.9445719   0.40565673
  0.05065002  0.2049133   0.97761506  0.32967666 -0.36311328  0.5478466
  1.171115    1.6377734   1.7270149  -3.1999319   1.803535   -2.2211885
  0.29072002  0.12160162  0.51371837  1.0512217   0.05765499  2.3287733
 -2.631695    1.464125   -0.14876331  1.6013184  -0.8240517  -2.618625
  0.22893329 -1.2294201  -0.08367499  0.43468502  1.4085317   0.36772332
 -3.4109185   2.64735    -1.0254999   2.8092515   5.020385    0.6428583
  0.55127496  0.90061164 -0.22467001 -0.52967656  2.0024784   0.25041005
  0.91836494  1.2742516   2.68665    -0.46541834  0.26249     0.17653835
 -0.8894984  -0.14080335]