[-1.0272132   0.63463837 -0.99303174  1.4546432   2.3506966   0.15355174
  1.8470331  -0.29028332 -2.5510967   0.90326667  0.2303567   2.3113549
 -0.86381    -0.85785335 -0.31001332  0.26280668 -1.3971151   1.4811001
 -1.31485     2.5150664  -0.6597068   3.0301836   0.5132549  -0.71075004
 -0.79463166 -0.6722317   1.3041099   2.0727417   0.50494    -1.8180414
  0.72545004 -0.11053666 -0.9210499   0.85715675  2.7259834   2.0764916
 -1.9046917   0.26523328 -2.4448102   0.19596672 -3.4240081  -0.66746
  2.7791414  -1.9509883   0.37139502  1.25257    -1.0076684  -0.90757674
  0.775055    1.3583717   1.0061816   0.6329067   0.3609167   1.65543
 -1.0415868   1.9497633  -0.8838584  -0.6372867   0.36447334  1.3106098
 -0.29604664  0.32542     0.9470833  -2.086027    0.08218334  0.6904733
 -0.00516504  0.6682117   1.0940183  -0.8069617   0.9333733  -1.361045
  0.02534834  1.5468117  -1.2541816   1.7208048   0.45463005 -0.52828175
 -1.2457551  -0.5718283  -0.60076    -1.6434116  -1.2867767  -1.1536716
  1.7158384   0.7667716  -1.3528885   0.4740483   1.627405    0.91644835
  1.1752583   0.79696006  0.69839996  0.16370332  0.5084117  -0.43110168
 -1.0837232  -1.3953015   1.1393867   1.4757084   1.5193634  -2.521035
  2.60236     2.8808134   0.35521665  0.7330566  -0.54267496 -0.88769835
 -2.130307    3.3420916   0.6480034  -3.1336854  -1.4917583   3.2082682
  0.90548164 -3.5909033   0.96922     1.6432433   1.2744316   1.8306766
  1.3569918  -1.7108917   2.5563867   0.8680683  -1.413705   -2.4709551
 -1.5084432  -0.7132618   0.04122335 -1.6112851   0.21786505 -1.8339349
 -1.382625    0.09681165 -1.87852    -1.3472916  -2.3363516  -0.5692584
  3.563913   -0.80323505 -0.19752999  0.87759334  0.73559    -1.7803383
  2.97548     0.26829162  0.191725   -2.0240166   1.792255    0.29151502
 -0.2047417   0.13333003  1.0711217   0.58571833 -0.7116234   0.78941506
  1.4267883   2.3538299   1.5539618  -3.0822468   1.5217916  -1.9249634
  0.02325165 -0.02461501  0.1850967   1.2744367   0.42012838  3.222142
 -2.091305    1.4263533   0.27770162  1.851195   -0.90856    -2.27112
  0.06298665 -1.3025767  -0.15170164  0.41370833  1.0871217   0.3198417
 -2.7004569   2.2848685  -0.36223498  2.7954366   4.0602098   0.74024004
  0.37247166  0.45739996 -0.06181002 -0.87932664  1.9876314   0.34343335
  0.58821493  1.7022716   2.8229666  -0.61656004  0.74609154  0.17000334
 -0.835695    0.04675665]