[-1.0919615   0.8347017  -0.3966917   2.1669714   1.9417883   1.2672435
  1.238095   -0.10092497 -2.0394185   1.9342283   0.1675783   2.5893033
 -0.97250825 -1.9150151  -0.9072301  -0.43414667 -1.4490399   0.96791834
 -0.84599     2.173005   -1.6593218   2.8109932   0.12368155 -0.32324836
 -1.2122167  -1.1057633   1.1257184   2.061195    0.20619164 -1.7970015
  0.8738034  -0.51128834 -1.2054533   1.0584317   2.7451153   2.6267765
 -2.0694535   0.5660767  -2.9899633   0.7610817  -3.4218102  -1.0033084
  2.5346534  -1.0499667   0.19426501  1.91607    -2.4733117  -1.2522801
  0.7292034   1.0469317   0.49856833  1.282705    0.36043668  1.7781385
 -0.813255    0.87828666 -0.6366183   0.30035833  0.72788835  0.87093496
 -0.50249004  0.752115    0.19515167 -1.2952284  -0.13243833  0.6620833
  0.37500498  0.24790168  1.728985   -0.20107834  1.8284899  -1.79491
 -0.11714999  1.5544615  -2.0681968   1.347765    0.88735676 -0.05243178
 -1.8710933  -0.02245335 -0.7682483  -0.85101    -1.6184349  -2.2186315
  0.90808994  0.5992383  -1.4598001   0.42748666  1.6940566   0.74064827
  1.4082699   1.0068884   1.0914999   0.19748835  0.22698839 -0.5588017
 -1.0567982  -0.990325    0.55788493  1.3498601   1.3942317  -2.3826015
  2.45365     2.5350282   0.15580668  0.4616383  -0.6452883  -0.11127999
 -2.8080852   3.5196931  -0.09100827 -2.6258318  -1.1885633   2.3806818
  0.93572164 -3.5216749   0.5236433   0.8013299   1.2591      1.65248
  0.5689617  -1.6588999   2.5404932   1.5745734  -1.1663767  -2.1105483
 -2.075785   -0.93510836  0.826255   -0.92348003  0.79331183 -1.1897401
 -1.5098616   0.70497507 -1.8086017  -0.8037     -3.481683    0.6217534
  3.5663297  -0.46684837 -0.81422836  1.0197483   0.7868717  -1.4918102
  2.0590885   0.7645116   0.05180166 -2.19117     1.6401434   0.56087834
  0.19370002  0.3355333   1.4999748   0.47972164 -0.607175    1.082245
  1.2335184   1.9080516   1.9878616  -3.0169418   1.7965032  -2.3480866
  0.06695831 -0.01075836  0.47594002  1.1031901   0.21734832  3.2464619
 -1.8542217   1.4431833  -0.5623583   1.2407134  -1.1727251  -3.1603086
  0.6585583  -1.0250267  -0.26416007  0.85728675  1.2393667   0.63738835
 -3.4671602   3.4245136  -0.6797366   2.604905    4.0479884   0.61337334
  0.64871997  0.44841662 -0.27265665 -0.25033167  2.1828449   0.2175334
  0.9481016   1.2780217   2.4597166  -0.07331836 -0.17464666  0.01727835
 -1.162745    0.24880499]