[ 5.20183258e-02  5.75016677e-01  5.16231656e-01  1.98591840e+00
 -2.45834398e-03 -1.72930849e+00  4.82733339e-01  1.32136166e+00
 -1.47458839e+00  2.22239327e+00 -1.52839839e+00  1.50535667e+00
 -6.27124965e-01 -1.22828162e+00 -2.35123336e-01 -1.90973341e-01
 -8.83226693e-01  5.08079946e-01 -7.40006685e-01  2.16708350e+00
 -8.56200159e-01  1.51408660e+00  8.39436531e-01 -3.80725056e-01
 -6.59323275e-01 -8.75453413e-01  1.21893835e+00  1.90118837e+00
  1.34706661e-01  9.35386717e-01  5.58861613e-01 -8.62791717e-01
 -1.13730502e+00 -3.65299992e-02  4.18462658e+00  2.13314342e+00
 -1.48029006e+00 -1.63289511e+00 -1.53751814e+00 -3.49154979e-01
 -2.03169322e+00 -9.70208347e-01  1.16962159e+00 -5.69866717e-01
  1.88870013e-01  1.34770334e+00 -4.90879983e-01  1.41059950e-01
 -1.01703322e+00 -2.20650017e-01  2.13526320e+00  9.88595009e-01
 -4.64233369e-01  2.76703191e+00 -1.25997496e+00  1.63027668e+00
  2.93483317e-01  1.16777992e+00  2.27518487e+00  5.39600074e-01
 -3.43740016e-01  1.40793848e+00 -2.07210049e-01 -1.44325006e+00
 -4.73868340e-01  1.35286674e-01  1.94021988e+00  1.48864508e+00
  9.52611744e-01 -1.92693353e-01  2.14248824e+00 -1.09859657e+00
  5.89876711e-01  5.28675020e-01 -2.25432014e+00  1.12039340e+00
  1.23332512e+00  2.34168306e-01 -1.62621343e+00 -4.21225041e-01
 -4.70660001e-01 -7.88083300e-02 -1.61575034e-01 -6.53374970e-01
 -8.60843420e-01  1.67534506e+00 -2.10628375e-01 -1.03773344e+00
  1.05988657e+00  4.37878370e-01 -1.08525503e+00  5.76395035e-01
  1.84871659e-01  1.45828831e+00 -2.37749871e-02 -4.28259969e-01
  3.09531659e-01 -1.63380659e+00  1.23659992e+00  3.63718361e-01
  2.97984338e+00 -7.96544969e-01  1.51635993e+00  7.15788305e-01
  5.98016977e-02  4.72474962e-01 -1.69689998e-01 -7.76663303e-01
 -8.66316617e-01  1.19676840e+00 -9.53433216e-01 -1.57634163e+00
 -1.20637500e+00  7.28084981e-01  8.64293337e-01 -1.56810844e+00
 -2.34468356e-01  1.14293158e+00 -1.36858177e+00  2.04004502e+00
  1.23626840e+00 -1.22883332e+00  2.38752317e+00  1.22237337e+00
 -1.99069834e+00 -7.00693309e-01 -2.50352168e+00 -7.04050064e-02
 -7.94754982e-01 -2.00883317e+00  1.50241995e+00 -7.51921713e-01
 -3.08978349e-01 -3.94716524e-02 -2.07145667e+00  1.47749782e-02
 -1.74557340e+00  1.61679938e-01  1.33571005e+00 -9.63236809e-01
 -1.05375014e-01  7.97818363e-01  1.15964663e+00 -1.15963840e+00
  7.48423338e-01 -9.38226700e-01  6.81236565e-01 -3.56579930e-01
  2.75929165e+00  1.25438666e+00 -9.68625009e-01 -1.56793845e+00
 -2.41954997e-01  1.42449932e-02 -7.40963280e-01  2.09783483e+00
  1.60847998e+00  6.11103296e-01  2.01637006e+00 -1.39817846e+00
  1.86425829e+00 -1.83058012e+00 -4.48993325e-01  4.25006628e-01
  8.85718346e-01 -8.83816853e-02  5.93566895e-02  2.69936347e+00
 -2.33187175e+00  1.12227833e+00  1.69008374e-01  9.24046576e-01
 -5.73866665e-01 -1.44681013e+00  2.32651666e-01  2.72199716e-02
  4.79616709e-02  1.91324663e+00  4.65238333e-01 -2.98279971e-01
 -7.99269974e-01  2.01923656e+00 -1.54157162e+00  1.70801008e+00
  3.36077809e+00 -1.15149982e-01 -8.77301693e-01  1.26239336e+00
  5.74061692e-01  4.94116634e-01  1.42625487e+00 -2.09216680e-02
  1.26783836e+00  1.01273328e-01  1.16747332e+00 -6.55501723e-01
  8.09566677e-01  1.09402835e+00 -8.15865040e-01  6.77166641e-01]