[[ 0.2248717   0.61120802 -0.63885549  0.82019719  0.75428592 -0.75004958
   0.21335324  0.05670183 -1.23875238  1.12978436  0.52591281  1.29963606
  -0.33686056 -1.49489112  0.44738507  0.12429817 -0.19908986 -0.39706436
  -1.33993986  1.72577042  0.80512875  1.2898621  -0.86621689 -0.43361577
  -0.44635224 -0.62287873  1.31760212  1.43444326 -0.67138352 -0.01989154
   0.25838789 -0.12318352  0.04584761 -0.01216367  1.33888523  1.31756308
  -0.58777705  0.40492915 -0.6684969   0.25273014 -0.67244549 -0.23012858
   1.09151182  0.49335591  0.75991873  0.92370324 -0.69562156 -1.02313239
  -0.05248296  0.65657169  0.26898197  0.43088084  0.17971775  1.37293394
  -0.70554761  0.18899281 -0.14440831  0.93350674  0.37349802  0.50344183
  -0.24599267  0.65972748  0.1722907  -0.78729324  0.33402717 -0.07752521
   0.35434999  0.62345253  1.05792874  0.43503141  1.21742495 -0.94278563
   0.48209013  1.55224817 -1.26516281  0.75450128  0.44913494  0.35527887
  -1.08094155 -0.95327379 -0.38770774 -0.67502872 -0.38276563 -0.51742605
   0.09528987  2.69120114 -1.16196759  0.11479028  1.08698465  0.62102957
   0.07337155  0.0829738   0.23850394 -0.45324436 -0.14902619 -0.02036409
  -0.5507114  -0.71045451 -0.09416958  0.18888351  0.87516972 -1.09166663
   1.51932     1.58312309  0.47839212  0.82688901 -0.42234099 -0.12262395
   0.08560155  0.55424901 -0.53343113 -0.56843381 -1.45508535  0.9341752
   0.28292986 -1.46603367 -0.27422916  0.40534662  0.23825057 -0.19643703
   1.00854747 -1.09225902  1.0933693   0.90467126 -0.61832493 -1.26365605
  -0.22301295 -0.49841169 -0.08248338 -1.35596592 -0.05140142 -0.92492309
  -0.76247621  0.03311309 -0.66721507  0.36706887 -0.58007212  0.46335112
   0.90125423  0.5196838   0.52686775  1.53701704  0.36607381 -0.66409424
   0.56293956  0.04617141 -0.00480507 -0.9538469   0.74874281  0.31965114
  -0.03611943 -1.86263255  0.27720169 -0.07835788 -0.03906845  0.67403449
   0.55460295  0.43861746  2.32585307 -0.0282814   1.1556493  -1.27240972
  -0.64318394 -0.45617859  0.62748423 -0.1787269   0.3303331   1.90484381
  -0.48184774  0.63674453  0.2130524   0.26762831 -0.43622211 -0.58605156
  -0.54715592 -0.29178929 -0.25421648  0.9382531   1.08362239 -0.72956255
  -1.68973802  1.11256675 -0.71404408  1.10151027  1.54251098  0.22730014
  -0.36134606  0.36188972 -0.24681873 -0.48542634  1.47173268 -0.12005662
   0.94695239 -0.21616817  0.70978324  0.04958959  0.3822217   0.66487775
  -0.14073773 -0.14016844]]