[[-5.51163447e-01  2.73612757e-01 -9.73029867e-02  7.70141383e-01
   6.68475515e-01 -8.04267828e-02  6.07928615e-01  1.47019186e-01
  -1.00864553e+00 -1.03302404e-01  1.40050002e-01  1.39859092e+00
  -6.15521717e-01 -1.16073309e+00  2.20451954e-01  3.64608160e-01
  -1.27515907e+00 -3.87132247e-02 -8.76037698e-01  9.82795621e-01
   1.64923220e-01  8.61359553e-01 -3.81721034e-01 -7.51618374e-02
  -6.39654039e-01 -6.65796331e-01  2.43678509e-01  1.55799678e+00
  -1.62221373e-01 -1.19451220e+00  7.86947813e-01 -5.10645282e-01
  -5.33849200e-01 -7.82822969e-02  2.12453714e+00  6.56449532e-01
  -1.02656921e+00  2.28466550e-01 -1.39670264e+00 -1.92395288e-01
  -1.59112322e+00 -2.87610108e-01  8.21811026e-01 -1.05816481e+00
   9.58242186e-01  4.69937699e-01 -4.46065526e-02 -2.31690351e-01
  -3.52292996e-04  8.30183565e-01  9.59987362e-01  1.61108009e-02
   3.69387017e-01  8.00023099e-01 -5.25305045e-01  1.76588609e+00
  -6.26950550e-02  7.25840364e-02  5.77455637e-01  1.18655023e+00
   7.87050664e-02  9.42497473e-01  6.22370234e-01 -9.76972309e-01
   3.76607225e-01  3.50579543e-01  5.59100236e-01  8.62342649e-01
   3.16936327e-01 -5.12658738e-01  9.99520465e-01 -8.52765053e-01
   5.50880922e-01  1.23607137e+00 -7.47660921e-01  8.80671038e-01
   6.40499430e-01  3.44295408e-01 -9.94469785e-01 -5.75156892e-01
  -5.14076659e-01 -8.72778404e-01 -6.80919654e-01 -8.47226995e-01
  -2.96256553e-01  1.33645816e+00 -6.77126441e-01  2.11948043e-01
   3.92649426e-01  3.97712993e-01  8.75648390e-01  4.10321036e-01
   4.97841951e-01  1.95507478e-01  2.45034266e-01 -1.67944833e-01
  -2.69659880e-01 -3.62363797e-01  3.18428061e-01  3.19111838e-01
   8.06102990e-01 -1.47138586e+00  1.86038205e+00  3.05027954e-01
   4.10401033e-01  1.69025283e-01 -6.36457002e-01  4.63073215e-01
  -1.51011263e+00  9.20413779e-01  5.96065514e-01 -1.05330046e+00
  -1.03504586e+00  4.09279308e-01  4.66201494e-01 -1.82341172e+00
   2.75255060e-01  2.15636321e-01  5.70402627e-01  4.30685403e-01
   1.24668287e+00 -1.35603955e+00  8.46595642e-01  9.89565287e-01
  -1.64577129e-01 -1.80453701e+00 -8.50103435e-01 -4.24611735e-01
   4.96137870e-02 -1.09125402e+00  5.05340114e-01 -5.96454023e-01
  -1.14669891e-01  5.79220009e-01 -2.09498276e-01 -1.38642593e-02
  -2.47503342e-01  5.85049890e-01  8.72552755e-01 -2.96725285e-01
   4.47291502e-01  8.14145978e-01  8.15533906e-01 -1.45790953e+00
   1.02472862e+00 -6.35364363e-01  5.38419066e-01 -1.19375091e+00
   1.22205829e+00  4.20164023e-01 -1.06844831e-01 -6.24144367e-01
   6.42292637e-01  5.75795975e-01  9.25842547e-02  3.64181722e-01
   8.72305756e-01  1.67514551e+00  1.17137920e+00 -6.47786663e-01
   1.54051056e+00 -1.25124206e+00 -5.28109548e-01 -3.03851950e-01
   1.27090919e-01  3.87264241e-01  2.08692311e-01  2.09059770e+00
  -7.35054494e-01  5.83434499e-01  5.30415397e-01  1.04068276e+00
  -8.07162196e-01 -2.29548970e-01  4.98320463e-01 -2.06787813e-01
  -5.46788972e-01  7.75598959e-01  1.01603989e+00 -7.14505532e-03
  -1.50275483e+00  8.91818621e-01 -1.12158392e+00  1.52827308e+00
   2.27813367e+00 -3.30766725e-02 -8.25537113e-01  5.27185873e-01
   2.42942644e-01 -2.35058849e-01  1.09226907e+00 -7.87895922e-03
   8.91689312e-01  5.14802989e-01  1.44741850e+00 -2.09536203e-01
   1.66835062e-01  4.07418495e-01  1.49152774e-01  1.42533102e-01]]