[ 0.9882115   0.00490854  0.25196573  1.5504901   2.0325615   1.4267943
  0.23877276  0.13070716 -2.9667187  -0.5200757   0.2286057   1.5678571
 -0.5397872  -3.1990914   1.0206858  -0.96181005 -0.68201    -1.2973543
 -1.3314015   1.1462843  -0.45125     2.897333   -1.1962929  -1.6536758
 -0.01722428 -1.12544     1.8785328   2.09122    -0.57462156 -0.16222
  1.5173959  -0.39123994 -0.2802557  -0.3006886   3.3120444   1.9003958
 -2.6557288   0.75413436 -0.03729283 -0.5503986  -3.0602684  -0.25266287
  2.8739445  -0.2590643  -0.34159714  2.2856414  -1.2955229  -2.4482057
  1.1624001   2.1867871   1.6975615   0.15412574  0.07373713  1.3821944
 -0.7710886   1.570483   -0.12343571  1.0791786   1.03064     1.3381144
 -1.9297485   1.7954086  -0.31740004 -0.86761147  0.48829994  0.41287145
  1.1124743   0.84419864  0.31349713  0.11019714  2.1805673  -1.5653714
  1.0306227   1.9588001  -2.608637    1.6782529   3.2043042  -0.40191153
 -1.7604029  -0.47107282  0.09038285 -0.7760257   0.00737859 -1.108603
  1.0130686   2.4582744  -0.77694136  1.4164943   1.9027601   0.6719271
  0.39913717 -0.36592573  0.59103143 -0.9250428  -0.87722427 -0.41182575
 -2.1926014  -0.5208643  -1.0018314   0.98532426  1.8625557  -3.40939
  4.1629586   1.8846542   1.0413115   0.8631014   0.53806573  0.5684257
 -1.1925414   0.74726     1.1346315  -1.7841085  -0.8097172   1.4533342
 -0.35044286 -2.2065284   0.37948424  0.2386557   1.4492614   0.5018886
  2.4977899  -1.4031085   3.7163243   2.1268756  -1.9327927  -1.149997
 -2.1501744  -0.41304    -1.3981657  -2.018953    0.32310292 -1.0497344
 -2.0759485   0.6709157   0.36448142  1.21399    -1.7717298   1.0254242
  0.67241436  0.52982706  0.38262573  2.144683    0.67919147 -0.99898285
  1.5800728  -1.1972128   1.4664886  -3.3301814   1.44377     0.41917005
 -0.5373186   0.66300994  2.1251957   0.24624856 -0.41040713 -0.45112148
  1.1492857   3.5952868   1.6415815  -0.21688713  3.0001233  -1.74833
 -1.1563402  -0.6627957  -0.34453863 -0.2626614  -1.0426328   3.92345
 -1.9390128   0.6679001   0.8029571   1.9250886  -1.3316029  -0.4109886
  0.28923717 -0.13714282  0.01180142  1.3638858   0.36385998  0.2159557
 -3.4975088   0.70110863 -0.5555357   2.4901044   4.719326    0.6010586
 -0.67170286  0.55042285 -0.7960414   0.49611282  1.1150757  -1.0854557
  2.2950146   1.9209242  -0.13713853  0.14841284  0.61031574  0.27648002
 -0.28428712  0.5946786 ]