[ 0.37663755  0.535725   -0.48760623  1.4702299   1.5441988  -0.05960376
  0.93872374 -0.75808376 -1.77404     0.991085    1.9327362   1.7887437
 -2.226625   -2.8819838   0.03470001  0.05772249 -1.565175   -0.6002724
 -1.8622437   1.288805    0.30028126  3.6462464  -2.5664651   1.25083
 -0.26456252 -1.5976576   1.8510263   2.9688401  -0.46521753 -2.476511
  0.9647362  -1.4195474  -0.30948624  0.13442001  2.7901514   2.3337338
 -0.40283245 -0.32948864 -1.08739    -0.08416744 -2.1685388   1.0579636
  3.8544564  -1.03407     1.8094237   1.2735425  -0.9477376  -1.2860363
  0.59629875  0.80832374  1.4191073  -0.4053938   0.36160877  1.1778388
 -1.3182774   0.7593625  -0.8648525  -0.2590425   1.0853362   2.0693827
 -0.7612674   1.3666711   0.38426378 -1.5888313   0.42966875  0.46671247
  0.99403137  0.5638238   1.4964813   0.19950125  2.1127687  -1.3732575
  0.94294125  1.7432575  -1.9170488   2.5075688   0.84528     0.20178623
 -1.1096612  -0.93461007 -0.68316    -0.8682199  -0.47143495 -0.7997712
  1.86166     2.465805    0.4624138   2.0244527   1.5985476   1.8471075
  1.3909826   0.12033746  0.8087725   0.5623801  -0.6362587  -0.26790625
 -3.067004   -0.45700368 -0.7084438   1.54905    -0.9570762  -2.5099537
  2.7831225   2.2291687   0.6794488   1.2723049  -0.3707025  -0.73040503
 -2.2624173   1.7424076   1.006185   -1.6190875  -1.3840936   0.54403496
  0.73570615 -2.7962613   0.45476872  0.1610775   0.9769013  -0.01698872
  1.6877488  -3.2557337   2.1667526   1.2311475  -1.0112401  -2.45945
 -1.8479162  -0.3304151  -0.9167775  -1.09547    -0.11634502 -1.32485
 -1.184375    1.9120665  -0.4195075   0.12329507 -1.19992     1.387965
  1.9662575   1.497315   -0.9357125   1.8216462   1.0085987  -2.9009838
  1.2013775  -0.5257237  -0.5226537  -1.7318575   2.344336    0.83859503
 -0.5643238  -1.9626179   2.0097113   0.38070875  0.41567996 -0.01783874
  2.2553115   3.2550714   2.3623688  -0.63306874  2.7432973  -2.39488
 -0.3895887  -0.66539997 -0.33571252 -0.42055494 -0.38064498  3.4217126
 -1.6435963   0.18105498  0.437095    0.9907788  -0.09534377 -0.42371884
 -0.6922563   0.5640487   0.6529374   1.1705937   0.62324     0.06744249
 -1.8412224   2.6017876  -1.0457238   2.1380987   3.8457096   0.58108
 -0.8580362   0.89369     0.4029588  -0.11752123  1.4778062  -0.20138372
  1.7214112   1.5359601   1.9676      0.12451747  0.03220752 -0.17654748
 -0.7765888  -0.62043244]