[-1.037304    0.17772603 -0.6656691   2.1901295   0.6807371   1.0757751
  1.7296402   0.45756197 -1.6286501  -0.0903545   1.5563376   2.253325
 -1.8449743  -2.7096467  -0.16975951  0.34056002 -1.7843351  -0.924121
 -1.5570154   1.985239    0.272503    2.1882174  -0.554104    0.11223248
 -0.4469675  -0.441809    1.168133    3.2104363  -0.88393754 -1.0113087
  1.2163756  -0.69962204 -0.4568495   0.609423    2.3601508   1.4915478
 -0.899745    0.01001599 -1.2719371  -0.16199851 -2.4276054   0.00484951
  2.0883374  -0.7154115   1.8127153   0.6735301  -0.66665643 -0.46585408
 -0.06455751  1.2260797   1.0197191  -0.3852395   0.5003994   0.7610605
 -0.520283    2.284387   -0.48758802  0.02927399  1.1308382   2.4959354
 -0.39228255  0.82697403  0.25484398 -0.71908003  0.77432704  0.48562393
  0.80951804  0.83313453  0.5432475  -0.3706395   1.2243481  -0.9680699
  1.9280634   1.4299799  -1.2018266   0.8173135   1.2760375   0.645862
 -0.9750495  -0.66580147 -0.57064    -1.9912018  -0.9435651  -1.4260039
  0.3459906   1.5620726  -0.4650395   0.96852285 -0.18946603  1.517487
  0.90113354  0.645498    0.3509305  -0.800274   -0.18260698 -0.09487049
 -0.67493093 -0.90546703 -0.2813125   1.6142133   0.84976405 -2.0912814
  1.6768477   1.3288584   0.80453694  1.3235946  -1.184348    0.1355835
 -2.3676324   2.2353294   0.99297047 -1.1927174  -1.998188    0.41118798
  0.919356   -2.0366306   0.03236901  1.802755    0.10530295 -0.686603
  2.2735076  -2.3784184   1.5977352   0.9610489  -0.6536619  -1.9592869
 -1.5228066  -0.17177895 -0.7837549  -1.803414    0.67373246 -0.2544145
 -0.78715456  0.15997948 -0.2134325   0.57004243 -0.14819452  1.0777011
  1.3676399  -1.0515015  -0.3721345   1.8980217   1.2075546  -1.4216154
  1.5790846  -1.291827   -0.30852693 -1.8737711   0.75321805  0.04801146
 -0.24995749 -0.70452356  1.0428569   0.55723906  0.15396298  0.30787653
  1.5876601   1.3562266   1.5987316  -0.20466249  1.765413   -1.778375
  0.21850196 -0.80919695  0.6570149   0.14583005  0.2350955   3.5323346
 -0.57787454  1.0523458   0.3417495   1.2645509  -1.2699404  -0.6253341
 -0.18468753 -0.02429348 -0.433671    1.0112706   1.4308746   0.22249301
 -2.9100697   1.3454596  -1.3231934   2.8101344   3.3673625   0.506581
 -1.153182    1.2184606   0.51339394 -0.6352645   1.0676659   0.690986
  0.77112186  0.76851445  1.421423    0.29360697  0.29205444 -0.22182897
 -0.828658    0.36230898]