[[-1.1280458   0.28399167 -0.90033261  1.04098908  0.49074578  0.38325914
  -0.58015744  1.36696593 -1.05441578  1.00790334 -0.01546915  0.85744325
  -0.84697413 -1.29394587 -0.31292085 -0.17174415 -0.48091837 -0.63163086
  -1.93726587  1.63043658 -0.80534339  2.08961582 -0.84030843 -0.29015418
  -1.45360835 -0.45813171  1.49972089  2.5348107   0.17773501 -0.57684084
  -0.58033085 -0.5687867  -0.0526375  -0.55077748  2.65823269  0.86379751
  -0.60517422  0.76369254 -0.73951991  0.04327999 -0.60590502 -0.68280824
   0.29792082 -0.41935416  0.47192331  0.57746168 -1.21664087 -2.01035245
   0.34836086  0.70902832  1.08534829  0.8000958   0.14644248  0.20830997
  -0.59005086  0.98561756 -1.02028084  1.67849175  0.27016415  0.55888081
  -0.63058333  2.08017174  0.3473808  -0.91520158  1.70012061 -0.19447082
   0.75214005  1.40425094  0.8626283   1.51796007  0.93257999 -0.73170328
   0.0047517   0.90961496 -1.0038592   1.29768006  1.51037995  1.37557014
  -0.766505    0.40449166  0.7256283  -0.946275   -0.83810163  0.26408168
  -0.33140248  1.3066357  -2.1043574   0.53272748  0.28136996  1.16822831
   1.45233266  0.20664746  0.88194664 -0.80601501  0.3972067   0.15919999
  -0.58471505 -0.7867926  -0.34546415  0.33516002  0.57380835 -1.3479449
   1.99032497  1.29076497  0.39557246  1.78768174 -1.01529098  0.51660919
  -0.90281987  1.71769905 -0.05658834 -0.01164253 -0.01925248  2.05165243
   1.16762328 -1.81121922  0.64754419 -0.00969593  0.43009079 -0.72051167
   0.39197914 -0.95224412  1.88837576  1.70662657 -1.24997425 -1.98137983
   0.09234499  0.07132838  0.0334083  -1.01591078  0.21095832 -0.93589083
  -1.74579827 -0.53318083 -0.98828332  0.4361759  -1.25693091  1.73497168
   1.91132895  1.30048585  0.77917512  2.0103035   0.31072581 -1.8117067
   0.81795414 -0.07012251  0.79315503 -1.11983824  1.56370322  1.17258406
   0.38221669 -1.89275487  0.44407666  0.09970418  0.77713577 -0.05510251
   1.01800656  0.45225418  1.13609417 -0.60688996  2.00474675 -1.64906756
  -0.66255502 -0.00784751 -0.40766915  0.29518747  0.252855    2.45943483
  -0.82763831  0.64272249  1.32432095  1.37681929 -0.90338413 -1.01544182
  -0.94049255 -0.59870088 -0.52495829  0.52555001  0.2145583   0.34086915
  -1.08849669  1.88405418 -0.12231332  1.03582756  2.55079587  0.48573001
   1.22937075  1.42817402 -0.37059999  0.49517492  1.10740336 -0.14527084
   1.33488242  0.18847086  0.87211331  0.49509835  0.1725933   0.91362667
  -0.26492333 -0.23579502]]