[[-0.58131044  0.64657746 -0.47640366  0.92356823  0.58199499 -0.30221599
   0.77542423 -0.242096   -0.91968233  0.34238912  0.41414122  1.850687
  -0.72551078 -2.46043544 -0.13774788  0.00562811 -1.01573355 -0.52765989
  -1.56759812  1.38234778  0.01545944  1.76910257 -0.89456444  0.23429266
  -0.93968667 -0.65025345  0.94837077  2.060547   -0.08962766 -0.45170656
   0.47211388 -1.12241245 -0.71414233  0.32497478  2.04079655  0.69836157
  -0.77506488 -0.38561934 -1.51381167  0.40449489 -1.4301359  -0.63752223
   0.65130809 -0.41854365  0.99120289  0.98034733 -1.04698677 -0.49983667
  -0.35568534  0.70432265  0.58405555  0.612755   -0.25477722  1.21669822
  -0.53723333  1.56330535  0.0997749   1.01662811  0.01588612  1.15893278
  -0.52601822  1.6136539   0.4967979  -0.985859    0.82220776  0.01518978
   0.34439411  0.58177089  0.873199    0.34852122  0.96290856 -0.93120278
   0.56070356  0.65974702 -1.39220311  0.62601156  0.78610711  0.602307
  -0.83261677 -0.56196345  0.09174232 -0.66744234 -0.23147245 -1.38770532
  -0.11674845  1.89702599 -1.22529233  0.6682659   0.66825878  0.80021334
   0.65127043  0.46615255  0.52768144  0.14710944  0.00299333 -0.28026444
  -0.36429622  0.03133533 -0.38296399  0.38589677  0.9253339  -1.71357056
   1.55864411  1.20186134  0.98811488  0.77936866 -0.8090109   0.41055888
  -0.94507688  1.00572155  0.15583489 -0.96983277 -0.99788589  0.63693866
   0.85624534 -1.95466201  0.0544099   0.77862368  0.04216345 -0.00775133
   0.80525501 -1.45796155  0.74246601  1.28363855 -0.78880322 -1.73662433
  -0.71575766 -0.55090822  0.1049379  -0.82150666  0.45510523 -1.22524245
  -0.68751367  0.33305344 -0.52618933  0.12465432 -1.23422367  1.33502768
   1.45298234  0.39455445  0.12169101  1.47407523  1.055521   -1.41845544
   1.09029345 -0.41273934  0.42539378 -1.23898501  1.2129951   0.21896232
  -0.55634901 -1.40859323  1.25219388  0.56538978  0.38381021 -0.0986191
   1.22075757  0.94546333  1.51190565 -0.47011578  1.92697556 -1.41481423
  -0.43753489 -0.44342322  0.36855689  0.25990932  0.49366501  2.52257011
  -0.70543299  0.72906991  0.582274    0.47470134 -1.10416988 -0.80119601
  -0.09100034 -0.06271145 -0.42599111  1.06272479  1.50250535 -0.66334587
  -2.048958    1.67436945 -1.12238145  1.54687466  1.87365565  0.60055178
  -0.18306522  0.73629777  0.04386757  0.06153511  1.08024667 -0.11003976
   1.20929688  0.44283978  1.29439279  0.12958134  0.41220744  0.50231156
  -0.5157291   0.33110712]]