[-0.68592     0.77265877 -0.36207753  1.5935712   0.9341712   0.3930487
  2.0844674   0.310045   -1.3483288   1.448505    1.23978     2.3939939
 -0.82553    -2.9361525   0.47605127  0.13729002 -2.573956   -0.22021002
 -1.4835275   1.26858     0.07147498  2.9157612  -1.5527989  -1.1257412
 -0.20361379 -0.6771587   1.8552649   3.2849514  -1.0853112  -1.5732261
  0.45063615 -0.15768377 -0.23606502 -0.25133875  3.22046     1.8628138
 -2.3355188   0.85687745 -1.37958     0.09187124 -2.9405513  -0.86683995
  2.3036237  -1.0374162   0.89578     2.4800172  -1.0568289  -1.0123587
  0.7657813   1.7563038   0.847845    0.37683123  1.7546225   1.4264063
 -1.8761125   1.7220188  -1.4243375   0.37672994  0.39952624  2.849629
 -0.5902688   1.2599399   0.6054312  -2.6288376   0.4655738   1.2792186
  0.24081126  1.48721     1.5786039  -1.0136788   1.5131189  -0.84199
  1.5563262   2.2383275  -2.3093226   2.5213563   1.424545    1.0738074
 -1.8471313  -0.25417125 -0.43621874  1.0471076  -0.9211025  -1.3292437
  1.5470049   2.1068125  -1.0717225   0.7661988   2.1033587   1.5455676
  0.2589013   1.0718112   0.69078124  0.01498127 -0.17372625 -1.148105
 -1.4001038  -0.7695037  -0.7009125  -0.20437375  0.9437675  -2.19266
  2.8215835   1.6715513  -0.5811713   0.6503525  -0.52092004  0.44239128
 -2.9873788   2.7948937   0.61312    -2.77526    -0.85466623  0.93412375
  1.2170976  -1.938215   -0.01547873  1.6032437   0.08548999  0.25332245
  1.9160575  -2.3438175   2.9432864   2.6209638  -0.1141337  -2.0345113
 -1.5251138  -0.84056747 -0.8661125  -0.50383127  0.58353996 -1.7193763
 -1.1314325   0.4634425  -0.68351245 -0.290605   -0.8183425   1.6534574
  1.8915687  -0.16965117  0.12280872  1.3621212  -0.51346636 -2.4794962
  2.150681    0.26384     0.7821024  -1.3328012   1.9918575   0.37421626
 -0.46264005 -0.7829712   0.26386005 -0.20213625 -0.53387     0.4647125
  2.2218537   3.33823     0.53152496 -0.6029388   2.5790088  -2.3514624
 -0.9699364  -0.7061362  -0.2856387   0.05728254  1.0816711   3.7397988
  0.01035873  0.5719274   0.24932379  1.8296013  -1.574755   -1.7597762
 -0.6351075  -0.2944588  -1.102431    1.1277176   1.0923562   0.80366373
 -3.3381076   2.2451     -0.467835    1.6226063   3.1801872  -0.85301375
 -0.45809996  1.1243013   0.6158475  -0.88975126  1.4176261  -0.38486627
  2.2094462   1.1147487   3.4627986   0.2550175   0.28918868  0.3731287
 -1.1537888  -0.03002875]