[ 0.38667667  1.165815    0.22826171  1.6937901   0.8621466  -0.6519
  1.9176034   0.85070324 -1.2487649   1.0557632   0.9006133   3.2086668
 -1.2734667  -1.7941432  -1.3073633   0.34219834 -0.80467343  0.3650384
 -0.61435336  2.3254735  -0.03334833  2.3018284  -0.54616    -0.19353002
 -0.8732882   0.381735    0.4669517   2.3877983   0.95492005 -1.7923516
 -1.6803316   0.71762997 -0.428075   -0.2531867   3.722598    2.6524632
 -2.5536034   0.24707668 -2.3912852  -0.5813766  -2.9143498   0.5561767
  0.90736836  0.14411665  1.2162367   0.47908497 -1.222555   -0.04944664
  0.2968533   0.62416494  1.5276982   0.65564334  0.98501164  0.06426499
 -1.1477733   2.4826734  -1.5004734   0.23948169  2.2518785   1.9950399
 -1.4915351   1.1926017   0.66322166 -2.1588948   1.9411131   1.6439251
  0.7441301  -0.49107003  0.9033634  -0.24619502  1.9190601  -0.92908
  1.13631     1.1968533  -1.8425251   1.161345   -0.16739993  0.12606831
 -1.102575    0.8585134  -0.42950666 -0.48490164 -1.3382801  -1.7960049
  0.9189283   1.9157785  -1.1364316   1.1796032   1.0629417   2.0538702
  1.55758     2.17827     1.2327666  -0.19970667  0.17649831  0.30165493
 -1.9723483  -1.3195801   0.56671166  1.7178351   0.35282502 -0.29873332
  2.4699633   0.35648337  0.90395     0.5208566  -0.8264616   0.48971164
 -1.5763316   3.4720967   0.2825767  -1.8098234  -2.0958302   1.6433816
  0.37205836 -2.5587533   1.1094266   1.6911033   0.19515836  1.7480483
  2.6447434  -2.9842718   1.4260999   2.18964     0.65152496 -4.760156
 -1.0585433  -0.47044992 -0.8052283  -1.3003017   0.80047995 -1.6437031
 -1.5926701   0.01634993 -2.1613767  -0.19089836 -0.7222383   1.9325184
  1.417545    0.12659     0.34537664  1.4278884  -0.6358667  -2.0357833
  3.4850338   0.666955    0.50005674 -1.6262351   1.9573383   0.5929434
 -0.6359684   1.0339751   0.75129837 -0.88132    -0.90124327  0.19418667
  1.8881966   2.1390884   1.3086667  -0.89826995  2.9586353  -2.8450432
  1.7198931  -0.4091066   0.75851494 -0.04820665  2.489875    2.4959815
 -2.2264116   1.605095   -0.12017997  1.4390334  -1.8051718  -1.4548017
  0.920645   -0.6925967  -0.98262167  0.81275827  1.75676     0.04062501
 -3.7020252   2.6421216  -0.58777505  0.22643168  3.669195   -0.06700998
 -1.6842483   1.7948767  -0.39644495 -0.6817917   1.4684316   0.149575
  0.538505    2.018735    2.9449167  -0.6283616  -0.37619174 -0.55370003
 -0.25877663 -1.4192667 ]