[-0.20422001  0.99624014 -0.0311861   1.5092518   2.67559    -2.03765
  1.15074     0.56964004 -1.7935699  -0.724594    0.25743398  1.2703979
 -1.453384   -2.59525     0.19442809 -0.62716997 -0.94082004  0.19537202
 -1.454086    2.6477458   0.44401398  1.4522339   0.49332595  0.05612202
 -1.18495    -1.08995     0.560496    3.2662163  -0.57719404 -2.609352
 -0.07464604 -0.77475    -0.83537805 -0.913194    3.8933418   1.0330021
 -1.81281    -0.28575993 -1.690624   -1.04765    -2.6373      0.13018999
  3.8032022   0.029316    1.547168    1.260916   -0.554146   -1.2599739
 -0.19369003  1.7983841   1.7389339  -0.171918    2.424926    0.28344598
 -0.31658608  1.33173    -0.587772   -0.16104798  2.8385582   2.55396
 -0.8702661   0.79615396  0.70431805 -1.616958    1.373778    0.83164805
  0.821978    0.753402    1.1424458   0.609898    1.1444161  -1.052216
  0.41355604  1.666452   -3.008232    2.5350559   1.2755201  -0.13172607
 -1.133756   -1.200992    0.17147204 -0.9582979  -1.004618   -0.734678
  0.36687797  2.4066901  -0.9763241   1.708802    1.2313159   1.0442799
  0.7018081  -1.4456141   0.823784    0.933216   -0.18260202 -0.18085599
 -1.5962101  -0.38601395  0.72615594  0.702092   -0.44831005 -1.304652
  1.8353081   1.0869261   1.734808    1.3514781  -0.47535795 -0.93836606
 -1.9591119   2.5928817   0.84337795 -1.484778   -1.349938    1.0556978
  1.751818   -2.772764    0.990574    2.6567419  -0.766302    0.19339399
  2.02239    -2.256328    0.71119195  1.8745439  -0.632694   -2.7047698
 -1.134606   -0.13768807 -1.8193722  -1.4411279   1.20978     1.019296
 -2.4790242  -0.79980403 -2.27691    -0.799272   -1.064382    1.139682
  2.152186    0.995638   -1.242774    2.0146039   0.62790596 -1.1544521
  2.4435322  -1.227774    0.64980394 -0.97959405  2.865834    0.488834
 -0.68445003 -0.9315618   0.97215194  0.98070604 -0.69389594  0.07511999
  3.201938    1.038142    2.245208   -1.576832    0.13544002 -0.45630398
 -0.15264001  0.87411195  0.38418204 -0.243288    1.4713739   3.39115
 -2.301012    1.15884     0.826872    1.20084    -1.386862   -0.33804598
 -2.333612   -0.95430005 -1.017812    1.95805    -0.211314    0.211516
 -3.266214    2.730658   -0.57701004  2.284082    3.344378    1.045618
 -0.76295006  2.388852    1.3827919  -2.0339699   1.1131102   0.50348794
  0.8279041   1.3631179   2.9670923  -0.585446   -1.43123     1.0550361
 -1.548098   -0.76646596]