[[ 0.40893444 -1.02494229 -0.42726331  1.13302334  0.99496889  0.14149999
   0.67115776  0.49108446 -0.39893111 -0.05902001 -0.40154448  0.57390554
  -0.63159335 -2.21320666  0.95497555 -0.78913664 -0.89546113  0.12185554
  -1.54184895  1.04333447 -1.07380552  2.04883448 -0.89870559 -0.13571446
  -0.43084554 -1.26163555  1.13895559  1.16345001  1.32122554 -0.11805109
   1.12104779  0.88441667 -0.78828889  1.36530664  2.47929438  0.76555444
  -1.72790333  1.26935106 -0.18060666 -0.32649551 -1.86543336  0.92937556
   2.27319229 -0.38911666  0.35000337  1.10890335 -1.19223332 -1.43688776
  -0.73262553  0.83064111  0.32938221  0.87671109  0.53628554  1.3058578
  -0.28400665 -0.02977889 -0.89164999  0.62869438  1.47167221  1.08459555
  -1.12914553  0.6150878  -0.72349112 -1.62113661  0.59428334  0.1194778
   1.09366225  1.06092109  0.04902999 -0.42725778  1.01245443 -2.16119104
   0.45135332  1.07892558 -0.77759891  1.73616001  0.83455329 -0.46966333
  -1.4953022  -2.05068008  0.17179442 -0.32348332  0.70236219 -0.2935611
   0.56297557  1.98615225 -0.53048113  0.93578222  1.2635256   0.6710211
   1.65341998 -0.57981554  0.96593445 -0.06207332  0.32027223 -0.32298112
  -2.06071222 -0.72883555  0.66236669  0.55060003  0.32421888 -1.49502557
   1.37402442  2.03191001  1.03132113  0.62223334  0.37767777  0.11324666
  -2.38874115  1.70080668  0.99964003 -1.2057311  -0.86775109  0.41069332
   0.33482112 -1.93031443  0.06156556  0.12066666  0.94410668  0.2122911
   1.6422933  -0.89291559  2.35196769  1.55067001 -0.21511996 -1.2570589
  -0.70077556 -0.08935333 -0.31180777 -1.65379001 -0.49508222 -1.06126777
  -0.68099777  1.77117338  0.76179777  0.6000378  -1.03270778  1.03029115
   2.13851884  0.02227443  0.58247777  1.21158442  0.52468221 -0.32490554
   0.04511113 -0.72454554  1.24861778 -1.60730335  0.46628441 -0.50314555
  -1.48800225  0.46086004  0.28224334  0.01372885 -0.44475888  0.70929778
   0.96456332  2.14173444  1.08415329 -0.34919332  2.23297221 -2.3537755
  -0.69554    -0.73666664 -0.48019334  0.09656891  0.14053111  2.13727668
  -0.80801336 -0.22369666  0.74854002  1.95597667 -1.64963551 -1.30642553
  -0.04833111 -0.48352779  0.86028775  0.84710002  0.04637445  0.28685998
  -2.42021452  1.37039888 -0.75506221  1.99539113  3.64302111  1.22213557
  -0.36601555 -0.80071557  0.45261335  0.87755441  1.28753992 -0.35017779
   1.74710226  1.85151668  0.99036662 -0.31799333 -0.38963111  0.9890189
   0.11652555  0.79596115]]