[[-6.05363066e-01  4.74868105e-01 -8.26875757e-03  8.42934159e-01
   8.42574487e-01  4.30125176e-01  9.95725286e-01  2.85985274e-01
  -1.36618617e+00  3.58018312e-01  1.18393266e-01  1.53085922e+00
  -1.30943724e+00 -2.29273482e+00  5.35267296e-01 -1.41806967e-01
  -8.23817183e-01 -6.24738522e-01 -1.34138390e+00  1.38443708e+00
  -1.85436752e-01  1.76479149e+00 -4.91680001e-01 -5.78374263e-01
  -2.83650451e-01 -6.93393826e-01  6.78076624e-01  1.95862642e+00
  -4.03067788e-03 -1.17019382e+00  5.23793360e-01 -7.01063259e-01
  -8.43449655e-01 -2.79159771e-01  2.40117797e+00  1.66436115e+00
  -1.24798538e+00  5.46211916e-01 -1.31989271e+00 -1.82075962e-01
  -2.06408392e+00 -1.02491133e+00  1.53730841e+00 -7.46282589e-01
   9.90616990e-01  1.35490291e+00 -5.83526833e-01 -5.96138648e-01
   3.36136069e-01  1.48727001e+00  6.98538088e-01  3.67291465e-01
   4.84282250e-01  1.68900758e+00 -6.21249324e-01  1.61065213e+00
  -3.32825096e-02  6.45112810e-01  7.83867762e-01  1.35822034e+00
  -5.17830334e-01  1.37786088e+00  2.97300432e-01 -1.45209991e+00
   4.32072666e-01  6.62274838e-01  1.02619779e-01  8.58926728e-01
   3.42169778e-01  6.08562956e-02  1.36304596e+00 -8.22888777e-01
   7.93242006e-01  1.43943922e+00 -9.89635757e-01  8.19224923e-01
   8.86486862e-01  3.44992930e-01 -1.21188326e+00 -1.46120789e-01
   2.05080903e-01 -7.43436081e-01 -1.55239986e-01 -1.65175181e+00
   4.24336254e-03  2.00438743e+00 -6.45422136e-01  8.23106841e-01
   7.90338645e-01  9.39490340e-01  8.42902703e-01  7.76240344e-01
   6.35820324e-01  1.57080959e-02 -1.18039433e-01 -5.13819322e-01
  -6.47252135e-01 -7.98715182e-01 -4.88437535e-01  6.31144936e-01
   9.43140042e-01 -2.07403155e+00  2.02039806e+00  5.73494380e-01
   6.93555168e-01  5.92315404e-01 -1.98225713e-01  2.96845385e-01
  -1.40207302e+00  6.71562595e-01  4.50285848e-01 -1.06216056e+00
  -1.16431673e+00  6.25681797e-01  3.54463036e-01 -1.78186983e+00
   1.39540220e-01 -3.87393371e-02  3.67552669e-02  1.36767410e-01
   1.70688843e+00 -1.40666425e+00  1.69365336e+00  1.37924797e+00
  -8.74020190e-01 -1.31690382e+00 -1.07807886e+00 -2.92060225e-01
  -2.92913124e-01 -1.01717561e+00  3.47573156e-01 -1.47533460e+00
  -6.55245520e-01  2.72236290e-01  1.77206630e-01  6.16403808e-01
  -1.11197202e+00  6.31261333e-01  9.56653595e-01 -5.92780969e-02
   1.92937037e-02  1.27821698e+00  6.13171110e-01 -1.12797282e+00
   6.55292352e-01 -1.13758799e+00  2.79732494e-01 -1.74675315e+00
   1.18042371e+00  6.49254852e-02 -3.55197882e-01 -1.25743181e+00
   7.81689660e-01  7.88154732e-01 -7.64151693e-02  4.58311541e-04
   1.21399043e+00  1.82826166e+00  1.06589389e+00 -3.99957067e-01
   1.66429190e+00 -1.65481754e+00 -5.45210238e-01 -7.89812360e-01
  -2.55145497e-01  2.21329306e-02  2.46088190e-01  2.99065905e+00
  -1.12105561e+00  7.29066396e-01  3.25648430e-01  1.32593696e+00
  -6.63620902e-01 -9.21203135e-01  5.20243488e-01 -4.23833264e-01
  -1.11895961e-01  8.76977091e-01  1.19083373e+00  4.48359439e-02
  -2.11616080e+00  1.16463516e+00 -7.57766986e-01  1.09221651e+00
   2.55699199e+00  4.90624728e-01 -7.30766958e-01  1.03430931e+00
   1.83698901e-01 -3.92262232e-01  8.85599004e-01  3.94692823e-01
   9.69375295e-01  9.88379436e-01  8.51573591e-01  4.88186539e-02
   7.76986637e-01  9.56870895e-01 -2.77589548e-01  3.47967627e-01]]