[-2.4480517e-01  4.6093711e-01  2.6683861e-01  8.0259484e-01
  1.1782892e+00 -9.9857926e-02  9.2675656e-01 -4.4198063e-01
 -1.0745035e+00  2.0137122e-01  5.1535970e-01  1.4659448e+00
 -1.0982933e+00 -2.5427527e+00  6.9187194e-02 -7.5974643e-02
 -1.0761646e+00 -2.3022889e-01 -1.3541481e+00  1.4358757e+00
 -2.8160655e-01  1.8366957e+00 -4.7235528e-01 -3.7550893e-01
 -1.5022703e-01 -7.7587759e-01  9.8876357e-01  1.4782590e+00
 -4.3995628e-01 -1.4210925e+00  8.2444984e-01 -5.7922280e-01
 -9.0610492e-01 -6.9329806e-02  2.2738757e+00  1.6867079e+00
 -9.6474874e-01  3.7304956e-01 -7.7839369e-01 -1.4391389e-01
 -2.2319613e+00 -8.4467208e-01  1.6373836e+00 -5.1728934e-01
  7.9003531e-01  1.1985338e+00 -2.6156923e-01 -9.0963465e-01
 -3.4181276e-01  1.2764241e+00  7.0404932e-02  3.3734888e-01
  3.1196171e-01  1.6462340e+00 -3.1434593e-01  1.4631401e+00
 -4.1624421e-01  6.2247980e-01  4.3930203e-01  1.4306912e+00
 -5.5382782e-01  9.7458863e-01  2.7666155e-01 -1.3263792e+00
  3.2015046e-01  5.0737238e-01  3.7131488e-01  3.8386926e-01
  2.0207423e-01 -8.2582965e-02  1.0534880e+00 -7.0698279e-01
  7.3443240e-01  1.4243845e+00 -1.4584802e+00  1.1994622e+00
  1.2298857e+00  6.0947019e-01 -1.0961072e+00 -1.3285765e-01
  4.5685628e-01 -9.6905476e-01  6.1659537e-02 -1.2622757e+00
  5.6775612e-01  2.1503525e+00 -8.7690759e-01  1.1351221e+00
  1.1737679e+00  7.7143061e-01  3.3361143e-01  4.2294127e-01
  1.4085498e-01 -5.1831508e-01 -1.8668778e-01 -5.6916541e-01
 -7.6558483e-01 -6.4156246e-01 -1.0135761e+00  7.9797363e-01
  1.2901444e+00 -1.8940135e+00  2.3713582e+00  1.4076823e+00
  4.1526189e-01  1.3098943e+00 -1.2277219e-01  7.7944696e-02
 -8.4028298e-01  9.3808568e-01  6.6374785e-01 -1.2393547e+00
 -6.4886969e-01  3.3721817e-01 -4.5404583e-04 -1.3513225e+00
  3.0246732e-01 -2.5217064e-02  4.0118244e-01 -7.4097939e-02
  1.4670434e+00 -1.4489356e+00  1.9150045e+00  1.0544027e+00
 -1.5569259e+00 -1.1062074e+00 -9.3872559e-01 -3.3132905e-01
 -2.4179526e-01 -1.0368017e+00  6.5051913e-01 -1.1423656e+00
 -1.0199068e+00  5.5870652e-01 -3.3130027e-02  5.7267463e-01
 -1.0164040e+00  4.5180750e-01  1.0041230e+00  6.3509524e-01
  3.6328343e-01  1.3337473e+00  4.4750813e-01 -7.1356583e-01
  6.6107708e-01 -1.1317501e+00  2.3405473e-01 -1.9996839e+00
  1.3903202e+00 -1.3761376e-01 -6.5260810e-01 -1.1165940e+00
  7.1315473e-01  6.0533518e-01 -2.8319395e-01  3.6715651e-01
  1.0475903e+00  2.1156003e+00  1.2473426e+00 -3.4393495e-01
  2.3988481e+00 -1.6175077e+00 -2.2070780e-01 -8.5847116e-01
 -1.3728595e-01 -2.3367813e-01  2.7793437e-01  2.7536166e+00
 -9.6989828e-01  4.0708807e-01  2.4818860e-01  1.6003149e+00
 -8.1099373e-01 -5.1482290e-01  8.5749224e-02 -1.9805828e-01
  1.4095668e-02  1.3104688e+00  9.6210855e-01 -2.1697481e-01
 -2.3864594e+00  1.2743827e+00 -1.0395269e-01  1.4296052e+00
  2.9579911e+00  6.6122031e-01 -2.7260345e-01  9.7508538e-01
 -6.7686416e-02 -4.9531889e-01  1.0781196e+00  2.0980637e-01
  1.2118024e+00  1.1583232e+00  6.7335480e-01 -2.2009104e-01
  4.8852545e-01  6.9081390e-01 -6.4917511e-01  1.6921908e-03]