[[ 0.03024784 -0.05743336  0.4905327   0.77802428  1.05320144  0.35574038
   0.92896147  0.08307215 -1.54818926  0.83211382  1.11756836  2.10715826
  -0.90753823 -2.14939711  0.19081894 -0.03832216 -1.88714745 -0.15647912
  -0.93752549  1.44325851 -0.08775299  2.10618795 -0.36736462 -0.66767394
  -0.25536501 -0.45316693  1.30412857  2.19297441  0.10391605 -1.28789337
   0.97886775 -0.39003696 -0.03584949 -0.88972248  2.29719617  2.12311229
  -0.66338319  0.55486356 -1.19529423  0.30732251 -2.37176115 -0.76539214
   1.45753908 -0.56825378  0.21140623  1.46007816 -0.2310191  -0.81348711
  -0.29591625  1.63107025  0.66191114  0.48006464  0.23437912  0.94212334
  -0.57721303  1.10227617 -1.05749052  0.22929911  0.55765399  2.32450109
  -1.02648645  1.3525437   0.1525182  -1.02139066  0.63556254  1.01105825
   0.01738628  0.53649323 -0.12481697 -0.74830446  1.35026863 -1.14334776
   0.5177918   1.42194181 -1.31014527  0.74977284  1.18363337  0.72921611
  -1.26146732  0.13741303  0.27859176 -0.83091982 -0.57942449 -1.3478625
   0.48145623  2.30715604 -0.46868997  0.80942892  1.32626444  0.646038
   1.21212708  0.39146823  0.59309519  0.24676285  0.36676504 -0.57484717
  -0.96134188 -0.74080123 -0.16623163  0.62851244  1.42684527 -1.9826097
   2.91725413  0.79598072  0.69811413  0.34173464 -0.77635706  0.24134999
  -1.27756561  1.34269063  0.60102142 -2.32943773 -0.50540145  0.68243464
  -0.17327641 -1.62091912  0.09322769 -0.09121268  0.45753302  0.29874675
   1.87038593 -1.73219565  2.1213803   1.87907343 -1.34392122 -1.23950977
  -1.36237885  0.4391     -0.62379102 -1.14578885  0.53047109 -2.0702829
  -1.28539668  0.75969519 -0.18263307  1.15288718 -0.90054067  0.07857805
   0.47768052  0.64626281  0.1110818   1.381233    0.38605018 -1.37694246
   1.3900518  -1.52462163 -0.08643287 -2.28381207  1.71788571 -0.32173432
  -0.70580837 -1.03046184  0.70350147  0.08949662 -0.67570128  0.05229089
   0.78264767  1.9599861   1.70017104 -0.33918394  2.00515596 -2.10817951
  -0.75267317 -0.9519234   0.05856126  0.06052108 -0.32732338  3.30233664
  -0.73430165  0.57116497  0.36730517  1.12003962 -0.53949137 -0.59361354
   0.37020926 -0.29934892  0.30378106  1.00263755  0.98177293  0.59790346
  -2.71163606  1.37263136  0.26652409  1.7209691   3.64470576  0.50612161
  -0.80074859  0.79412172  0.34969355 -0.2543766   1.58896156  0.30688536
   1.15838358  1.47261008  1.38644112 -0.07290322  0.96542095  0.98919755
  -0.42642194  0.38785662]]