[-5.01816690e-01  4.07845676e-01 -2.06587568e-01  4.78725523e-01
  1.71723795e+00 -7.43022934e-02  9.34014440e-01  8.45428109e-01
 -1.51045263e+00  5.63749373e-01  4.95847344e-01  1.83341742e+00
 -9.28615451e-01 -1.91741574e+00  7.08416522e-01  1.12342834e-03
 -4.49752718e-01 -4.04401898e-01 -1.41765761e+00  1.10190833e+00
 -1.17873453e-01  2.38161516e+00 -9.08045828e-01 -5.59477508e-01
 -7.69912302e-01 -4.41386215e-02  1.40637445e+00  2.30596900e+00
 -1.74915493e-01 -5.82700074e-01  3.41126949e-01 -1.03970170e+00
 -1.90971881e-01  8.34191218e-03  2.12332010e+00  1.44487226e+00
 -9.40884888e-01 -1.10766195e-01 -1.34597957e+00 -2.69564450e-01
 -2.38316798e+00 -7.19945848e-01  1.70447695e+00 -6.55949354e-01
  1.20210612e+00  1.05194294e+00 -9.16729152e-01 -3.73264253e-01
  4.41076279e-01  1.21568477e+00  9.97573137e-01  2.38919035e-01
  2.44056404e-01  1.21779370e+00 -5.27176380e-01  1.08563948e+00
 -1.36515665e+00  7.24714994e-01  6.23839855e-01  1.59807372e+00
 -6.59568328e-03  1.18230891e+00  7.22552478e-01 -1.21361184e+00
  8.89029205e-01  4.88235384e-01  6.49314165e-01  7.86267877e-01
  3.85303527e-01 -7.64541179e-02  1.09424579e+00 -1.19116521e+00
  2.39342228e-01  1.06008375e+00 -1.50110936e+00  8.06629300e-01
  1.51641679e+00  2.63138860e-01 -9.22158539e-01 -7.32231140e-01
  5.33406079e-01 -6.70635283e-01 -1.52714983e-01 -9.87255991e-01
  5.85696638e-01  1.82272041e+00 -8.25801909e-01  4.30462539e-01
  5.29446602e-01  1.46086895e+00  1.45256674e+00  1.25646554e-02
  1.22622681e+00 -2.76606940e-02  1.35439992e-01 -2.20752582e-01
 -1.07937729e+00 -4.83593822e-01 -1.92794159e-01  4.75926518e-01
  4.86932248e-01 -1.40542006e+00  2.36973548e+00  8.89948130e-01
  7.11662829e-01  1.31512272e+00 -5.25839925e-01 -1.00448795e-01
 -1.39407086e+00  1.60183442e+00  2.42114842e-01 -1.31091094e+00
 -1.52477276e+00  1.22530150e+00  5.09714484e-01 -1.96451724e+00
  7.51309693e-01  6.03144467e-01  2.39932433e-01  8.92979130e-02
  1.83039379e+00 -1.13259876e+00  1.45221364e+00  1.75618100e+00
 -6.05013967e-01 -1.67973673e+00 -4.13705468e-01 -4.61392701e-01
 -8.78048614e-02 -1.18407273e+00 -2.83763140e-01 -1.45704603e+00
 -9.79609728e-01 -1.11644842e-01 -4.42441702e-01  3.72955352e-01
 -3.42303634e-01  7.53343821e-01  1.44921374e+00 -1.93511054e-01
  4.11567926e-01  1.64250159e+00  5.76863885e-01 -1.93578935e+00
  7.49576986e-01 -3.42674494e-01  9.05906677e-01 -1.67815328e+00
  1.08929825e+00 -2.30330005e-01 -4.14337218e-01 -8.27098906e-01
  4.79529649e-01  8.15112352e-01 -5.40172517e-01 -1.57359987e-01
  1.43522799e+00  1.35544121e+00  9.40743566e-01 -6.30867481e-01
  2.34854794e+00 -1.86092806e+00 -3.64562243e-01 -9.87242758e-01
 -2.80646354e-01 -2.45980710e-01  2.66774476e-01  2.43989515e+00
 -1.68137240e+00  8.73075008e-01  1.18859828e+00  1.44366980e+00
 -8.79667699e-01 -1.38608801e+00  3.30290467e-01 -4.54419643e-01
 -8.92605364e-01  1.33448386e+00  9.10479426e-01 -4.20048311e-02
 -1.99622655e+00  1.76295388e+00 -3.91633570e-01  1.74445510e+00
  2.72178292e+00  4.30127412e-01 -5.04323483e-01  8.72695982e-01
  4.07995909e-01 -1.34821326e-01  1.29973900e+00  1.52412280e-02
  1.50789237e+00  7.95970976e-01  1.14144313e+00 -4.96254236e-01
  4.17263418e-01  4.81149316e-01 -7.02537000e-01 -2.64463872e-02]