[[ 1.01432810e-02 -1.47413270e-01  3.30286662e-02  5.92117354e-01
   1.80699070e+00  1.96546662e-01  1.18716460e+00 -1.03421998e-01
  -2.36978537e+00  4.85679344e-01 -3.16619291e-01  2.98224530e+00
  -1.66551298e-01 -1.66518598e+00  4.04420026e-01  2.39655352e-01
  -5.00393367e-01 -4.23960670e-01 -1.21774734e+00  9.37552641e-01
   3.83423332e-01  2.15589731e+00 -1.40466539e+00  5.70435977e-01
  -9.18779975e-01  1.53186679e-01  1.58265258e+00  2.98504599e+00
  -8.74279987e-01 -1.33480336e+00 -1.93970019e-01 -4.39400621e-01
   1.62561345e-01  2.97154002e-01  2.97184384e+00  1.43249464e+00
  -1.63361929e+00 -4.21646714e-02 -1.62287863e+00 -7.39486655e-01
  -2.83816862e+00 -5.38944032e-01  1.58491464e+00  2.86324676e-01
   1.54498728e+00  5.94177329e-01 -6.73287238e-02 -4.46670677e-01
   1.54713273e-02  7.84166631e-01  7.72428634e-01  2.74838622e-01
  -5.52886048e-01  1.79717536e+00 -9.55715358e-01  1.85868611e+00
  -7.52196034e-01  9.60900029e-02  2.76750699e-01  2.26011805e+00
  -2.97168670e-01  1.53992743e+00 -1.72066828e-02 -4.21820084e-02
   1.44407344e-01  1.68530842e-03  7.72883332e-01 -7.03577945e-01
   1.45077350e-01 -1.06454069e+00  9.02674766e-01 -9.72589334e-01
   8.70570015e-01  1.74478269e+00 -2.09451399e+00  1.95619858e+00
   6.27739278e-01 -4.57100342e-02 -2.27900201e+00 -9.99495316e-01
   8.71839929e-01 -1.10821529e+00 -2.97641325e-01 -3.86993334e-01
   1.00119333e-01  2.12967597e+00  1.88517372e-01  8.96020651e-01
   1.12090731e+00  1.13257337e-01  4.89758646e-01  3.91751339e-01
  -3.29131337e-01 -4.87940073e-02  9.72633064e-02 -5.61752037e-01
  -3.56696689e-01  4.19425961e-01 -1.26625202e+00  6.33186712e-01
   2.97347975e-01 -1.67876136e+00  2.62671796e+00  1.08644200e+00
   1.67164274e+00  8.01986019e-01 -4.64816628e-01  2.68080022e-01
  -1.13070275e+00  1.66662938e+00  1.52016019e-01 -1.06124470e+00
  -1.40831067e+00  1.10550067e+00  9.83932658e-01 -1.70146514e+00
   2.93513978e-01  3.32784684e-01  5.67683995e-01  6.23746773e-02
   2.40986875e+00 -1.44756796e+00  2.21750129e+00  1.54407608e+00
  -1.44150006e+00 -1.95507589e+00 -1.06659459e+00 -5.90199371e-01
   8.17600588e-03 -1.91835814e+00  2.73295995e-01 -1.70118266e+00
   4.07437352e-01  4.01054653e-01 -9.38833360e-01  7.69048657e-01
  -1.25259669e+00  2.21802656e-01  1.14735537e+00 -3.29047365e-01
   1.11894937e+00  1.86846207e+00  4.48636645e-01 -1.34791190e+00
  -1.84664011e-01 -2.23099995e+00  6.81392658e-01 -2.58285935e+00
   1.56541467e+00  3.06192636e-01  1.24643298e-01 -1.80169071e+00
   8.48952001e-01  1.61032661e+00  5.53911956e-01  9.25677948e-01
   8.00461988e-01  1.77310535e+00  9.40947350e-01 -8.99167934e-01
   1.91650200e+00 -1.10598197e+00 -1.60555663e+00  1.54172020e-01
  -1.49834663e-01  5.90070662e-01  4.93061987e-01  3.83089205e+00
  -9.37732673e-01  6.74058692e-01  6.36870738e-01  1.60488868e+00
  -8.84947294e-01 -1.04142128e+00  6.88526705e-01  2.95872686e-01
  -8.17729369e-01  4.79521991e-01  1.46128266e+00  2.18899982e-01
  -2.98536139e+00  1.93346933e+00 -5.73738660e-01  1.38822866e+00
   2.98872801e+00 -6.63193196e-02 -2.24258089e-01  1.73800391e+00
   8.55113343e-01  3.88695244e-01  4.51157383e-01  3.64196018e-01
   5.38524000e-01  1.24188864e+00  8.77698700e-01 -2.09944673e-01
   3.64578011e-01  6.40420055e-01 -6.71125971e-01  1.98544010e+00]]