[-0.27217305  0.5026269  -0.03149619  0.5615611   1.5576417   0.14151688
  0.8325448  -0.5632194  -1.3765886   0.10198     1.1339962   2.1536622
 -0.70256174 -2.222325    0.0697138   0.47960132 -1.064159   -0.32942826
 -1.8165221   1.2576764  -0.33780378  1.9230076  -0.9800676   0.16167381
 -0.35690522 -0.8613904   1.9165528   2.3614945  -0.4506334  -1.4292461
  0.6493458  -0.5182376  -0.17335652 -0.24164689  2.4942682   1.6914965
 -1.2713318   0.7033917  -1.2720559   0.26475683 -1.8391099  -0.36984482
  1.0880872   0.05609759  1.5282732   1.4434423  -0.04342483 -0.97207147
  0.31125066  1.0090287   0.30450928 -0.04733655  0.29360965  1.6529974
 -1.1552434   1.4762187  -0.13263173  0.1879379   0.22499381  1.7917343
 -0.48524168  0.6086345   0.33388242 -0.999091    0.4137562   0.26865447
  0.77516824  0.50095963  0.23563278 -0.10454862  0.7748242  -1.2494155
  1.1377017   1.0939428  -1.832525    1.5522715   1.0280335   0.25678483
 -1.5440763  -0.9014483  -0.53375    -0.98972696 -0.01851932 -1.2138941
  0.62688065  1.8346212  -0.46986204  1.6183753   1.9408342   1.0570948
  0.73181105  0.14845003 -0.1534007  -0.41477796 -0.24895552 -0.3102875
 -1.2587     -0.0867631  -0.96627617  0.5434117   0.77842456 -1.5396439
  1.9539105   1.0352659   0.7068572   1.37434    -0.21417585 -0.12705895
 -1.8072352   1.4981923   0.39396757 -0.8499199  -0.89408344  0.58247733
  0.8778183  -1.4930135  -0.32368687  0.79755145  0.9009552   0.1606669
  1.4703538  -1.8744271   1.6112264   0.8819604  -0.20014241 -1.5929656
 -1.1552062  -0.36148036 -0.48851895 -0.95298964  0.4610045  -1.219872
 -0.8210437   0.28789586 -0.0895186  -0.01469897 -1.2653099   0.6860492
  1.1112137   0.23758279 -0.09356792  1.6126878   0.6948827  -0.7272748
  1.0237044  -0.8932279   0.2521545  -2.2484388   1.5641555  -0.01243068
 -0.01047792 -1.0802047   0.9730134   0.58222646  0.23200862 -0.02398759
  1.1257579   2.1300793   1.2299231  -0.3778504   2.1128905  -1.481616
 -0.62819284 -0.46932483 -0.06651826  0.05465724  0.0207776   2.9376745
 -0.9630455   0.73379135  0.600039    0.43293595 -1.1080217  -1.2644527
  0.11850586 -0.14256033  0.0669038   0.9933786   0.3587924   0.3692241
 -2.0456865   1.7224554   0.06574864  1.4027365   1.9996092   0.22722241
 -0.65210134  0.3177731  -0.03699414 -0.01112415  1.0823869  -0.6334666
  1.1087521   1.3120902   0.8311216   0.19791     0.28574622  0.1501255
 -0.64445555  0.17451242]