[[-0.51066749  0.5913051  -0.21093537  0.91391767  1.0038448   0.06321135
   0.90572341  0.23248405 -1.23948574  0.55814168  0.50922967  1.80602048
  -0.97501215 -2.06414738  0.24204034  0.05552629 -0.89034705 -0.55555168
  -1.64669927  1.40398573  0.09572177  1.90440231 -0.70270655 -0.08285917
  -0.80828312 -0.80115282  1.20941393  2.00074549 -0.39151621 -0.94342241
   0.27485772 -0.36223616 -0.27940688  0.00658236  1.75739101  1.73039434
  -1.29452262  0.39379455 -1.34904     0.11552126 -1.97633746 -0.97968083
   1.3337333  -0.42042304  1.10361891  1.09388318 -0.82451597 -0.67163318
   0.3946743   0.82500888  0.62277647  0.43737181  0.53741781  1.01525123
  -0.80763019  0.98915518 -0.45487219  0.50004632  0.60098687  1.51949472
  -0.2044269   0.93339023  0.60438385 -1.05962077  0.68412497  0.89141326
   0.28055915  0.68405903  0.54233184 -0.04085008  0.98033252 -1.00354335
   0.41144278  1.08103832 -1.26872999  0.94910867  1.25156506  0.77433982
  -1.38351475 -0.19530436 -0.1777343  -0.85820091 -0.49312203 -1.01943188
   0.48632496  2.22249595 -0.74056974  0.75189418  0.83050943  1.05429874
   1.00994813  0.30002765  0.82536512 -0.09996908  0.12081396 -0.48924941
  -0.88153557 -0.68479453 -0.51535157  0.63512539  0.5565985  -1.31020705
   1.83342949  0.83912241  0.35930391  0.9989585  -0.55662388  0.30636966
  -1.66941387  1.81682456  0.34369991 -1.2696799  -1.10904066  1.30460958
   0.75835279 -1.53516469  0.43573345  0.76044642  0.04625461  0.3233846
   1.3334737  -1.54299328  1.39709931  1.63464804 -0.38603007 -1.81850317
  -1.01841345 -0.50551866 -0.15288219 -0.97220198  0.48296813 -1.13598965
  -0.4321557   0.56872749 -0.24707312  0.24015017 -0.5347072   1.16396713
   1.10718439  0.28865185  0.12551326  1.27052093  0.56872445 -1.58844484
   1.15689675 -0.14773109  0.65994202 -1.70024335  1.05070094  0.23923056
  -0.00762798 -0.48451336  0.74635224  0.66157764 -0.12172454  0.0802147
   1.18449293  1.58322795  1.12808789 -0.69148577  1.82202698 -1.82061989
  -0.47311135 -0.66022355 -0.3802532   0.17326083  0.38936201  3.11896428
  -1.18044175  0.77406756  0.61590411  1.31339858 -0.79622773 -0.9256402
  -0.11741058 -0.49006867 -0.60429637  0.96356883  0.98017012 -0.08828478
  -2.22882752  1.32788246 -0.41852899  1.14154028  2.55463773  0.37827983
  -0.39626358  0.96318169  0.28136664 -0.32174595  1.34309307 -0.05664285
   1.60160078  0.62627462  1.33104566 -0.04693748 -0.04359715  0.13840218
  -0.35607749 -0.22375662]]