[ 0.2999933   0.6719375   0.45181003  0.2826333   1.9680334   0.5205891
  0.11757499  0.21116996 -1.2422177   0.54757994 -0.4670575   1.5785899
 -1.1562175  -2.5845516  -0.10170835 -0.88593745 -0.4651017  -1.6988758
 -2.9238656   2.176861   -1.20417     3.0244026  -1.0666915  -0.86742
  0.16515248 -1.5671042   1.4473991   3.195281    1.2401809   0.06470414
  0.05874501 -0.2319692  -1.2772142  -0.6635425   3.3339384   2.6893282
 -1.8805691  -0.26435748  0.23920168 -0.18565078 -1.4255633   0.13218834
  1.784634    0.36068583  2.242406    2.4498398  -0.1352842  -1.7959431
 -0.8708891   1.8425075  -0.38867417  0.70482165 -1.1902584   0.47980085
 -0.9621884   1.7413278   0.05626082  1.2009075  -0.28348088  1.0908583
 -0.6152783   2.5428052  -0.13658077 -0.5767108  -0.42590666  0.7827117
  0.82647663  0.6961317   0.36330748  0.3384033   0.8918167  -1.7087575
  2.1313508   1.9308618  -3.36005     2.6872985   1.5701951   0.47291663
 -1.5545435  -0.7735617   2.0761158  -1.3197442   1.0909026  -0.5274334
  0.30741748  2.7677338  -0.08720329  1.8819269   2.3908484   0.642365
  0.7302666   0.8916542   0.59134585 -0.21470337  0.21548586 -0.68885833
 -1.90863    -1.0819383   0.04366918  0.1000849   1.1945875  -2.6180027
  1.2950183   1.9765176   1.6204424   1.5166167   0.8208425  -0.08820917
 -0.2769108  -0.9525342   0.24412584 -1.1710256  -1.0451367   0.03404333
 -0.1664867  -1.0071875  -0.7854974  -1.3104309   0.59469503  0.70185083
  1.7967786  -1.1650542   2.8353193   1.583765   -1.7336377  -1.9975442
 -0.23572916 -0.68522173  0.28246832 -2.2385266  -0.41384003 -2.6052475
 -1.5693607   0.75839585  0.82890415  1.4392018  -1.3602759   1.377776
  0.16661166  0.46867087  0.9193508   2.2407525   0.34796998 -0.07198832
  0.47976586 -1.6045326   1.0757333  -2.7075865   2.3477542  -0.23997502
  0.6293667  -1.9553808   1.1548043   2.2078226   1.053585   -0.7225874
  0.00964081  2.2294543   1.3442326  -1.5221068   2.9263675  -2.5163434
 -1.6245025  -1.1376208   0.16443086 -1.0250875  -0.8395508   3.491965
 -0.67730075 -1.0586166   1.1684525   1.9244477   0.20420496 -1.5293468
  0.28595832 -0.552715   -0.17122917  1.0593275   0.5137467  -0.49794587
 -1.8446608   2.102364   -0.80991834  3.07222     3.3319225   0.71369505
  1.2662367   1.0384425  -0.03722332  0.6147766   1.4045957  -0.29262745
  2.8857508   1.3979974  -0.65615916  1.0509925   0.4223825   1.2807091
  0.01532416  1.590095  ]