[[-0.2781148   0.71049039 -0.2188752   0.99070479  2.04266868  0.16173333
   0.62326445  0.0109674  -1.82173792  0.11231334  0.97571522  1.97713561
  -0.72676999 -2.18641325 -0.58008513  0.24134742 -1.2963915  -0.52974887
  -2.08254404  1.34498407 -0.39290369  2.64697749 -0.8194119  -0.08994113
  -0.32255185 -0.34935553  0.93613219  2.52381448 -0.11978668 -1.62027589
   0.50918847 -0.48079037  0.21944521 -0.15089444  2.49389339  1.86446257
  -1.80414591 -0.04458482 -1.15434889 -0.11289184 -2.41162798 -0.41832335
   1.42503888 -0.2053848   1.73366754  1.110403   -0.35211966 -1.05993595
  -0.02318074  0.65410661  0.6160549   0.49944593  0.21259443  1.59880225
  -1.02963039  1.94078866 -0.52635963 -0.10388554  0.81875522  1.97045096
  -0.75888033  0.97492592  0.53498185 -1.09743073  0.39132742  0.42619815
   0.85152039  0.4892911   0.11528068  0.36307224  0.84531466 -1.24260778
   0.67109739  1.05550034 -1.34687563  1.99909819  1.43916591 -0.09956078
  -1.16879078 -0.83666519  0.04003404 -1.25560516 -0.4694537  -1.13116484
   0.37496962  1.49586139 -0.54631852  1.27275442  1.35438957  0.54202371
   0.72755623  0.45106519  0.18866666  0.24112407  0.06442149  0.05389632
  -1.45624898 -0.10951702 -0.36212261  1.12209522  0.537177   -1.56738476
   2.42073301  1.22252195  0.74171291  1.02226704 -0.5951089  -0.570427
  -2.25616978  2.01022738  0.79450552 -1.18732182 -0.94262772  1.26888043
   0.94593222 -1.64511074 -0.46225445  1.10514077  0.88910297  0.1980448
   1.61889994 -1.50660997  1.52871885  1.89471971 -0.22652667 -1.85893777
  -1.30320925 -0.51252297 -0.67188261 -1.42883732  0.0631485  -1.1936749
  -1.49424404  0.31856962 -0.0788241  -0.42078186 -1.42913586  0.03627855
   1.4201155  -0.0563489  -0.39324522  1.66736298  0.70894998 -0.87695736
   0.83484438 -1.54187143  0.57812924 -2.11797823  1.78184631  0.26945223
  -0.27361706 -0.31010331  0.49426961  0.55494259 -0.02426337  0.21407408
   1.28935558  1.85616196  0.98058777 -0.88530737  2.38056217 -1.72468632
  -1.02335293 -0.12037816 -0.10201851  0.49193035 -0.05054998  3.39286964
  -1.3099397   0.89665823  0.92014523  0.6439574  -1.45449189 -0.91024746
   0.52028001 -1.03371522 -0.15471778  0.97756415  0.50576036  0.40820963
  -1.93612974  1.81447362  0.24081556  1.96746844  2.66030923  0.58656778
  -0.28888002  0.98677413  0.54769075 -0.33489447  1.6413401  -0.71085109
   0.63951965  1.20281952  1.26691089 -0.33453554  0.25206482  0.27784222
  -0.44073487  0.31136927]]