[-0.7556541   0.8859848   0.11841941  1.014274    1.3756952  -0.06132179
  0.67544466 -0.1881694  -1.7577696   0.80139357  1.0333754   2.7462204
 -1.4192312  -2.6035361   0.90397716  0.21172237 -0.7231812  -0.40447587
 -2.1058135   0.9158812   0.07998413  1.8193752  -1.339544    0.02755353
 -0.86186945 -1.1268282   2.0468102   2.4914494   0.30129945 -1.4631958
  0.9135953  -0.9516641  -0.8013576  -0.44834056  2.931755    1.9383271
 -1.5918065  -0.01868413 -2.3192413   0.03610414 -2.5052953  -1.0404112
  1.2163441   0.03831886  1.5274681   1.5115235  -0.8863688  -0.5228794
 -0.26798058  1.198593    0.46995413 -0.04656056 -0.935963    2.236824
 -1.5938025   1.8191037  -0.69444525  0.8239712   0.27726173  2.0887094
 -0.8764976   1.5510428   0.85596776 -1.4928284  -0.14721526  0.74083346
  0.78139234  0.8958084  -0.21556708  0.28351647  1.3605022  -1.2430164
  1.1953194   1.6997813  -1.5530825   1.4826142   0.67171466 -0.4069987
 -1.1250525  -0.5905693  -0.06421298 -0.8248065   0.1016747  -1.8843564
 -0.00911237  2.892651   -1.0348188   1.7379788   1.5926918   1.3358847
  1.1700817   1.0845653   0.3096788  -0.5946218  -0.2720171  -0.3820153
 -0.54860705  0.01239646 -1.3057106   1.051944    0.4228129  -2.1255963
  3.100954    0.98517543  0.5830229   1.11209    -0.77510697  0.83038706
 -1.5413964   1.6365074  -0.41963702 -0.99391466 -0.94256705  1.1410542
  0.6390306  -1.8954219   0.3828605   0.7333576   0.14224939  0.3790959
  1.4982452  -1.8547899   2.0199883   1.6076175  -1.0299876  -2.4996257
 -1.5156568  -0.68122756 -0.1304012  -0.8229953   0.95398587 -1.4003413
 -0.43704414  0.35763118  0.03351586  0.7539788  -1.4024181   1.359727
  0.7913953   0.6612371  -0.02974409  1.9486434   1.4584575  -1.827196
  1.0157788  -1.0912241   0.10117644 -2.9237697   1.9336317  -0.8101976
 -0.8740423  -1.9344393   1.133866    1.0771483   0.16897824 -0.3642412
  1.5047393   1.7138181   1.9741341  -1.4977841   2.9403017  -1.8017406
 -0.8325265  -1.1153482   0.14841707  0.17576414 -0.6150953   3.946631
 -0.7441994   0.4318688   0.6037118   1.1433394  -1.3480011  -1.6132835
  0.08889824  0.6563494   0.16317648  1.0562177   1.1010305  -0.32328412
 -2.927487    1.9843723  -0.0589012   1.7035437   2.838379    0.3827776
 -0.87791705  1.0579088   0.8049359  -0.8639135   1.2066382  -0.1834253
  1.6177384   1.3068199   1.0383689   0.58853     1.2985901   0.6459447
 -1.0626172   0.68911004]