[-4.8247606e-01  1.2814641e+00 -1.5896867e-01  1.0232472e+00
  6.3031334e-01  3.3349267e-01 -5.4804008e-02 -7.3810202e-01
 -2.4772341e+00  3.6389267e-01  1.8021135e-01  1.6145860e+00
 -5.7977474e-01 -3.6475434e+00 -2.6449126e-01 -7.3706694e-02
 -8.2188004e-01 -1.7856130e-01 -2.3124700e+00  2.4817913e+00
  5.7783788e-01  2.9937322e+00 -7.8398472e-01  1.8803272e-02
 -3.2883602e-01 -4.8863533e-01  4.8348272e-01  1.8768934e+00
 -1.1128453e+00 -1.0259013e+00  6.6816330e-01 -9.7824275e-01
  7.2031349e-02  1.9001992e-02  2.7632599e+00  1.5233085e+00
 -2.2880414e+00 -2.1418136e-01 -4.8987871e-01  1.9092201e-01
 -2.6346269e+00 -4.2107195e-01  1.3292692e+00 -1.5118986e+00
  1.5305742e+00  1.6739914e+00 -6.3472056e-01 -4.8371130e-01
  6.8307996e-02  7.7501333e-01  5.3683931e-01 -3.5496399e-01
  2.8853988e-02  1.2936172e+00 -8.6684400e-01  2.4089005e+00
 -6.8571538e-01  1.0517934e-01  5.9358277e-05  2.6821506e+00
 -1.9817486e+00  1.3593587e+00  3.8474604e-01 -1.6981140e+00
  1.1690567e+00  9.0151852e-01  9.8530132e-01  1.3812420e+00
  1.1168700e+00 -4.0473270e-01  9.5239931e-01 -1.7400233e+00
  2.3618681e+00  1.4574140e+00 -2.1707051e+00  7.6552671e-01
  1.4185094e+00  3.4696332e-01 -1.8410344e+00 -3.7165135e-01
  1.6114402e-01 -2.2184207e+00 -7.8985941e-01 -1.1495826e+00
  1.3064294e+00  2.9600453e+00 -4.4062865e-01  7.0014936e-01
  1.0836253e+00  1.9128492e+00  3.5339069e-01  6.4634871e-01
  1.2346700e+00 -7.1440026e-02  9.2003936e-01 -2.6641670e-01
  1.8641333e-01 -1.0923007e+00 -6.0832340e-01  9.1288000e-01
  1.2467799e+00 -1.8082772e+00  2.2397230e+00  1.0925667e+00
  1.8079528e+00  8.7772197e-01 -1.2469959e+00  5.8248460e-01
 -1.2621094e+00  1.3108433e+00  1.4832988e+00 -1.1134800e+00
 -1.0862340e+00 -2.4257666e-01  1.2930807e+00 -1.9930713e+00
  2.8309199e-01  3.5267934e-01  6.1087203e-01  4.5778703e-02
  1.2547468e+00 -1.4536780e+00  1.6475559e+00  6.2010664e-01
 -1.7182334e-01 -2.1625319e+00 -1.6830481e+00 -1.0175500e+00
 -9.8389208e-01 -1.4526145e+00  2.9747143e-01 -1.7487714e+00
  4.3390071e-01  9.4533932e-01 -4.9479941e-01  6.7623001e-01
 -7.4662471e-01  1.2102153e+00  1.3773292e+00  9.0196663e-01
 -3.0142671e-01  1.7546427e+00  6.8106610e-01 -1.8246380e+00
  1.4966948e+00 -9.0032268e-01  8.0614394e-01 -3.2126679e+00
  1.0908799e+00 -2.6666334e-01 -1.5691201e-01 -1.3353986e+00
  8.6251068e-01  1.5762860e+00 -7.8055955e-02  6.1100662e-01
  6.5288866e-01  2.5909038e+00  1.1354166e+00 -7.9834461e-01
  3.6742189e+00 -2.0890620e+00  2.4323736e-01 -5.1315999e-01
  7.6528740e-01  5.5869329e-01  6.5784466e-01  2.8294587e+00
 -1.1325953e+00  3.9871597e-01  1.6144451e+00  1.6409500e+00
 -7.0549333e-01 -1.0102946e+00 -7.7831268e-01  1.0817500e+00
  7.9818469e-01  8.4073067e-01  7.8395474e-01 -4.3672207e-01
 -2.0923240e+00  2.2878108e+00 -6.7538136e-01  1.8449347e+00
  3.1450922e+00  1.3329707e+00 -1.6311507e+00  4.7939402e-01
  7.6200619e-02 -7.4257141e-01  1.6816328e+00  5.4098797e-01
  1.2677233e+00  1.5112966e+00  2.7491007e+00 -1.9051534e-01
  8.5840935e-01 -2.1460463e-01 -1.1829000e+00  3.4304464e-01]