[[-0.85215253  0.18093251  0.64972997  1.08375502  0.56706005 -0.51240748
   0.3854225  -0.01129751 -0.65455997  0.59807754  1.08562756  0.4590975
  -0.30395502 -0.1962575   0.81611747 -0.01176    -1.07183504  0.43544
  -1.46129     2.0027349   0.63855499  1.0299201  -0.43377     0.58231246
   0.78547502 -0.46810254  0.77073002  1.89563251 -0.14993247 -0.55574
  -0.04068251  0.30147001 -0.38971749  0.0065375   1.05262244  0.67308497
  -0.47219747  0.44174498 -0.53223002  0.3076525  -1.10557997  0.66492999
   1.34811497 -0.61994749  0.86535752  1.06717753 -0.15821001  0.1813325
  -0.0504625   0.73475504  0.85468256  0.64083254  0.91765249  0.67401004
  -0.38284501  0.92769748 -0.22857749 -0.44594252  1.22345245  1.22672999
  -0.08580749 -0.13559    -0.20183249 -0.8553825  -0.089945    0.4087525
   1.16136503  1.06782007  0.71594501 -0.1650475   1.14090753 -0.75582504
   1.19072008  0.35775    -1.09901249  0.93316245 -0.42300251  0.251555
  -0.14118248 -2.46347237 -0.49748254 -1.06016243 -0.54144251 -0.16716248
  -0.29480746  1.61915255 -0.0742      0.4371025   0.80911756 -0.25387999
   0.54867744 -0.38331002  0.60625494  0.35862249  0.01955247  0.41148746
  -0.65406251 -0.67148501  1.32807505  0.1475675   0.51101005 -0.14847499
   0.90479499  0.66664505 -0.6974175   1.32854748  0.20038752  0.45430499
  -0.03755248  1.65909994  1.61063254 -0.13466248 -1.50244248  0.74144751
   1.29237747 -2.35300016  0.60966253  1.61848748  0.052505   -0.37332252
   0.6498825  -0.98904002  0.42583999  0.32115251  0.52332503 -0.61726505
  -0.50423002  1.51902497 -0.1111575  -2.1242075  -0.66900748  0.62687254
   0.07562999 -0.35157502 -0.44630748 -0.00822747  0.0037175   0.18702999
   0.50936246 -0.69741249 -0.11124501  0.6098175   0.2376125  -1.74417508
   0.8341825  -0.2680575   1.29290247 -0.97772747  0.28492746  0.094145
   0.1989525  -0.51152754 -0.24313    -0.24498001 -0.71839756  1.01603997
  -0.38144997  1.22420251  1.29967237  0.52509505  0.68805748 -0.96516502
  -1.58130503 -0.29921997  0.29253     0.57177001  0.98457998  1.71358001
  -0.39053747  0.89898753 -0.35839504  0.90358758  0.20912501 -0.27825502
  -0.14699     0.54222751 -0.33522749  0.72412503 -0.3737275   0.45153499
  -1.33756256  1.94869006 -0.6228025   1.50622249  1.22816992  0.38413751
  -1.78396487 -1.34803498  0.28798503  0.21540499  0.86485249 -0.27677497
   0.30487001  0.95776498  1.79451239  0.23898244 -0.97829998  0.3818475
  -0.64120752  0.85704499]]