[-4.4237599e-01  8.6305201e-01 -7.2052199e-01  8.7020606e-01
  1.7688961e+00  1.0436560e+00  1.0938480e+00 -5.9051991e-02
 -1.4617821e+00 -3.1403202e-01  8.2802802e-01  7.5074399e-01
 -9.8387796e-01 -1.4235439e+00 -5.2413803e-01 -2.7178597e-01
 -9.7530001e-01  8.3051604e-01 -1.2904440e+00  1.5116560e+00
  4.3649799e-01  1.2694161e+00 -4.5212001e-01  9.8819005e-01
 -9.0020057e-03 -1.4030761e+00 -4.1060799e-01  2.2177761e+00
 -3.2166803e-01 -9.1792202e-01  1.0065820e+00 -6.2685989e-02
 -8.3752805e-01  2.2257800e-01  1.5219920e+00  8.9489001e-01
 -8.8642597e-01  1.9919403e-01 -1.4685920e+00 -7.7094004e-02
 -1.5243039e+00 -7.3094404e-01  2.0819700e+00 -4.8051399e-01
  1.3921701e+00  7.2569597e-01 -6.3324797e-01 -2.3473601e-01
  3.8168997e-01  8.2103997e-01  7.7187002e-01  8.5923594e-01
  1.4018400e-01  7.0554399e-01  8.5424006e-02  9.5740002e-01
  9.3014401e-01 -4.1838598e-01  8.0542201e-01  1.4232800e+00
  3.0279994e-02  8.9669988e-02  4.5198002e-01 -1.1855760e+00
  4.1213602e-01  1.0650201e-01  8.8273001e-01  9.8601401e-01
  2.6234201e-01  1.4296199e-01  6.7461205e-01 -1.6622980e+00
  8.5167599e-01  6.6270798e-01 -1.0659740e+00  1.4696519e+00
  8.6349201e-01  3.1813198e-01 -1.5423520e+00  3.2035398e-01
 -7.2540402e-01 -5.3470403e-01 -9.4198400e-01 -1.5464160e+00
  6.1085796e-01  7.6424605e-01  3.5305801e-01  5.4228604e-01
  1.2054360e+00  1.9558799e-01  1.0525320e+00  4.2520800e-01
  1.3743800e-01  1.0344641e+00  9.3725997e-01  3.3209987e-02
 -9.7731000e-01 -4.6584600e-01  2.1542001e-01  5.8559000e-01
  2.7542603e-01 -6.0803199e-01  1.3690799e+00  8.0393201e-01
  3.0896202e-01  6.6821605e-01 -5.0869399e-01 -6.1439991e-02
 -1.8383520e+00  2.4517040e+00  9.3325204e-01 -1.9257160e+00
 -1.4295361e+00  1.3404000e+00  3.0170402e-01 -1.7767521e+00
 -2.1302602e-01  2.0079598e-01  3.9647800e-01 -8.4184006e-02
  1.3074980e+00 -1.6639820e+00  1.5600979e+00  1.4499061e+00
  1.9167599e-01 -1.9368740e+00 -5.3157002e-01  5.8661598e-01
 -3.8892008e-02 -1.0222580e+00  6.8497390e-01 -3.6244202e-01
 -1.1947198e-01  5.7139003e-01  3.2211402e-01 -4.5595981e-02
  5.2744800e-01  1.2253220e+00  1.3761140e+00 -2.6857799e-01
 -1.2727199e-01  1.1731360e+00  6.6386402e-01 -9.4419605e-01
  1.9671600e+00 -2.1664199e-01  5.4920000e-01 -1.7515761e+00
  1.5106699e+00  8.7369993e-02 -4.4639197e-01  1.7044739e+00
  1.9192798e-01  2.9722601e-01 -1.0665397e-01 -8.9250392e-01
  6.9317800e-01  2.0395322e+00  1.1850798e-01 -1.9016200e-01
  1.3189099e+00 -2.7072859e+00 -5.3341401e-01 -5.7474798e-01
  3.0428028e-02  6.8501008e-01  3.8952398e-01  2.2454879e+00
 -7.8439397e-01  8.4461802e-01  9.1780198e-01  9.5003396e-01
 -9.5473802e-01 -8.1388396e-01  3.5977000e-01 -4.8595199e-01
  2.0515399e-01  8.9049995e-02 -2.4634199e-01 -5.6200026e-04
 -2.4909520e+00  1.1203080e+00 -6.4532000e-01  1.6221079e+00
  2.5994983e+00  1.2566140e+00 -1.0185059e+00  5.7823598e-01
  4.8492202e-01 -6.3131201e-01  1.3356661e+00  6.1899596e-01
  1.2338159e+00  1.0062640e+00  3.0360260e+00 -5.9268606e-01
 -4.5519599e-01  2.3470005e-02 -9.3812799e-01 -5.1478201e-01]