[ 0.8574575   0.562675   -0.1437325   0.8267875   1.687445    0.0261075
  0.5670575  -0.29282498  0.04273751 -0.58146995 -1.392955    1.492795
  0.26452    -3.2110474   2.62695    -1.9272001  -2.27092     1.511645
 -0.04935503  1.8661826   0.5723875   1.0464425   1.5171776   0.646475
  0.02972001 -1.6928875  -0.37326     1.4039775  -1.117585   -0.75302494
  3.2862675  -0.09972     0.44316    -1.4548      1.7318575   2.9384098
 -2.5992775  -1.5907174  -1.3088     -1.2339675  -1.9729475  -0.92053246
  2.2175999  -2.3424425   1.1960526  -1.0887325   1.4892374  -0.22134
 -1.0738125   3.53052     1.9225326   1.6709      1.3146825   0.11141753
  1.5730574   1.4761624  -1.8278475   1.8683325   3.18658     2.076135
 -1.27737    -0.577745   -1.1815125  -2.3062825   0.93578994  0.14616501
  0.10201755  0.42839754  0.16215003  1.223555    3.4654648  -1.0854676
 -0.09507501  2.0598874  -0.776175    2.603645    3.3552425   0.247545
  0.16759002 -0.76842004  0.43621248  0.32831502 -1.281955   -2.6202924
  0.4031875   2.21267    -0.18551245 -0.93490005  1.7474825   1.7799876
  1.193495    0.49713245  0.10093498 -0.340185   -1.3860874  -0.07227251
 -1.634475   -1.9685075   0.730065   -0.81385505  1.3357074  -3.131545
  2.3911977   0.76958     0.37638998 -0.7539075  -0.242165    0.6663475
 -1.3802224   1.7712849   1.869035   -3.086635    0.4389     -1.5947175
 -0.4565425  -1.3173425   1.3567176  -0.03906745  1.552885    0.27682
  0.888085   -2.1083975  -0.21098998  4.6890697   0.01787502 -0.6563926
 -0.68307745 -1.3192425  -0.6252975  -1.5051749   0.808235   -0.09707499
 -0.82483995  1.12858     0.8124025   0.5544351   1.2695775   0.11673999
  2.6908574  -0.352125    2.5063977   0.43388999  0.21027249 -0.49714005
  2.26675    -2.2035925   1.643645   -2.321015    2.98379     0.2778625
 -2.6559324  -0.1686975  -1.3060501   1.30215    -0.80929    -0.97810996
  1.00284     3.1759276   1.0030224   0.322965    2.17645    -2.9388475
 -1.00863    -0.46824253 -0.53326     0.02962251  0.7424875   1.610195
 -0.5789475   2.4522653   1.3004174   3.4235451  -0.236575   -0.4684825
 -0.14300998 -1.314805    0.0437475   1.2778649  -1.091645    0.35128498
 -1.3226475   0.24011251 -1.6509975   1.2619851   3.174215   -0.6869149
 -0.36969498  0.7894676   1.6826625  -2.390255    1.0994875   0.3261675
  1.7296175   1.9919424   2.4733772  -1.2127349  -0.15376249  1.2044151
 -2.8080373  -0.3814975 ]