[[ 0.68249246 -1.12856743 -0.51241502  1.02639255  1.54758501 -0.4737975
  -0.12093249  0.95479497 -1.80915993  1.06985     0.57107003  1.59086996
  -0.02419    -1.0369975   1.12174499  0.59023999  0.06661    -1.8031075
  -1.583525    0.1307625   0.0405925   1.60995001 -2.22702241  0.064695
  -0.59079751  0.58492999  1.33820748  2.41022003 -1.07315499 -0.717255
   0.44861999 -0.4286      1.53157496 -0.475335   -0.19095749  1.04138497
   0.94356999 -0.33488753 -1.88833755 -0.0843     -1.45121998 -0.41206252
   0.64767998 -0.92469499  0.94498253 -0.08193751 -0.98342249 -1.3557325
  -0.27201749 -1.40850753 -0.51332498 -1.04974753  1.40397501  1.47081506
   1.16924     1.03286251 -1.3010425  -1.12829754  1.43327749 -0.3524825
   1.398045    1.90257996 -0.61249751  1.61761999  0.47205248 -0.36230502
   0.52055746  1.19749254 -0.0511725  -1.06823754 -0.83370751 -0.58965999
   0.55606748  1.60521501  0.00674751 -0.26413751  0.71322998 -0.3686875
   2.17918503 -1.36788005 -0.0666925  -0.47554751  0.23044751  1.04572749
  -0.91132504 -0.33674998 -0.51571998  1.39788502  1.99785006  0.69183749
   1.08098751 -0.5081      0.53831249  1.67807001  1.291935    0.67046252
   0.209945    0.43340997  0.95134503 -0.65740252  1.57339507  0.30114
  -0.63293751  0.48087999  1.88196498  2.05726492 -2.03698748  0.569885
   0.07907501  0.77363253  0.92587247 -0.500025   -2.48724997  0.95514245
   2.68944252 -0.80880502  0.13793749  1.62424994 -0.11841749 -0.52246499
   0.3113925   0.70893     1.30395001  0.61429746  0.05918    -0.78845751
   0.84892249  0.37731002 -0.80732998 -1.21659249 -1.34551251  2.57071006
  -0.46251     0.14191501  0.5815675  -0.2281675   2.1466825  -1.22473502
   2.97745752  1.67747498  1.19431502  0.1874625   0.6783275  -0.41583499
   0.50376248 -0.28690749  0.4123825  -1.45616752  0.29542751  0.38142999
  -0.1904975  -1.95994747  0.71094999  0.49639249 -0.31860749  0.94309497
   0.97050253 -0.0557125   1.1874125  -0.3875975   1.08341253 -0.0491575
   1.03407997 -0.58654748  0.64034     1.49070501  1.03988507  2.54613507
   0.0589875  -0.1095975   0.275295    2.18821502  1.2456975  -0.50718752
  -0.21537001  0.061545   -1.189735    1.42889744  0.7481375   0.0468775
  -2.07121491  2.85596001 -1.90801501  0.95594004  1.33493996 -1.26764506
  -0.52666    -0.2207      1.01617497  1.07320249 -0.3778925   0.55693251
   1.56373751  0.61973999 -0.189705    0.95809752  0.37975998 -0.68599248
   0.18994999 -1.27403754]]