[[-1.01264530e+00  7.58114108e-01 -1.15588816e-01  1.26118472e+00
   1.23145941e+00  2.60411869e-02  2.75401170e-01  4.31300209e-02
  -1.58571650e+00  6.97051155e-01  6.57595292e-01  2.26989121e+00
  -1.18428591e+00 -2.61007714e+00 -8.40817388e-02  4.44904168e-01
  -7.88921205e-01 -5.90519418e-01 -2.21428586e+00  2.11180284e+00
   5.06952889e-01  2.57271232e+00 -1.29177411e+00 -3.84221748e-01
  -9.71285864e-01 -1.30837936e+00  1.16915179e+00  1.98746064e+00
  -6.10185276e-01 -1.17455003e+00 -2.12948277e-01 -7.07305288e-01
  -8.65878829e-01 -2.81978234e-01  2.29830575e+00  1.87114469e+00
  -9.83335301e-01  7.56829423e-01 -2.81152174e+00  9.62474707e-01
  -1.62416642e+00 -1.05651702e+00  1.16848651e+00 -4.46725861e-01
   1.08664709e+00  1.31899117e+00 -8.41788465e-02 -8.88297651e-01
   2.16290003e-01  1.54354586e+00  1.05823416e+00  5.48537086e-01
   2.87224149e-01  1.41407820e+00 -5.40144116e-01  1.26999237e+00
  -2.38761769e-01  8.77995929e-01  5.96152354e-01  2.34344774e+00
  -6.64962344e-01  1.88491943e+00  4.81849979e-01 -1.17309592e+00
   6.92650584e-01  5.69773525e-01  4.57857053e-01  1.56607945e+00
   1.74290298e+00  3.54872349e-01  1.83020766e+00 -1.20633170e+00
   1.05156650e+00  1.45017585e+00 -1.55210414e+00  1.29123998e+00
   1.42953591e+00  1.09173469e+00 -1.51775238e+00  7.05867035e-01
  -8.22479389e-01 -1.23301884e+00 -9.34157659e-01 -1.73514233e+00
   5.27386465e-01  1.86246173e+00 -1.15529164e+00  1.12428355e+00
   5.84337020e-01  1.41376063e+00  2.65611175e-01  7.57090576e-01
   5.69160584e-01 -1.87770586e-01 -4.41260573e-01 -7.11152939e-01
  -1.59542466e+00 -8.88717674e-01 -3.72834140e-01  1.25703000e+00
   4.74824717e-01 -1.78803291e+00  1.61472772e+00  1.17260884e+00
   1.30954233e+00  1.01888062e+00 -1.23715291e-01 -1.04275238e+00
  -1.86708178e+00  1.76725478e+00 -3.30586153e-03 -1.24849177e+00
  -1.56789702e+00  2.11490358e+00  6.32195869e-01 -2.63541475e+00
   6.88947639e-01  1.00325234e+00 -1.38510581e-01  8.35941779e-01
   9.84967069e-01 -1.21945238e+00  9.84987639e-01  2.24680410e+00
  -5.23734726e-01 -1.87942651e+00 -9.87114126e-01 -9.18280602e-01
  -7.84642357e-01 -8.88545304e-01  1.44296760e+00 -1.37944000e+00
  -8.08937637e-01  1.32947003e+00 -6.28156476e-01  1.23397531e+00
  -1.00473294e+00  1.86589289e+00  6.53107040e-01  8.68241762e-01
  -2.99319372e-01  1.68151709e+00  4.09297057e-01 -1.58753941e+00
   1.83979999e+00 -9.46195278e-01  5.04239977e-01 -1.60498527e+00
   1.50412941e+00  1.03493515e-01  2.13722314e-01 -1.20621587e+00
   1.17923708e+00  9.53334098e-01 -2.68499981e-02 -3.34492363e-01
   1.41495711e+00  1.91763692e+00  1.76589532e+00 -2.65494128e-01
   2.02841176e+00 -2.52169477e+00 -5.53669428e-01 -5.41870008e-01
   5.49774126e-01  4.06984101e-01 -6.83164544e-02  3.67806997e+00
  -6.23068845e-01  1.13650351e+00  3.77604700e-01  1.19631880e+00
  -1.30727064e+00 -1.47569475e+00  5.61905942e-02 -5.16845286e-01
  -4.44708820e-01  3.87181779e-01  1.14434176e+00  3.15765304e-01
  -3.00791529e+00  1.15147891e+00 -6.67947639e-01  1.58428937e+00
   2.61458582e+00  4.00689400e-01 -6.86717980e-02  7.29932355e-01
  -3.65359408e-01 -2.63488247e-01  1.78141944e+00  5.31903554e-01
   1.75926409e+00  6.71082915e-01  1.91314353e+00 -6.88976461e-01
  -2.17765883e-01  2.73097040e-01 -8.46567026e-01 -5.44057615e-01]]