[[ 1.53191115e-01  3.34658882e-01 -4.89928886e-01  4.04731121e-01
   1.55663755e+00 -5.84551775e-01  2.43981118e-01  2.71017115e-01
  -1.28391064e+00  8.18155107e-01  7.04394445e-01  1.76417778e+00
  -5.76468678e-01 -1.02483731e+00  5.01359104e-01  8.22931033e-02
   1.40351553e-01 -1.08052002e-01 -8.14541552e-01  1.48129645e+00
   7.31478012e-01  1.56716354e+00 -8.57220898e-01 -2.26846891e-01
  -6.95235776e-01 -8.25048934e-02  1.37760533e+00  1.79133643e+00
  -6.14333096e-01 -2.96316667e-01  8.95022394e-02 -6.33068217e-01
   5.59389790e-01 -3.73884657e-01  1.35180556e+00  1.66612735e+00
  -6.22761553e-01 -4.73531111e-01 -6.69488657e-01  4.40256665e-01
  -1.18284932e+00 -3.49738461e-01  9.90613333e-01  3.50306030e-01
   1.24075645e+00  6.09274225e-01 -5.33400460e-01 -1.26468357e+00
   2.21484675e-01  9.56915327e-01  3.90476436e-01  4.49952218e-01
  -1.02603760e-01  1.06116333e+00 -3.47485102e-01 -3.26607119e-01
  -5.89183331e-01  1.09602177e+00  5.23678887e-01  3.79069791e-01
  -1.42376684e-03  6.62268890e-01  2.24875764e-01 -1.13696201e+00
   3.66585563e-01  4.72896892e-01  4.68534213e-01  6.06217319e-01
   1.07025399e+00  4.95705346e-01  7.17727099e-01 -6.92232446e-01
   2.90311769e-01  1.08424334e+00 -1.44004579e+00  7.32622430e-01
   2.86075777e-01  6.37543996e-01 -6.43579562e-01 -1.56235528e+00
   6.77910315e-03 -7.61658892e-01 -7.71077691e-02 -5.51102222e-01
   3.56349558e-01  2.11754289e+00 -1.61259510e+00 -3.95977954e-02
   7.45646894e-01  6.92279544e-01  2.49966430e-01 -2.13820087e-02
   3.18585535e-01 -1.85129102e-01  4.16363558e-01  4.43628966e-02
  -9.62367780e-01 -8.93929116e-01  5.24613245e-02  1.22552453e-01
   1.89056899e-01 -9.16100679e-01  1.48190621e+00  1.02187778e+00
   8.53589549e-01  5.57821563e-01 -4.34978005e-01  5.40726443e-01
   7.83388919e-02  6.86568240e-01 -3.50983986e-01 -5.58719549e-01
  -1.39750843e+00  1.31334866e+00 -1.95475776e-01 -2.07208778e+00
  -2.37626204e-01  1.38140640e-01  2.40949564e-01 -3.19973545e-01
   8.69231996e-01 -1.07589381e+00  1.14875311e+00  1.14289823e+00
  -8.89548450e-01 -1.05919133e+00 -1.38113127e-01 -3.47793327e-01
   1.76325997e-01 -1.35358419e+00  1.11298657e-01 -8.89418891e-01
  -9.27600219e-01  1.03300013e-01 -9.25656880e-01  4.33711778e-01
  -3.84193113e-01  3.80276885e-01  9.20882451e-01  4.28782870e-01
   8.73796907e-01  1.77872892e+00  6.19097333e-01 -1.39125579e+00
  -1.67251329e-01  2.89947332e-01 -5.12569014e-02 -1.21092911e+00
   5.63755763e-01  4.52011996e-01  2.32416898e-01 -1.62629134e+00
   1.32434882e-01  9.08499966e-02 -2.68933475e-03  7.02941328e-01
   1.34006672e-01  6.98015332e-01  2.53937044e+00  4.62534262e-03
   1.19612645e+00 -1.00684533e+00 -5.26745105e-01 -4.62515555e-01
   4.87242451e-01 -4.22725992e-01  2.79585559e-01  2.03108090e+00
  -8.90589994e-01  3.65073789e-01  6.17870671e-01  1.63624013e-01
  -7.99020650e-01 -1.17238802e+00 -8.26234222e-01 -3.29417110e-01
  -6.01189982e-01  9.69840676e-01  1.17525312e+00 -4.95312897e-01
  -1.50855777e+00  1.81225998e+00 -5.70805755e-01  1.01594333e+00
   1.24297957e+00 -3.05039322e-01 -2.66977104e-01  7.37422217e-02
  -1.98693549e-01  4.13573408e-02  8.44616661e-01 -9.28828874e-02
   9.19760652e-01  7.57060047e-02  3.30317560e-01  3.67159999e-01
   4.62979108e-01  7.52381788e-01  7.17042151e-02  4.66310456e-01]]