[-9.44727063e-01  7.36567795e-01 -6.27551854e-01  5.78996837e-01
  7.25161374e-01  2.31754422e-01  6.71720028e-01  2.96083122e-01
 -1.78760719e+00  8.13338578e-01  6.06490672e-01  2.60280704e+00
 -8.63994360e-01 -1.93803322e+00  5.35401478e-02  1.45625174e-02
 -7.28117108e-01 -1.98998585e-01 -1.44876671e+00  1.44921100e+00
  1.00905918e-01  1.79040456e+00 -9.33963299e-01 -2.45962501e-01
 -3.52167934e-01 -5.14161229e-01  1.32984769e+00  2.41085052e+00
 -3.82378578e-01 -9.19852614e-01  1.22559987e-01 -3.78954232e-01
 -1.32861108e-01  5.21628149e-02  2.22281718e+00  1.07044017e+00
 -5.47486186e-01  3.35434079e-01 -2.33980942e+00  6.74991369e-01
 -1.42350137e+00 -6.00972116e-01  1.17989016e+00 -2.66037196e-01
  8.51552665e-01  5.39497375e-01 -3.46599072e-01 -6.66130245e-01
  1.13759235e-01  1.01142979e+00  1.14587379e+00 -3.29834759e-01
  2.19114527e-01  1.09563339e+00 -1.20716715e+00  1.60573018e+00
 -6.14896476e-01 -2.37960055e-01  5.68385959e-01  1.52466631e+00
 -3.54241371e-01  1.32248044e+00  3.27911496e-01 -9.61785555e-01
  9.64419127e-01  5.33838689e-01  1.17187306e-01  5.35915613e-01
  2.45145917e-01 -4.41701919e-01  9.32649672e-01 -6.76433206e-01
  9.84837055e-01  1.30025005e+00 -5.38546443e-01  6.22664332e-01
  1.23184454e+00  4.80083048e-01 -1.05730486e+00 -2.13781074e-01
 -5.63568592e-01 -1.04152882e+00 -2.99257487e-01 -1.27688432e+00
  8.06134343e-01  2.13631082e+00 -1.12389326e+00  1.32626867e+00
  9.45535421e-01  5.22466838e-01  8.56914639e-01 -2.67492346e-02
  4.19420630e-01 -5.37366450e-01  5.58544040e-01 -5.38269699e-01
 -2.08251104e-01 -3.83771807e-02  2.53772199e-01  1.28767169e+00
  9.82761085e-01 -1.69695771e+00  2.14409423e+00  7.22097397e-01
  8.24308932e-01  8.65664333e-05 -1.06162786e+00  1.41787812e-01
 -1.84551799e+00  1.73050129e+00  6.84337378e-01 -1.27376151e+00
 -1.13353908e+00  9.01483893e-01  1.18468165e+00 -1.94980514e+00
  4.79551226e-01  1.22897804e+00 -2.43822053e-01 -1.05545449e+00
  1.81506383e+00 -1.33678389e+00  1.55231071e+00  1.42696869e+00
 -9.59677279e-01 -2.07160759e+00 -1.22546089e+00 -7.33165622e-01
 -2.10668564e-01 -1.24682498e+00  6.60128415e-01 -5.08991599e-01
 -6.94178581e-01  3.74715149e-01 -4.54006433e-01  3.95772010e-01
 -3.01984221e-01  1.17243242e+00  1.46549070e+00  3.53569239e-01
  3.29186618e-01  1.15480924e+00  8.73253703e-01 -1.35165000e+00
  1.17627239e+00 -4.29364055e-01  2.97406107e-01 -1.64948869e+00
  1.20311475e+00  4.65134114e-01 -2.62921095e-01 -1.55912077e+00
  1.36108160e+00  1.00349307e+00 -1.47785954e-02  1.63690940e-01
  1.59213269e+00  1.29246986e+00  1.35577965e+00 -2.79261261e-01
  1.31010973e+00 -1.73971975e+00 -2.13273302e-01 -6.18104219e-01
  4.93261032e-02  6.59444809e-01  7.16488898e-01  3.08918095e+00
 -1.11234963e+00  9.40409243e-01  3.44747066e-01  7.18971670e-01
 -1.07014787e+00 -5.15171111e-01  3.96936089e-01 -6.33277178e-01
 -1.18417895e+00  4.96158063e-01  1.51378417e+00  6.14293575e-01
 -2.19640708e+00  1.18647599e+00 -7.22512424e-01  2.21522021e+00
  2.35392070e+00  1.20566726e-01 -1.09287882e+00  8.91844094e-01
  4.50129956e-02 -8.40057254e-01  7.49729097e-01 -3.30897361e-01
  1.73670161e+00  4.52885866e-01  1.34461331e+00 -2.81961352e-01
  3.17526400e-01  2.48921245e-01 -4.65277106e-01  2.53424883e-01]