[-0.12032147  0.43722367  0.44553965  0.2281741   1.4784882   0.8175022
  0.7817311  -0.21674633 -1.8274332   0.3255885   0.17773148  1.6510514
 -0.76065487 -3.4543567   0.5559052  -0.6005586  -1.1009078  -1.1420301
 -1.1548471   1.757345   -0.05285887  2.0480223  -0.94412637 -0.842086
 -0.76945966 -1.385755    0.9901584   1.4706889  -0.14543664 -1.0889596
  0.71449804 -0.5980111  -1.355527   -0.0328689   2.600896    1.6775612
 -1.3964552  -0.10089332 -1.4338125   0.48949188 -2.4507086  -0.6579438
  1.6868736  -0.6939051   0.67943954  1.0133605  -1.0435265  -0.78099406
 -0.37615037  1.4140826  -0.45084742  0.3941526  -0.2671226   1.6972497
  0.33238438  1.967834   -0.73245     1.0564319   0.50264     2.168615
 -0.85330003  2.3312685   0.5460722  -1.1324815   1.1646241   0.97147155
  0.30010185  0.55035925 -0.0949203   0.35580522  1.2676688  -0.80061495
  1.0111959   0.9742674  -1.8423712   0.6918915   0.69489914  0.36402372
 -1.131546   -0.68965334  0.88070744 -1.1223555   0.4479985  -2.1021001
  0.7171536   2.726552   -1.7152627   1.485665    0.73460627  0.487223
  0.44710562  0.8360889   0.79882926 -0.27812037 -0.48320153 -0.86552405
 -0.79420894 -0.7353837  -0.7292412   1.6787012   0.64560777 -2.7861104
  1.8793986   1.6130173   1.193101    1.2531577  -0.93262047  0.27721447
 -0.46732563  0.6231137   0.8389793  -2.0303712  -1.3135598   0.9831341
  0.5941029  -1.6559123   0.44130224  0.50436556 -0.26758593  0.37975147
  1.690159   -2.2287602   2.0329676   1.8336619  -1.7894101  -1.2816882
 -1.2133093  -0.97112185  0.41048703 -1.4944017   0.4331467  -1.6746707
 -1.6443987   1.0104697   0.09548852  0.9881241  -1.3939462   1.2882922
  0.97048116  0.05236147  0.3863774   1.4342065   1.3856391  -1.4623854
  1.2662001  -1.1788226  -0.21804447 -2.4101272   1.471833   -0.06568481
 -0.98878217 -1.0849215   1.426947    1.1250693  -0.10444637  0.36673772
  0.52509964  2.525169    1.3438013  -0.18603593  2.20859    -1.5200464
 -0.23136298 -0.85308814  0.14408818 -0.05328855  0.23623902  3.936142
 -0.8203385  -0.1200278   0.5130748   1.6719197  -0.25718224 -2.1724918
  0.6678154  -0.5604773   0.09558557  0.52046293  1.411309   -0.07078706
 -2.58738     1.9587172  -0.964867    1.4204743   3.1621876   0.694727
  0.42989814  1.1856145   0.89408606 -0.3047363   1.5607644  -0.25235412
  1.8176605   0.6645226   1.4916776  -0.24961074  0.35671735  0.8178203
 -0.6075374   0.5383081 ]