[[-0.37345906  0.59478475  0.05942647  1.04807007  0.73720037  0.35758373
   0.63290169 -0.18964507 -1.25565149 -0.08201777  0.690107    1.61404468
  -1.25122391 -1.7603388   0.17210363  0.30374361 -1.22138993 -0.09976663
  -0.88056584  1.47645714  0.31138968  1.72643413 -0.16236052 -0.25549871
  -0.48815446 -0.46833681  0.35729861  1.94115925 -0.01499069 -0.99305296
   0.41423311 -0.56472522 -0.57613358 -0.09503172  2.10129107  1.34079704
  -1.30263536 -0.18792008 -1.47318939 -0.11149683 -1.77420457 -0.50632974
   1.47783656 -0.72833271  0.83265604  0.66958647 -0.24461088 -0.66805602
   0.18869784  1.33522674  0.73816046  0.12617759 -0.05402448  0.66854018
  -0.35658826  1.53154641 -0.12886415  0.36021555  0.58369035  1.55063167
   0.05408018  0.96981304  0.54889174 -1.21411011  0.75734371  0.49015145
   0.34901935  0.63082394  0.42590268 -0.01600906  1.576925   -0.62729605
   0.67617639  1.8056839  -0.9111042   0.989295    1.25485453  0.41781518
  -1.21749357 -0.42914449 -0.08073629 -0.94857625 -0.50712021 -0.96328348
   0.10516034  1.36253249 -0.9411182   0.63637884  0.31927137  0.39721587
   0.74073165  0.74345915  0.51811512  0.17925466  0.00974302 -0.24319872
  -0.56828911 -0.61321704  0.12874328  0.57441318  0.85295205 -1.43276097
   1.94149504  0.63178215  0.49340812  0.18578533 -0.63548137  0.26402931
  -1.46781164  1.32250185  0.38995687 -1.09326211 -0.91332577  0.95607896
   0.34395949 -1.63407185  0.2569555   0.36579663 -0.20589629  0.46639184
   1.12638002 -0.98533826  1.31085873  1.41832169 -0.6954259  -1.76437733
  -0.85189272 -0.32556877  0.02626803 -0.9181557   0.46492337 -0.85967212
  -0.24721819  0.45706053 -0.17170716  0.16598051 -0.26320579  0.76844552
   1.03362929 -0.04511293  0.01336654  0.83660018  0.69329771 -1.54544066
   0.83422645 -0.58456598  0.82753823 -1.32794638  1.25649586  0.8107601
  -0.27279026 -0.73357061  0.61903656  0.78509586 -0.02973095  0.15544603
   1.06732627  1.64802305  0.88378028 -0.33236611  1.24357662 -1.73166308
  -0.45532782 -0.34681285 -0.11477751  0.28036732  0.29803415  2.37237951
  -0.8455178   0.6192053   0.62371699  0.66733001 -0.68420276 -0.94130788
   0.36502095 -0.12982645 -0.59555328  1.06676265  1.11795327  0.193627
  -1.76990566  1.01825627 -0.76291409  1.36634505  2.01851581  0.24051051
  -0.71466959  0.96566058  0.64716753 -0.36001129  1.14524946  0.01303293
   0.88971752  0.98993937  1.73035441 -0.44615925  0.53349313  0.4640319
  -0.48083907  0.27349439]]