[[ 0.13198923  0.66784922  0.20540347  1.09663518  0.94552172  0.17893058
   0.51717942  0.04258788 -1.10689001  0.40649922  0.55930135  1.2013827
  -0.69480827 -2.21141021  0.16069961 -0.16489635 -1.04461674  0.02135673
  -1.04198786  1.39328309 -0.23714866  1.82479445 -0.63089309 -0.33710251
  -0.27892557 -0.58180077  1.11703886  1.4244252  -0.13741405 -0.87493598
   0.70155019 -0.41962308 -0.38082211  0.15759289  2.42812675  1.53686078
  -1.06205712  0.68362866 -0.59950557  0.12341134 -1.58862616 -0.45413365
   1.32852978 -0.66423174  0.88799691  1.26337443 -0.56366962 -0.76587979
  -0.16745153  1.16451422  0.6458571   0.33279615  0.17286327  1.23697153
  -0.71552173  0.92400462 -0.17832174  0.65736483  0.58687655  1.47480941
  -0.33324229  0.96058673  0.17911519 -0.89379981  0.13100191  0.74817789
   0.36260347  0.35794328  0.51851058 -0.23369673  0.90765422 -0.947635
   1.12139769  1.36844615 -1.60920941  1.02252193  1.06257057  0.5576152
  -1.15169963 -0.57700057 -0.05369174 -0.55629517 -0.35071116 -1.41312135
   0.28364499  1.20708058 -0.61274461  0.70006443  1.10934328  0.72942308
   1.09590788  0.84334922  0.50016115 -0.16188499 -0.00744443 -0.15450962
  -0.80689693 -1.01914922  0.20532405  0.29284556  0.72479365 -1.66273462
   1.58990287  1.25526173 -0.03931481  1.07981213  0.09167077  0.17464636
  -1.19872405  1.00093212  0.43796192 -1.15130596 -0.85642731  0.58129173
   0.10999597 -1.33500249  0.0658402   0.29273461  0.54716884  0.48447096
   1.07368635 -1.25697326  1.23400211  1.20777404 -0.49430962 -1.49752575
  -0.81921886 -0.28703885 -0.38920557 -1.23289962  0.32519903 -0.48161441
  -0.70404365  0.37996617 -0.08584367  0.44907306 -0.65238962  1.11728251
   0.96061519 -0.08291346  0.17057789  1.40568424  0.68464903 -0.75365808
   1.03189943 -0.83523884  0.41243981 -1.26438905  1.30734286 -0.19084137
  -0.2800827  -0.97663751  1.03106826  0.57539078 -0.36290923  0.30515655
   0.82477519  1.65450328  1.01750942  0.16366865  1.59390695 -1.66215942
  -0.79604001 -0.74235153 -0.23740615  0.32344173 -0.30382712  2.12345978
  -0.57844847 -0.02102193  0.1963127   1.35051825 -0.2589173  -1.2682356
  -0.13158079 -0.285055   -0.15163596  0.62448039  0.37049193 -0.05578231
  -2.04117059  1.03901884 -0.35625444  1.26944537  2.52589808  0.69517366
  -0.35739     0.29762904  0.29806981  0.17197308  1.22640982  0.18217211
   1.56161501  0.96173193  1.01937558  0.06656499  0.48874922  0.62694498
  -0.49088692  0.17193827]]