[[ 0.2901184  -0.19913518  0.11598554  0.30297247  0.71212906  0.18712606
   0.3138232  -0.14739394 -0.81876453  0.5991828  -0.0922892   1.13104494
  -0.41255363 -1.13302683  0.29407215  0.70188865 -0.46147728  0.373782
  -0.34602698  1.20775922  0.15377257  0.95258041  0.0259519  -0.07942527
  -0.22759631  0.02957121  1.18579452  0.27109785 -0.66997255 -0.03994864
   0.57652919 -0.64738496 -0.4036112  -0.07483126  0.93381334  0.15586298
  -0.05364831  0.22372208 -0.17011603  0.02285488 -1.39646618 -0.06062416
   0.94941494 -0.33322218  0.56492466  0.25002983  0.01736097 -0.10218616
  -0.73519282  0.13144161 -0.02305576 -0.59014879  0.25841615  0.63106728
   0.25040185  0.77602613  0.12361809  0.37338681  1.01369336  0.31267956
   0.08381351  0.65007205  0.62983575 -0.94471766 -0.18668313  0.48224561
   0.21877663  0.59581386  0.16479749  0.10634512  0.52121811 -0.41944102
   0.28421781  0.52828005 -0.7474214  -0.04090856  0.82284789  0.1113727
  -1.03688334 -1.11565439  0.35206439 -0.67860624 -0.09371017 -0.20320664
   0.33412527 -0.33943767  0.32911959 -0.71651832 -0.50625926  0.3609588
   0.48910643  0.81087222 -0.00926463 -0.8533837   0.34958064 -0.10666273
   0.38243954 -0.75277417 -0.00254955 -0.129616    0.45104822 -1.14578159
   1.06695111  0.37136753  0.64551868  0.41980303 -0.89008639  0.11818839
  -0.39817576 -0.1059003   1.02279122 -0.33559302 -0.23508905 -0.46342384
   0.11761064 -0.35561185  0.12792193  0.31628583 -0.11844073  0.43463976
   1.23849122 -0.16939683  0.30570931  0.83675556 -0.21519808 -0.27297391
  -0.25648356 -0.43993337 -0.04104771 -0.89188367 -0.11099719 -0.52866352
   0.0124128  -0.59842001 -0.47997096  0.00889328 -0.36593801  0.1703112
   0.73701792 -0.23483647  0.52739496  0.66312091  0.08159358 -0.67215831
  -0.24778025 -0.92629461  0.29411881 -0.93509926  0.50999496  0.47879344
  -0.3559096  -1.54710575 -0.02939064  0.04936281 -0.14007691  0.81784368
   0.59812092  0.65422614  0.73632545 -0.25768864  1.37722434 -1.05561807
  -0.22210903  0.20331496 -0.13540488  0.13178921 -0.02190785  1.11334884
  -0.30848103 -0.46811392  0.30570097  1.63122879 -0.65698417 -0.67288126
   0.28677097  0.23992527  0.03762142  0.27691594  0.24468837 -0.64980087
  -1.57367289  0.20785974 -0.93562806  0.87884275  1.71982582  0.01506247
  -0.24076776  1.30158319 -0.10733995  0.24550783  0.20982659  0.28813257
   0.34556825  0.67796679  0.7457083  -0.00202471  0.69016353 -0.15972046
  -0.32193231  0.14358762]]