[-3.23314101e-01  5.83104491e-01  2.88326796e-02  5.22555172e-01
  1.02939892e+00  1.30171612e-01  6.28749907e-01  1.56033084e-01
 -1.33942974e+00  6.50625527e-01  4.17614579e-01  1.36213493e+00
 -1.05819094e+00 -2.55820847e+00 -1.75260961e-01 -2.65837252e-01
 -9.33889449e-01 -3.17652047e-01 -1.35986757e+00  1.26853561e+00
 -3.97016048e-01  1.68162870e+00 -5.11202693e-01 -1.97573081e-01
 -1.52150080e-01 -8.29548180e-01  1.12774348e+00  1.70764983e+00
 -4.74058777e-01 -8.51149976e-01  9.39019680e-01 -5.14045775e-01
 -7.87572861e-01 -1.18533157e-01  2.00184608e+00  1.66311753e+00
 -1.15526402e+00  1.84264705e-01 -8.71510923e-01  5.94585873e-02
 -2.00658131e+00 -8.02459538e-01  1.32840335e+00 -5.60699821e-01
  5.99019527e-01  1.02934253e+00 -3.06823224e-01 -8.08214903e-01
  1.45981938e-01  1.20449114e+00  2.75162607e-01  4.02899384e-01
  7.84182400e-02  1.30113900e+00 -4.37693387e-01  1.31397617e+00
 -6.99787617e-01  7.15350389e-01  4.00247455e-01  1.11011517e+00
 -8.09914529e-01  1.10051382e+00  1.86485029e-03 -9.01005387e-01
  1.35246560e-01  3.85062486e-01  2.35723451e-01  7.34127641e-01
  5.23486435e-01 -2.11509466e-01  1.36713076e+00 -8.46106768e-01
  8.60119760e-01  1.26397920e+00 -1.54307854e+00  6.05267942e-01
  1.28697264e+00  4.21691805e-01 -1.11326110e+00 -1.18298106e-01
  4.35689986e-01 -8.47954869e-01  2.27556273e-01 -1.34859443e+00
  5.55135190e-01  2.04883099e+00 -8.05611730e-01  8.97688508e-01
  7.70251453e-01  5.28957725e-01  1.37290910e-01  4.35057074e-01
  6.12365246e-01 -2.60281324e-01 -1.36199072e-02 -4.69568968e-01
 -6.21862590e-01 -5.98922133e-01 -3.86548877e-01  5.36475182e-01
  1.28806806e+00 -1.62815237e+00  1.80032027e+00  1.18146932e+00
  5.70804775e-01  7.37828195e-01  1.18320351e-02  3.98463458e-01
 -8.54460299e-01  7.03054011e-01  2.75635868e-01 -1.14059472e+00
 -5.71795166e-01  4.57687527e-01  1.94857031e-01 -1.13917446e+00
  2.22704604e-01  1.09230414e-01  1.80270255e-01  3.17600995e-01
  1.23417890e+00 -1.22414136e+00  1.65560091e+00  1.29773462e+00
 -1.34900272e+00 -1.09795487e+00 -9.92457151e-01 -2.67820477e-01
 -6.27520457e-02 -9.50912774e-01  4.73912656e-01 -1.25680399e+00
 -9.47664738e-01  4.67043519e-01 -2.25604355e-01  8.36401165e-01
 -6.70376301e-01  8.77924025e-01  7.74547756e-01  7.92525768e-01
  4.73733276e-01  1.31070495e+00  6.06784165e-01 -9.02005970e-01
  8.17165971e-01 -5.85565567e-01  2.30157599e-01 -1.65281379e+00
  1.00689089e+00 -7.24426806e-02 -4.85406637e-01 -9.44775105e-01
  1.07203627e+00  5.93106806e-01 -2.23113403e-01 -3.90370518e-01
  7.77742088e-01  1.55229867e+00  1.25867951e+00 -1.96843237e-01
  1.95906687e+00 -1.40852320e+00 -2.63269246e-01 -8.74715209e-01
 -2.39683807e-01 -1.59681574e-01  1.87307343e-01  2.87439704e+00
 -9.11017001e-01  5.65303504e-01  4.09811497e-01  1.03303385e+00
 -5.03206313e-01 -1.05955803e+00  4.70419675e-01 -1.32866383e-01
  3.08684334e-02  1.08286119e+00  1.00508463e+00  1.35696992e-01
 -2.09029198e+00  1.02424419e+00 -1.51408881e-01  1.19929171e+00
  2.61967707e+00  3.44738692e-01 -1.28457732e-02  9.76814628e-01
  1.64992556e-01 -4.58542734e-01  1.23622429e+00  5.71518578e-02
  1.42878234e+00  8.41145933e-01  7.57899463e-01  1.64811358e-01
  7.42519021e-01  5.00406563e-01 -7.53194690e-01  2.05715463e-01]