[[-0.83258948  0.85952526  0.09841738  0.64516266  1.19002945  0.85385763
   1.04686739 -0.54994369 -1.0591945   0.53332684  0.72212948  1.64533924
  -1.35015054 -2.04125503  0.00681053 -0.1411158  -0.42798051  0.10384658
  -1.44817395  1.25544344 -0.03439476  2.34919106 -0.82590527 -0.1745879
  -0.34228184 -0.83033131  1.05856579  1.76988262 -0.24323131 -0.77651185
   0.96270448 -0.28220657  0.03618816  0.08092105  1.99917079  1.67250236
  -1.14547264  0.43715896 -1.30570158 -0.06120552 -1.74964842 -0.72400656
   1.64567209 -0.31644632  0.59397158  1.26129185 -0.56862369 -0.63303342
   0.51448367  0.49828184  0.72219525  0.15358527  0.05549053  0.92751631
  -0.946005    0.96640498 -0.5116542   0.37365606  0.54612922  1.54259762
  -0.24852658  0.66823975  0.36553105 -0.94203026  0.52125267  0.88313633
   0.40932896  0.59315263  0.5095642  -0.14129341  1.01044    -1.09520447
   0.4654129   1.30199711 -1.02638737  1.31350158  1.3739663   0.60534606
  -1.32459712  0.2762042  -0.08193788 -1.04833896 -0.785205   -0.86753711
   0.57507421  1.89314023 -0.92343525  1.20399525  1.40592843  1.12880712
   0.41025526 -0.00570526  0.50804525  0.15532606 -0.04859868 -0.57083474
  -0.81377264 -1.06264396 -0.50134868  0.89473842  0.27122395 -1.85755817
   2.61647129  0.87229946  0.02606552  0.21633239  0.10594579  0.05904736
  -1.83061314  1.60884264  0.89702684 -1.54870501 -0.6733579   1.24863765
   0.48939921 -1.77966448  0.63969131  0.83378815  0.54562182  0.49800132
   1.71477212 -2.24657342  2.10158737  1.3936163  -0.51706419 -1.60522683
  -1.32233525 -0.17460684 -0.29761263 -0.66391842  0.62757054 -1.01886448
  -0.92612291  0.56073107 -0.4784063  -0.03422421 -0.63410501  0.91262553
   0.75908368  0.22566789 -0.29300054  1.53391737  0.72619238 -1.14977184
   1.09702789 -0.25258579  0.68685315 -1.71301291  1.18973238  0.11155052
   0.08598762  0.04233842  0.80534895  0.66123211 -0.31037948 -0.16552684
   0.93382526  1.89958318  0.67148605 -0.51196922  2.02153028 -1.86319159
  -0.52189765 -0.51331236 -0.06625342  0.08131658 -0.01503159  2.37295209
  -0.82226948  0.53485709  1.03698896  0.99323133 -0.6656284  -1.09487924
  -0.02040369 -0.47348393 -0.14943605  0.47119658  0.68704528  0.0850242
  -2.22632184  1.59065708 -0.3771779   1.51855945  2.51012871  0.59341026
  -0.40237264  0.74037446  0.16578159 -0.22217764  1.09979157 -0.26127815
   1.44314843  0.88980131  1.51810108  0.36537289 -0.07697133  0.32984921
  -0.84165105 -0.07898553]]