[-0.00284755  0.00984266 -0.06332134  0.04733934  0.19178799 -0.03239066
  0.23266356  0.17441201 -0.28225157  0.08036932  0.09607044  0.08118778
 -0.14722444 -0.75007045  0.05658266 -0.45866293 -0.10741045  0.1295
 -0.4254511   0.29891467 -0.16035578  0.51855713 -0.19941376 -0.0481542
 -0.11061822 -0.2167391   0.16113977  0.53674936 -0.06805244 -0.27552754
  0.22845222  0.1512122  -0.35397023  0.274522    0.40567178  0.12802333
 -0.6384078   0.2600602  -0.22589402 -0.04244089 -0.6579765  -0.13125333
  0.41122797 -0.25684622  0.14482889  0.43340907 -0.3628489  -0.06467599
 -0.1420409   0.45339042  0.13484043  0.05256866  0.01468577  0.299782
 -0.15425621  0.33754936  0.06978845  0.05467777  0.22052558  0.33097845
 -0.31879643  0.07632221 -0.10258666 -0.3199449  -0.05478378  0.02251933
  0.07414024  0.05594889 -0.01433044  0.04518268  0.37262353 -0.25744998
  0.08341957  0.4609158  -0.33609578  0.39415428  0.22613087  0.04354733
 -0.00446133 -0.2598491   0.26736313 -0.10552178  0.04981088 -0.44272202
  0.09180867  0.4680011  -0.24658088  0.1291289   0.1826191   0.06484511
  0.24133201 -0.06562621  0.06056177 -0.24849534  0.16439913 -0.24687335
 -0.35220867 -0.14315178  0.14490354  0.06011599  0.4233055  -0.31406152
  0.5519731   0.4819202   0.4105573   0.26992714  0.09181334  0.08903334
 -0.17663711  0.22404933  0.04501621 -0.55963355 -0.1730838   0.12154178
 -0.12267176 -0.37386575 -0.02858021 -0.16921555  0.217992    0.03788711
  0.36506    -0.04816712  0.35856625  0.54064715 -0.374706   -0.14840311
 -0.3581      0.13611577 -0.02839977 -0.26247534 -0.08285023 -0.18672024
 -0.5777453   0.27898043  0.11921532  0.09543332 -0.20512556  0.35368425
  0.4701198  -0.07695401  0.14540377  0.2230711   0.08312155 -0.29999688
  0.03497644 -0.19051865  0.21964222 -0.6237585  -0.08328556 -0.00445578
 -0.37783512 -0.246976    0.12814179  0.370566   -0.04271112  0.36815423
  0.41248935  0.44941774  0.39137912 -0.16092889  0.6412322  -0.4926247
 -0.09219444 -0.07129754 -0.06866756  0.10302155 -0.09225356  0.54323757
 -0.24817401  0.19752066  0.29700553  0.40134287 -0.23313823 -0.20676135
  0.2877178  -0.08990356  0.09820554  0.5489296   0.387612    0.07910822
 -0.3714782   0.27559093 -0.00715466  0.5215826   0.70739335  0.39109263
  0.13536043  0.09381533 -0.13353021 -0.0197611   0.52540404 -0.15868355
  0.41924217  0.72880447  0.21212578  0.01486379  0.15757933  0.310704
 -0.1562331   0.18127689]