[ 0.27858996  1.3363829   0.13869856  0.49513006  1.9230741   0.8264114
  0.67390144  0.8788186  -1.9982443   0.9534215   1.0314801   2.489313
 -0.92379284 -4.008126    1.0704272   1.1545928  -2.6454601  -0.5738
 -1.7124316   2.6608527   0.5236701   2.497937   -0.6502871   1.1088086
 -0.6958314  -0.37248284  1.6158543   3.1264813  -0.2963543  -0.75106007
  0.33991852 -0.6953014  -0.29232574  0.9391371   2.9356687   2.7071145
 -1.2036912   1.4846842  -1.4677628   0.8357186  -3.4950488   0.94843
  1.6190215  -0.08982145  1.4296657   1.4642371  -0.5371114  -1.0623672
 -0.25922576  1.1747987   0.3700357   0.4770557  -0.35594574  3.2179673
 -0.88762856  2.7367914  -1.2120413   0.14166711  1.0944656   3.7249527
 -0.41683576  2.0577471   1.6636785  -1.4050629   1.2295443   0.00656859
  1.7465371   1.3174928   0.7433472   0.41040856  1.595247   -1.8080244
  1.6721572   1.900643   -1.6197157   1.9603757   1.6320187   1.3866543
 -2.4468129  -0.9476357  -0.01464571 -0.52156574 -0.64000005 -1.9103842
  0.7961542   2.0080786  -0.7039057   2.147537    0.08694714  0.87466854
 -0.34151426  1.3076      0.84339     1.1889555  -0.21918294 -2.0454128
 -0.84139866 -0.78096575  0.1812886   0.3138414   1.11731    -1.980893
  2.4926698   2.1750243   1.4944773   0.4664214  -1.3372699   0.04146001
 -2.8805804   2.969836    0.6394471  -1.7089514  -0.57943004  2.1750703
  1.0679     -2.4965775   0.07732289  0.73501426 -0.05357855 -0.02385999
  2.071027   -2.607076    2.1220489   1.6008341   0.9644329  -1.90575
 -3.2659187  -0.57805717 -1.4201386  -1.3190784   0.9558329  -3.0814471
 -1.1739172   0.11241429 -0.97582996 -0.1459572  -1.2784802  -0.30866715
  0.9745057   0.24617298  0.04118713  3.6932201   0.81689274 -1.1115829
  1.6141627  -1.26887     0.01291001 -2.259007    1.5936686   0.47259706
  0.33270285 -0.7295057   1.0529844  -0.21457998 -0.49788284 -0.3171
 -0.06419284  2.0436041   2.7731884  -1.0171943   3.35829    -2.56787
 -0.80561006 -0.03465857 -0.0280728   0.00601716  1.54083     3.808808
 -0.39999142  1.7402886   1.06146    -0.33337143 -1.2202244  -2.5152316
  1.4613113  -0.7102557  -0.4411429   0.75794715  0.6075429   0.30042282
 -1.6886328   1.5747529  -1.2293543   1.4860629   4.785502   -0.26721284
 -1.3911928   0.1965543   1.7535757   0.12090143  2.072437   -0.79561275
  0.70152146  0.72115856  2.5074272  -0.95311576 -0.38802862 -0.49212852
 -1.7024373   0.6114415 ]