[-0.02226416  1.1407208  -1.3959891   0.97292596  0.09326497 -0.25529996
  0.06327751 -0.24064668 -1.7226782   0.28246084  0.70878667  2.746113
 -1.3920665  -3.0572052   0.32871082 -0.5250533  -0.9514301  -0.39258417
 -0.6900633   1.2614158  -1.1512942   2.9633224  -1.6587406  -0.14536583
 -0.55795413 -0.5422483   2.1005075   2.4342482  -1.235334   -0.71491677
 -0.03407002 -1.4328307  -0.19468583 -0.54040164  1.9532067   1.0408051
 -1.1206192   0.7843099  -0.90464     0.09918835 -1.4327008  -0.42089167
  2.5482807  -0.70621663  0.05400084  1.0288258  -1.7364984  -0.5935792
  1.8552142   1.3387884   1.1401008  -0.17260164 -0.93649507  0.92653495
 -1.4216057   1.3121157  -0.9529233   0.6441942  -0.31535497  2.734954
 -0.91151243  1.0132457   1.02073    -0.77187586 -0.6022867   0.36347923
  0.2291166   0.07293499  0.32130328  0.6832492   1.529531   -1.7780242
  0.8572874  -0.3354775  -2.5384066   0.88009167  1.1084892   0.61186326
 -1.2990927  -0.10055497  0.01387919 -1.4636216  -0.08277168 -1.2354492
  0.3679891   2.2827542  -2.2578135   2.2264655   1.0091009   1.9301125
  1.1347392   0.86089     0.8077242  -0.05037079 -0.10910668  0.04593502
 -2.1267834   0.27333334 -1.0683376   0.03793753 -0.40188912 -2.6132708
  1.2703441   0.55396336  0.549095    0.98472255 -0.45760667 -0.8585442
 -2.6363509   1.8886757   0.07309582 -0.9535675  -1.63381     1.7648009
  0.76352423 -1.8045973   0.1298625   0.7286825  -0.32150578  0.057485
  2.1946523  -1.6844559   2.6890566   1.4477667  -1.2858708  -2.0280082
 -1.7069033  -0.40692082 -1.1895984  -1.1746124   1.0336949  -2.32242
 -1.3281966   1.22441    -0.9283591   1.8052768  -1.9120318   0.95228666
  0.73174745  1.9237477  -0.08979502  2.1890326   0.47972336 -1.4667584
  0.58759093 -1.166875    0.17660505 -2.9661667   2.6821241  -0.44750667
 -0.35125414 -1.7797074   1.3351866   0.8604991   0.02940498 -0.9243908
  1.5700092   2.3984268   2.142713   -1.1391491   3.2740214  -2.3912425
 -0.39749837 -0.91801006  0.39656162  0.51525     0.36315498  3.5926197
 -1.8914617   0.87900496  1.1328183   0.96331745 -2.2200441  -2.049755
  0.42267504  0.16980247 -0.21099086  0.40069333  0.87802666 -0.12238249
 -3.225464    1.6004475   0.39159337  1.3113933   4.0743914   1.0497084
 -0.8317642   0.9939142  -0.29373747  0.912035    1.5317625  -0.5267817
  0.6061676   0.57678086  1.3222517   0.88521576  0.6223766   1.1466274
 -2.197699    0.17989586]