[ 6.41452849e-01  8.33827138e-01 -1.49175572e+00 -4.11232889e-01
  1.14874566e+00 -7.41909981e-01  1.13868153e+00  9.80427206e-01
 -1.50935578e+00  1.82954872e+00  1.62331450e+00  2.44424129e+00
 -1.20570147e+00 -2.04919124e+00  7.10027158e-01 -2.84711450e-01
 -5.86675704e-01  3.52115721e-01 -1.38831294e+00  1.45431006e+00
 -1.25432445e-03  3.58326983e+00 -1.84890270e+00  6.64757416e-02
 -1.52401865e+00  9.38861430e-01  2.00475144e+00  2.87448835e+00
 -2.39876556e+00 -1.10003722e+00  4.86207157e-01 -4.28728536e-02
 -1.08197570e+00 -6.14211440e-01  1.25864851e+00  2.82349610e+00
 -1.02859581e+00 -7.92357549e-02 -1.26489568e+00  2.41348580e-01
 -1.39581990e+00  9.30902898e-01  3.23154283e+00 -6.72424197e-01
  1.11699140e+00  4.56448585e-01 -1.08606136e+00 -1.12762284e+00
  1.28001714e+00  8.88198555e-01  1.14774859e+00 -9.90087152e-01
 -8.16714168e-02  1.38616276e+00 -2.56674409e+00  2.56768614e-01
 -2.44331434e-01  1.21396148e+00 -4.94169980e-01  1.75207138e+00
  1.28008559e-01  6.53327167e-01  7.97841489e-01  1.01971455e-01
  1.91717133e-01 -3.60245705e-01  1.42644989e+00 -4.36957151e-01
  1.35110438e+00  6.18411362e-01  9.31317210e-01 -2.27629113e+00
 -1.06585726e-01  4.22799252e-02 -2.58778167e+00  7.57232845e-01
  1.43105292e+00  4.31822836e-01 -1.09597564e+00 -1.05651867e+00
  8.05614293e-01 -1.08998132e+00  1.88354298e-01  3.27541351e-01
 -8.71521473e-01  2.07846141e+00 -2.14119411e+00  9.44815695e-01
  9.79988575e-01  1.87424290e+00  1.26371861e+00  4.64502871e-01
  1.12778854e+00  4.29085761e-01 -4.70077097e-01 -7.58412778e-01
 -2.83876586e+00  1.52586007e+00 -2.07882896e-01 -7.29232848e-01
  4.97155726e-01 -2.07685590e+00  1.92429006e+00  1.65627694e+00
  1.18865132e+00  2.96289706e+00 -2.39407873e+00 -6.12461507e-01
 -1.41575587e+00  1.40648437e+00  6.46218598e-01 -2.12633419e+00
 -1.89617133e+00  2.83367562e+00  4.95860010e-01 -1.66854155e+00
 -8.83447111e-01  9.86724257e-01  6.38309956e-01  3.68925750e-01
  1.05972278e+00 -2.34398437e+00  3.14547396e+00  1.90938866e+00
 -6.99208617e-01 -1.34160292e+00 -1.44769847e+00 -6.96349978e-01
 -6.03671432e-01 -1.02836013e+00  7.50678539e-01 -3.12666869e+00
 -1.94553864e+00  3.44588548e-01 -1.98971570e+00  1.31469560e+00
 -1.37557995e+00 -5.42219996e-01  1.78362572e+00  1.88342416e+00
  1.17867135e-01  1.90495718e+00 -4.52637136e-01 -1.80154300e+00
 -1.02874242e-01 -3.01649988e-01  7.77319968e-01 -2.87748718e+00
  1.91816425e+00 -1.12602425e+00 -1.38770282e+00 -3.70173860e+00
  1.79000151e+00 -3.60334247e-01 -6.90811515e-01 -1.45340145e+00
  1.68518281e+00  2.22728300e+00  1.24118578e+00 -1.36468136e+00
  3.54694319e+00 -3.04187012e+00 -8.18582833e-01 -1.18127000e+00
 -5.75290387e-03 -4.19974327e-04  1.65688133e+00  3.36375737e+00
 -2.97160149e+00  6.20102882e-01 -5.71868598e-01  2.73694247e-01
 -1.39731145e+00 -2.17673993e+00 -7.85448551e-01  3.09055746e-01
 -4.95862871e-01  7.58794248e-01  1.26063561e+00  1.88249576e+00
 -2.10359144e+00  2.55434418e+00 -1.06092915e-01  2.61960983e+00
  4.66961288e+00  5.81045747e-01  4.78572492e-03  7.30800182e-02
 -1.55184007e+00  9.66242179e-02  1.20618844e+00 -8.75548542e-01
 -6.15871370e-01 -1.55029997e-01  2.08753586e+00  1.61923873e+00
  2.37365708e-01 -5.16912878e-01 -3.27699018e+00  4.77661431e-01]