[[-2.26138887e-01  1.17840658e-01  2.79825838e-01  1.35621328e+00
   8.04440298e-01  4.97869700e-01  9.59766998e-01  5.58099907e-02
  -8.09986617e-01  4.85496202e-02  6.51089264e-01  1.49391927e+00
  -1.50833505e+00 -2.06939587e+00  7.03026925e-03  1.61371211e-01
  -1.82903161e+00 -2.27773077e-01 -8.10163204e-01  1.57303633e+00
  -2.05567024e-01  1.58543280e+00 -1.35755452e-01 -2.95397601e-01
  -7.10818742e-01 -7.81162405e-01  5.80023116e-01  1.65529529e+00
  -3.92308311e-02 -1.50969226e+00  6.24779976e-01 -4.21690982e-01
  -7.64211156e-01 -7.72398041e-03  2.36442253e+00  1.51628546e+00
  -1.25113561e+00  2.31847320e-01 -1.04000262e+00 -1.67874379e-01
  -1.79410705e+00 -4.99511714e-01  1.78105101e+00 -1.17014394e+00
   7.56035838e-01  9.56128838e-01 -7.16277015e-01 -8.92229415e-01
  -2.70340599e-03  1.73366745e+00  4.96380295e-01  1.14075005e-01
   4.88471374e-01  7.77128409e-01 -3.29349183e-02  1.55561315e+00
  -7.27058448e-02  4.12895625e-01  8.75638673e-01  1.37737041e+00
   9.18706640e-02  8.04505729e-01  2.27546939e-01 -1.13186452e+00
   3.27777266e-01  5.77975428e-01 -1.30480465e-01  3.49682400e-01
   6.16684559e-01 -2.16327206e-01  1.82529717e+00 -5.95300921e-01
   1.10067576e+00  1.63859300e+00 -1.15659010e+00  1.29362928e+00
   1.47245227e+00  3.83011214e-01 -1.29361781e+00 -2.12411498e-01
   1.54042524e-01 -9.73746476e-01 -5.32980283e-01 -1.00505956e+00
   2.17954982e-01  1.16767805e+00 -5.78251431e-01  2.83191562e-01
   3.73943420e-01  6.43018015e-01  5.96897316e-01  8.85551449e-01
   2.16222352e-01  5.99361186e-02 -1.75170441e-02 -4.79310450e-01
  -3.87364823e-01 -8.98185971e-01 -8.85369278e-02  4.61714644e-01
   1.56990776e+00 -1.75534504e+00  2.17816681e+00  8.85628006e-01
  -1.51058068e-01  1.62363604e-01 -3.81854071e-01  4.99892127e-01
  -1.17324320e+00  1.19653141e+00  7.38596405e-01 -9.60660477e-01
  -6.89707353e-01  7.47361887e-01  6.55983787e-01 -1.22835678e+00
  -2.29466406e-01  3.66346570e-01 -3.37191956e-01  7.03797593e-01
   1.73804748e+00 -1.43513446e+00  1.73678139e+00  1.65520041e+00
  -3.46800511e-01 -1.92716106e+00 -7.85457152e-01  3.17937813e-02
  -4.71503684e-01 -7.46254242e-01  5.62731514e-01 -8.59270688e-01
  -4.01131071e-01  4.67710215e-01  4.41061123e-01  4.50793803e-01
  -2.72938792e-01  5.98413051e-01  1.10666217e+00 -1.08452585e-01
   1.47766101e-01  1.15653260e+00  4.16007590e-01 -1.27366392e+00
   6.57879059e-01 -9.70246856e-01  4.42703145e-01 -1.02430254e+00
   1.43442265e+00  3.25286861e-01 -8.76285745e-01 -9.49644888e-01
   1.02528684e+00  4.52986875e-01 -2.48946841e-01  2.36482695e-01
   1.32216389e+00  1.73775888e+00  9.52510302e-01 -7.16264829e-02
   1.51130990e+00 -2.12770271e+00 -4.16479731e-01 -4.83354180e-01
   1.14410835e-01  8.27804475e-02  4.40807539e-01  2.85065266e+00
  -6.94133966e-01  1.96519174e-01  9.47421436e-02  1.39285510e+00
  -9.53001255e-01 -5.74222937e-01  5.23742308e-01 -3.36618412e-01
  -3.61643923e-01  1.01746951e+00  9.28854443e-01  1.10181088e-01
  -2.42037556e+00  1.08359871e+00 -1.09129792e+00  1.32274293e+00
   2.62653112e+00 -1.86179526e-01 -1.07348387e+00  1.44492777e+00
   7.26172166e-01 -7.71919360e-01  1.08547725e+00  2.30516855e-01
   9.86193400e-01  9.36063233e-01  1.41346919e+00 -1.88367694e-01
   3.56373885e-01  3.67761676e-01 -3.34662507e-01  4.57665438e-01]]