[ 0.06951089  1.3928736  -1.3201072   1.3093065   0.5775236  -0.2525791
  0.47788003 -0.54475546 -1.9108046   0.7612755   0.79721904  2.9871407
 -1.2265564  -2.7028139   0.5405946  -0.33267912 -1.4529802  -0.31614637
 -0.60391545  1.1549054  -1.12512     2.9290469  -1.3780545   0.09703818
 -1.1065674  -0.43428186  2.503583    2.7996027  -0.8552482  -0.85680634
  0.5865573  -1.1654018  -0.1135582  -0.9662573   2.0632834   1.3191183
 -1.5143775   0.70479447 -1.4128473   0.33750817 -1.5768356  -0.75810546
  2.8618636  -0.860401    0.34370998  1.3896836  -2.006405   -0.7026564
  1.5726655   1.0309509   0.901269   -0.05882908 -0.779599    1.0511218
 -1.6167127   1.5989071  -1.1318718   0.37850732  0.47057456  2.599069
 -1.082611    1.4251109   1.3175945  -1.1238201   0.26058635  0.27788
  0.5433336  -0.00597546  0.7572582   0.46988627  1.5930682  -1.8506427
  0.61973727 -0.1981418  -2.4957373   1.3288063   1.1642863   0.28985453
 -1.1432319  -0.38881084 -0.1597209  -1.786868   -0.00507183 -1.4420619
  0.41733542  2.3836644  -2.0514565   2.509883    1.30111     1.7807537
  0.7903419   0.8971018   0.70392     0.35193917  0.10860275  0.37292635
 -2.379161    0.13207003 -0.7447765  -0.27978456 -0.02838177 -2.434532
  1.7749355   0.96772456  0.5934073   0.93749547 -0.5786164  -0.8131046
 -2.726101    2.3641417   0.44827092 -0.9262573  -1.7171346   1.5505245
  0.9478827  -1.6366345   0.3455582   0.5455782  -0.32078817 -0.06167637
  2.415362   -2.0577526   3.3090544   1.3873528  -1.1747063  -2.1659071
 -1.5855327  -0.2244091  -0.9360037  -1.2422029   1.4105917  -2.322259
 -1.6810498   1.4506401  -0.85012096  1.1426836  -2.0463545   1.1859472
  1.1393727   1.3636928   0.11094186  2.2890675   0.22614913 -1.9004364
  0.41911367 -1.2089008   0.36851367 -3.285692    2.4181075  -0.20932817
 -0.59899366 -1.7109227   1.1082273   0.71788734 -0.37918368 -0.6154754
  1.9872673   2.6490629   1.7795826  -0.7159855   3.3696337  -2.4569561
 -0.604861   -0.5302054   0.09749636  0.5674355   0.20168902  4.0224714
 -2.1266618   0.47746274  1.3405546   1.3314726  -2.3341346  -2.372869
  0.2889209  -0.02336636 -0.13889274  0.44724998  0.58856463  0.27382457
 -3.7402143   1.9089652   0.70936453  1.6827935   4.6135435   1.0520109
 -1.1169809   0.6684764  -0.08043634  0.3021482   1.346939   -0.5025564
  0.77712363  0.9245955   1.4532363   0.9149464   1.0602882   0.9450045
 -2.3790464  -0.30567455]