[-0.26647666  0.70458835 -0.4896234   1.8982334  -0.73483676  0.06809834
  0.30553165  2.6074781  -1.5898266  -0.44181338 -0.31251335  3.0781147
 -0.21160835 -2.2863517   1.2186967  -0.10189161 -0.29597333 -0.29630005
 -1.6037034   2.47474     0.78991675  1.9127584  -1.4083     -0.91513175
  0.45663676 -0.81973666 -0.01556166  1.6069933   0.65713334 -1.2471684
  0.94348663  1.3136667  -1.1398968  -0.26285     3.2471101   0.9883199
 -0.3292283  -1.2000699  -1.9831282   0.1872751  -0.8836816   2.3515017
  2.0477583  -1.1775117   2.1460783   0.6025367   0.10790998 -1.0559534
  0.13685834  3.93474     2.8645833  -1.5283667   0.03804666  1.1119417
 -1.7659035   1.5172249  -0.26287666  2.5999584   2.1490517   1.5189515
 -0.51678336  1.4972085  -0.16638    -1.9532448   0.9237183   0.4652717
  0.690955    0.808945    0.78647166  0.04575839  2.718198    1.3416752
  0.28257006  2.3770382   0.34913668  0.6758134   1.78007     1.3951168
  0.12038159 -2.0650265  -0.8786667  -0.6685516   0.20390172 -1.5140934
  2.518885    3.2947466   0.29936504 -0.55980337  1.78027    -0.35085833
  0.8423782   0.08621832 -0.46135998 -0.68726     0.16476502 -0.19573008
 -1.2515883  -2.0675883   0.12494167  2.4470348   1.7857217  -1.17306
  2.3646052   0.22069502  0.54640836  0.03119669 -0.5298967   1.3999535
 -1.080345   -0.40533996  0.9086566  -1.614705   -1.7029217  -1.1164349
  0.31318498 -2.2340915   0.6952033   1.5467367  -1.9599     -0.19908834
  4.481917    0.2432184   1.4855933   1.09903    -2.1809566  -1.4430948
 -0.61107165 -1.1298734   0.25982675 -2.91904    -1.1595017  -1.7921501
 -1.2006632   1.0917716  -0.18983991  1.3703899   0.03054667 -0.49811992
  1.3790118  -1.2231866   0.49512005  3.0465086   0.58562165 -1.4436499
  0.50951654 -0.79235834  1.4217983  -1.0726882   1.9086949   1.0762768
 -1.0226666  -2.320605   -0.46182334 -0.08249003 -0.47774664  0.88876504
  1.7206732   1.775585    2.581845   -1.4897383   2.1449833  -1.3898268
  0.08306336  0.18352668  0.32950994 -1.0309583  -0.17871661  3.8265266
 -1.7804499   0.167435    0.32443506  0.11557838 -0.5334099   0.38565996
  0.02203328 -1.2619249  -0.4382733   1.8440418   1.0965667   1.3774849
 -1.9629866   2.4881618  -1.6994318   2.0195735   3.7492335   0.2556567
 -1.4159101   1.2418216  -0.8682167  -0.69175833  1.5576619   0.08072499
  1.5310167   1.9074416   1.0759683  -0.22643496  0.4627584   0.68526834
  0.23200166  0.9632983 ]