[[-0.75473332  0.94348168 -0.76122338 -0.11174     1.00291164 -0.06718997
   0.52404167  0.03535839 -1.48493167  0.06054501  1.23104159  2.27736346
  -0.32925333 -2.20156495 -0.60226329 -0.71545502  0.08189829  1.7687368
  -1.84530663 -0.00454497 -0.80542996  1.94227171 -0.50278002 -0.62625331
  -0.57516337 -0.48114831  1.00584002  2.05417009 -0.63819999 -0.39104501
   0.63561165 -0.16457833 -1.25114004  0.27612835  2.25646337  1.56387333
  -0.10892336  1.39546663 -2.26278667  0.10200668 -1.64114002 -1.04858998
   1.76531331 -0.15350666  0.61418162  1.00121507 -0.5081467  -1.03997668
  -0.01992834  0.75071833  0.8904567   0.18434503  0.42532837 -0.14956665
   0.23702003  1.26364835 -0.28655505 -0.18317833 -0.41265164  0.05192331
  -1.45350993  0.77977498  0.76564166 -1.17934998  0.2559      0.25518334
   0.58606333  1.44966004  0.60929666 -0.16932497  2.168185   -0.32295003
  -0.69863339  2.16651988 -1.8471667   0.55446167  1.3656833   0.55065502
  -1.70023505 -0.30702666 -0.1152483  -0.69055005 -1.26377497 -1.18248169
   1.49731662  2.52552827 -1.3077716   0.99912997  1.58466669  0.14356337
   0.56801999  0.30596335  0.98740172  0.13972669  0.38651999 -0.88179167
  -0.98045166 -0.24535166  0.22747497  1.19368833  0.96641827 -1.28234331
   1.097505    1.91125663  1.01428833  0.51659671  0.05273     0.11643334
  -0.87874339  1.61750157  0.12035664 -1.07692333 -1.51898992  0.47761329
  -0.04867999 -2.10544161  0.24926167  0.29216667  0.39228332 -0.47558501
   0.73271831 -1.29953333  1.742925    1.47549828  0.04794168 -2.32501173
  -1.61157163 -0.71260335  0.42069664 -0.82647667  1.18470168 -1.08738168
  -0.973255    0.18462834 -0.30390833 -0.21112166 -0.94645337  1.10318665
   1.71614997  1.11427999 -0.14202499  0.51469498  0.40150499 -0.44033333
   1.8336401   0.19611997 -0.28172668 -2.32674678  1.20588839  0.04778832
  -0.00661331 -0.90192165  0.58620999  0.75820498  0.68007497  0.70124002
   0.67838168  1.35691673  1.38674164 -0.83427997  1.82244333 -1.48310332
  -0.47250166 -0.18898165 -0.71738501  0.05788    -0.33715502  2.64138834
  -0.46151173  0.89105499  0.12426001  1.09705667 -0.45149333 -1.48251003
  -0.5757617  -0.16385665  0.23736665  1.27202674 -0.28204332 -0.26343666
  -1.42918842  1.50514166 -0.07947999  1.51574667  2.06400673  0.5729
   0.52604999  0.29621496 -0.88722332 -0.74210998  1.57375002  0.60058337
   0.89066494  1.14705831  1.57016659 -0.6892349  -0.00893668  1.01837333
  -1.37767828 -0.26776498]]