[-0.457654    0.82293797 -1.195174    0.12073199  0.947814    0.6515001
  0.76553804 -0.36048394 -1.514178    0.12338002  0.84699     1.8232361
 -0.391992   -0.789122   -0.391092   -0.34734    -0.21525803  1.7472302
 -1.6192739   0.45439202 -0.528308    1.6766739  -0.332932   -0.14573398
 -0.543548   -0.22881798  0.782096    2.272002   -0.19505398 -1.225994
  0.95533    -0.12162998 -0.988332    0.17071801  2.24086     1.3434961
 -0.90404207  1.5639099  -2.1008961  -0.28716397 -1.668548   -0.89821005
  1.530106   -0.56772006  0.11526398  1.1491201  -0.47840005 -0.910874
  0.380436    0.848526    0.909572    0.07343602  0.84119797  0.382232
 -0.06239996  0.477046   -0.08144798 -0.19544998  0.20231202  0.31970796
 -0.9759239   0.55556     0.98920804 -0.98048     0.174714    0.351976
  0.465906    1.396284    0.278054    0.07313401  1.3601501  -0.64781797
 -0.5880161   1.80769    -1.24353     0.49934596  1.3724501  -0.15596199
 -1.1814699  -0.28933603 -0.44040805 -0.641812   -1.550702   -0.646762
  1.7616699   1.64335    -0.864534    0.530518    1.21815     0.21106406
  1.2377961   0.400318    0.18408003  0.36552602  0.43750995 -0.96006596
 -0.619222   -0.098826    0.38332996  1.0433099   0.57760596 -0.94813395
  1.462432    1.569034    0.71161807 -0.07653797  0.200122   -0.300006
 -1.618098    2.036294    1.158974   -0.969234   -1.6628519   1.115004
  0.575134   -1.9822321   0.35722202  0.179318   -0.05699401 -0.122386
  0.622818   -1.008972    1.870116    1.354874    1.1310301  -2.3295262
 -1.2630379  -0.256316    0.32663798 -0.24151401  0.94753397 -0.977396
 -0.61462605  0.232546   -0.75025    -0.61223996 -0.66829604  0.596022
  1.667532    0.48416597 -0.750682    0.46043602  0.15891801 -0.662388
  1.8703362   0.298948   -0.22380802 -2.153938    1.032892   -0.15152602
 -0.07640199 -0.011824    0.18279001  0.43391198  0.35850796 -0.08303399
  1.173414    1.489084    0.727812   -1.152192    1.6030461  -2.282522
 -0.335196    0.22886801 -0.47765407  0.55303    -0.41542202  2.273972
 -0.98443806  0.79017806 -0.18482599  1.00538    -0.40847802 -1.365084
 -0.45549002 -0.257256    0.31733596  1.27075    -0.21452399  0.06338201
 -1.6928841   1.6512299  -0.29726395  1.326462    1.7385601   0.28341
  0.195716    0.25000596 -0.402994   -0.86655796  0.566304    0.13319603
  0.46721992  0.932752    1.428016   -0.83063793 -0.07528003  0.46247402
 -1.230608   -0.18164997]