[[-9.99247643e-01  8.96121575e-01 -2.18604611e-01  7.94089216e-01
   1.53578600e+00  7.59607645e-01  7.07403889e-01 -7.93769983e-01
  -1.04108702e+00  8.67846287e-02  1.17924536e+00  1.55542843e+00
  -1.75303392e+00 -2.92800911e+00 -2.11222309e-01 -6.81473072e-01
  -1.14772160e+00 -5.67274625e-01 -1.54991605e+00  1.00146305e+00
  -8.64442275e-01  2.85643622e+00 -1.42676070e+00 -3.13101503e-01
  -3.02194634e-01 -1.81929313e+00  1.68225862e+00  2.88589226e+00
  -3.56378427e-01 -6.11468388e-01  9.23098546e-01 -4.97620780e-01
  -9.00013850e-01  8.29731088e-02  3.06358844e+00  2.09887334e+00
  -9.67246239e-01  7.19762279e-01 -1.11886837e+00 -6.63775472e-01
  -2.57945855e+00 -8.11958441e-01  2.25569384e+00 -3.00631551e-01
   1.14606476e+00  1.44744180e+00 -5.87070765e-01 -5.85163813e-01
  -1.29380015e-01  7.58499243e-01  2.40729992e-01  5.93863845e-01
  -5.52177062e-02  7.50434619e-01 -7.45616152e-01  2.05058476e+00
  -9.66223020e-01  6.33943860e-01 -3.09470057e-01  1.44067004e+00
  -3.15170765e-01  1.62384466e+00  4.93587666e-01 -1.00395386e+00
   1.65227686e-01  4.75463820e-01  3.63505382e-01  8.99922325e-01
   6.66485401e-01 -1.19229211e-01  1.54200462e+00 -1.22824309e+00
   1.13285995e+00  1.73023844e+00 -2.24197483e+00  1.11556693e+00
   1.96282301e+00  7.54293864e-01 -1.19537999e+00 -2.50154275e-03
   1.25729203e-01 -1.81110784e+00 -4.78063042e-01 -1.61224919e+00
   1.15915611e+00  2.27558774e+00 -1.27678391e+00  1.62974381e+00
   1.27615549e+00  4.92133827e-01  5.82826156e-01  1.01410689e+00
   7.60991573e-01  3.58193019e-01  4.50810808e-01  9.66461622e-02
  -1.52010536e+00 -6.92783053e-01 -6.13340727e-01  7.34055418e-01
   7.51188480e-01 -2.09107384e+00  2.37775380e+00  1.06889849e+00
   5.51293070e-01  8.49949250e-01  3.60690060e-01  2.11074632e-01
  -1.67562686e+00  1.80465918e+00  8.15087722e-01 -1.44490310e+00
  -1.40798317e+00  6.43122306e-01  7.26776160e-01 -1.87418932e+00
  -1.68180771e-01  9.71307388e-02 -1.46317702e-01 -5.15161478e-02
   1.51625549e+00 -1.84232310e+00  2.41311476e+00  1.43645848e+00
  -8.72836186e-01 -1.77274080e+00 -1.67530925e+00 -6.31291536e-01
   1.76190771e-01 -8.20808484e-01  1.16707545e+00 -1.47600167e+00
  -1.23680309e+00  9.54340848e-01  2.45403097e-01  4.37822434e-02
  -1.12454156e+00  1.44573698e+00  1.01793546e+00  7.29416957e-01
  -3.90113831e-01  2.23960382e+00  6.23983108e-01 -5.19851558e-01
   1.55284603e+00 -1.10754776e+00  7.35879246e-01 -2.38318766e+00
   1.34936236e+00 -7.69791566e-01  5.17883861e-01 -9.27127655e-01
   1.27876001e+00  9.59093846e-01  2.79470774e-01 -2.66703092e-01
   8.96760757e-01  2.20219318e+00  6.25523054e-01  9.77284541e-02
   2.33751678e+00 -2.37976406e+00 -6.32466876e-01 -9.28147774e-01
   7.59976827e-02 -5.02800758e-01 -2.75872337e-01  3.75747684e+00
  -8.30914589e-01  6.45177749e-01  2.35526167e-01  9.75673841e-01
  -1.18528556e+00 -1.49928310e+00  5.74969328e-02 -7.71315419e-01
   3.97510808e-01  9.09022350e-01  4.67838416e-02 -1.52321517e-01
  -2.81670857e+00  1.70101298e+00 -1.87500009e-01  1.53836313e+00
   3.55740514e+00  1.15730698e+00  3.65759235e-01  2.93765618e-03
  -2.96173834e-01 -6.34892303e-01  1.85035471e+00 -9.79115046e-02
   1.46817858e+00  4.94200807e-01  2.14537767e+00 -1.72547693e-01
   1.61438538e-02  5.36153096e-01 -1.32154687e+00 -2.42517680e-01]]