[ 0.50067335  0.36927664 -1.5436567   2.3694036   1.3772198  -0.78769666
  0.35396004  0.82142    -1.1627368   0.78024     1.0709833   3.8638833
 -1.0310401  -2.49456     1.78944    -0.81449    -0.56950337 -1.0070766
 -1.1613802   3.1269932  -1.1064267   0.9843533   0.05413331 -1.6756468
 -2.0317733  -1.73074     2.7280533   1.25764    -0.80931336 -1.8675467
  0.25941667  0.59601    -1.39991    -2.4808834   3.66817     3.94884
  0.6533434   1.4995266   1.6147699  -1.7824799  -3.6092002  -0.96509665
  3.1552265  -0.55425996  0.6879967   1.8794101  -1.9413967  -1.5716165
 -0.13013999  0.6915733   0.10672333  1.43781     2.1991599   0.73882
  0.7866234  -0.08962336 -0.8912366   2.9259937   1.0604135   0.90966004
 -0.3251166   1.33263     1.1091965  -1.8825935   0.38373336  0.36848998
  1.0585366   1.5391165   0.8151466   1.39081     0.29890665 -0.4667
 -0.33172998  3.06394    -2.6022832   0.50145334  2.0418      3.1643436
 -0.16870666 -1.0141433   2.32008    -0.13147993  0.05624334 -2.47492
  2.1481369   1.68792    -1.4316801  -2.0346835   2.72781     0.77916336
 -0.44545996  0.72397     0.01460333  0.3539133  -1.2822033   0.31029335
 -1.1824001  -3.5995934  -0.02823337  1.3078333   1.4593334  -1.0911335
  2.183       2.0640433   0.9124334   2.7173731  -0.46416664  1.9277467
 -0.72096664 -1.8906068   0.42721334 -0.33746997 -1.1877567  -0.40605
 -1.4786834  -1.8368801  -1.97062     0.83801     1.0258266  -0.33901668
  1.7175833  -1.53128     1.2559166   3.10913    -0.3385233  -3.19427
  0.32479337  1.2017499   0.99214    -2.63553    -0.18058999 -1.2892901
 -1.3295401  -0.31894335 -1.2937301   2.0983365  -1.3428034   1.91897
  1.09962    -1.50374     1.2849267   2.2141333   1.7407099  -1.7816633
 -0.39546993 -2.10602     0.9656067  -2.806197    1.43295     1.8755099
 -0.8375335  -2.7711499   0.13010998 -0.6046734  -1.8052365   2.3633134
  1.3183401   1.29958     2.8858936   0.27668658  1.6168432  -4.6985364
 -2.4533033  -0.91493994  0.6732034   0.6019134  -0.13888334  2.6243901
 -1.99823    -3.1770334  -0.05507998  3.052583   -1.2086133  -0.24606337
  0.31804    -0.09277662  1.4096066   1.9668065   0.01834663 -2.3137932
 -4.3738766   1.67335    -1.6677366   0.9275667   1.93189     1.3876867
 -1.5247334   0.5739932  -1.6704465   0.5240702   2.5725534  -0.37647334
 -1.3251133   0.48978665  0.32814     1.8001567  -0.72787666  0.6817699
  1.44028     1.7552167 ]