[[ 0.48389497  1.10551    -0.71747494  0.48229003  1.47275996  0.27225
   1.41938496  1.48535001 -0.47589499  0.13741499  0.73765999  2.73036003
   0.10412    -0.48616499  0.93656504 -0.58766496  0.239355    0.96156502
  -1.10257006  0.60510999 -0.09462     0.51583999 -0.327225    0.50503004
  -1.60012007  0.21965501  1.23136497  1.60063505 -0.78856498 -0.70705503
  -0.119985    0.50835001 -1.04089499 -2.59486485  1.74838006  2.01706004
  -0.29328001  0.70835501  0.236485   -0.11089    -1.7140851  -1.58944988
   0.72345006  1.16891003  1.22265506  2.522995   -1.67430997 -1.31469989
   0.077595    0.58490998  0.57764     1.43286002  1.32544506  0.141415
   0.80677503  0.36094999 -0.484505    1.79165006 -0.84720999  0.40524
  -1.65910494 -0.50958502  1.29536498 -1.13678503  0.38159999  0.24175
   0.357815    1.06784499  0.81998497 -0.17146499  1.42042994 -0.73620999
  -1.75346494  1.01627004 -3.00664997  0.11306     1.03605497  2.0627501
  -0.148865    1.19578505 -0.54061002  0.73828506  0.01948    -0.94953001
   1.65328503  1.33052492 -1.10126007 -0.95453     1.31433988  2.3894701
  -1.71818995  0.262045   -0.29866499  0.56849498  0.30729499 -1.12476003
  -0.67009002 -1.04684997 -0.98792499  0.75567496  0.93610001  0.85303998
   1.31229508  2.31084013  1.43473005  0.35041001 -1.01807499  0.16319999
  -0.32352501  0.30399001 -1.02439499 -0.449305   -0.95750505  0.08321001
   0.440965   -2.63058996  0.63611996 -0.45021001 -0.49280497  0.08015
   0.48085001 -2.12883496  1.14461493  3.32404494  0.334245   -1.30851996
  -0.475575    0.22904    -0.21384001  0.18733001  0.94682997 -0.09235501
  -1.3820951  -0.23133001 -1.5796051   0.27224001 -0.99433494  0.93549997
  -0.08968501  0.60949004 -0.104005    0.34667     1.38157499 -1.11004007
   0.55996501 -0.84918499 -0.36945    -1.22993004  0.052275   -0.05123
   1.52688992 -0.76532     0.36722001 -0.233505    0.88973999  0.243965
   0.81646502  0.65843499  1.57124996 -0.98263502  0.157685   -2.45614004
  -0.019315    0.09778    -0.555125   -0.18635499 -0.16519001  1.82412004
  -0.81240499 -1.10706496 -0.67078    -1.06292999 -0.50141501 -1.37318504
  -0.11319999 -0.87206995  1.37516999  1.675385    0.42831498 -1.80274987
  -1.704175    0.70085502 -1.88815999  0.83371997 -0.119555    0.24378
  -0.45661503  1.63826489 -0.30390498 -1.91030991  0.42357999 -0.45087501
  -0.94613004 -0.13174     0.80623502  0.43729499 -1.22172999  1.06068993
  -0.39885497  0.03579   ]]