[-0.95258     1.8221      0.148254    0.04121799  1.6114757  -0.16532603
  0.651518    0.00506606 -2.148378    0.87667596  2.1884239   2.244956
 -1.1438081  -4.4812956  -0.681816   -0.05356803 -1.687958    0.196856
 -2.8209      0.12236805 -1.264776    2.3967319  -1.3992159  -0.9172819
 -1.187958   -1.57701     1.349334    2.770218   -0.39023998 -0.2810561
 -0.9906721  -0.45881    -1.4278361   1.3247299   2.64152     2.85014
 -1.2716038   1.086266   -1.6625379   0.31468803 -2.2894459  -0.9967219
  2.825248    0.1352      1.7113621   0.27240402 -1.37294    -0.19560003
 -0.49927402  1.666538    0.432824    1.020954    0.80605185  0.83511007
  0.27186802  2.59869    -0.97463596  0.27472398  0.9200059   2.963054
 -0.947282    0.903646    0.464708   -1.066354    1.4987961   1.435682
  1.222832    2.029944    0.51985    -0.919998    2.5173802  -0.85882795
  1.0932541   2.413428   -2.6644702   2.7282398   1.1867441   0.71204203
 -3.6688302  -0.769702   -0.35337192 -1.322908    0.24014004 -2.7783382
  0.55298996  2.55193    -0.60965604  3.4570184   2.31647     0.9358881
 -0.18266802  1.62731     1.284912   -0.64306605 -0.61478597 -1.5277979
 -1.859698   -0.880702   -0.639874    1.7116159   2.2973762  -3.1985958
  2.1822119   1.526932    0.18298599  2.280368   -0.048716    0.852874
 -1.7773119   1.647592   -0.935742   -0.568798   -2.824704    1.1491461
  0.09807205 -2.804378    0.533556    0.72010404 -0.81962204  0.477952
  1.46672    -2.894404    2.1208282   1.85173    -1.7949959  -2.9770417
 -1.2737799  -1.8630902  -0.24213402 -1.879166    1.50101    -1.8530099
 -2.021196    0.769644    0.600448    0.83264    -2.1286242   1.7725738
  0.98582804  1.000584   -0.776338    0.80032     1.237932   -1.2340901
  2.5206418  -2.003496    1.3966639  -3.5561378   1.197098   -0.33128205
 -0.60922396 -2.104378    1.79061     1.547488    0.453888   -0.36762
  1.464268    2.70303     1.0144081  -0.09291997  3.10124    -1.7496939
 -0.74977195 -0.35951796 -0.04811992 -0.623716    0.35353392  3.7728138
 -0.713592    1.3614159   0.252426    2.227768   -1.61833    -2.3547263
 -0.15017399 -0.866666    0.627142    1.6974618   0.381926    0.030262
 -2.1237838   0.89125216 -0.03943598  0.78258395  4.3744597   1.160242
  0.10168996  1.3528879   0.15233202 -0.28484002  1.6210041   0.43916208
  1.759888    1.154732    1.72246    -0.386228    0.5910319   0.60848
 -0.766702   -0.633232  ]