[-0.02856001  2.1908026  -0.02224255 -0.12510505  1.1288974   1.30012
  1.42206    -0.20943499 -2.8262901  -1.5554676   0.34692746  1.4096775
 -2.2115126  -2.7930624  -0.7681351  -0.8110975  -1.69239     0.7859676
 -0.07797253  1.7185575   1.2647625   2.2223449  -1.0729824  -0.29000247
  1.0348275  -1.05129     1.7369051   3.0549002   0.15953997 -3.59641
 -2.0689075  -1.0311875  -0.9804675   0.33030748  4.024173    1.68365
 -2.6225677   2.629695   -2.4509225   0.73721004 -2.9450002   0.8871
  3.0137625  -2.3012626   0.58323     0.7199525   0.13333    -0.23359
  0.41060498  1.2643626   1.2335975  -0.3109349   1.0830351   3.405915
 -1.5622599   2.004825   -0.32619494  0.81868756  1.344815    2.5401826
  0.08705503  2.179035    0.21957251 -0.16878748  2.9167225  -0.58199
 -0.5538101   0.9439675   0.799745   -0.3223375   1.0136576  -1.871185
  1.0946774   1.56929    -2.21822     1.84598     1.9047775  -0.04003
 -1.5399275  -1.4632975   0.66277    -0.632885   -0.5802325  -0.61663496
  1.5336399   0.9695225  -1.4157524   1.7268975   2.2893126   0.8486875
  1.169325   -0.37998    -1.02648    -0.32571     1.6063075  -0.48554248
 -2.630055   -0.48993495  0.52682245  2.3859074   1.8334024  -3.5019574
  3.6984549  -0.04124753  2.0717475   0.1822925  -0.19123244 -0.05042499
 -3.962045    4.115735    0.39819998 -2.8533025  -0.72157     2.2562375
  1.3909149  -3.2176602   1.2064149   1.0911275  -0.4444025  -0.677185
  2.6422374  -3.20803     0.11914498  0.323075   -0.8309275  -1.515035
 -2.0613952  -1.14219     0.7614975  -1.6928375   0.88329995 -2.6586199
 -1.1082575  -0.12370005 -0.87668    -0.26682004 -2.4335976  -0.80732006
  2.0179327   0.24424243  0.282655    0.08164752  0.755015   -0.5281126
  3.598385   -0.85732     0.8613325  -1.9484825   2.0611277  -1.4772925
 -0.15931243 -1.6359375   0.43491754 -0.75584745 -1.2586975  -0.34376997
  0.6373225   1.5610425   1.9095349  -0.73407745  2.6766725  -2.916195
 -0.8167975  -1.4291425   0.37518     1.6442101   0.360075    3.2024875
 -1.5635777   1.3115425   0.643665   -0.92303    -1.4701176  -1.810535
  1.0881499  -1.2136675   0.3472475   0.463845    0.2427375   1.3441474
 -3.7871225   1.7449476  -0.44718498  3.0758224   3.38244     1.5990176
 -1.9662223  -0.27143255  1.119545   -0.16002996  2.57088    -0.94342
  1.3020225   0.00523001  3.708195   -0.9148374   2.3072448  -0.1979875
 -1.42267     0.35763252]