[[-0.39453535  0.29745369 -0.05051793  1.3868282   0.89365901  0.77670889
   0.80621711  0.01098232 -1.42873209  0.66346639  0.46124632  2.17610433
  -1.33714641 -1.75579369 -0.0730804   0.20813216 -1.63631527 -0.16056547
  -1.17982102  1.8902202  -0.16475562  1.51826222  0.02053206 -0.41314906
  -0.41804657 -0.60544346  1.03317729  1.53363711 -0.40533918 -1.41081591
   0.51879449 -0.3553915  -0.87298956 -0.04057232  2.28616533  1.07902932
  -0.75787971  0.83497081 -1.54079436  0.17702533 -1.47364769 -0.27250409
   1.19570916 -0.91623645  1.04230245  0.6785044  -0.46245932 -0.45476654
  -0.30499742  1.4840317   0.38741218 -0.33093384  0.1140882   1.50968508
  -0.19575579  1.4390395  -0.63445723  0.55636275  0.79251543  1.42602734
   0.16338903  1.39957857  0.61355345 -1.50308374 -0.047697    0.47154107
   0.07868643  0.1954437   0.40086822  0.08081507  1.53441642 -0.71765413
   1.10695624  1.30908054 -0.69799245  0.4026689   0.58328183  0.79352576
  -1.08035439 -0.69263053 -0.23449111 -0.76568364 -0.26275835 -1.53525134
   0.05896918  1.36244074 -0.55900191  0.6399718   0.12621454  0.71581905
   0.73225297  0.36785836  0.09488602 -0.28686892  0.22966631 -0.83458635
  -0.16492151 -0.67160894 -0.03862726  1.01988334  0.93786819 -1.87224755
   2.18836529  0.50355888  0.25920192  0.53756895 -0.85406843  0.36010535
  -1.48661251  1.2258906   0.79771217 -0.7554293  -0.41941642  0.43465189
   0.78713788 -1.59963996 -0.01411151  0.29812287 -0.43536483 -0.19343752
   1.54023179 -1.09411671  1.52968523  1.39698931 -0.7435263  -1.91018983
  -0.91586936 -0.45555104 -0.22411562 -1.13034392  0.95566245 -1.00328604
  -0.61459153 -0.13673112 -0.09844726  0.36893055 -0.64081491  1.0314669
   1.31894433  0.08963055  0.63265849  1.27472266  0.95417534 -1.24124591
   0.59867465 -1.31638744 -0.06759576 -1.13355149  1.22625108  0.37768682
  -0.49396042 -1.48918292  0.68560414  0.0211492  -0.26650534  0.33404998
   1.57795003  1.05504704  1.61282239 -0.68816717  1.52179171 -1.95867409
  -0.48299425 -0.64305425  0.14037314  0.71584221  0.73997382  2.55337124
  -0.64018656  0.54951485  0.25138288  1.15764219 -1.02744319 -0.67518986
   0.84666546 -0.22624549 -0.31129069  0.50345398  1.37144482 -0.10247452
  -2.60855736  1.4847839  -0.88461028  1.51679226  2.64012919  0.04337288
  -1.09353668  1.33768677  0.4983078  -0.67899223  0.97123324  0.54698314
   1.43008389  1.02884258  1.39582862 -0.04960149  0.7395948  -0.25998905
  -0.633263    0.30438234]]