[[ 0.31445666  0.54210997  0.33397337  0.38264334  0.25797    -1.16537666
   1.65567334  1.20976663  0.62232335  2.23788993  0.44289335  3.36992327
  -0.77960332 -1.75942993  0.5097367  -0.91766326  0.44326329 -1.28593993
   0.14041003 -1.50432014  0.24675004  1.77676328 -1.50405661 -2.35886002
  -2.42379999 -0.48619998  2.28253667  0.84157006  1.54474672 -3.09830666
   0.60207001 -2.12845993 -2.24473349 -1.28659678  1.01271001  2.36236668
   1.16006001 -1.75177336  1.30311338  0.16830333 -4.08605321  1.85677338
  -1.44547669 -2.28770669  1.13683995 -0.05054013  0.23325332 -0.90147662
   1.65369002  0.93327999  0.43705002  1.27514331  0.23237999 -0.13039335
   0.26731    -0.24410667 -0.16810668  0.73920329 -1.83452988  1.60534668
  -2.99179681  1.88539998 -0.50159995  0.53194002  1.08239333  0.77075664
   0.9151934   0.78321997  1.94493993 -0.40337006  0.44172331  0.07907334
   0.1469667   0.24112662 -2.51719666  0.56954996 -0.47555999  2.15814336
   0.60747329  1.34908009 -0.10450667 -0.54372668  0.92133665  2.05981334
   0.84384998 -0.42447996 -1.47302675  1.33662653  0.57517664 -0.32618999
   0.65849332 -1.22180327  1.40250333  0.55715664 -0.10626332 -0.35306676
  -2.96938006 -1.76279338 -0.66857664  3.67834345 -1.43097003  1.11657667
   2.2623167   2.18667332  2.18657001  0.41638335 -1.39241664  2.5688866
  -0.45498002 -1.37842004 -0.45946666 -1.11415998 -0.54762336  1.1763533
  -1.01790667 -1.80556329  1.47460334 -1.25183662 -0.12792333 -0.57785332
   1.79833666 -0.30372667  0.97754335  0.97719995 -2.31873671 -1.00331338
  -0.42519999 -1.13447666 -0.29850674 -3.26582336  0.4205633  -1.58589331
  -1.64749336  3.51605002  1.33007336  0.54307667  0.4974467   1.63857667
   0.8733867   2.3089234  -0.32525333  0.15859667 -0.53964003 -1.45369673
  -0.49388333 -1.50125345  1.00856002 -2.87649663  0.42789332 -0.56753667
   0.97779004 -1.46646659 -0.19211666  0.19020327 -0.44480332  0.32789999
  -0.88359674  1.09126004  1.66298676 -0.37928669  2.98313649 -1.63704332
   1.66384331  1.75037336  0.42624998 -2.96003024 -0.17646003  0.91978002
  -0.33079338  1.2685767   1.1597201   0.66774329 -0.66173669 -1.56020323
   0.4325333  -1.07819335 -0.6989967   0.44214666  1.10924006 -2.76761341
  -1.88917335  1.52536329 -1.34975004  2.98523331  1.76100985  0.74327334
   2.17680661  1.05927006 -0.24483339  1.01726993  0.43079333  2.74971644
   2.12782001 -2.11984666 -0.15199999  1.25250673  1.03454336 -0.03765337
   0.29969009 -0.48586667]]