[-5.52004278e-01  2.40338445e+00 -4.25978482e-01 -1.31647140e-01
  1.85142004e+00  3.00581455e-01  3.90995711e-01 -9.79102910e-01
 -2.04231715e+00  7.33134270e-01  1.42814147e+00  2.02908134e+00
 -1.44806564e+00 -3.43092012e+00  3.00742835e-01  2.99114227e-01
 -1.99634874e+00 -8.19037020e-01 -1.32629859e+00  1.71903145e+00
  3.18814248e-01  2.38638449e+00 -1.92576134e+00 -1.24759996e+00
 -4.83912796e-01 -6.15391314e-01  7.52315700e-01  3.05954289e+00
 -1.70747116e-01 -1.40947568e+00  1.07528567e-02 -1.06402993e+00
 -2.77845711e-01  6.13167167e-01  4.13298416e+00  2.36785126e+00
 -2.15529990e+00  1.42402267e+00 -1.61324418e+00  3.35192889e-01
 -3.52564025e+00 -7.50362873e-01  2.52579713e+00 -3.29561383e-01
  4.43061411e-01  1.42188442e+00 -1.33529568e+00 -6.18708611e-01
  1.65084720e+00  1.68523574e+00  1.44967568e+00  2.66642403e-02
  9.55599964e-01  3.03405166e+00 -1.34644568e+00  1.73557854e+00
 -1.78508535e-01 -1.69629976e-01  1.24737716e+00  2.94489408e+00
 -1.23495710e+00  8.84032845e-01  5.84577143e-01 -2.49640703e+00
  1.10466433e+00  1.86241433e-01  4.70824271e-01  9.63424265e-01
 -1.78418592e-01 -3.51769954e-01  1.28443849e+00 -1.14461708e+00
  1.40258145e+00  2.42395997e+00 -2.11168718e+00  1.89312422e+00
  2.06997275e+00  4.13599871e-02 -2.61446166e+00 -5.07975698e-01
 -6.37307107e-01 -9.56424296e-01 -8.12397122e-01 -1.06172299e+00
  7.35545695e-01  2.86009264e+00 -5.13378501e-01  2.33290124e+00
  9.05737042e-01 -7.70112872e-01  7.18497157e-01  3.85212868e-01
  1.24720001e+00 -4.70677108e-01  3.63085717e-01 -1.28630853e+00
 -1.79360139e+00 -1.78214051e-02  9.40711144e-03  9.89697099e-01
  1.57385433e+00 -2.84833288e+00  4.19716120e+00  1.44201443e-01
  8.13331485e-01  6.40881419e-01  8.32499862e-02  7.53028691e-01
 -2.98440003e+00  2.82803154e+00  5.48085690e-01 -9.48190033e-01
 -1.07644427e+00  1.63261282e+00  1.42899013e+00 -2.32305741e+00
  1.11742997e+00  9.52855766e-01  4.91314195e-02  2.94481367e-01
  1.92042291e+00 -3.28887010e+00  2.33907151e+00  1.48323309e+00
 -1.47164714e+00 -2.37817144e+00 -2.45214581e+00 -4.01058525e-01
 -2.98538391e-04 -1.73492432e+00  1.62930429e+00 -1.16532004e+00
 -8.28511357e-01  6.19994283e-01  2.23139986e-01  2.92387158e-01
 -1.03303874e+00  1.47746003e+00  7.78654218e-01  1.07274294e-01
 -1.12715864e+00  8.62295806e-01  1.04916561e+00 -1.36319280e+00
  1.47201717e+00 -2.35553694e+00  9.86791432e-01 -2.65035415e+00
  1.98308861e+00  2.33690023e-01 -3.32834303e-01 -1.32216716e+00
  1.48695850e+00  8.79155695e-01 -3.68824273e-01  2.78289974e-01
  1.98169434e+00  2.64323163e+00  1.53568149e+00 -9.66414288e-02
  2.28251147e+00 -1.34989715e+00 -7.64882863e-01 -8.11037183e-01
 -4.25901413e-01  1.83935747e-01 -3.00045729e-01  4.06006145e+00
 -1.61050284e+00  2.11102843e+00  1.29272997e+00  1.42027414e+00
 -1.49176574e+00 -1.72681713e+00  8.43214154e-01 -1.21686006e+00
 -6.65434361e-01  1.26508009e+00  7.45412767e-01  3.58032852e-01
 -3.84393120e+00  1.68550718e+00 -1.89044312e-01  1.65433574e+00
  2.78949714e+00  2.64014173e-02 -1.26441860e+00  1.09405696e-01
  1.10123992e+00 -1.41638434e+00  1.67391706e+00 -2.87292928e-01
  2.31913733e+00  1.81257284e+00  1.79726589e+00  2.99995750e-01
  5.20615697e-01  8.42257082e-01 -1.11346996e+00  7.41515696e-01]