[ 0.14232647  0.13693002 -0.27310705  0.5421089   1.2969751  -0.25711706
  0.8690782  -0.3208647  -2.465523    0.31627643  0.7597482   1.7661499
 -1.2973248  -2.170302   -0.32503828 -0.01962472 -0.30470878 -0.48096874
 -0.86958474  1.5233675   0.23106822  2.5019867  -0.0943341  -0.5476417
 -0.6726265  -0.90655     0.44473234  1.7623295   0.49418762 -1.5351329
  0.8608147  -0.62554413 -1.1982276  -0.4777935   2.918044    2.3294375
 -0.86338764 -0.21471    -1.1590929   0.30892232 -1.6848898   0.06535053
  1.593917   -1.3437575   0.4791141   0.9087353  -0.27027473  0.26164174
 -0.61025465  0.14162411  0.6516136   0.8726171  -0.06765762  2.0754564
 -0.69037116  1.5503764  -0.08620589  0.54705584 -0.3177553   1.1315753
 -0.68767595  2.5751128   0.9584382  -0.68618363  0.8875894   0.01735825
 -0.05086474  0.27914235  0.8229082  -0.66966593  0.6779535  -1.5721005
  1.5240107   1.4662399  -1.9582942   1.3694254   1.7014666   0.7246611
 -0.70873004 -0.44629768 -0.32879    -0.6457524   0.22497883 -1.0041113
  0.72957826  1.5060595  -0.5421829   1.4395506   2.1766818   0.8951671
  0.5518652   0.8283253   0.17938294 -0.11473117  0.48641598 -0.04207942
 -0.2921094  -0.72641706  0.10751766  1.0220671   0.78217    -1.8370484
  0.6970911   0.63062286  0.7781694   1.6566888  -0.0835906  -0.1547012
 -1.3384253   1.3977671   0.34746355 -1.5562811  -1.5063494   1.0017
  0.5909712  -2.1652124  -0.48274645  0.07880409  1.10681    -0.57294184
  1.9298807  -1.1837211   1.4422789   0.64597    -1.638546   -1.1014847
 -1.0980016  -0.30119652 -0.01749415 -1.5140576  -0.12310471 -1.5505277
 -1.2481134   0.75327355 -0.5042971  -0.13222587 -0.41705632  0.98062414
  2.006085    0.2765459   0.29393414  1.2393293   0.6350718  -1.1669531
  1.7082262  -0.44581646  0.4042889  -2.163156    1.6888028   0.2276935
 -0.01421765 -1.7746676   0.65408236 -0.07559175  0.44007358  0.5174871
  0.8580583   0.8789523   1.1813353  -0.48634884  2.20626    -2.0625029
 -0.5721259  -0.96374995  0.3599236   0.7088241   0.24921118  2.5251455
 -1.495343    0.12085533  0.8770052   1.3377794  -1.2104152  -1.0980606
  0.29236183 -0.8982765   0.27642706  0.10006765  0.3831877  -0.39904055
 -2.8922634   2.1158826  -0.657127    2.1114223   3.1554108   0.04575708
 -0.18725884  1.3805354  -0.38786173 -0.20981061  0.6609359   0.6012664
  1.599248    0.35018352  1.0989412   0.09851354  0.7256465   1.3455395
 -0.8117523   0.42183593]