[-0.2697256   1.1156563  -0.78983945  0.47416338  1.4146671  -0.21680613
  1.1077539  -0.8307178  -2.1473224   1.2699285   0.02308054  2.0348828
 -1.586284   -2.8763835  -1.3238118  -1.1116079  -1.0028795   0.40993893
 -0.90723884  1.3639851   1.1274512   3.0377948  -0.7092345   0.395589
 -0.02527779  0.39424106  1.249229    3.3184042  -0.2640872  -1.5446777
  0.87927556 -1.4474473  -0.04542112 -0.3866628   2.7918925   2.414985
 -0.9020228   0.11257    -1.0382477  -0.3211556  -1.1450062  -0.67376226
  1.662324   -0.8400072   0.7269177   1.0433784  -0.575445   -0.40091336
  0.73079944  0.02250004  1.7155483   0.7559822  -0.08826336  1.423476
 -1.8454156   0.94406444 -0.41058943  0.16063505  0.17366949  1.8630377
 -0.24699222  0.8076217   0.65382165 -0.8411033   1.7590201   0.33294165
  0.12645778  0.9950228   0.2795433  -0.7063744   0.6697622  -0.7018434
  1.090274    0.8357744  -1.5071349   1.3348695   1.6141644   1.1739233
 -0.6706261  -1.3285528   0.2217511  -0.76698065 -0.98974395 -1.1052322
 -0.23645669  1.2391222  -0.87564003  2.5069983   2.1328983   0.04480888
  1.0220094  -0.4488417   0.20154111 -1.0122967   0.7186711   0.7587245
 -0.9425072   0.06945112  0.16367388  0.29743278  0.07247278 -2.0744228
  2.3949983   1.5301838   1.3284818   1.6234707   0.38738278  0.48942274
 -1.5758222   2.2158878   1.0818329  -2.0633116  -1.2361572   1.5312171
  0.7171717  -2.518915    1.1785794   1.4976445   1.5637479  -0.8910067
  1.725016   -1.2285289   2.4157984   0.7954361  -1.233245   -1.9936076
 -0.94486046 -1.4800591  -0.21229555 -0.8718439  -0.06869276 -1.201125
 -1.8368859   0.03720665 -0.62419665 -0.21341781 -0.7225538   0.58629674
  2.6795526  -0.09847721 -0.5403478   1.9130168   1.2032061  -1.8990862
  1.9053612  -0.2540022   1.334105   -1.5512744   2.0988524  -1.1036973
 -0.59290946 -1.5349667   1.9474888   1.1195422  -0.13144998 -0.1319561
  0.6348711   0.73705834  1.3861995  -0.29075384  3.4408998  -2.4015963
  0.2087111  -1.0110793   1.5353051  -0.02792165  1.4089465   2.998087
 -1.4697372   0.17730111  1.0586033   1.509969   -1.3626759  -1.1354972
  0.11166832 -1.3465034  -0.7136777   0.6934278   0.90837884  1.294031
 -3.7349362   2.0530255  -0.6250489   2.5133827   3.1400516   0.6556456
 -1.3071011   0.6723745  -0.89074886  0.43457666  0.6989833  -0.21116996
  1.0545801   0.33503893  1.7189584   0.553251    0.7060589  -0.30163276
 -0.7802639  -0.7793877 ]