[[-0.40138284  0.47752862 -0.58422994  0.79459856  0.74272852 -0.02798426
   0.14421147 -0.03890141 -1.51046569  0.36169142  0.57895284  1.07657715
  -0.45132571 -1.73765571  0.21011286 -0.14737574 -0.19889568 -0.09197429
  -0.89700712  0.35583714 -0.28812854  1.14341423 -1.06057138  0.77307575
   0.28350856 -1.05722577  1.00756005  2.05522009 -0.37341143 -0.68555428
   0.99454141 -1.32675859 -0.45447428  0.35947285  1.80426005  0.83790714
  -1.20038142 -0.18470284 -1.24864858 -0.23322288 -1.06392287 -0.48319861
   1.21403858  0.10062569  1.06039281  0.21267714 -1.26149436 -0.90509003
   0.34922573  0.96345435  1.34985437  0.15333001  0.5785843   0.18816148
  -0.45630428  0.67785003  0.05524719  0.39045284  0.32632284  0.92125288
  -0.32142713  0.98619569  1.01204852 -0.67625715 -0.32477858  0.83397431
  -0.1036657  -0.26998573  0.34862147  0.28303576  0.15585572 -0.92593861
   0.61591431  0.83033569 -1.03864428  0.73145141  1.18311565  1.09454429
  -0.19266285 -0.33361859  0.29925718 -0.35290425  0.51658859 -0.56865999
   0.73765717  1.92769575 -1.18860141  0.9175929   0.33772857  0.65111142
   0.33426569  0.57015429  0.88992146 -0.18815713 -0.30928857 -0.70072
  -1.66974572  0.02029571 -0.53290434  0.69122854  0.3056557  -0.84232998
   0.88044568  0.41302426  0.78429142  1.52243865 -0.34466571 -0.24755859
  -1.18849277  1.58843715 -0.55807571 -1.13140287 -0.47661286  0.51888146
   0.87793572 -1.51561853  0.53179143  0.06572713 -0.27173143 -1.11542144
   0.40885859 -0.92458997  1.716817    1.11712715 -0.80649427 -1.20928284
  -0.53434287 -0.84903717 -0.98007422 -0.12040573  0.50580425 -2.12804273
  -0.64451003  0.77551719 -0.85341001  0.64857715 -1.0113286   1.19607285
   0.46731858  1.36270281 -0.56814999  1.1515014   0.7358157  -1.6659457
   0.58443284 -0.43619147  0.15707999 -0.97088574  2.01967287 -0.39556858
   0.07691853 -1.16130424  0.37631286 -0.67794142 -0.33977285 -0.25435428
   1.73007141  0.60905858  0.76289426 -0.17174427  1.42656006 -1.66254432
  -0.09734144 -0.36621572  0.49254855 -0.83326426  0.26450714  2.50019714
  -1.32349294  1.4149328   0.19299001  0.79421714 -0.83035856 -0.85743288
  -0.12385717 -0.25813857 -0.07197715  0.22246567  0.22511572 -0.55617858
  -1.56631289  1.03903433 -0.97020998  0.44204283  2.29618849 -0.04767286
  -0.48515858  1.39712862  0.1561343   0.0639243   0.97993284 -0.35556428
   1.49107432  0.37685716  1.55721712 -0.0518214  -0.78994145  0.32895571
  -1.14978852  0.11319287]]