[[-8.55260000e-01 -1.07615006e-01 -3.30999990e-01  8.91199986e-01
   9.98928328e-01 -6.20118318e-01  9.95806664e-01  2.11981634e-01
  -1.32070162e+00  1.28567338e+00 -1.30028298e-01  1.12247333e+00
  -1.64218346e-01 -1.14919333e+00  3.92818364e-01 -8.29016648e-01
  -4.56471674e-01  5.36503275e-01 -2.62864334e+00  1.35225001e+00
   6.14546657e-01  2.74962665e+00 -4.57226634e-01  8.49956671e-01
  -1.50560002e-01 -4.68146722e-01  1.05942335e+00  2.38744167e+00
   3.84803365e-01 -1.54600334e+00 -1.69650006e-01  1.47294978e-01
  -4.16036669e-01 -9.88916854e-02  1.47997663e+00  2.36805509e+00
  -1.23331664e+00  1.40578330e-01 -1.75061665e+00 -5.36935012e-01
  -1.85245501e+00 -7.46490022e-01  2.26636665e+00 -1.25927993e+00
   7.04961682e-01  4.27659988e-01 -3.62164994e-01 -1.34506663e+00
  -9.48949869e-02  1.58271668e-01  1.27750836e+00 -5.51273316e-01
   5.01460006e-01  1.04746832e+00  3.72156680e-01 -2.55103330e-01
  -7.17926651e-01 -8.34879994e-01  7.34759976e-01  1.78797499e+00
  -1.10405168e+00  7.11624993e-01  1.13696498e+00 -9.66431682e-01
   7.37646679e-01  7.96300173e-02  6.01058334e-01 -2.49579951e-01
   3.60168338e-01 -9.60534990e-01  1.33660503e+00 -9.81778344e-01
   5.42001680e-01  4.88981644e-01 -7.35198339e-01  2.33232995e+00
   1.05398831e+00  5.62773327e-01 -2.57332667e+00 -5.67756703e-01
   3.10183217e-02 -7.62313346e-01 -7.45831658e-01 -4.74431644e-01
   1.30365668e+00  2.73809671e+00 -5.65591681e-01  1.05757167e+00
   1.79189163e+00  9.40616503e-02  2.05953993e+00 -1.08721159e+00
   4.27816312e-02 -2.90289998e-01  1.55538335e-01 -9.23483292e-01
  -5.18591662e-01 -7.37349989e-01 -4.54841594e-01  1.28978663e+00
   2.75933544e-02 -1.48581163e+00  1.80699329e+00  2.96389997e-01
   5.45431674e-01  1.45199169e+00 -5.53755021e-01 -2.60033508e-02
  -1.52787662e+00  3.15560172e+00  1.38608503e+00 -1.01405664e+00
  -1.73118995e+00  9.97294933e-01  1.69933997e+00 -2.14599836e+00
   5.40271640e-01  1.61409997e+00 -2.94599983e-01 -5.60166652e-01
   2.36061001e+00 -1.67905165e+00  1.82239330e+00  2.13466672e+00
  -2.22848326e-01 -2.77273003e+00 -1.15505164e+00 -2.00616166e+00
   2.91444999e-01 -1.28887993e+00  4.82644955e-01 -1.55203841e+00
  -4.50106648e-01  9.18045044e-01 -3.60348349e-01  2.07226684e-01
  -9.02693292e-01  4.36173323e-01  1.63696497e+00  8.52830003e-01
  -2.71584998e-01  2.04192335e+00  8.64613344e-01 -1.67984168e+00
   2.32943169e+00  1.84405012e-01  2.03419668e+00 -1.73522836e+00
   1.18462501e+00  1.34924968e-01 -9.71264994e-01 -9.19888357e-01
   1.94684168e+00  8.89580016e-01 -6.27345035e-01  1.43298159e+00
   1.36462335e+00  8.02511632e-01  5.93331630e-01 -2.88001676e-01
   2.35234336e+00 -3.52890992e+00 -6.97855030e-01 -9.52163309e-01
   7.67816479e-02 -3.59424998e-01  1.13406167e+00  3.08433167e+00
  -7.09840010e-01  6.71753347e-01  1.59433832e+00  1.70801338e+00
  -1.25348499e+00 -3.29383398e-01 -1.72029975e-01 -4.88271718e-01
  -7.37683344e-01 -3.45238327e-01  5.28893352e-01  1.04347165e+00
  -2.15068503e+00  1.59615333e+00 -2.04357168e+00  1.85291000e+00
   1.96358999e+00 -1.70333683e-03 -1.47280663e+00 -3.24154933e-01
   5.24560004e-01  7.96305011e-01  9.58623320e-01  1.64225007e-01
   1.63132338e+00  6.13448319e-01  1.99964989e+00 -4.65448300e-01
  -8.05399974e-01 -3.32614988e-01 -6.53541644e-01 -7.05903351e-01]]