[[-3.87634993e-01  1.77825034e-01  1.61177520e-01  2.18887994e+00
   2.48127490e-01  4.25617507e-01  6.22802481e-01 -5.88879999e-01
  -2.76011997e+00  1.07521248e+00  1.59957248e+00  2.69282520e-01
  -7.99692493e-01 -1.93268746e+00  9.54174995e-02  1.91487461e-01
  -1.11939739e+00 -3.40364985e-01 -1.44056752e+00  2.54340015e-01
   4.15830016e-01  2.19747001e+00 -1.57715501e+00  5.49712539e-01
  -2.57244993e-01 -2.47831744e+00  1.74670003e-01  2.63393009e+00
  -1.51527252e+00 -1.22495010e-01  1.39299492e+00  1.19092494e-01
  -1.01923251e+00  6.83990002e-01  2.65051001e+00  1.68816748e+00
  -7.91945040e-01  7.56527481e-01 -1.93262750e+00  4.15960006e-01
  -1.83447257e+00 -9.55682527e-01  1.84883752e+00 -4.46302533e-01
   9.60880056e-01  1.92658758e+00 -4.83760007e-01 -5.86314999e-01
   1.13666750e+00  1.56294250e+00  1.83886755e+00 -1.83242500e-01
   1.15985249e+00  2.35350013e+00 -1.36260247e+00  1.87459499e+00
  -7.21717447e-01  9.54117469e-01 -3.77003849e-03  7.73574978e-01
   1.38555245e+00  2.55816746e+00 -2.84387484e-01 -1.41576245e+00
   6.41575012e-01  6.61197499e-01  4.81467493e-01  8.14147480e-01
   6.85395032e-01  3.24194968e-01  2.06658000e+00 -1.72254503e+00
   9.75400284e-02  1.96875250e+00 -8.61922503e-01 -2.49022506e-01
   8.33217442e-01  1.05166249e+00  5.67975044e-02 -3.50502491e-01
  -1.61523253e+00  7.71248341e-03  7.73187511e-01 -1.30200997e+00
  -3.46159995e-01  3.43346763e+00 -1.73736998e+00  5.14149990e-01
   7.17552526e-01  5.45139998e-01  6.92614995e-01  9.63605009e-01
   3.23742509e-01 -1.38052501e-01 -1.80612504e-01 -1.40248501e+00
  -1.05540997e+00 -1.46174993e-01 -4.99800444e-02  3.35417479e-01
   2.46022495e-01 -8.59372526e-01  2.42106247e+00  1.57065001e+00
  -4.55352493e-01 -5.93857527e-01 -4.80667472e-01  7.76640028e-01
  -2.46947753e+00  2.30868489e+00  3.86267506e-01 -2.09705755e+00
  -1.35645247e+00  1.18939503e+00  1.35415003e+00 -1.63578001e+00
  -1.08102486e-01 -1.13945748e+00  4.16377485e-01 -1.08744000e+00
   9.22520004e-01 -4.05560017e-01  9.49399993e-01  2.02570745e+00
  -2.08397456e-01 -1.11204995e+00 -1.54720497e+00 -6.67980015e-01
   2.05150068e-01 -3.09482545e-01  7.16164976e-01 -1.94263752e+00
   4.02274951e-02  7.27642477e-01 -8.14502511e-01 -4.15842474e-01
  -1.06430250e+00  6.87187511e-01  3.20527989e+00 -5.93340009e-01
   4.30599824e-02  1.53939252e+00 -6.81297563e-01 -2.07687998e+00
   1.29173499e+00  3.93492490e-01 -4.15167503e-01 -1.45443502e+00
   1.59915499e+00 -4.30369988e-01  2.20049918e-02 -1.14701246e+00
  -3.74125019e-01  7.59827485e-01  8.51050206e-02  4.94642521e-01
   2.32315752e+00  1.14099252e+00  1.59066498e+00 -2.17949748e-02
   1.76213247e+00 -1.87156002e+00 -8.80242527e-01 -2.98730008e-01
  -8.28199949e-01  9.44852531e-01  3.76284987e-01  3.89242506e+00
  -9.13849678e-02  1.79634255e+00  9.20885026e-01  7.05909982e-01
  -1.04117998e+00 -6.43737482e-01 -7.16109991e-01  5.86040035e-01
  -1.10152502e+00  1.47374746e+00  1.25233749e+00 -6.13485031e-01
  -2.16915250e+00  2.12767494e+00 -1.50513503e+00  1.54005003e+00
   2.52305502e+00 -1.77405104e-01  3.02332491e-01  1.32020003e+00
   1.43725127e-02  4.00164954e-01  2.75827008e+00 -7.93580011e-01
   2.22180992e+00  1.59168747e+00  1.41486996e+00 -3.16692486e-01
   1.01320249e+00  1.02499753e+00 -1.59997997e+00 -1.07002501e+00]]