[-0.01551001 -0.41990238  0.37310505  2.1075823   1.3460674  -0.2244025
  0.273405   -0.670685   -3.187045    1.1087074   1.4311525   0.08025503
 -1.6136423  -2.1175275  -0.06379002  0.935655   -1.067905    0.48678
 -1.637305    0.49356753 -0.8598249   3.60887    -1.998795   -0.14761251
 -1.3031926  -3.2037876   0.31018     1.8446076  -1.5244325  -0.47958252
  1.5815223   0.01454499 -0.9625975   1.481815    3.24746     2.6255474
 -1.7160401   0.33129    -2.336675    0.278715   -1.6278377   0.07755995
  2.730635   -1.2966475   0.81030005  1.7003726   0.96259236 -0.3573175
  1.1879475   1.0940125   2.0003524  -0.43174     0.84743744  2.67178
 -2.2644925   2.0448725  -0.33804744  0.8684025   0.6592149   0.866815
  1.6596475   3.3045273  -0.12223749 -0.8202099   1.0818725   0.39371002
  1.56169     0.85570246  0.5637925   0.10356247  2.300905   -1.3335775
 -0.6778875   2.610505   -1.3186876   0.864375    0.67240995  1.4248025
  0.0192475  -0.5215925  -1.519525   -0.47148752 -0.10676503 -1.05362
 -0.8082725   4.5822377  -0.3033476  -0.19860503  0.3465175  -0.10974249
  0.76255244  1.7348325  -0.22267497 -0.47956252  0.463025   -1.281915
 -1.47213    -0.66139245  0.47484493 -0.08314249  0.9282501  -1.210705
  3.1432376   1.6621976  -0.1575675   0.17129749 -1.0749824   0.684695
 -2.9104826   2.9886572   1.1205825  -2.0233974  -1.4369099   0.5811525
  1.4018575  -2.480775   -0.12815247 -1.35671     0.7169     -0.7330625
  1.219235   -0.3482475   1.1109049   2.9608426  -1.4930975  -2.3168874
 -1.821065   -0.4043925  -0.6034249  -1.281275    0.41158745 -2.0537949
 -0.50171494  0.5178575  -0.496145   -1.2693824  -0.9323775   0.60221756
  3.6858275  -1.8275076   0.90369     2.2505798  -0.77838254 -2.186205
  1.3703599   0.008315   -0.4085975  -2.414235    1.8523649  -0.25006998
  0.1455225  -2.007615   -0.5051451   1.3124825  -0.04494248  0.83699006
  2.26745     1.2488174   1.4600899  -1.7351174   2.5051725  -2.9131799
 -0.99529004  0.10147498 -1.46963     1.1417675   0.21936744  4.662555
  0.24432254  2.5025074   2.1310275   1.2002001  -0.549575   -0.875515
  0.0063675  -0.24524498 -1.0849075   1.4230075   1.083625   -0.5000975
 -2.250455    3.8299575  -1.8708501   2.5162475   3.194395    0.4268474
  2.1007423   1.2725875  -0.5883875   1.9161327   3.3445024   0.04194503
  2.4709575   1.6812999   0.05608004  0.20223998  1.1072276   1.4493124
 -1.4648949  -0.701755  ]