[-2.6594666e-01  1.3333009e-01  1.2554334e-01  1.2598634e+00
  8.2656670e-01 -1.3824992e-01  5.8797997e-01  1.8510199e+00
 -1.4085335e+00  2.6863003e-01  1.1390067e+00  1.8777136e+00
 -1.4999967e+00 -3.6905000e+00  4.3779668e-01  5.0161999e-01
 -1.3240267e+00 -4.9716330e-01 -1.6258866e+00  3.5977600e+00
 -1.2110233e+00  2.4914067e+00 -1.5166666e-01  2.7348331e-01
 -1.8638332e-01 -5.1435012e-01  7.8307325e-01  6.2196332e-01
 -1.3556132e+00 -1.2293500e+00  2.3516667e+00 -1.0725366e+00
 -9.2078668e-01  8.3068663e-01  2.0200834e+00  2.4256866e+00
 -2.3623665e-01  1.2478633e+00 -1.9938334e+00  8.3953667e-01
 -3.6461632e+00 -2.0345700e+00  2.9083436e+00 -1.1779566e+00
  1.1384867e+00  2.3434169e+00 -1.5650134e+00 -1.3962866e+00
 -1.4581966e+00  8.1237668e-01 -1.4432732e+00  1.7102667e+00
  1.6718267e+00  2.1742001e+00 -5.0253332e-02  1.6802965e+00
  2.1065300e+00  4.1710997e-01  2.5102966e+00  2.3089569e+00
  8.0446720e-02  2.3823349e-02 -7.2046667e-01 -2.4584568e+00
  6.4718002e-01  3.2262266e+00  3.8507000e-01  9.4387668e-01
  1.2392399e+00 -4.5046997e-01  1.4589666e+00 -2.8275735e+00
  6.5667999e-01  2.0370667e+00 -1.9542834e+00  1.0810766e+00
  1.2986966e+00  3.6837664e-01 -3.1998532e+00 -1.6306667e+00
 -9.6715999e-01 -1.7424566e+00 -4.1024673e-01 -2.3325367e+00
  1.1339500e+00  1.1911800e+00 -1.5188669e-01 -9.7058988e-01
  1.4168700e+00  2.7129331e-01  2.8853130e+00  2.5920234e+00
  5.1898330e-01 -3.6096004e-01  9.4753331e-01 -6.4856333e-01
 -8.4001666e-01 -1.6729431e+00 -2.2862343e-01  7.3048329e-01
  5.6167001e-01 -2.6778834e+00  1.8576967e+00  1.2700400e+00
 -1.1112267e+00  1.0160033e+00 -8.4444332e-01  6.0824341e-01
 -1.5350900e+00  1.1043233e+00  2.4373100e+00 -2.3569000e-01
 -4.9112999e-01 -1.3774335e-01  1.3495868e+00 -2.2965600e+00
 -1.7366707e-03  1.8863672e-01  3.5554668e-01 -8.9153999e-01
  3.4449768e+00 -2.7223668e-01  1.1932501e+00  2.5988166e+00
  1.6920668e-01 -1.5347067e+00 -7.8388333e-01  4.2797330e-01
 -1.4842066e+00 -2.4690466e+00  2.3428667e-01 -1.2658733e+00
  5.3249669e-01  3.7911665e-01 -2.2008133e+00  3.8045010e-01
 -2.0594333e-01  3.2062665e-01  2.7092266e+00 -4.2697334e-01
  1.8641933e+00  4.1593299e+00  4.4541666e-01 -3.0893099e+00
  2.2621000e-01 -1.4780732e+00  1.8718233e+00 -7.8672999e-01
  1.3437901e+00  8.3993316e-02 -2.5859301e+00 -1.8148500e+00
  6.2281662e-01 -6.3589340e-01 -3.2525331e-01  1.6803333e+00
  6.3219333e-01  2.9536502e+00  1.0288799e+00 -5.0232333e-01
  2.2402966e+00 -4.3032966e+00 -8.7589669e-01 -1.4814661e-01
 -9.1554999e-01  1.3953900e+00 -1.1923337e-01  3.5994332e+00
 -7.6392668e-01 -4.8134008e-01  2.4587333e-01  3.8187933e+00
 -1.6494335e+00 -1.0123234e+00  1.4946966e+00 -1.2904333e-01
  8.7078339e-01  1.4405967e+00  6.1468667e-01  3.8662329e-01
 -3.1528234e+00  1.3694401e+00 -1.3780533e+00  1.7278900e+00
  3.5288963e+00  1.6573800e+00 -1.2571965e+00  1.7005968e+00
  4.8620668e-01  2.2110765e+00  1.6196333e+00  7.4448329e-01
  1.9362100e+00  3.3684533e+00  1.9879965e+00 -1.8699668e-01
  1.2647566e+00  6.4008999e-01 -4.4039336e-01 -1.4249331e-01]