[-0.576855   -1.000505   -0.39748755  1.6143949   1.6887825   1.1378751
  2.2164574   0.1252225  -0.1715475  -1.6831725   0.9658225   2.9254751
 -1.9124     -2.860165    0.92965496 -0.73732007 -1.6485226  -0.01528746
 -0.5833775   2.91838    -1.2315025   2.121695    1.2761451  -0.74898505
 -1.98076     0.64311755  2.338095    0.8901325   0.23248498 -3.0443752
  1.702245    0.6226775  -0.40493506 -0.606865    3.4101925   1.7109652
 -1.5373476  -0.4810826  -0.7152475  -1.9053924  -2.6811576  -1.48909
  2.4386802  -1.6477349   1.2409775   1.1364051  -1.2090725  -0.16770497
 -0.5789874   1.5235376  -1.6549225   1.2361574   1.3768051   2.862585
 -0.3343324   1.2977074  -1.3801825   1.9943252   2.0152001   1.808445
  0.5958625   1.9596574  -1.8894625  -0.81850004  1.29037     1.0526475
  1.59248     0.460975   -1.39078     0.271915    1.3519775  -1.3212
  0.50186     1.720485   -0.651375    1.0417376   3.4787576  -0.0334
 -1.62532    -0.54268247  2.0327375  -3.4343748   0.08891003 -3.6346025
 -1.93058     0.8572326  -0.11873496 -0.2054925   0.06945497  0.63827
  1.1038399  -1.2384026   0.54102004 -0.86348253 -0.401445   -0.10802507
 -1.08115     0.85513747  0.6758975   0.80632246  1.5501349  -0.52766746
  2.478315    0.63678     0.14117992  3.0172224   1.073665    0.44808248
 -1.3308649  -0.5599851   2.685255   -0.93104494 -1.5445201   0.79873496
 -0.80291253 -1.61496     0.21695746  0.58333254  1.3240099   0.78005505
  3.7045724  -0.77681255  3.5881925   2.87959    -1.3269451  -0.6083075
  0.859625    1.1953851  -0.40213    -1.2974225   0.41942254 -1.5239425
 -0.6743451   1.242775   -0.20368493  0.5142175  -0.98257506  0.392935
  2.89288    -2.199395    0.12181008  1.561275    0.9189625  -1.077595
 -0.11713004 -1.98315     1.0537225  -1.0611825   0.90343004  1.4069074
 -1.7695625  -0.16958007  2.30302    -0.47746247 -1.9477575   1.0036825
  1.1325176   1.1315949  -0.05100248  0.698255    1.39431    -3.0733025
 -0.62425244  0.06869251  1.8121974  -0.11706249  0.25424     4.0196877
 -1.2016549  -1.11101    -0.04910755  1.80762    -0.94288003 -1.2657125
  0.61838007 -0.66692746 -0.7010125   1.7574077   1.36518    -0.26762497
 -3.2595425   2.4845724  -0.65787995  3.3560524   5.611303   -0.63473505
 -0.9279325   2.2861176   0.00854    -0.7777775   1.0527451   0.50013006
  1.0833249   1.8479575   1.7864075  -0.894815   -0.2730675  -0.3611225
  0.74232745  1.9956    ]