[-1.0570900e+00  5.9579664e-01 -1.3009950e+00  1.3274084e+00
  3.3324950e+00 -1.2297567e+00  3.7101832e-01  1.9623668e-01
 -1.2327451e+00  7.5244838e-01  4.1195333e-01  2.9450848e+00
 -8.7344998e-01 -3.0611532e+00  1.4767717e+00  1.4552498e-01
 -1.5056133e+00 -3.7904167e-01 -6.2690830e-01  2.7839949e+00
 -9.8571831e-01  4.8712668e+00 -2.1744215e+00  1.0908834e+00
 -1.2246584e+00  3.1428346e-01  2.2932518e+00  2.6015818e+00
  1.2346834e+00 -2.9262665e-01  1.1963633e+00 -2.7886899e+00
 -1.2358350e+00  2.1657219e+00  2.7874348e+00  2.1062865e+00
 -7.0425338e-01  7.4576336e-01 -5.1611662e-01  1.8312417e+00
 -2.4340334e+00 -1.2192717e+00  1.2824899e+00 -1.7151000e-01
  1.5010867e+00  2.1918900e+00 -4.3303046e+00 -8.6792499e-01
 -8.1557840e-01  9.0858334e-01 -2.6580334e-01  1.1783967e+00
 -2.6729167e-01  1.6786650e+00 -9.8013319e-02  4.1666529e-03
 -1.8883666e+00  2.4242401e+00 -2.4413504e-01  1.5192900e+00
 -1.1790416e+00  4.1830161e-01  1.9468673e-01  1.2686171e-01
  1.3176150e+00  1.5705184e+00  2.0591753e+00  8.9240003e-01
  1.8822150e+00  7.5090331e-01  1.5441183e+00 -2.6535118e+00
  2.4446516e+00 -3.1428328e-01 -2.0063033e+00  2.2584651e+00
  1.2826084e+00  1.0188082e+00 -8.9055663e-01 -2.2522018e+00
 -8.2629997e-01 -1.2468034e+00  8.6729836e-01  3.7812164e-01
  4.3009996e-01  2.3108799e+00 -2.3353767e+00  1.8156365e+00
  8.2890344e-01  1.2920333e+00  8.9694828e-01 -7.5278330e-01
  1.9459381e+00 -2.0289834e-01  7.8314000e-01 -3.0258003e-01
 -2.3600199e+00  3.4993330e-01 -5.4111999e-01 -8.9399971e-02
 -1.6796996e-01 -5.2673489e-01  1.2941717e+00  2.3967066e+00
  1.1041317e+00  1.7995182e+00 -3.8229167e-01 -7.0110160e-01
 -1.3304417e+00  8.7459993e-01 -1.8163050e+00 -1.6823950e+00
 -1.7214402e+00  1.5962149e+00  3.5072002e-01 -2.5856466e+00
  3.3216003e-01  4.2218828e-01  1.3773384e+00  4.4916165e-01
  1.0747401e+00 -1.2234716e+00  1.6227499e+00  2.9198568e+00
 -1.5073217e+00 -3.0285733e+00 -1.7879585e+00 -1.0443734e+00
  6.1060834e-01 -1.3716516e+00  6.5572834e-01 -1.7543000e+00
  3.2876006e-01  7.2161168e-01 -5.8411998e-01  1.3695750e+00
  4.3756645e-02  1.8809918e+00  1.9602017e+00  2.8219583e+00
 -3.3549166e-01  1.6945599e+00  1.3994484e+00 -6.3658673e-01
  1.2206202e+00 -1.5399300e+00  2.3830163e-01 -5.3380841e-01
  1.4277283e+00  8.8290167e-01 -1.1063234e+00 -1.1682249e+00
  1.3528718e+00  7.6002675e-01 -1.0048600e+00  1.4176283e+00
  1.8061686e+00 -1.3688483e+00  2.6720583e+00 -2.1836350e+00
  3.1998901e+00 -1.7494898e+00 -1.0673767e+00 -1.9876333e+00
  1.4448200e+00 -4.6550024e-02  1.1615827e-01  3.5704548e+00
 -3.1195784e+00  3.6191678e-01  1.0178684e+00  1.7189199e+00
 -5.6714505e-01 -2.3789198e+00 -1.6113434e+00 -5.5893165e-01
  9.8808163e-01  2.2595716e+00  1.4321533e+00 -9.3015832e-01
 -3.4591248e+00  3.0035534e+00 -8.8044167e-01  1.9820184e+00
  2.0888784e+00  1.4873400e+00  1.7605581e+00 -6.1096334e-01
 -4.8564503e-01 -7.1127176e-01  2.0003567e+00 -3.1148496e-01
  1.7736049e+00  2.2279342e-01 -7.6926500e-01  1.0190017e+00
  1.8826673e-02  2.9050338e-01 -1.3811667e-02  2.3564494e-01]