[ 0.29857334  0.27491334  0.7224867   1.5126501   1.97962    -0.17731
  2.2957866   0.2539034  -2.7794836   0.76060003  0.42366338  1.7304068
 -0.9933367  -2.6843398  -0.5705633   0.21760333 -1.4018966  -1.4784032
 -2.5599234   2.14744    -1.25273     3.44476     0.60248    -0.37354672
 -0.89223003 -3.02576     1.8569101   2.7158864  -1.20409    -1.19914
  1.1266166   0.74862665 -1.1941367   0.29939     2.1632733   2.3004134
 -0.69037324 -0.33659664 -1.7573401  -1.48208    -2.5941534   0.38619336
  1.1666566  -0.11345666  1.1428667   3.7101364  -1.2206433  -0.9311633
 -1.4156033   0.37546334  1.1815166  -0.36475     0.6074533   3.7656803
  0.35589004 -0.30811676 -0.88360333  1.5654434   0.30270338  2.1318834
 -1.3615469   1.57958     1.0386367  -0.88431674  0.70165664 -0.16314669
  1.1217201   2.6089532   0.9904034   0.46077332  2.8887198  -0.58771664
 -1.14561     2.20279    -1.9494833   2.65822     0.9303      1.5645866
  0.2211734  -2.2592933   1.69339    -1.6056966  -2.72495    -0.8685433
  0.41784668  0.9739267   0.01246667  0.9137034   0.72179     0.63424
  4.44781     2.0327566   1.1756734  -1.1725367  -1.3730167  -0.5266568
 -0.82987666  0.66656     0.05299    -1.41642     1.3127867  -5.0522103
  4.3167396   2.3779466   2.8760664   1.74222    -0.27353337  0.42386666
 -1.2215966   0.5777134   0.43751    -1.8168167  -0.95201     1.3601099
  0.31369665 -1.6138601  -0.77911663 -0.10709337  0.29265    -1.2288266
  0.25507    -1.0753601   1.7816234   1.9460534  -0.5643466  -0.56932336
  1.2593466  -2.5629165  -0.4624133  -3.0702631  -1.2488834  -0.87889
 -0.6234867   1.4073668  -1.2464399   0.13270664  0.63909334 -0.8567167
  4.6056967   2.3924732  -0.7779766   2.0890467  -0.67707664 -0.48400667
  0.90014666 -1.00498     1.6128033  -0.7969833   1.5410334   0.7767766
 -0.6349433  -2.2945435   2.2047932  -0.7240534   0.14927673  0.34406665
  1.1645232   1.7933232   1.4563866   0.02547668  2.8584433  -2.0255234
 -1.5209168  -1.1752434   0.36857662  1.2197833  -0.2634267   3.8567333
  0.08172999  0.79459     2.8682232   2.8431866  -2.3181865  -4.6812067
 -2.1042032  -2.1432467   1.2450399   0.3726734   1.5676398  -0.8589833
 -3.2183867   1.4558567  -0.2703933   2.4311965   2.6544633   0.10305333
 -1.62707     0.2658033   0.71673995 -3.3219433  -1.18575     1.6572536
  2.3559601   1.34903     0.8840034  -2.1107666   0.2891798   1.03591
  2.1515865   0.09393998]