[-3.1109256e-01  6.9889998e-01 -6.1260754e-01  1.6582599e+00
  2.4204898e+00 -5.5030501e-01  2.1929247e+00  1.3319875e+00
 -1.1387825e+00  6.9334006e-01  1.1146000e-01  1.6143349e+00
 -6.3653994e-01 -4.1353426e+00  3.1409979e-02  2.1439749e-01
 -2.7455225e+00 -3.9005500e-01 -2.3310573e+00  1.6715050e+00
 -7.8586251e-01  1.8569851e+00 -1.4377950e+00 -3.2883251e-01
 -5.9752744e-01  3.3304989e-02  1.3421124e+00  3.1459651e+00
  8.8872254e-01 -7.6267254e-01  6.7654252e-01 -6.2475204e-03
 -1.4737600e+00 -8.6689502e-01  1.4924500e+00  4.8352247e-01
 -2.4445724e+00  4.7747508e-02 -1.2848775e+00  6.6742748e-01
 -2.4053223e+00 -8.3989251e-01  3.0180125e+00 -8.3032751e-01
 -4.4910002e-01  2.1699049e+00 -1.7623074e+00 -6.5819934e-02
 -2.7640504e-01  1.1630225e+00  6.1165005e-01  3.3905500e-01
  1.0539225e+00  1.6030651e+00 -1.6696900e+00  6.3970006e-01
 -9.6673000e-01  1.0943252e-01  1.3267626e+00  2.8759751e+00
  9.1358757e-01  1.4865975e+00 -1.5143502e-01 -2.5478799e+00
  1.1297200e+00  9.4356996e-01  7.6897991e-01  1.1846825e+00
  7.3601252e-01  6.0248250e-01  1.7623025e+00 -1.1691000e+00
  1.2356200e+00  2.0816276e+00 -1.9745800e+00  2.3024073e+00
  2.2090399e+00  8.0245250e-01 -7.8931749e-01 -4.6266747e-01
  3.3304000e-01 -8.9522493e-01 -1.0188401e+00 -2.4029751e+00
  1.7664002e-01  3.8143449e+00 -1.0629375e+00  7.0208752e-01
  1.9142400e+00 -1.2078249e+00  1.5955648e+00 -4.2144999e-02
  1.7830775e+00  1.4111149e+00  5.6593001e-01 -1.8441598e+00
 -2.0400701e+00 -1.9199759e-01 -1.8239000e-01  8.5225254e-01
  1.5948224e+00 -1.2944050e+00  1.7963777e+00  2.9969249e+00
 -8.9247251e-01  2.7781999e-01  1.3329126e+00 -4.3549836e-03
 -2.1237199e+00  3.5036352e+00  5.8671999e-01 -6.4226997e-01
 -1.9755549e+00  2.8569967e-02 -2.0367473e-02 -2.6501324e+00
 -5.9230030e-02  5.8314252e-01  3.6885750e-01  4.4811752e-01
  2.2722225e+00 -2.1084025e+00  2.2994752e+00  1.8312300e+00
 -1.9717249e-01 -3.3802726e+00 -2.3353074e+00  7.0925498e-01
  1.4200649e+00 -4.3447495e-01  5.1063251e-01 -5.7278001e-01
 -1.0894699e+00  2.6059499e-01  6.0522002e-01 -8.1607997e-01
 -1.7368599e+00  1.9965025e+00  3.0628624e+00 -1.1607950e+00
  1.8171875e+00  1.2055675e+00  3.2367000e-01 -7.6815993e-01
  3.1291800e+00 -1.2746999e+00  7.2346252e-01 -1.8030725e+00
  2.0361099e+00  4.0897003e-01 -2.7493851e+00 -1.5846248e-01
  1.6429675e+00  1.4214699e+00 -7.1764493e-01 -3.8149002e-01
  3.4689698e+00  2.0094349e+00  3.0985498e-01 -1.6517425e+00
  2.4036827e+00 -5.5433450e+00 -1.9231100e+00 -4.7356749e-01
  1.7300050e+00  9.2432499e-02 -2.2321501e-01  2.8164175e+00
 -1.5171350e+00 -6.4772999e-01  3.4058249e-01  1.7748550e+00
 -1.9880525e+00 -1.8976374e+00  5.9638000e-01  4.2649004e-01
 -1.0719200e+00  2.4202399e+00  1.7987800e+00 -6.7624247e-01
 -3.9849324e+00  1.6095949e+00 -1.5499074e+00  2.8808849e+00
  4.1722527e+00  1.5897825e+00 -2.6358953e+00 -4.2878753e-01
  1.1081150e+00  1.3311200e+00  2.1722400e+00 -1.1450200e+00
  1.1995726e+00 -4.2927563e-02  3.0517349e+00 -8.3754504e-01
  1.0587701e+00  5.5745500e-01 -1.0769451e+00 -2.9410002e-01]