[ 1.13524    -3.39681    -1.19129    -0.38759     2.1744099  -1.47368
 -0.24141     2.92258    -2.2014     -1.34095    -0.89878     5.45476
  1.0142599  -0.25834    -0.68569     4.5833797  -2.7799902   0.32507
 -1.16988     5.34484     0.32095     0.21715     0.61536     2.5887
 -3.91182     5.11172     2.2367902  -1.91409    -4.03583    -3.77027
  3.73616    -4.35258    -2.18136     1.1938      0.75387     2.12521
  0.19619     1.82461     2.28372     0.91583997 -2.49723    -1.03283
  2.8057501  -0.03346    -1.18452     1.71563     1.65613    -0.38481998
 -4.3123703   0.63126    -2.73882    -1.37799     6.5597897   1.23173
 -0.12395    -0.27414     1.90797     1.14444     1.72131    -0.79474
  3.2894702   1.9363099   0.58033    -3.35345    -0.67537004  3.17447
  0.48700002  1.71143    -1.1305      1.58755     0.34995002 -0.25916
 -0.74469995  2.19235    -2.01841    -0.25642002  0.7538     -2.54175
 -2.9948401  -5.76622     0.36499    -2.63314    -2.62614    -0.72098005
  0.24049999 -4.65386     4.30247    -3.57311     2.7634099   3.9949398
  3.51189     2.6055398  -0.3642     -1.77265    -1.55627     1.72379
  0.2015     -7.1257696   1.3266399  -1.02255     0.57682    -2.24888
  2.246      -0.05019    -0.27564     5.1479397  -2.30986    -0.23126
 -1.26668    -0.95148     5.8537602  -2.9314802   1.8877301  -2.15941
 -3.2934499  -0.57237     0.96896     3.1557899  -0.79604995  1.23657
  1.66218     2.99724     0.72362     3.6788101   0.15713     1.02133
  1.21335    -1.92188     1.7142799  -4.66822     3.03666    -1.94329
  2.86477    -1.24651    -5.0540695   0.13860999 -0.94633996 -0.16315
  5.32755    -1.63589    -0.25988     4.73571     0.11097    -3.12304
  0.78057    -2.8503098   5.79581    -4.13219     0.95546997  0.72242
 -1.3094699  -4.78688     0.8607     -2.56089     3.96588     6.1235
 -1.03314     2.6600199   1.02916    -0.33865002  4.42877    -5.63792
 -0.97406995 -0.50106996 -1.7204701   3.28429    -1.2618699   0.16027
  0.4286     -4.24693    -1.4223001   7.26942    -1.45136     1.04066
 -1.95687     2.81849     3.0941298   3.39546     2.40815    -5.13659
 -7.88491     0.51978    -0.16787     4.5964804   5.28461     2.05394
  0.30905002  7.12319    -3.64396     4.36693     0.02652     2.13337
 -3.05318     5.12083    -0.03498     1.5313799   0.25598    -0.10516
 -0.926       0.22433999]