[ 5.05656064e-01 -1.28214192e+00 -9.05189991e-01  2.72580409e+00
  9.53796029e-01  2.24870011e-01  3.98427933e-01  1.19517791e+00
 -2.08051825e+00 -5.07629991e-01  2.23994803e+00  2.00669789e+00
 -8.85300040e-02 -2.60803986e+00  1.35173595e+00 -7.05854058e-01
 -1.98548388e+00 -8.33360180e-02 -2.00759602e+00  3.89590979e+00
  1.20902002e-01  6.31713986e-01 -1.27537799e+00 -3.59975994e-01
 -8.96697998e-01  6.65599853e-02  5.17319977e-01  1.70616591e+00
 -2.13743615e+00 -1.93858016e+00  2.21059418e+00 -5.15970051e-01
 -3.86467993e-01  2.44545603e+00  3.78384018e+00  1.23674607e+00
 -1.58347201e+00  5.19039989e-01  4.77904022e-01  8.96727920e-01
 -2.89810610e+00 -1.27654001e-01  3.43811417e+00 -9.93851960e-01
  1.92646194e+00  1.85727596e+00  1.93776026e-01 -3.27595979e-01
 -1.38503397e+00  2.73540020e-02  8.68148029e-01  1.07848191e+00
  2.28490782e+00  1.70465207e+00 -1.24710810e+00  1.81690812e+00
  1.26102197e+00  7.16602027e-01  1.32353413e+00  1.78724194e+00
  5.68686068e-01  1.19123602e+00  2.82679975e-01 -2.76238394e+00
  1.32266200e+00  3.40019560e+00  6.50120080e-01  7.99033999e-01
  1.29918009e-01  1.13719985e-01  8.75115991e-01 -4.55974013e-01
  1.66613615e+00  1.54630399e+00 -1.80612206e+00  1.55973601e+00
  8.00323963e-01  5.10192037e-01 -1.52935004e+00 -2.70833611e+00
  1.74662024e-01 -1.25500405e+00 -1.22012985e+00 -2.34101820e+00
  7.57261932e-01  5.72440028e-01  5.72459996e-01 -2.05504370e+00
  3.50221962e-01  7.01514006e-01  1.12894988e+00  1.19868600e+00
  1.39422029e-01 -6.50180101e-01 -2.51474053e-01  3.48802030e-01
 -7.60274053e-01 -3.57637978e+00  5.60745955e-01 -1.40681982e-01
  6.45593941e-01 -1.91199398e+00  2.90439224e+00  1.65587199e+00
 -8.26160073e-01  2.21353602e+00 -2.05961972e-01  4.52220052e-01
  1.36414051e-01  1.13391876e-03  2.66828609e+00 -4.48196024e-01
 -1.22613597e+00 -9.25639987e-01 -5.27215958e-01 -2.36670613e+00
  3.29940096e-02  1.29162204e+00 -7.83601999e-01 -8.63842010e-01
  1.76871991e+00 -9.13482010e-01 -1.73263982e-01  1.93272567e+00
 -1.78868011e-01 -2.64557409e+00 -6.40986085e-01  6.40214086e-01
 -1.36839199e+00 -3.38881183e+00 -6.99640289e-02 -3.08098018e-01
  7.79006004e-01 -1.80709004e+00 -2.24864435e+00 -4.86877978e-01
 -1.34269202e+00  2.10574985e+00  2.94109201e+00 -2.82699800e+00
  2.02726793e+00  3.25066233e+00 -9.51979905e-02 -2.84527230e+00
  9.89538014e-01 -5.82738042e-01  4.48738009e-01 -1.49621201e+00
  2.99511999e-01  3.08523983e-01 -2.32325792e+00 -2.12774587e+00
  4.81409937e-01 -1.60627782e+00  1.45685196e+00  2.10446000e+00
  1.08776796e+00  2.15554404e+00  2.52305222e+00  1.08265400e+00
  3.50182414e+00 -3.42215800e+00 -2.57936001e+00 -4.09000069e-01
  3.52366030e-01  1.84797406e+00 -8.94725978e-01  3.68499041e+00
 -4.89830017e-01  2.42703959e-01 -1.29215926e-01  1.60853803e+00
 -3.08701903e-01 -4.92649972e-01 -6.89813972e-01  3.57189983e-01
  2.48235986e-01  1.50923193e+00  1.88154411e+00 -1.29975390e+00
 -4.46492624e+00  1.31280804e+00 -5.32780051e-01  1.73436415e+00
  4.47956610e+00  2.10400009e+00 -2.67036200e+00  1.49732208e+00
 -1.02389002e+00  5.50047874e-01  2.59740210e+00  4.82482046e-01
 -2.16499846e-02  2.85599589e+00  1.70715010e+00  5.42315960e-01
  1.57720399e+00  1.25666404e+00 -7.91118026e-01  2.59236008e-01]