[[-1.62730503 -0.82436502 -1.34877503  0.41455001 -1.40614998 -0.84282506
   0.27583501  1.07934999 -1.8934201   2.24145508 -0.108525    3.03249002
   1.47360992 -0.38073498 -1.44332004 -1.44306004  0.41502503  0.037835
   2.71533012 -0.15099001 -0.11525001  0.63581496  0.66631502  0.12568
  -2.58578014  0.11619     0.62729001 -1.16728997  0.21797501 -0.53776002
  -0.57878    -0.95236003 -2.86196995 -0.70789999 -1.41816998  0.95665002
  -0.67831504 -0.84324503 -1.71017504  0.15219    -0.62117499  0.22189
  -1.58424997  0.315745   -0.287945    1.51155496 -1.40678501 -0.91358495
   0.19579999  2.52584004  1.15599501  0.16699    -2.55603504  2.23713994
  -1.21896005  1.17537999  0.456635   -0.56564498 -2.839715   -0.64360499
  -1.78438497  0.26039499  0.52680999 -1.93502498  0.22641    -0.246785
  -1.71118999  0.20559502  1.27447987  1.67189002  1.62410009 -0.66166496
  -1.23000503  1.86206996  2.23973489  1.24416995  1.66254997  0.19566
  -0.61331499 -1.04033995 -0.1969     -0.12161    -0.21281499  0.38762498
  -0.99949002  2.7274549  -0.87871003 -1.42340493 -0.77726001 -0.33156002
   1.14629996 -0.34691501  0.54145002 -0.21798    -2.10671997  0.15663999
   1.69981492 -1.112185    1.15333498  1.42374504  1.27797496  0.70537996
   0.32487002  1.70948005  2.10658503  0.24812999 -1.35524011 -1.26065993
  -1.0701201   0.85408503 -0.25797999  0.14956     1.09450495  0.17402999
   0.17475501 -1.03884506  1.64240491  0.33744997 -0.18167001  1.21393001
  -0.41393     0.48352498  0.69348997  2.25866508 -3.41542006 -1.25501013
  -0.46849999 -0.53744501  0.78663999 -0.63077503 -1.03261006 -0.41048002
  -1.29566002  1.37264991  0.63698     1.40218496  0.013025    1.4897449
   1.34360003 -1.00022507  2.43773508  0.97652006  1.11071491 -1.23197508
   0.78940505 -1.44921494  1.27041996 -2.2393651  -1.66144991  1.22433496
   1.02498996 -1.06977999  1.96353006  2.34086013 -1.12079501  2.41839504
   0.48475501  0.94879001  2.89364481 -1.78997993 -0.68672502 -1.46338999
  -1.44849491  0.206725    0.193185    0.039135   -0.81034493  3.55438495
  -0.43739501  0.31165498  2.26680994 -0.293345    0.78248     0.07558
   1.46808505  1.28635001 -1.39458513  0.89900005  2.05584502  0.36728501
  -0.67472506  1.41721499 -1.18965006  1.68730497  0.280705    1.50015998
   0.47277001 -1.63468492 -0.200065    0.70221496  1.21247506  0.032545
   1.22016501  2.87857008  1.68865991 -0.35064998  0.24139     1.40279996
  -0.111205   -0.258185  ]]