[ 0.9061734  -0.34279    -0.45679998  0.7765434   1.2875867   0.39251998
  0.32062    -0.04255001 -2.0653865   0.82536     2.1011798   3.0927966
 -1.1509267  -3.1240132  -0.78103995 -0.59045005 -2.7434368   0.48287663
 -1.5888467   1.7365432   0.86463     2.20836    -1.5741      0.04812328
 -0.7876301  -0.8350167   1.2117766   2.25931     0.8917     -1.6121901
  0.60198     0.01809669 -1.8328134   0.22665334  4.64365     1.83437
 -3.1737602   0.7830667  -2.1981733  -0.17888002 -0.56852335  0.51512
  1.6304001   0.34505334  0.92885333  1.52063    -0.5105967  -0.4388266
 -0.2350667   1.4675268   0.25287     0.9224766   0.92346     2.2482998
 -0.5525333   1.7808733  -1.4409701   0.24362     1.6056234   1.6734099
  0.16620661  0.81606     0.5274866  -1.4091734   0.29868335  1.2177134
  1.7405901  -0.04824662  2.876567    0.17187668  0.23130672 -1.9032601
  3.19082     2.5277267  -1.2202734   1.2964667   1.0189465   3.6947098
 -0.36761007  2.0459368   0.8836934  -0.66628665 -0.66253334 -1.7613331
  0.03407995  2.1534     -1.3451366   1.7032833   2.7193768   0.6528367
  0.48084667  1.0547034  -0.5822433   1.2323333   1.0750066  -0.09072995
 -1.4387566  -1.7294499  -0.6237901  -0.36128008 -0.36187005 -1.7994334
  1.7891499   2.36327    -0.34939668  2.5871701   0.79202676 -0.89880663
 -1.0465766   1.7361633   2.23918    -2.4558601   0.60462     2.0147867
  0.46472    -3.3719566  -0.8043966   0.54245996  2.31658    -0.23446
  3.5787966  -1.66867     1.0660733  -0.63792676 -2.9909766  -1.64214
 -2.6859434   0.62914675  0.07694667 -0.02852335 -0.03698003 -0.87013674
 -2.5568633   0.16266997 -0.70076674 -0.37684998 -3.5242598   1.7369866
  1.3500667   0.30962333  0.1643266   1.1209234  -0.5684967  -2.7949467
  3.9908533   1.6177235  -0.48359665 -2.8908799   2.2006166  -1.0541567
 -0.88289    -3.5174897   1.83591    -0.94861    -0.37290666  0.26586333
  1.2743434   2.9151366   0.14180994 -0.5641634   2.8511868  -3.72531
 -0.70366335 -1.1198033   0.7954967   1.6561233  -0.4536134   2.9156168
 -0.96044666  0.40728667 -0.6643134   1.5353132  -2.4383733  -1.5426935
  1.5038967  -0.9219834  -0.20336016 -0.06388667 -0.71518666  1.8901267
 -4.16437     3.59334    -1.1443566   3.97287     5.280723    0.17094667
 -0.9619599   1.66966    -1.0286199   0.00881668  1.6113768   0.7182634
  2.4655      0.36636665  2.5527499   0.31453335  1.7515966   0.00640335
 -2.6902034  -1.3135768 ]