[-1.23620498e+00  4.83069956e-01  7.34474659e-02  1.72228003e+00
  3.41618013e+00  3.13549995e-01  2.16973257e+00  4.22150493e-02
 -2.99913025e+00 -1.96017504e-01  2.65506983e+00  1.77548003e+00
 -1.10164249e+00 -2.68688250e+00  4.48365033e-01  2.58280009e-01
 -1.01123989e+00 -2.90215075e-01 -2.97448754e+00  1.96935987e+00
  3.66545051e-01  3.22488737e+00 -5.35179913e-01  6.53324723e-02
  3.13352495e-01 -1.62022007e+00  1.31105006e+00  2.03777766e+00
 -8.07420015e-01 -8.62560093e-01  1.56651247e+00 -6.86337471e-01
 -1.23492742e+00  9.13134933e-01  3.64005518e+00  1.69350755e+00
 -2.25076485e+00  2.15999991e-01 -2.30823231e+00  1.26520002e+00
 -3.59780979e+00  7.71340013e-01  1.65991998e+00  4.36762482e-01
  1.24501252e+00  6.61252499e-01 -1.06781995e+00 -1.31970000e+00
  1.69377005e+00  1.69031000e+00 -5.93498722e-03 -3.89247507e-01
  2.06922472e-01  2.25313735e+00 -2.67809010e+00  2.28124738e+00
  1.15102506e+00 -8.06175023e-02  8.02277565e-01  4.62214947e-01
 -6.69637442e-01 -7.87380040e-01 -1.34668005e+00 -4.63117510e-01
 -9.34244990e-01  2.23807240e+00 -6.17895007e-01  2.02870512e+00
  4.07225013e-01  7.36294985e-01  1.62504756e+00 -2.64260244e+00
 -3.67255032e-01  2.36172485e+00 -3.51087511e-01  1.21808243e+00
  1.67154741e+00  8.20944905e-01 -1.46850753e+00 -1.03619933e-01
 -6.28249943e-02  1.48405015e-01 -1.73392999e+00 -1.55117500e+00
  4.33725059e-01  2.25590515e+00 -1.72623253e+00  1.54283750e+00
  1.75013256e+00  1.58869493e+00  1.50917506e+00  1.04636002e+00
  5.53607523e-01 -1.55407548e-01 -2.09949911e-02  1.31447768e+00
 -8.44525099e-02 -4.11552489e-01  7.95777440e-01 -2.99109995e-01
  4.06329775e+00 -1.03794765e+00  1.80216980e+00  3.50864744e+00
  9.89444971e-01  1.06682003e+00  9.75895047e-01 -6.40049994e-01
 -8.59942496e-01  1.78302002e+00  5.48264980e-01 -2.97091746e+00
 -3.56757462e-01  1.55742502e+00  8.71947527e-01 -2.65037751e+00
 -1.76162243e+00 -5.20699978e-01 -3.80852491e-01  4.90664959e-01
  2.26786494e+00 -3.39730740e+00  2.73969007e+00  3.46121240e+00
 -1.68359935e-01 -1.56858504e+00 -3.41752172e-03 -6.43134952e-01
 -1.70042503e+00 -1.32352996e+00  1.22014248e+00 -6.83749974e-01
 -2.50348258e+00 -8.22607517e-01 -1.95792747e+00 -1.53256750e+00
 -7.77567565e-01  6.32549882e-01  1.55752254e+00  6.38509989e-01
 -7.43865013e-01  2.55861259e+00  1.91209245e+00 -1.57742000e+00
  2.02363253e+00 -8.36672544e-01 -7.35652447e-01 -2.15567756e+00
  2.13968754e+00  1.14498734e+00  8.68465006e-01 -4.92974997e-01
  1.57569754e+00 -1.38435256e+00  1.02259254e+00  1.52922249e+00
  1.92857981e+00  1.65168488e+00  1.06424761e+00 -1.65085745e+00
  1.09374993e-01 -2.79119992e+00 -1.11457992e+00 -1.60580492e+00
 -8.66060019e-01  5.94997406e-03  1.31278992e+00  2.37843990e+00
 -8.74862432e-01  1.91126263e+00  1.16313243e+00 -2.40779996e-01
 -2.97890520e+00 -1.27233255e+00 -5.60665011e-01 -7.64517486e-01
  4.82047498e-01  1.89470005e+00 -4.94047493e-01  5.18462479e-01
 -2.34371519e+00  1.47739005e+00 -1.17929244e+00  2.34881973e+00
  3.72252488e+00 -1.13687515e-01 -9.05724764e-02  6.03184998e-01
  2.16575027e-01  2.99147457e-01  1.73923755e+00  1.80735022e-01
  7.19274998e-01  8.98492455e-01  1.03485000e+00 -4.36865002e-01
  9.83099937e-02  6.43927455e-01 -3.36824954e-02  2.57575005e-01]