[-0.34616828  0.5478699  -0.26112     0.19608164  1.8161134   0.30041835
  1.1380483   0.9614684  -1.6023668   0.27731997  0.34387338  1.0927683
 -0.6921301  -3.9454434  -0.32548824 -2.816182   -0.43971667  0.5739217
 -2.7022533   1.8706584  -0.6147467   2.6236417  -0.80388683  0.19703333
 -0.83596164 -0.7096816   1.2084416   3.4129784  -0.84558326 -1.9112767
  0.6255416   0.54492825 -2.3425584   1.3867434   1.8909616   0.47961497
 -3.53216     0.7114249  -2.5552218  -0.8386467  -3.6394336  -1.7331567
  2.2858331  -1.0125799   1.6226631   1.8528833  -3.1663883  -0.51885337
 -0.20171328  2.4387133   0.67505664  0.33597168 -0.64161164  2.1380284
 -1.3297732   2.7195466   1.2293      0.9434333   1.1550716   1.8501865
 -1.8270316   0.835005   -0.16341826 -1.5134201  -1.04878    -0.279335
  0.20814173 -0.13520996 -0.10857835  1.1853867   2.8172436  -0.9882133
  0.5331034   2.6474316  -1.9738517   1.8128916   0.94630164  0.7290984
  0.17138    -0.16761672  1.16652    -1.1861916   0.0380433  -2.9748304
  0.8239467   1.7462301  -1.4474734   1.0212535   0.5029967  -0.3370267
  0.73164326  0.8981684   0.66136664 -1.1149683  -0.16249497 -1.9207382
 -2.0149233  -0.97780323  0.41896996  0.66982     2.7438133  -1.6358782
  3.2096884   2.7362716   1.202535    0.93665504  0.07002004  0.596325
 -0.61122173  0.8228983  -0.09122002 -2.9566753  -1.2329817   1.2518867
 -1.5033816  -1.5336517  -0.39342162 -0.20191996  0.71729827 -0.35933828
  1.4819001  -0.800205    1.8286133   2.8956997  -2.8426983  -1.1631049
 -2.1982632   0.19088502  0.66713667 -1.518315    0.11727333 -0.43596008
 -4.277662    1.4304967   0.41002834  0.04601165 -1.5598217   2.2743435
  2.1954734  -0.44527832  0.78260833  1.5671734   1.0468999  -2.5072052
  0.42784    -0.99468833  1.6014084  -3.3307035  -0.06304002 -0.52694005
 -1.5574034  -2.046755    0.87228173  1.8816633  -0.39564     1.4348617
  2.3252168   2.719428    1.88368    -1.1137234   3.494745   -2.5759284
 -0.59029     0.23377     0.40980497  0.17555504 -0.83686334  3.9215634
 -1.524695    1.8616033   0.9137383   1.16991    -0.47919336 -0.97016
  1.9292884  -0.7293     -0.18249834  2.9811401   2.4639452  -0.696045
 -1.9432583   1.158775    0.3650017   2.9742348   3.507168    1.6905618
 -0.45673832  0.4491683  -0.41298    -0.87318164  3.32246    -0.51979834
  2.1878316   3.703057    1.6142901  -0.04832991  0.856325    1.890735
 -1.3337584   0.42538834]