[[ 0.21821499  0.59958252 -0.22512745  0.48033753  0.26923248 -0.23800252
   1.18894    -0.05335996 -1.54597494  2.58878002  0.68692747  1.18659002
   0.10271251 -1.45060747 -0.50169999  0.02413252  0.75638994 -0.35866001
  -1.59231499  0.54623247 -0.52673745  2.81513983  0.00910501  1.65440255
  -0.04997998 -0.74256253  1.60576003  1.91972008 -1.26132502 -0.81883503
  -0.83883499 -0.5785675   0.38575751  0.62017     1.62142507  2.12502247
  -0.85975249 -0.88304498 -1.22376502  0.95092496 -1.28135005 -1.33003508
   2.57073745 -1.65301503  0.76390502  0.43534751  0.05080502 -0.22194999
  -0.74618748  0.60752998  1.74396002  0.04680752  0.06149249  1.36597756
  -1.46080244  1.95556492 -0.29266502  0.70372748  0.58654496  2.32943746
  -0.19294751  1.27340993  0.70185749 -0.017755    0.16070502  0.174095
   0.962535    0.36086749  0.39890249 -1.01719251  0.49700502 -1.00876246
  -0.66291752 -0.42071499 -0.84620249  0.64898497  1.81479248 -0.49082249
  -1.68005997 -0.53600498 -0.96902502 -0.886385   -0.06870997  0.26132751
  -0.18725002  2.84365758 -0.89008996  0.40561247  0.95542002  1.07115749
   1.53722    -0.59460497 -0.23648001  0.49920749 -0.697115    0.27663746
  -0.5867825  -0.96476252 -0.83914497  0.84150002  0.20765749 -1.44810498
   1.85008241  0.57281497  1.68724494  1.27052748 -0.39917253 -0.01700002
  -2.10132244  2.59519244  0.62066749 -1.09182253 -0.52154747  0.05835001
   0.49722749 -1.94148502  0.92063998  0.059805    0.42449    -1.30773503
   0.82796744 -1.19546002 -0.082055    1.5328275  -0.72004745 -1.25034744
  -0.790075   -0.63726503 -0.530505   -1.09231499  1.18213993 -0.78527999
   0.2597725   1.78845507  0.28885502  0.009975   -0.82130495 -1.63601512
   2.1966899  -0.82640494  1.03159513  3.37157995  0.72832998 -2.08588499
   1.21629244 -0.46550001  0.75277751  0.386825    1.32638496 -0.35482751
   0.18620999 -1.61941743  0.42208497  0.50139498  0.11147751  1.25308757
   0.48218751 -0.13070256  1.47718494  0.69683     1.20909756 -1.517875
   0.14356501 -0.14477251  0.35348252 -0.4242325   0.56086498  1.54054503
  -1.11095001  2.03644003  1.44967756  0.43461001 -1.33893001 -1.12475255
   0.42886998 -1.17170501 -0.77522748  1.15194999  0.55573499 -0.091995
  -1.51736744  1.90454251 -2.13230008  1.57133502  2.58549005  0.24323501
   1.13295004  1.73844767  0.47895252  0.87373745  0.82964252  0.00522503
   2.165135   -0.11404753 -0.74370988  0.64523502 -0.17402997  0.15317751
  -1.12147999  0.5185075 ]]