[-0.40931752  1.7627463  -0.01015374  0.47734502  1.4465325  -0.28472623
 -0.14833623  0.19991376 -2.0564551   1.9990724   0.48883626  2.8255384
 -0.23552248 -4.8230896   0.6725887  -0.32505873 -0.29403    -2.1898851
 -1.5785975   1.6315538   1.44493     1.5169662  -3.1419988   0.03665753
 -0.71571004 -2.0719113   1.2545686   3.3241825  -0.8329562  -0.59046245
  1.2294388   0.44983125 -0.80318505  0.99109626  3.5998652   2.114355
 -2.776174   -0.09058996 -2.593139    0.04383504 -2.0082288  -1.0033175
  1.75137    -0.699895    2.1676888   2.91536    -1.3976674  -1.3308825
  0.83878624  1.3823863   1.4144237   1.6502386   0.42373627  3.7168174
 -0.12594998  1.984145   -0.18718125  1.0400975   1.1868412   1.3694438
 -0.43168494  2.10277     0.03693248 -0.8518137   0.42487252  1.0150688
  0.78748626  1.7437238   2.0228677   1.8204314   2.556735   -0.7199875
  1.0306863   2.4463174  -1.3735125   0.7050488   1.4829888   0.8527175
 -1.292875    0.05216745 -0.5851676  -0.4948475   0.1297612  -2.951094
 -0.08289498  2.5951326  -1.2846438   0.88384753  1.2169538   0.82866746
 -0.48649257  1.6045511  -0.1539875  -0.37785625  0.46610004 -1.360895
  0.49468866 -1.7019337  -0.8290436   0.66885626  0.40278873 -1.8772135
  2.0185525   0.7918562   1.11199     0.87169373 -0.29074126  0.23225121
 -1.7772675   1.038765   -0.7120687  -1.3801438  -1.9702375   0.09856503
  0.4176687  -2.655345    0.41559494  0.25797248 -0.01912126 -0.11645745
  1.6780137  -1.9165263   1.2166338   1.9334763  -1.6137576  -2.2956152
 -1.4699087  -0.29618496 -0.22439378 -1.6051075  -0.69285995 -1.7427149
 -2.47121    -0.728885   -0.78975    -0.40420508 -2.2085211   2.3413074
  2.09141    -0.752995    0.98722374  3.1911876   1.3272089  -2.8882177
  1.944109    0.54262507 -0.5860925  -2.1779213   1.0939664   0.33151495
 -0.22155878 -1.3250086   0.7482788   0.9984225   0.43993875 -0.07178126
  1.66019     2.6866047   3.2269812   0.32461253  2.799031   -2.2834277
 -1.2843525  -1.214455    0.08377378 -0.24223626 -1.1023875   4.514656
 -0.11280254  2.2746425  -0.532215    0.28276625 -0.6752113  -2.0936475
  0.39350122  0.33340248 -0.5490351   2.3685548   2.313495    0.28630877
 -2.9698324   1.8858801  -1.0666426   2.2079914   2.319835    0.32029122
 -1.8349311   0.6914375  -0.6237938  -2.01324     2.5375211   0.07026124
  2.0252814   0.61607     1.7584125   1.3885775   0.7098813   1.4147012
 -1.1927364   0.73921245]