[ 0.09088502  0.6902724  -0.5350625   0.23594     1.3352225   0.24761248
  0.20719999 -0.3565925  -2.277215    1.0178225  -0.7247125   2.20039
 -0.6263175  -2.3371148  -0.06784496 -1.3666475  -1.8710148  -0.79953
 -3.11643     0.42028     0.06465249  3.8863873  -1.6841326   0.66299
 -1.5109425  -1.64953     0.86055756  4.09969    -0.78915995 -2.069775
 -0.7923      0.19953501 -1.32513    -1.1774324   3.352455    2.883125
 -1.9102025   0.07839501 -1.0506525  -0.8116751  -1.714045   -0.89902246
  3.1712224  -0.66545     0.270085    1.7244825  -1.021175   -1.7905599
  0.35686746  0.331515    0.704475   -0.03912002  0.47658002  1.343315
 -1.6538274   0.8555125  -0.77359     0.404015    0.72355     1.1407449
 -1.0251476   0.35826245  1.9079425  -1.4042751   0.542625   -0.397015
  1.7982101   0.52868253  0.86757505 -0.5819025   1.7447625  -2.2930825
  2.3576477   1.7674999  -2.5383952   2.0920875   1.0925776   1.2098625
 -2.6722276  -0.59054756  0.27529752 -0.55011     0.4552875  -1.6279249
  1.698375    2.8923223  -0.802535    1.216455    3.69053     1.6305451
  0.72725    -0.61757505  1.4338449  -0.15802997  0.30111998 -1.7870475
 -2.6248975  -1.7838925  -0.5714725   0.09862745 -0.61551    -3.0552125
  1.4907374   1.69172    -0.15338999  0.5694475  -0.66704506 -0.64262503
 -2.51755     3.605595    1.2693     -1.6979799  -1.9572775   1.255135
  2.2275176  -2.4790351  -0.05924     1.398695    1.3412625   0.06352749
  1.4336675  -1.023795    2.8109298   1.88796    -0.73535997 -1.6771024
 -2.2632651  -0.98802996 -0.6894475  -0.37118     0.13246739 -2.6871924
 -1.132435    1.9525925  -0.81032753  1.1088125  -0.357005    1.6816475
  1.01088     0.35039246 -0.19752997  1.5674825   0.829435   -0.73467004
  2.0102375  -0.612605   -0.3597225  -2.664565    1.6775576  -1.07594
  1.22519    -1.632185    1.4594275   1.5146549   0.797       1.0617975
  2.495445    2.5895174   2.4202974  -0.22508499  3.8589225  -2.9909348
 -1.3745599  -0.9421625  -0.11848998  0.6543125  -0.8415625   4.182128
 -2.2496574   0.71101004  1.6708276   2.34167    -1.813185   -2.2174973
 -0.300695   -0.07160005  1.3390825   1.2390825   1.4211675  -0.17724496
 -2.73295     3.0800323  -1.2488799   1.1679251   3.3457     -0.02474502
 -0.381025    0.36169    -0.38896495 -0.12017251  1.17847    -1.132755
  1.7912925   1.8078325   1.3364124  -0.04718     0.10162747 -1.0078975
 -0.67094994  0.22224748]