[ 0.027465    0.32245994 -1.4416101   0.09244     1.570355    0.6583649
 -0.02344     1.00329    -3.4196749   1.4185     -1.300755    2.327705
  0.03692999 -1.503115   -0.18016493 -1.959375   -2.39503    -0.12508994
 -3.598495    0.743295    0.03904998  5.93702    -1.967525    1.32917
 -2.05925    -1.458245    0.20845503  4.0005198  -0.75322497 -2.037055
 -0.82019     1.549715   -0.55755    -0.93781996  3.1746597   3.782205
 -1.44542    -0.60152006 -0.29753    -0.62119    -1.762785   -0.47473502
  4.14367    -2.167335    0.21496499  1.094605   -0.87192494 -3.0090299
 -0.09325999  1.20341     0.55393994  0.326845    0.886245    2.0384202
 -1.056575   -0.27946496  0.08644497 -0.02559499  0.59088504  0.7284349
 -0.89479005 -0.696885    1.6010001  -1.1296      0.65064    -1.341725
  2.26646     0.32781002  0.5346     -0.20520502  2.846085   -2.89087
  2.034035    2.0673401  -2.44356     2.723525    1.34791     1.33267
 -2.74114    -1.326055   -0.04374993 -1.0111051   0.66375995 -0.83344996
  2.08709     2.6028547  -1.2853      1.06167     3.57807     1.50169
  2.045035   -1.801175    2.11878    -0.41508996  0.66925    -2.25031
 -2.820925   -0.9586     -0.18692493  0.28489494 -1.114535   -2.480975
  0.83476996  2.141735   -1.3292199   0.323475   -1.320695   -1.34919
 -2.62507     3.576365    1.6435701  -0.58937496 -3.0065398   1.9525651
  2.450255   -2.6526752  -0.23352     0.88218004  3.124625    0.18825501
  2.093055    0.08000493  3.2964702   2.379405   -0.37333    -1.5283201
 -1.76878    -1.8122799  -1.554165   -0.26364    -0.6255051  -2.676005
 -1.4579151   1.261735   -1.          0.19426501  0.5811      2.09363
  1.6273799   0.12759995  0.844375    2.164485    0.11700505 -0.29619503
  1.125445    0.304865   -0.21071    -3.2858949   0.53373504 -1.46602
  1.31774    -1.572865    2.147985    1.437155    1.388315    1.849205
  2.1856298   1.783495    2.73689    -0.31886998  4.29985    -2.62999
 -2.39671    -1.00142    -0.16817999  2.35568    -0.58774996  4.239405
 -2.156765    0.469655    2.0807      3.6822648  -1.11501    -2.22748
  0.17719    -0.38307506  1.76751     2.33017     1.12998    -0.22236001
 -2.2924352   3.733195   -1.0027249   0.27725506  3.15338     0.51487
  0.17973    -0.00628    -1.3834649   0.12389001  0.84650004 -2.06895
  0.95579505  1.88213    -0.40190497 -0.559885    0.07495493 -1.56855
 -0.20382994  0.66019   ]