[[-4.05559987e-01 -5.39425015e-02 -7.47224987e-01  2.67022491e-01
   8.20665002e-01 -2.05840006e-01 -4.79824990e-02 -1.62189990e-01
  -3.28649998e-01  1.23109746e+00  5.54132521e-01  1.46148992e+00
   1.05810001e-01 -1.05538750e+00  3.53792489e-01 -6.68942451e-01
   1.76282510e-01 -4.45120007e-01 -4.79605019e-01  7.41112530e-01
   9.43250000e-01  7.04522491e-01 -2.27057502e-01  5.77219963e-01
   3.61827493e-01  7.06475005e-02 -4.34897512e-01  1.46664992e-01
  -1.24740005e-01 -1.84560001e-01 -4.34139997e-01  4.44335014e-01
  -4.53130007e-01  1.88110009e-01  1.36777258e+00  8.81325006e-02
   3.35625000e-02  1.87610000e-01 -1.13032746e+00 -2.30867505e-01
  -1.05119491e+00 -4.71885026e-01  6.54572487e-01  7.94275030e-02
   7.94180036e-01  1.05695748e+00  1.39500005e-02 -6.52785003e-01
  -5.97974993e-02  9.42485034e-01 -1.59265012e-01 -1.34675000e-02
  -2.65957505e-01  1.03565001e+00 -7.57679999e-01  1.58027500e-01
   6.59647524e-01  8.62779975e-01  4.65174973e-01 -3.21492523e-01
   1.28710002e-01  1.18991005e+00  4.62619990e-01 -1.88147500e-01
   5.39295018e-01 -1.70644999e-01  2.85719991e-01 -1.27959996e-01
   3.31050009e-02  1.18039000e+00  2.34400004e-01 -3.95440012e-01
   4.08524990e-01  1.19020748e+00  3.64075005e-01  4.94334996e-01
  -3.61919999e-01  2.89685011e-01 -8.77982497e-01 -3.32792521e-01
   9.16524976e-02 -3.96380007e-01  4.72797483e-01 -8.99670005e-01
  -1.39694989e-01  1.09754002e+00 -9.53760028e-01  7.11184978e-01
  -2.47692496e-01  7.81750027e-03  5.66607475e-01  1.26388252e+00
   3.43257487e-01 -7.08057523e-01 -8.25107455e-01 -1.13747251e+00
  -9.55085039e-01 -5.04417479e-01 -3.42224985e-02 -2.16302499e-01
   4.02469993e-01 -6.25907481e-01  1.17218995e+00  6.10819995e-01
   5.73314965e-01  5.38134992e-01  1.22750003e-03  4.72950004e-02
  -6.45750016e-02 -1.54560000e-01 -8.19187522e-01 -5.85265040e-01
  -1.28615999e+00 -3.11375000e-02 -9.27842498e-01 -5.96795022e-01
  -3.16062510e-01 -2.08375007e-01 -3.30282480e-01  2.91917503e-01
   6.13759995e-01 -1.15755248e+00  7.48265028e-01  2.38052487e-01
  -4.44590002e-01 -1.01585001e-01 -1.84055001e-01  5.23799993e-02
   6.69109941e-01 -2.60230005e-01 -1.53157502e-01 -2.27339998e-01
  -1.23985000e-01  3.40050012e-02  5.02750039e-01  2.03647494e-01
  -1.08472252e+00  4.99240011e-01  1.03226757e+00 -5.02449989e-01
   9.14590001e-01  1.28103995e+00 -3.02122504e-01  1.09937496e-01
  -5.42012513e-01 -1.92144990e-01 -4.88272488e-01 -3.90450001e-01
  -2.42465004e-01  2.25625001e-02 -1.26320004e-01 -1.02454495e+00
   3.95477474e-01  1.01098502e+00  2.37105012e-01  1.24585003e-01
  -9.67650041e-02  6.08157516e-01  4.43284988e-01 -5.82745016e-01
   8.10987473e-01 -5.78535020e-01 -8.68747532e-01 -3.23500007e-01
  -1.35735005e-01 -4.29714978e-01 -7.33857512e-01  1.68423998e+00
   8.04882526e-01 -3.76882523e-01  1.08810000e-01  2.67154992e-01
   3.32220018e-01 -6.47192538e-01 -2.62700003e-02  2.41872504e-01
  -6.75662518e-01  1.35279998e-01  1.74383748e+00 -2.10657492e-01
  -1.21865004e-01  3.82695019e-01 -3.61764997e-01  6.52317464e-01
   5.22897482e-01 -3.28074992e-01  1.75377503e-01  1.14455000e-01
  -4.65970010e-01 -5.35937488e-01  1.68750003e-01 -5.34550026e-02
   5.01027524e-01  9.42054987e-01 -1.26050003e-02  4.02060002e-01
   6.32012486e-01  5.60760021e-01 -2.83687502e-01  1.26107499e-01]]