[-9.00674045e-01 -1.60074025e-01 -8.60619992e-02  5.68214059e-01
  1.58644199e+00  5.25798023e-01 -5.44798374e-03 -2.99407959e-01
 -1.87024403e+00 -3.79786015e-01  1.39960992e+00  1.23575401e+00
 -9.13344026e-01 -2.03015780e+00 -6.36280030e-02 -5.72978020e-01
 -1.21903396e+00  4.97980043e-02 -1.18003011e+00 -1.14089988e-01
  4.48763996e-01  2.16217184e+00 -1.39965999e+00  6.06365979e-01
 -2.11307192e+00 -4.80324090e-01  1.59386992e+00  2.38021398e+00
  6.62946045e-01 -1.83340991e+00  1.78271413e+00 -6.37309968e-01
 -2.82158017e-01  2.54489988e-01  2.86336398e+00  1.03054404e+00
 -1.29171014e+00  4.89863962e-01 -2.22873998e+00  8.33471954e-01
 -8.76561999e-01 -1.65540222e-02  2.23853183e+00 -6.09156013e-01
  7.19198048e-01  1.72850585e+00 -6.01266026e-01 -4.47758019e-01
 -1.54798001e-01  5.27043998e-01  4.97850031e-01  2.84980051e-02
 -1.36578023e-01  2.28782201e+00 -9.15881991e-01  1.14682209e+00
  1.34496796e+00  5.21479964e-01  9.21509922e-01  9.72695947e-01
 -6.09246016e-01  1.02235401e+00  6.45411968e-01 -1.03351998e+00
  1.05114603e+00  1.10404015e-01  4.96882021e-01  1.48537207e+00
  1.87645411e+00  6.14447951e-01  3.23760003e-01 -1.78608394e+00
  6.64645970e-01  1.80111814e+00 -2.37292814e+00  2.81205988e+00
  9.26718056e-01  1.38238990e+00  3.14562023e-01 -4.63941991e-01
  6.65279850e-02 -1.78671610e+00 -9.24880058e-02 -9.93770003e-01
  7.66759932e-01  1.52345204e+00 -1.08261192e+00  1.98808801e+00
  1.04933798e+00  6.96452022e-01  1.68108213e+00  1.09607399e+00
 -4.09953982e-01  9.11666036e-01  3.62268031e-01 -5.54278016e-01
 -1.17403007e+00  9.74820033e-02 -3.75358015e-01 -3.96920025e-01
  4.41572011e-01 -1.96443999e+00  1.49574399e+00  1.34905979e-01
  9.97820020e-01  1.78388000e+00 -8.99203956e-01 -1.09063601e+00
 -8.66487980e-01  2.64662004e+00  8.52369964e-01 -1.27442396e+00
 -1.07552803e+00  1.73655581e+00  1.59569979e-01 -2.67424583e+00
  5.11726022e-01  1.20347798e+00  9.79954064e-01  2.63168007e-01
  1.02164006e+00 -1.17887604e+00  6.15883946e-01  1.03207612e+00
 -6.57913983e-01 -1.76667809e+00 -4.50351954e-01 -8.98621917e-01
 -3.53338003e-01 -1.46252799e+00 -6.51000515e-02 -8.31640065e-01
 -2.01566005e+00  7.58509994e-01 -6.71862006e-01  1.02591515e-03
 -1.70500791e+00  1.36443591e+00  2.26331210e+00  3.67100000e-01
 -3.40501964e-01  9.52015996e-01  2.40001962e-01 -8.06310058e-01
  2.13036799e+00 -1.13608003e-01  6.65985942e-01 -1.13363600e+00
  1.92270207e+00  4.00271982e-01 -6.93813980e-01 -6.35093987e-01
  1.71243989e+00  1.41539407e+00  1.20734596e+00 -1.73598006e-01
  1.84578609e+00  1.99864805e+00  6.49396002e-01 -5.41595995e-01
  2.09819198e+00 -1.18796003e+00 -7.16440022e-01  1.42739890e-02
  2.29021996e-01  5.21998048e-01  4.43783998e-01  2.98009610e+00
 -1.20038605e+00 -2.33707994e-01  8.03769946e-01  1.38123202e+00
 -1.40321004e+00 -1.94405997e+00 -1.17757607e+00 -1.53588200e+00
  1.04925406e+00  1.10060021e-01  8.12774003e-01 -3.07204008e-01
 -2.65941572e+00  2.67610407e+00  6.07255936e-01  2.08923197e+00
  3.46103811e+00  1.16809595e+00  2.15151981e-01  7.11435974e-01
 -1.72065973e-01  2.01815993e-01  1.02098596e+00  2.45140083e-02
  1.58086801e+00  1.12421203e+00  1.80693209e+00 -9.96280313e-02
 -5.03322005e-01  6.98996007e-01  3.92646015e-01 -5.32177985e-01]