[-1.101799   -0.01203669 -0.38760555  1.0918922   1.5213066   0.6357444
  0.9715478  -0.11401108 -2.3807735   0.22736222  1.3510145   1.7991333
 -0.47544003 -2.3090131   0.3903233  -0.3406567  -1.16409     0.7403189
 -1.6395634   0.64671445 -0.42833334  2.2916255  -1.7881732   0.14072332
 -1.3434167  -0.16633226  1.2698566   2.0515578   0.29726893 -1.384631
  1.6623912  -0.7538233  -0.40832332  0.45472226  3.60048     1.906141
 -1.2948867   0.85836667 -2.4022222   0.42595887 -1.43992    -0.23957223
  2.3505597  -0.5053245   1.5876422   2.08074    -0.36195782 -0.20815775
  0.47572333  0.16343445  0.04626111 -0.01524666 -0.39047664  2.3417401
 -0.82449114  2.0759077   0.14074661  0.08135889  0.8519223   2.127889
 -0.91062     1.1971967   0.75054103 -0.6482266   0.80490327  0.14526221
  0.5422433   0.8791633   1.1972812  -0.30664003  0.9803822  -1.9503989
  1.3535211   1.86725    -2.2598124   2.4202845   1.480751    1.4018711
 -1.31041    -1.0363655  -0.30576336 -2.2314556   0.53700554 -0.90437657
  0.4313644   1.6145511  -0.9714477   1.9991657   0.97370213  1.1188612
  0.6888567   1.2408412  -0.20538439  0.6623944  -0.47872666 -0.50505
 -0.81856334 -0.3854811  -0.92061114  0.06909885  0.52280223 -1.9232287
  2.0389588   0.8536633   0.6778122   0.6564989  -0.29461995 -1.1834834
 -1.9859611   3.4622133   0.54612446 -1.371239   -1.4116035   1.5643677
  0.7825222  -3.0206997   0.80259335  0.91967773  0.55169666  0.4956678
  0.93415546 -1.8869245   1.2546145   1.5451678  -0.42404    -1.9953189
 -1.6082977  -0.8069322   0.07528111 -1.7042199   0.17142664 -1.01336
 -1.2843934   0.96879333 -0.9393512  -0.31298897 -1.6918721   1.2350733
  2.3527255  -0.19085778 -0.57430553  1.3266468   1.0962533  -1.3445688
  1.8016711  -0.1253733   0.5404166  -1.4142644   1.4552222   0.48922777
 -0.3923711  -0.5014322   1.5581899   1.7266467   0.5696011  -0.46697003
  1.8993522   3.0379946   1.4811988  -1.3477933   2.7794113  -1.2000211
 -0.76012444 -0.58875996  0.38913     0.39436448  0.8151989   3.6211488
 -1.3157967   0.23237334  1.0168878   1.4773011  -1.3553833  -2.2381887
 -0.91899    -1.0541378   0.64295006  0.19204447  1.2125711  -0.90565217
 -2.5247788   1.9655045  -0.10252894  2.3361423   3.0472312   0.8870844
  0.25615442  0.3946978   0.28677332  0.4417933   1.0546033  -0.05530887
  1.403511    1.3899798   1.00798    -0.9589612   0.11769112  0.08761891
  0.3243111  -0.02042108]