[[-0.90263001 -0.71427329  0.15357332 -0.16812325 -0.73233002 -1.36591327
   1.03944997 -0.76564997 -1.3345534   0.85650337  1.50485003  1.70249664
   0.47245669 -0.17969998  0.38644664  1.51201328 -1.15386327  0.45230003
  -1.46980325  0.55440005  0.94423668 -0.19512999 -0.39485    -0.77967327
  -1.35854665 -1.68349997  0.90525333  0.46392334 -3.02845013 -1.93025672
  -0.51390332 -0.89674    -0.73014334 -0.66001     0.34318336 -0.77030659
  -0.83347332 -0.25750331 -1.40945669  1.27554001 -2.68466004 -1.04449662
   1.86333001 -1.63470995  0.24185667  0.51363332 -0.95020668  0.02642333
  -2.17775997  0.56241667  1.45720335 -0.02670333  0.84745665 -0.36865338
  -1.65236338  1.67361669  0.26047667  1.68293661  0.82357335  0.08984335
   1.96912344  0.34036334  0.27055335  0.97213993  0.43627332  0.40748334
   0.07145329 -0.12085    -0.18428667  0.51239332  1.47463338 -0.51151999
   2.5644033   0.63174665 -0.95314666 -1.72231672  1.25437331  1.46448998
  -0.28470667 -2.93423317 -2.20444671 -1.49118998 -0.26014    -0.16349332
  -1.64954658  1.02818666 -0.38267332 -0.43071666  1.05737996  1.67279005
   1.02929662 -0.15077664  0.62869664 -0.24114333 -0.44992     0.75507669
   0.96621337 -1.34916003 -0.04000668  1.52758674  0.19955997 -3.13924662
   2.17980993  1.42528335 -0.18443     1.13588665 -1.90111669 -0.43666667
  -0.71115667 -0.14026006  0.82360002  1.08950321 -1.18666334 -1.0584233
   0.37135998 -0.33278667  0.53778332 -0.61509665 -0.08008666 -1.24285326
   1.32031666 -1.35728669  0.79685998  3.29892333  1.39908671 -2.01719999
   1.2011866   0.01486333  1.0849334  -0.36011668  0.48895665 -0.83118665
  -1.06799332 -1.16101678 -0.45192669  1.19964332 -0.49167333  0.99994993
   0.10063667 -0.41534336  0.6977033   0.29831668  1.21005992 -3.18112326
   1.20494342 -0.89348001  2.15030332 -0.63912336  0.24399     0.32841003
   0.41090332 -0.91050669 -0.12618333 -0.96508664  0.28526334  2.5901101
   0.52027005  1.21822667  0.83672337 -1.30090662  2.07540655 -1.67289337
  -0.62933332 -0.17962003  0.40641991 -0.79716333  0.57461007  1.22976335
  -0.83732661  0.45710003  1.68400327  2.04149993 -1.34241668  1.71152342
   1.16053001  1.29566325 -0.74936334  2.23750345  2.61003677 -1.77654658
  -1.76986003  2.2931867  -2.36301013  2.85954984  2.44867667 -0.74820999
   0.13191336  1.19574332  2.1252834  -1.01116999 -0.25227334  1.04027327
   1.63851337  0.52969003 -0.98243666  1.14804331 -0.14872666 -0.50151662
  -0.40777667  1.02305667]]