[ 2.0563865   1.5048267  -0.97012     0.36438665 -0.28460327 -0.04575002
 -1.1481867   1.1071     -2.7310965  -0.06492668  1.60721     1.9319566
 -0.12176331 -3.9849064  -0.07179329  1.8337635   1.3451699   0.16733336
 -2.4037      4.1183333  -0.3288134   5.0287566  -3.8145332   0.45507658
  0.7253434  -3.0324867   2.9491131   0.25261    -1.8603235  -1.3869933
  0.44495997 -1.8054466  -0.6498233   0.0872767   3.5284264   0.7494767
 -3.677327   -0.41143665 -1.4927334   0.42795    -3.0658834  -0.72550327
  2.2268233  -0.9506667   4.0930066   0.5780733  -1.8392067  -0.49153003
 -1.7487766  -0.35227332  1.16888     0.2628     -1.71125     4.237547
  0.1604733   2.2346268   0.08173331  0.65551335 -0.40019667  0.7663367
 -1.31563     0.4066167   2.1785667  -0.8160767  -1.7920966   0.02306998
  1.2869533   1.8809032   1.5013599  -0.19955671  0.26107004 -0.63371336
  2.4603734   2.2452333  -1.7436267  -0.94329     1.69872     0.07992338
 -1.1330333  -3.1655998  -0.03259665 -0.58709    -0.7262134  -0.73544997
 -0.9871767   3.0466864  -0.49187002  0.4325734   0.38051668  3.1590302
  0.31831002  1.0033733   0.5565533  -0.07460332 -1.1155267  -0.64343
 -0.5972933  -0.9731801  -1.2092733  -0.18421002 -0.3818333  -3.090723
  1.87467     0.8895967   2.3907602   1.04737    -2.3222468   1.7448467
 -3.0997837   0.82038325  0.2018633  -0.34739336 -0.23894668 -0.39200997
  0.5547133  -2.6614969   1.8144933   1.1837199   1.51252    -0.9957466
  3.4873002  -2.1988366   2.7977698  -0.49602    -1.76288    -1.0526867
 -1.6040467  -1.44355    -0.70416    -2.3455667  -0.49687004 -3.0527833
 -2.1643467  -0.3098467   1.24359     0.79622    -2.9555266   1.2399832
  1.9827466   0.44162336  0.95019     4.3404403  -0.02579999 -0.7924366
 -1.8359799  -0.45821336 -0.93574333 -0.51437336  0.7631233  -1.7378467
  0.12546332 -2.4836333   2.30107     1.1211367  -1.9502233   1.0582134
  1.1288134   2.0543232   4.417233    2.028423    3.8437397   0.26184
  1.4743533  -0.52723     0.60049003 -0.28957    -1.0004467   2.01431
 -0.05426997  1.8523067   0.58811665  2.663433    0.17777334 -2.3101766
 -2.5276835  -0.13084668  0.02456667  2.8928936   2.8121731   0.46091333
 -1.3124633   2.3152199  -1.3497033   1.75358     2.1090968  -0.20356332
 -2.9865265   0.5194733   1.0103565  -0.3587201   2.3485167  -0.5472767
  0.45692667 -0.41592667  0.3337367   0.2172234   3.0938966   1.9002199
  0.12114668  0.30221668]