[-1.269935   -2.71798    -0.498875   -0.25483495 -1.3993251  -2.69798
  0.370385    5.4833646  -1.928915   -0.28966987 -1.4891751   2.028925
  1.4147551   2.9         2.99645    -0.6533849  -0.98353493  0.07345501
  0.60097003  3.280775   -0.011675    3.6905348   1.294705   -2.040555
 -4.0626545  -2.546585    1.89668     0.58176    -1.541395   -1.8495051
  1.81794    -1.9962102  -1.269845    1.292575    0.64827996  1.608
 -0.75996    -0.97487    -1.34946    -2.29176    -2.54532     0.41496003
 -0.21640003 -1.34937     0.86612004 -1.1074101  -1.67414    -1.0758951
 -1.5915201  -1.99401     3.222005   -0.366285    1.384325   -0.53695005
 -0.293075    2.96206    -2.8017452   0.7374299   3.2735848  -1.774595
 -3.6557899   2.2490401   0.41893497 -4.07027     0.13724999  2.66376
  1.3668951   1.0525      0.33027     0.18606001 -1.4226099   3.8078449
 -0.40442497 -1.2996451  -1.5647451   0.78801     0.81585     0.6083499
  1.8763701  -0.82082     1.833205   -2.33299     0.32319498 -2.753835
  1.8024449   0.918625   -0.69613    -2.84608    -4.0035048   2.470345
  2.8790102  -1.672015    3.83105     3.3897147   0.727875    4.218685
  2.683635   -0.282005    0.36498     2.6868498  -0.47209498 -0.44789982
 -0.30205    -0.43702     4.309125    5.653985   -2.014195   -0.292225
  0.98083997 -0.97272    -1.089585   -4.0553904  -0.35723     2.0753999
  0.02788    -3.7532802   0.93703496 -0.277035    2.859695    0.27134997
  2.8747349  -0.90946     2.20014     0.574695    0.37723    -2.3649151
  3.7366548  -1.9512851   0.747875   -2.9325652  -1.56273    -1.15285
 -3.434705    0.03684998 -2.442635    0.59966993  0.37142503  1.028775
  2.89163     1.1695551   1.9680198   0.684615    2.205735   -2.89259
  4.697015   -0.83849514  0.87825    -1.62522     2.1793852  -1.35872
 -1.9338851  -5.660795    0.43166494  0.982065   -1.3638      5.413185
  1.34338    -0.62725496 -0.17288499 -0.32600504  2.473805    1.23949
  2.007055   -1.8366051   0.33354998  0.54225993 -1.304285   -1.722755
 -0.553635   -2.03302    -0.329815    3.5444303  -0.9178649  -2.529095
 -1.10562    -0.89985496  0.21124005  0.458205    1.58443    -2.9113703
 -2.428255    3.4474149  -1.8586501   2.16676     0.70472986  2.53229
  1.20122     0.13019499  1.4247351  -0.29618502 -0.9867799   3.15422
  2.5714297   0.05300003 -1.6925101   0.08555502 -1.7669699  -0.56866497
 -0.69977504 -1.4425399 ]