[ 2.3625998   1.16528    -1.1408701   1.945115    3.804975   -5.42161
 -1.86405     1.154335   -2.048135    3.658855   -4.7577996   0.05768502
 -1.264765    1.951755   -0.78082    -2.0031      0.4639852   0.39823496
 -3.344975    2.391115    1.5700899   4.97555    -0.28540003  0.52917504
  2.1029148   0.34568998  1.7795501   2.1891298  -3.049035   -0.65344
 -0.72473     0.14906001  0.56752    -0.60930514  2.8988752   2.661495
 -1.32243    -2.80061    -0.511415    0.36404502 -1.5151      1.9689399
  3.10284    -0.43108994  2.210095   -0.23595    -1.19565    -0.20579505
 -1.92995    -1.443615   -1.5991199  -2.128005    0.28543997  3.80921
 -2.9717999   3.6712098  -1.378515    0.09025499  4.0826197   0.10106003
 -1.77051     2.1648      3.6495347  -4.71972    -0.38927    -4.11408
  2.59144     1.94074     1.25828     0.35759     3.012435   -2.0128899
  0.10959005  2.4836001  -1.8497651   2.3782952  -0.98533505  0.941605
  1.0712451  -2.292685    0.906695   -3.9693751  -1.4342     -0.18449497
 -0.87495005  3.879245   -0.49288002 -0.06571496  0.7847     -0.62554497
  2.33477    -0.78175503 -0.24157     0.274185    0.27916497  0.509315
  0.70274     0.45818502  0.966905    2.829415    0.249355   -0.4821601
 -0.34806502 -1.2287099  -0.06768     2.0658102  -2.3128352  -0.81412
  0.150815    0.63151497 -0.35257497 -0.56234    -2.029325    1.459005
 -0.55974495 -4.033585   -1.45597    -0.01164     2.75946    -0.15214497
  3.255135   -3.1518202   1.9559951   0.52384996 -1.1642299  -2.7090302
  2.70583     2.840235   -1.0214698  -3.20511    -1.512075   -0.682455
 -3.74898     1.51164    -2.007495   -3.388935    2.363465   -2.603445
  4.66044    -3.9400752   4.1178603   0.2065      1.316505    1.673415
  0.06637496  2.4895198  -1.16895    -1.072965    0.9478251  -0.328255
  0.81372    -5.07678    -0.30471504  0.14811999 -0.19808507  2.6944299
  1.82562    -1.8359251   4.215775   -3.86041     3.698995   -0.17690504
 -0.532855    0.16105002  1.2778301   0.19746     1.913285    1.9881401
 -3.29878    -2.3445501  -0.72462994  2.444935   -0.76977503  1.3707701
  2.6255102  -1.3302801  -1.108675    0.95341     0.45314515 -2.139375
 -2.5793052   2.41397    -0.520785    0.2378      2.82598    -0.96531
  3.29739     2.764405    1.18998    -1.3492651   1.5352651   1.521605
  3.4524348  -1.7538301   3.386775    0.92938995  0.68       -0.178515
 -1.53063    -3.1406898 ]