[[-1.14593136  0.39130712 -0.3897607   1.34868716  1.80196492  0.25618284
   1.00796862 -0.36650929 -2.1897385   0.26012071  0.34424286  1.70549771
  -0.61549432 -2.16985779 -0.31140357  0.20939715 -0.8234872  -0.21154071
  -1.71381729  0.86604356 -0.0092907   1.76017579 -0.55149783  0.29942142
  -1.13702997 -1.03403279  0.72102646  3.20969357  0.02142501 -0.73620069
   0.89844645 -0.81699567 -0.39543427  0.42748785  2.80567541  1.2019971
  -2.11272018 -0.08016927 -2.29485356  0.64009284 -1.9422756  -0.83440719
   2.11964564 -0.43066354  0.65822715  1.18955863 -1.1646393  -0.22084214
   0.13453572  1.62606868  1.13785281  0.88511501 -0.26376068  0.7477386
  -0.19726786  1.32752002 -0.96298508  0.63911783  0.80587496  1.85517355
   0.46662785  0.1042007   1.0152657  -1.09362213  0.44366139  0.8100493
   0.62136783  0.70320359  0.20720217 -0.36446857  1.78221431 -1.68302355
   0.82385359  1.5677386  -1.29187292  1.0461778   1.63152299  0.83462421
  -1.34937927  0.04498143 -0.9017435  -1.30416573  0.15361    -0.72239566
  -0.05808074  2.48021998 -1.46241209  0.94964283  0.90192286  0.40287926
   0.75983646 -0.06636649  0.64526142 -0.03583074 -0.59281141 -0.66595567
  -1.07224001 -0.82742141  0.19525284  0.46953788  0.97498574 -1.68522588
   2.99585845  1.38388214  0.90725862 -0.64761214 -0.52646502 -0.21754
  -1.95273132  2.35814221  0.19141428 -1.30143576 -1.37449286  1.54483153
   0.91933221 -1.81699212  0.4629628   1.18467356 -0.15363715  0.22420071
   1.78753075 -1.75461149  1.13560281  1.85426852 -0.87115214 -1.52615859
  -1.90928142 -0.84462859  0.15909859 -1.16392718  0.65230714 -1.32636494
  -0.6832515   1.14273571 -1.0116157   0.56675143 -0.35182715  0.58761716
   0.99611218 -0.07370214 -0.42727788  1.46985784  1.12991927 -1.97657643
   1.31626989 -0.85106005  0.19721712 -1.7765343   1.63431132  1.08522575
  -0.22776427 -1.1649564   1.20017862  0.7496886   0.12392784  0.20644287
   1.15415864  2.33643576  1.20520709  0.41173501  2.01359274 -1.56523009
  -0.98613645 -1.05559293 -0.06966572  0.41815361 -0.34880072  3.65778945
  -1.04289215  0.55761856  1.31699855  0.7480764  -1.07874642 -0.79289641
   0.55532209 -0.13980712 -0.88662144  0.96874503  1.33148932 -0.29101141
  -2.7199236   0.8920508  -0.55761355  1.92666922  1.80819423 -0.18254571
  -0.60949503  0.85582787  0.5440315  -0.68778217  1.63489704 -0.51248368
   0.95723639  0.99717563  1.21684074 -0.39833573  0.21859285  0.19858647
  -0.56130571  0.0909664 ]]