[ 0.5173233   1.3758701  -0.28228334  0.8374467   2.0594099   0.07386669
  0.5002567   0.49458334 -3.5343702  -1.0256801   1.0022334   2.4144166
 -1.3832134  -1.24135     0.6156634   2.6858768  -0.70202327 -1.0291134
 -1.0694166   2.0105965   0.34267     4.2564564  -2.2516568  -1.1967033
  1.2487367   0.01107669  2.04545     2.8122368  -0.35803333 -0.23964667
  0.5357933  -0.8767934  -0.96507996  1.0797834   1.2410567   1.8983766
 -5.0636597  -0.3519834  -1.6084334   1.0840799  -3.4199064  -0.4044933
  2.55834    -2.4473035   4.51413    -0.7365435   2.4953535  -1.3413166
  0.35655665 -0.76905006  0.51339996 -1.0816766  -1.8520035   2.4524534
 -1.09392     3.74109    -0.97093004  0.31134328 -1.7705101   1.15609
 -2.12484     3.1033866   1.3094333  -1.2871134  -0.8550566  -0.8305833
  0.45883003 -0.51359004 -0.48796996  0.43201017  2.1790466  -1.4313631
  1.8891834   1.1527333  -2.46054     2.6302001   1.5297066  -1.3765801
 -2.39002    -3.6016533   2.3649366   0.6701033   0.04288995  1.5658468
  0.63725     2.9446466  -0.13486333  2.84738     0.91259    -0.21818668
 -1.8017868   1.2133399   0.1530867  -0.14848666 -0.6578033  -0.09123667
 -1.6041833   0.8586734  -2.7647     -0.05069669 -2.04193    -2.2014067
  3.547387   -0.29469332  1.76373     0.89062333 -3.8527734  -0.31861338
 -3.25687     4.091387    0.90400666 -2.0686767  -1.2116567   0.6273499
 -0.76030666 -2.4447234   2.5143301  -0.29075667  1.3135933   0.63296
  1.8642701   0.8508133   2.7177832  -0.6489467  -2.7435799  -1.7587667
 -1.5196468   0.50786996  0.54726666 -1.2278533  -0.21126    -2.12673
 -1.3081466   0.87806994  0.35331997 -2.0515268  -1.6522635   0.30793333
  0.27811322 -2.2192566   0.79812336  1.6914101   2.7841167  -1.42587
  0.40251327 -2.7173736   2.13959    -3.0849202   1.7660099   2.30687
 -0.9998866   0.21714671  1.4953734   1.5707401   1.0969267   2.24611
  2.0983667   1.30906     3.1158867  -1.8731899   1.7515568   1.2480134
 -1.4275333  -0.86487335 -0.3881      1.2264733  -0.15234995  5.6570168
 -1.2929866  -0.71127003  2.0502598   2.8285167  -1.4020767  -1.1220032
  2.11958     0.77534336  0.68176335  2.1331666   1.42481    -2.55278
 -2.6997101   0.8368899  -0.8773966   1.4919399   3.1860435  -0.88220006
  0.8263233   0.95655006  1.90484     0.41360664  1.8020967   0.8589434
 -0.06995329  2.63357    -0.50803    -0.8213067   1.5631766  -0.76410335
  0.7687767   0.99465996]