[-5.17316222e-01  2.26015019e+00  3.56001228e-01  1.14065003e+00
  2.41863370e+00  1.11782002e+00  1.25548375e+00 -7.06413805e-01
 -1.24137866e+00  5.42389989e-01  1.39082634e+00  2.92632484e+00
 -1.11837995e+00 -4.16095018e+00 -2.08775014e-01 -4.14181262e-01
 -1.35821247e+00 -2.70319998e-01 -2.44885349e+00  1.19086754e+00
  2.49324948e-01  3.00789618e+00 -2.04891491e+00 -4.58357453e-01
 -5.77432513e-01 -3.82813811e-01  8.33451271e-01  2.75546360e+00
 -1.30107868e+00 -7.36403823e-01  2.32274979e-01 -8.59763741e-01
 -2.92731225e-01 -4.59200144e-02  2.32058096e+00  3.33820486e+00
 -2.06549740e+00  1.23671269e+00 -2.46269107e+00 -5.17769992e-01
 -3.35513878e+00 -1.19122875e+00  2.85338998e+00  1.38197511e-01
  1.00914633e+00  1.23972368e+00 -1.78858256e+00 -1.12470046e-01
  9.40027475e-01  1.10675621e+00  8.56874943e-01  6.17311239e-01
  9.28108752e-01  1.15446007e+00 -1.07229376e+00  1.51748121e+00
 -3.29176188e-01  5.47587872e-02  1.34385741e+00  2.23806238e+00
 -1.10361248e-01  4.79783773e-01  8.59013796e-01 -8.85368705e-01
  1.86113775e-01  2.63297749e+00  1.32792866e+00  1.00763118e+00
  1.13577259e+00 -1.03549123e+00  1.63209641e+00 -1.90469992e+00
  1.86637616e+00  1.04213750e+00 -2.06158876e+00  2.24207735e+00
  2.30313110e+00  1.48279980e-01 -2.47562265e+00 -3.12275141e-02
 -8.84397507e-01 -2.09101629e+00 -9.71135020e-01 -1.45300865e+00
  1.67294502e+00  2.83582377e+00 -5.28718770e-01  1.31344616e+00
  2.23984385e+00  1.94670498e+00 -1.83473721e-01  5.94498754e-01
  1.37479997e+00  1.85502484e-01 -1.91612497e-01 -1.05095506e+00
 -2.35795760e+00 -1.39158756e-01 -1.51395869e+00  2.20448494e+00
  5.50070047e-01 -3.17796636e+00  3.16618633e+00  3.91511261e-01
  1.60218716e-01  1.37162006e+00  2.48382509e-01  1.47248432e-03
 -2.57535124e+00  3.07121897e+00  2.94056207e-01 -1.02573621e+00
 -1.66788244e+00  2.03591490e+00  8.01195025e-01 -2.22179890e+00
  2.50269949e-01  6.32243752e-01 -2.53888816e-01  5.11192501e-01
  1.98614120e+00 -2.89101887e+00  1.81064630e+00  2.33595252e+00
 -2.07767248e+00 -3.42849994e+00 -2.06932998e+00 -9.26821291e-01
  3.60585004e-01 -8.63306224e-01  1.51029253e+00 -1.08676624e+00
 -5.40302515e-01  1.03519011e+00 -7.10490048e-01  7.27300048e-02
 -5.01606286e-01  1.73515248e+00  3.01531255e-01  1.20145369e+00
 -9.17172492e-01  1.78327131e+00  1.80010998e+00 -1.38813639e+00
  1.94881749e+00 -1.17781758e+00  1.26969993e-01 -2.55706739e+00
  2.15533638e+00 -3.06687474e-01  9.53720033e-01 -3.48771185e-01
  1.95402241e+00  6.06932521e-01 -6.51041269e-01 -1.17428637e+00
  1.75515997e+00  3.10663986e+00  7.95286238e-01 -2.14303762e-01
  3.17408133e+00 -1.68882489e+00 -5.89955032e-01 -8.54068756e-01
  9.22968805e-01 -2.17287481e-01  5.97176194e-01  4.08821726e+00
 -9.61872518e-01  1.29419994e+00  1.28272998e+00  1.83205879e+00
 -1.75137496e+00 -1.53493750e+00  5.91597438e-01 -4.49567467e-01
 -8.93887430e-02  1.46437132e+00  1.15628994e+00  3.33027512e-01
 -3.64519167e+00  1.46519625e+00 -3.40053767e-01  9.56767559e-01
  3.06696010e+00  1.00688741e-01 -1.23792255e+00  5.56701243e-01
  8.51181209e-01 -1.49042249e+00  2.07673740e+00  1.45991221e-01
  2.20832992e+00  1.52792001e+00  1.55477631e+00  2.63091236e-01
  1.46141246e-01 -1.81452513e-01 -1.14215374e+00 -2.73521215e-01]