[-2.3926399  -0.58638006 -1.82081    -2.7615864  -0.35990337  0.55039674
  3.7260132   2.2420132  -1.2932833   1.5770365   2.2754133   3.0411768
  0.56680673 -0.79829335  0.14949335 -5.12091     1.3326999   0.38609663
  0.43522325  3.94286    -1.6901201   2.7797863  -2.0086935  -0.01323001
 -0.12538     1.1392335   3.8880765   4.9038267  -0.24890666 -2.2439868
  1.2071534   0.87206334  2.13168    -1.96373     1.9123434   0.7977867
  1.58153    -1.2496066  -3.26435     2.4063933   1.21916     0.6640933
  0.4396299  -0.80709004  2.6925433  -1.1237665   1.7862368  -0.8992901
  0.57805336  3.08286     3.3164234  -0.19129331  0.7247267   0.21432996
 -2.0430133   2.66865     0.88951325 -1.40542    -1.6634165   1.74411
  0.9741867   1.8722233   1.2728734  -0.17089339  2.5626333  -0.52705
 -0.5516033   2.3607433  -3.2018433   0.8151067  -0.32149002 -0.42687663
  0.02037334  1.7847567   0.42603     0.6304867   2.1360166   0.04751666
 -0.93640333 -3.2470734   1.6322135  -2.0887768   0.64732     1.6201334
  0.7096934   0.01601672  0.23667     2.4194834   2.2980235  -1.8112102
  2.2587101  -3.1717398  -0.5807667  -0.4934633  -0.15417336  0.84641004
  1.3992167   0.01030668  2.2041166  -2.9521363   1.9702133  -1.2095766
  2.9743233   0.67060333  4.2831535   0.9468999  -0.75691     3.01031
 -0.14107999 -0.13848667  0.0591499  -0.97645664 -1.4041468   1.9345866
  0.11946332 -3.90487    -0.20286326  1.6534367  -0.51215345 -2.3768399
  3.6563003  -0.75668335  4.05375     2.4598267  -0.5451434   0.41790333
 -0.50787336 -1.7913133  -2.37091    -2.1118433  -2.0611699   1.6020166
 -3.2392466  -1.5313898  -1.8258866   3.1286      1.9890566   0.4000233
  0.01577671 -2.33799     0.10735007  1.3835233   2.72283    -3.0554898
  0.6795068  -0.68157005  1.38129    -2.2959466  -0.9856966   2.3102834
 -2.4668233  -1.4418434   0.4852467   0.59015995 -1.6942334   1.8131399
  1.6160965  -0.59456     2.7725503  -0.38558325  3.2100134  -3.5697165
 -1.1651734  -2.6949065   0.2820634   2.6570833   0.89558333  3.58949
 -1.1204     -0.9613967  -0.28182665  1.03279    -1.59684     0.32581672
  0.03003335 -1.4687567  -0.7896932   1.66231    -1.7534      4.493006
 -2.3527334   2.5155532  -1.8096533   5.26436     2.4748268  -1.3937434
 -2.16554     4.0653067  -1.9200832  -1.7921033  -1.4738234  -1.3746367
  3.8117096   1.27006    -0.5563899   0.23377001 -0.9464867  -0.96838015
  1.23125     1.6282567 ]