[ 1.22699998e-01 -3.38970006e-01 -2.33080006e+00  9.63789940e-01
  5.99500000e-01  4.24100012e-01  4.04129982e-01 -6.42099977e-01
 -9.62170005e-01  1.53328001e+00 -1.16814005e+00  3.46289015e+00
  2.10098004e+00 -1.97329998e-01 -2.32176018e+00 -5.54700017e-01
  8.93210053e-01  4.65333033e+00  2.51358986e+00  6.55969048e+00
  1.06884003e+00  3.02677989e+00  5.89569998e+00 -3.04910004e-01
  1.58310997e+00  1.83179009e+00  2.46258998e+00  4.76172018e+00
  2.62158012e+00 -3.35696006e+00  3.95772982e+00 -3.80000025e-02
 -1.85975003e+00 -1.99926996e+00  7.44672012e+00  1.87410998e+00
 -4.80807018e+00  7.93569982e-01 -1.18350005e+00  5.31790018e-01
  4.04700011e-01  4.64998007e+00 -2.87400985e+00  1.69343996e+00
 -1.85037005e+00 -3.43541002e+00 -1.67361009e+00 -1.32530004e-01
  3.61005020e+00 -4.31708002e+00 -9.88309979e-01 -1.65162992e+00
  1.09810002e-01 -1.64533007e+00 -2.70702982e+00  1.48209000e+00
 -1.87379003e+00 -7.75560021e-01  2.24371004e+00  3.83821988e+00
 -2.93063998e+00  1.93786001e+00  9.30489957e-01 -2.63123989e+00
  5.17807007e+00  4.25695992e+00  1.95695996e+00  4.46096992e+00
  1.63674998e+00  3.45135975e+00  1.36637998e+00 -1.23074007e+00
 -1.15874994e+00  2.04019994e-01 -1.43733990e+00  3.83913016e+00
 -1.82435012e+00  2.65560007e+00 -3.35936022e+00 -3.06234980e+00
  1.59159005e+00 -2.15030000e-01 -7.07602978e+00  1.60081995e+00
 -5.44299968e-02  2.61939001e+00 -1.40999007e+00  4.18237019e+00
  1.30116999e+00 -8.67199972e-02  3.04245996e+00 -1.55169988e+00
  2.65084004e+00  4.79420006e-01  1.11502004e+00  1.01116002e+00
 -1.67533994e+00  3.37947011e+00  2.33480006e-01  1.79965997e+00
 -3.47063994e+00 -1.42023993e+00  3.18212986e+00  6.85809970e-01
 -1.04229999e+00 -1.18724000e+00  4.28742981e+00 -1.19485998e+00
 -6.47356987e+00  2.85505009e+00 -5.29879987e-01 -9.33789968e-01
 -1.25727999e+00 -3.11500013e-01 -2.59897995e+00 -9.63850021e-01
  4.16530037e+00 -2.13144994e+00  3.73724985e+00 -2.52997017e+00
  5.10698986e+00 -9.21939969e-01  6.53945971e+00  1.30927992e+00
  1.79610002e+00  1.04421997e+00  7.18829989e-01 -1.23006999e+00
 -5.64659953e-01  1.61522996e+00 -2.30489993e+00 -5.84140003e-01
 -3.31869006e+00 -1.58582997e+00 -1.00598001e+00 -2.34465003e+00
 -4.98216009e+00  1.10640004e-01  3.75993013e+00  2.45613003e+00
  3.41623998e+00  1.39599991e+00  1.47657013e+00 -5.35785007e+00
  1.40337002e+00  3.67179990e-01  5.44997978e+00 -7.62399957e-02
  4.32114029e+00  2.58978987e+00  4.11999971e-03  1.06270003e+00
  1.01068997e+00 -4.27459002e+00 -5.40269947e+00  3.50724006e+00
 -6.94270015e-01 -2.27925014e+00  3.70012999e+00 -4.28660011e+00
  3.55060005e+00 -4.36614990e+00  2.40248990e+00 -2.32610011e+00
  3.25209999e+00 -2.02491999e+00  3.01099986e-01 -4.66512012e+00
 -1.28257012e+00 -5.87220013e-01  5.50623989e+00  3.01332998e+00
 -2.15670004e-01  5.24405003e+00  8.32450032e-01 -4.77181005e+00
 -1.09148002e+00 -1.40643001e+00  7.62063026e+00  2.71955991e+00
 -4.64437008e+00  3.11569989e-01  2.08574986e+00  6.41264963e+00
  1.79653001e+00  2.09318995e+00 -1.13223004e+00  2.78121996e+00
 -4.42438984e+00  3.54407024e+00  7.31985998e+00 -1.81679988e+00
  5.60660005e-01  2.57580996e+00 -3.20230007e-01 -4.80121994e+00
  3.01730013e+00  1.82937992e+00  4.63999987e-01 -2.34654999e+00]