[-0.7159284  -0.6219967  -1.7580833   0.08808676  1.1568683   0.6060418
  2.7300184   0.6856467  -2.3687716   0.304675    1.0079283   2.74347
 -0.729965   -2.3659766  -0.26297    -2.217868   -0.08908173 -0.28757322
 -0.31097332  2.6732652  -1.1900784   2.9074402  -1.2623417  -0.6916283
  0.16281831  0.4624784   2.5658667   3.26669    -0.14424002 -2.0662534
  0.36714673  0.26480338  0.46591172 -1.513       3.07917     1.0814534
  0.10048839  0.34525666 -2.6037683   1.6004783  -1.052115   -0.75727993
  1.9150318  -0.42172337  1.3555733   0.36124334  0.32366    -0.74905175
  0.9780434   2.4927468   2.7337868   0.12628     0.11799166  1.4071332
 -1.982715    1.3541633   0.455685   -1.4249133  -0.3238817   2.4044316
 -0.07925498  1.8299099   2.0679066  -0.31920502  2.1017933  -0.02043165
 -0.12862499  1.2698716  -1.2892166   0.5734417   0.7073951  -1.0269367
  0.41049     2.262035   -0.11804163  0.69506997  2.405965   -0.46587837
 -1.7675433  -2.2896016   0.84356004 -1.3881468  -0.57277    -0.6741
  0.592195    0.72442675 -0.6746783   2.296245    1.94465    -0.99443674
  1.3682417  -1.34034     0.33357334 -0.45355165  0.4999816   0.26581
  0.5771517  -0.31063172  1.037125   -0.80385494  1.6790882  -2.619138
  3.4979832   0.74685496  3.6595433   0.25440332 -1.35089     1.1171316
 -1.1716567   0.858455   -0.5465067  -1.6228099  -2.1993601   1.5149132
  0.41652998 -2.8362114  -0.9131616   1.8212951   0.20168996 -1.324805
  2.649715   -1.0361717   2.8297234   1.819595   -0.42719173 -0.83602333
 -0.46865997 -1.358005   -1.190575   -2.0535967  -1.5902783   0.21002166
 -2.2915618  -0.6417132  -1.7306582   1.313725   -1.0000416   0.3385233
  1.1241584  -1.4599266   0.572825    1.9960465   1.2155933  -2.4625814
  1.0025901  -1.0177633   1.6108166  -3.199255   -0.07649833  2.0080767
 -1.3244098  -1.5051283   2.1940234   0.71391994 -0.02911502  1.0006866
  1.51159     0.39558157  1.4378034  -0.03035166  1.8970083  -2.9985619
 -1.4061099  -1.9231234  -0.47966167  1.88163     0.8917801   3.9571235
 -1.35245     0.29855     0.44830003  0.9057183  -1.4368285  -1.28522
  0.68562    -0.36852995 -0.66253835  0.7810151  -0.7321966   2.4545517
 -2.6681669   1.7664701  -1.2253066   3.672397    3.3585045  -1.0572667
 -1.3386217   2.2861984  -1.1068434  -1.49782    -0.01759497 -0.27648166
  2.4450898   1.454965    0.09135338  0.32389835 -0.16780668 -0.586045
  0.56643164  1.6753    ]