[-1.8996551   0.80332005  0.308065    0.5202775   1.769135    1.05347
  0.25277    -0.02031249 -2.4975326   0.616915    1.4518325   2.6130052
 -1.4610074  -4.2314377   1.0063175  -0.11179751 -3.3018851  -0.7360975
 -0.183605    1.919855    2.18162     3.6774852  -1.8803025   0.3280475
  0.38277748 -0.94306743  1.2157874   2.2703676  -0.453955   -0.9305175
  0.46503997  0.05598998  0.41732252 -0.8105575   3.3203225   2.6613598
 -1.1421025  -0.5294725  -1.32878    -0.83690494 -2.6294074  -2.1712127
  1.7603049  -1.0649025   1.6232175   1.9008851  -0.96735746 -1.7540451
  1.5690975   0.9652325   1.633895    0.7394401   0.17980498  0.290865
 -1.666205    1.4074475  -0.7621475   2.79203     1.998725    3.0440052
 -1.1378875   0.39110753  1.2679999  -1.5657575  -1.50884     1.7276901
 -0.59597754  0.3135075   2.5787401  -0.17214002  2.84707    -1.117895
  1.7555974   2.1791475  -3.8947926   1.5486426   3.087065    2.342845
 -0.7670851   0.13354999  0.83022994 -2.3294048  -1.0988     -2.5192823
  0.63208497  4.1334877  -1.5398175   1.0460751   2.4504752   3.64647
 -0.72190756 -0.7024175   1.1469325   0.36707255  0.69554245 -1.129695
 -1.4612501  -0.41521    -1.8965676   0.6775525   0.7321451  -1.5619576
  3.3124125   1.78285    -0.9792825   0.7965425   0.68078995 -0.06017748
 -2.7166724   2.8802948   1.1086775  -0.3725725  -2.3540626   0.8648225
  1.7420249  -2.53793     2.252675    1.0212724   0.38679242 -0.892745
  1.6742675  -1.8681049   2.40903     1.5886476  -0.60587496 -1.762865
 -1.2682325   0.20653749 -0.1592175  -0.04224253  1.6003201  -1.7248225
  0.18767253  1.8270226  -1.7380699   0.21999502 -2.2017624   1.1926575
  0.11269501  0.5413375   0.5527825   1.557945    0.61961746 -2.5939026
  1.7855124  -0.92641246 -0.10021505 -1.8553126   1.5650026  -0.9163825
  0.73229    -0.2099975   1.43256     0.23486249 -0.65418255 -2.27354
  1.5817375   3.14796    -0.59591246 -1.8402201   2.8738174  -3.082265
  0.32298997 -0.16541252  0.2811675  -0.553655    1.1940299   4.9465723
 -1.231325    1.8339624   2.11258     0.38652748 -2.2040725   0.17497998
  0.35592747  0.53683     0.9070626   2.268445    0.14851001 -1.2074926
 -3.5905898   2.0905576  -0.8428151   0.722965    3.3256774   1.4585825
 -1.4955425   1.6287924  -0.9812674   0.34911248  1.7473975  -1.832295
  3.21612     2.2785852   1.7891724   0.6753125   0.1858975  -0.413935
 -2.1585023   0.22344501]