[-2.365835    0.294335    0.17922002  0.96129    -0.14434001  0.378805
 -1.8912799  -0.57513     0.12649001  1.83987     1.53269     1.22444
 -2.7908802  -4.2233953  -0.94714993 -3.41582    -0.478465   -0.04966497
 -0.639575    1.96601    -0.02375001  1.620805   -1.298735    0.9965
 -2.897445   -1.659185    2.264155    2.83774     0.616985   -0.45500004
  0.74309    -0.97518003 -1.879765    1.32216     0.623145   -1.132735
 -2.6667948   0.63058996 -2.1091752   0.60986495 -3.6569     -0.95550996
 -0.1565      0.36271003 -0.740815    0.97076    -3.6765552  -0.29158503
 -1.188035   -0.24531507 -0.08297502  2.9370449   1.2941101   2.947665
 -2.2677      2.622385    0.054555    1.856475   -0.93595     0.81676495
 -0.687345    3.7364547   1.17697    -1.1919701   0.32245505 -0.09076001
  0.968945    0.790625    1.9653851   3.097485    2.994235   -1.5111
  1.409435    2.4303498  -2.4449      2.277955   -0.976715    3.2745752
  0.80204     0.63326997 -0.69965    -1.5803299  -3.16886    -2.326025
 -1.74087     1.803545   -3.239925    1.942695    1.6143      0.047955
 -0.82288     2.46061     3.03055    -0.05230999 -0.74452    -1.0716599
 -1.1236199   0.199925   -0.25167     1.2970951   2.27565    -1.09519
  2.653375    0.02493501  1.0599749   1.37331     0.23485005 -0.98101497
  0.86609     2.13106    -2.371175   -0.878445   -0.49981505  3.6260002
 -1.527265   -2.203925    0.17329991  0.5341001  -0.9309201   1.27724
  0.24639998 -1.3153651   1.57451     2.205615   -1.4567051  -1.964785
  1.14699    -1.5464851   1.171065    0.337385    0.89779496 -0.727745
 -2.5845451   0.9893799   0.14088005  2.03279    -1.95064     3.67177
  1.3868599   1.351735    0.17181002  2.8306098   0.60485005 -3.253305
  0.367765   -1.241715    3.3540502  -2.1966      1.16819    -1.23133
 -2.060855   -1.2856851   1.80792    -1.131       0.7914749  -1.431455
  2.208695   -0.673275    4.10804    -3.64464     2.92905    -1.50405
 -0.77266    -0.46848     1.310905    1.066725   -0.31879002  5.270255
 -0.00846499  1.6925051   2.161255   -0.094805   -2.640955   -0.54516
  0.31560493 -2.1053998  -1.4793949   1.29662     6.0624304   1.86374
 -2.8838649   0.70333004 -1.10486     3.071245    3.64181     1.647805
  0.51132    -0.49381998 -0.280295   -0.60273004  3.41942     0.57341
  1.14582     3.0854802   1.3184401   0.7751951  -0.12197502  3.089205
  0.28285497  0.580845  ]