[-0.84115666  1.3951699  -1.4427999   1.61861     2.2060468  -0.5626734
 -0.28922677 -0.55668664 -1.8438965   0.28292668  0.17873001  2.6554
 -1.69597    -2.7132797  -0.17412663 -0.27493998 -1.9420466   1.8635668
 -0.67848665  0.8831267   0.87789327  2.3766565   0.1331033   0.7577133
 -1.0211767  -2.330427    0.01900999  1.2917533  -2.10738    -0.73113996
  1.7996932  -1.1465534  -0.63282007  0.61372     2.6556566   2.1727133
 -0.9604067  -0.00832331 -2.4565165  -0.84082335 -2.2118266  -0.88656
  2.1751966  -0.26121333  1.6420933   2.33147     0.4730467  -0.50164336
 -0.78919005  0.7505433   1.2135267   1.25976     0.91921     3.1507902
 -0.7931767   0.90584     1.4609066  -0.94946     0.27377334  3.66909
 -0.09276002  1.5981666   1.37773    -0.3673     -0.6907401  -0.20719333
 -0.75249     1.57371     1.1632899   0.55977327  1.27993    -2.6069
  2.5436366   2.15961    -2.2036836   1.2963533   2.2655365   0.75275
 -0.73313016  2.09095    -0.25849    -1.6255966  -0.9701333  -2.60202
  0.1415      2.1273935  -0.89925337  0.8128066   2.3994133   1.1518899
 -0.16807999  1.0993533   0.29331002  0.35733333 -0.33931664 -1.4949099
 -0.5488767  -0.16432667 -0.60164666  1.1398767   0.75794005 -1.2340966
  2.3368032  -0.8826566  -0.8417967   0.57607    -1.6533767   1.2916833
 -1.3897533   3.400753    0.8568333  -3.34822    -2.3416436   3.076913
 -0.5125667  -3.53676     0.06111999 -0.6073067   2.7341735   0.31434003
  1.2907499  -1.5615069   1.3999068   1.66282    -1.9592966  -2.53106
 -1.0596267   0.91288    -0.78653    -2.9031668  -0.62401336 -0.74846333
 -0.65050334  0.45247665  0.90489334  1.3934766   0.8576      2.96319
  1.1121033  -0.01962997 -0.8093      1.59091     1.33769    -3.300207
  3.9389133  -0.5052133   0.6474633  -2.5757368   2.3575132  -0.44812
 -0.32587656  1.03105     1.5409933   2.05995     0.8690734  -1.57189
  0.7183433   2.2675998   2.12969    -1.1326499   2.3946567  -3.7726166
 -0.3190867  -2.3686466   0.7057534   0.94420004  0.97457343  4.6833935
 -0.36349002  1.5204567   1.1790533   2.1327133  -1.5239233   0.24132001
 -0.74592334 -0.7326267  -0.4115633   1.2973067   1.8111234  -0.80665994
 -4.2615695   0.03410001 -0.91863996  1.6533499   3.82996     1.3464466
 -0.9327566   2.27774     0.13018    -0.5772733   3.1866634   1.27832
  2.1759033   2.2105      4.42341    -1.2282333  -0.29833663 -0.05193001
 -2.2049632  -2.1302068 ]