[[-0.85204795  0.58713484 -0.07705378  0.65546931  1.03532826 -0.15715205
   0.64019379  0.7400745  -1.44529343  0.33262345  0.92703826  1.66154863
  -0.4465738  -2.21690514  0.11656104 -0.18855621 -0.47297518 -0.54654137
  -1.09312071  1.15640552 -0.61804241  1.77076518 -0.7015207  -0.08751756
  -0.34611828 -0.6897259   0.27549345  2.02229728 -0.27857482 -0.34967586
   0.10162794 -0.5673955  -0.35233862  0.70045826  1.76088661  2.03039034
  -0.79118379  0.25136206 -1.33334966  0.07611931 -1.84702311 -1.05531277
   1.92512447 -0.01382828  0.61260308  0.61737137 -0.41575344 -0.48166483
   0.4236852   0.87268552  0.57482793  0.59358068  0.25308483  1.00040448
  -0.77514276  1.46229829 -0.77122793  0.01516381  0.47644309  1.28791719
  -0.22441689  0.77543828  0.45354861 -1.29403379  0.53165311  0.44306172
   0.28400761  0.43058035  0.64467311  0.1084776   1.56798964 -0.9662
   0.13700172  1.64634377 -1.44413207  1.11042485  1.48500279  0.07470897
  -2.11704999 -0.60201481 -0.48348101 -1.04059482 -0.31994518 -1.05485242
   0.4272338   2.39279484 -1.03552346  0.67755378  0.70362793  0.73713447
   0.57471173 -0.17066932  0.87608689 -0.53382381 -0.37366101 -0.72284862
  -1.10527448 -0.65330001 -0.24867999  0.65187172  0.60019897 -1.85631238
   2.07245724  1.22525173  0.71316862  0.91471069 -0.37029311 -0.15614415
  -1.13672239  1.82768312  0.00360759 -1.37206239 -1.4833269   0.88949448
   0.26986    -1.6978662   0.73730205  0.13366309 -0.12914344  0.17152587
   1.14839725 -1.41569622  1.6404907   2.00457548 -1.21417756 -1.45463345
  -1.28870102 -0.65302312  0.37106654 -1.25566313  0.41379654 -1.39787071
  -0.71761411  0.09428105 -0.54895518  1.0173324  -0.65120898  0.38675725
   0.60189035  0.25967621 -0.30405276  0.93601618  0.70990414 -1.14324828
   0.80366691 -1.00718864  0.34207449 -1.54942485  0.9883421   0.30013034
   0.01088691 -0.69751069  1.22591104  0.45001344 -0.2116876   0.28536828
   1.05470206  1.63618619  1.11030859 -0.54801899  2.43194136 -1.34403134
  -0.75254173 -1.17676793 -0.85160895 -0.6116262   0.01870447  2.47214173
  -0.55425964  0.81531932  0.92802517  1.28394274 -0.67139792 -0.61877242
   0.83001411  0.19168346 -0.79513827  1.06078416  1.13761759 -0.09066794
  -1.90286104  1.41471963 -0.82310035  1.31024896  2.11090306  0.03123862
  -0.06100897  0.99264829  0.52996898 -0.15243481  1.38662139  0.28540378
   1.37126828  1.15760278  0.87550241  0.07913933  0.19223139  0.13390619
  -0.32785653  0.22460965]]