[ 6.99136555e-01  1.84525681e+00 -3.35399985e-01 -1.45622015e+00
  3.17426682e-01 -5.52173376e-01  8.40696633e-01  5.14533341e-01
 -2.80175328e+00  1.39733329e-01 -1.49442995e+00  2.75862670e+00
  9.24056709e-01 -4.90385294e+00 -2.21746698e-01 -4.84570026e-01
  2.29966331e+00 -6.52679980e-01 -1.15151322e+00  2.18966985e+00
 -9.28303421e-01  3.26352310e+00 -7.34090030e-01 -1.21086335e+00
 -6.27370059e-01 -1.53107679e+00  1.91697991e+00  2.98220658e+00
 -1.29276991e+00 -6.62273347e-01  3.72266650e-01 -2.29356337e+00
 -5.00376642e-01  5.71526647e-01  2.67872024e+00  3.49673343e+00
 -3.08648324e+00 -1.67020321e+00 -2.30607343e+00  2.06542325e+00
 -1.63901663e+00 -5.85149944e-01  5.81800155e-02  1.06900656e+00
  2.31040335e+00  1.71038675e+00  1.89163005e+00 -1.78366706e-01
 -9.33099985e-02  1.07360005e-01 -1.38142335e+00 -5.26499987e-01
 -1.86368334e+00  2.93933320e+00 -1.51996660e+00  1.80082333e+00
  5.23979962e-01  4.38583344e-01 -4.48500328e-02  8.24596703e-01
 -1.94482672e+00 -4.15629983e-01  7.99333304e-02 -2.56800675e+00
  1.68781328e+00  1.76346338e+00 -3.26886684e-01 -4.39083338e-01
  4.19380331e+00 -1.21682346e+00  1.84172678e+00  8.13256681e-01
 -6.67266667e-01  1.16759336e+00 -2.13195014e+00  9.33213294e-01
  1.27444673e+00  8.16716671e-01 -1.00949335e+00 -2.52912641e+00
  6.58626616e-01 -7.29513347e-01  1.51589334e+00 -2.87512016e+00
  2.35824990e+00  4.17861366e+00 -2.62973398e-01 -1.16333328e-01
  2.83116609e-01  1.66376007e+00  2.59913355e-01 -1.79430997e+00
 -5.68046629e-01 -8.60863209e-01 -1.50717318e+00  1.40757000e+00
  1.41366005e+00  1.89782333e+00 -1.30293667e+00  1.86375988e+00
  1.03040671e+00 -1.25609660e+00  1.09142995e+00  4.13736671e-01
  2.69997668e+00  1.59506667e+00 -1.17639005e+00  3.95710081e-01
 -6.00920022e-01  1.32947338e+00 -1.00183308e-01 -1.17186332e+00
 -3.38597679e+00 -1.59760332e+00 -1.55287325e+00 -3.03381991e+00
  1.92665327e+00 -3.83686662e-01  4.66076612e-01  1.14445007e+00
  8.99303257e-01 -1.41559994e+00  8.04979980e-01  1.09172320e+00
 -2.33754015e+00 -2.59030008e+00 -1.85179651e+00 -1.92936337e+00
  1.26913333e+00 -2.13557339e+00  3.36890101e-01 -1.22027671e+00
  2.18506619e-01  7.09800065e-01  7.84323394e-01 -1.90323353e+00
 -1.97780335e+00  2.25954008e+00  9.40523326e-01 -4.34763342e-01
  1.25575995e+00  4.35592318e+00  2.00113988e+00 -1.61978996e+00
 -2.86156714e-01  1.11719000e+00 -2.02893332e-01 -4.05035639e+00
  3.16084981e+00 -2.50001741e-03 -2.45243001e+00 -3.15813363e-01
  3.70899849e-02  1.72268641e+00  2.33110026e-01  1.49905014e+00
  2.00770664e+00  1.45166712e-02  2.52605319e+00 -6.80703342e-01
  4.77632999e+00 -2.41356656e-01  3.36646646e-01 -2.37864327e+00
  4.17796642e-01  2.28626728e-01 -1.23874664e+00  3.41213346e+00
  7.45563328e-01  1.55799341e+00  1.47741663e+00  4.20493364e-01
 -1.73338330e+00  2.37687325e+00  1.77623272e-01  8.53729963e-01
 -1.02626002e+00  2.55329990e+00  9.66993392e-01 -2.14090034e-01
 -1.25534654e+00  2.48522997e+00  4.44169998e-01  1.08742666e+00
  2.20808673e+00  3.18636012e+00 -1.86588001e+00  6.64599955e-01
 -3.55096698e-01  1.04109980e-01  3.13148999e+00  1.42999995e+00
  2.40282655e+00  2.03765345e+00  6.38903320e-01  1.87566662e+00
 -8.86653244e-01 -6.16586685e-01  1.99636772e-01 -1.33152342e+00]