[-0.36335    -0.42922997 -1.5606166   0.70534664  1.51747     0.82853335
  0.94591    -0.53113335 -1.9928268   0.8605401   0.81809336  1.1182101
 -1.8106133  -3.01404    -0.06197333 -0.06173332 -1.4618334  -1.4415101
 -2.0227966   0.67702    -0.20828001  2.8472166  -0.66885334 -0.76007
 -0.15290333 -1.45072     1.9506899   2.73923     0.46022668 -0.16814005
  0.31076667  1.3240234  -0.34890333  1.2180834   2.7424736   2.4014833
 -0.91671324  0.6169867  -0.76712006  0.00560667 -2.8529136  -0.15267332
  2.6530101  -0.40095666 -0.38874665  1.2360834  -1.4533634  -1.5789067
 -0.65602666  0.26438665  1.6191534   1.2316102   2.0151832   0.49509
 -1.0351067  -0.43776    -0.34310666  2.2763367  -0.60715     0.3579
 -1.1278499   1.10674    -0.54394    -0.3674967   1.3409634   0.6584533
  1.1175367   0.77819663  0.47555006  0.75020665  1.1801367  -0.08429662
  0.9153033   1.3439366  -0.8990867   2.3793566   0.9948266   1.03373
 -1.8406067   0.47794664  1.5080267  -0.59945    -0.8452267  -0.33328333
  0.06235333  0.14248665 -1.32021     0.33470002  1.55149     0.7341034
  1.58451     1.28179    -0.3881867   1.2402867  -0.56197    -0.9891799
 -1.4752034  -2.0721734  -0.48531666 -0.99836    -0.01568667 -0.54507333
  2.739093    0.67113334  0.63841     0.7671167  -1.6776066  -0.6932233
 -1.6009732   0.21406674 -0.4410533  -1.00828    -1.45729     1.2693
  0.3597467  -0.95385677 -0.28445664  1.2954034  -1.0642567  -0.64755994
  1.4296433  -1.44218     3.1157734   2.81458     0.6883367  -0.7087733
 -1.0374733  -0.53694004 -0.53318334 -2.08026     1.3238066  -2.4537632
 -0.7638867   1.3123133  -0.37242666 -0.8541201  -0.01264666  1.20499
  2.0242367  -0.14276333  1.3801366  -0.02561998  0.75835663 -1.1489466
  0.50935     0.15496333 -0.15765    -1.1682633  -0.04115    -0.34616002
  1.0068699  -0.33437002  2.6261902  -0.54334    -0.44556     0.80692333
  1.2035867   2.1030598   1.2425867  -0.61989325  2.0996265  -2.3499067
 -1.4408334  -0.32716668 -0.25319332  0.26103997 -0.90814     1.9875466
  0.38072336  0.34453002 -0.19033332  0.3327967  -1.7227834  -3.3329334
 -0.5823899  -0.8717466  -0.88970995  1.0425233  -1.4489101   0.39100662
 -2.9413135   0.4292767  -0.7009      1.3798634   2.1390467   0.07091999
 -0.85867333  0.27736667 -0.02146333 -0.78647     1.2766734   0.07039336
  1.2583067   0.36491668  1.87743    -0.10733668 -1.5979166   1.9072367
  1.5332066  -0.5717533 ]