[-2.16860041e-01  8.22332874e-02 -4.45274979e-01  6.55006707e-01
  1.49390328e+00  8.77714932e-01  7.00483322e-02 -2.60575026e-01
 -1.00652671e+00  3.53501678e-01  8.81383419e-02  1.35647011e+00
 -7.07948387e-01 -1.70210838e+00  5.92774987e-01 -3.89059931e-01
 -1.68860853e+00  3.91781658e-01 -2.39907336e+00  1.06372333e+00
 -1.09339333e+00  2.79802513e+00 -1.00883842e+00 -6.86583340e-01
 -6.52031660e-01 -1.52070332e+00  1.17759836e+00  2.27766681e+00
 -6.05049767e-02 -1.32971334e+00  1.14749157e+00  6.67291701e-01
 -7.62423337e-01 -6.44733086e-02  3.28062510e+00  1.59789169e+00
 -2.18440318e+00  3.33206654e-01 -4.45138335e-01 -6.88581645e-01
 -2.05170155e+00  5.74720025e-01  2.81846833e+00 -1.77423313e-01
  1.88306689e-01  1.37889159e+00 -1.15652335e+00 -1.52048492e+00
  6.90251648e-01  6.85861766e-01  5.59703350e-01 -2.00685009e-01
  2.25488320e-01  5.20783305e-01 -1.36192811e+00  1.01710665e+00
 -5.09866476e-02  6.81816638e-01  2.04886985e+00  1.16281331e+00
 -1.37465513e+00  7.55835056e-01  3.67220014e-01 -1.77665997e+00
  8.96978378e-01 -4.70779985e-01  1.18031502e+00  1.39364159e+00
  1.88850164e-02  2.42741659e-01  1.13652015e+00 -1.84316158e+00
  2.94461697e-01  2.23251987e+00 -2.26411176e+00  1.72300494e+00
  1.29967999e+00  6.54071629e-01 -1.40369833e+00 -4.86968368e-01
  8.46001625e-01 -2.91346610e-01  1.58166662e-01 -1.55498159e+00
  1.56806338e+00  1.45775843e+00 -9.72873271e-01  9.95136678e-01
  2.49457145e+00 -2.30466183e-02  1.54367161e+00  3.18161696e-01
  4.41494972e-01  2.90301681e-01 -6.79533303e-01 -7.67453372e-01
 -2.06319833e+00 -1.45017993e+00 -1.08555026e-01  5.79569995e-01
  1.46797836e+00 -3.09128189e+00  2.25893140e+00  1.95910323e+00
  5.88636637e-01  3.52896690e-01  4.42556709e-01  2.63595015e-01
 -2.24344325e+00  1.30177844e+00  1.75924826e+00 -1.83440828e+00
 -9.64834988e-01  1.41396177e+00  5.14030039e-01 -1.92664850e+00
  1.55996680e-01  1.26969826e+00  5.67253351e-01  6.04449987e-01
  6.68546677e-01 -1.23508322e+00  2.29173350e+00  2.08579993e+00
  1.95525050e-01 -1.19509161e+00 -1.19022167e+00 -6.39665008e-01
 -4.77226645e-01 -1.81985819e+00 -6.38143361e-01 -2.86192012e+00
 -1.44511998e+00  1.00070667e+00  4.46403354e-01 -1.59291700e-01
 -3.65433335e-01  5.94974935e-01  1.84968841e+00 -6.65281713e-01
 -4.43178385e-01  1.45461166e+00  2.83814996e-01 -5.93841672e-01
  1.72380483e+00 -1.27782834e+00  1.34017336e+00 -2.81630206e+00
  1.24008000e+00  3.56581658e-01  1.12268299e-01 -2.91199889e-02
  3.13108355e-01 -4.11483459e-02 -1.98183265e-02  7.34173298e-01
  1.45999002e+00  3.16232800e+00  5.06843328e-01 -5.81200004e-01
  2.78283811e+00 -2.12869334e+00 -8.52846622e-01 -1.56461671e-01
 -7.06918418e-01  8.96998215e-03 -5.46341598e-01  2.67830467e+00
 -2.16242671e+00  2.35105038e-01  1.07029331e+00  1.17823827e+00
 -1.76601326e+00 -8.35435092e-01 -7.50280082e-01 -1.48761499e+00
  7.43868351e-01  7.47573376e-01  1.75456658e-01  3.80109996e-01
 -2.85266495e+00  2.10192323e+00 -9.64089930e-01  2.38108993e+00
  4.58404303e+00  2.39175007e-01  2.90999818e-03 -1.18745661e+00
 -4.32190031e-01  7.54021645e-01  1.03008163e+00 -1.36048663e+00
  1.42576838e+00  1.64524662e+00  2.40856504e+00 -3.32073361e-01
 -7.94586658e-01  8.71853352e-01  1.05289966e-01 -2.69199815e-02]