[ 0.94665     2.1660898  -0.9001034  -1.6599134  -2.27053    -1.4150068
  1.2662867   2.4848902  -0.25678334  1.0179234   2.6051002   2.9682567
  0.23830998  1.8238965  -1.9285234   0.89536     0.8116967   2.3815835
  1.4823599   4.7506404  -0.19333665  1.24085     1.4084567  -0.66765
  2.0976167   2.1078765   1.6732      6.0392737   1.3206967  -1.4079167
  1.5672199  -0.6997333  -3.3493233  -1.3833933   1.8835901  -0.8967833
 -1.1545199   0.6996     -0.9028334  -0.92278     0.69468     3.8858464
 -1.2759267  -1.4514166   0.8979934  -2.9266834   2.9808502  -1.11277
  2.3036935  -2.2466333   0.15585999 -2.2861269  -0.7463533   1.6821467
 -3.2308533   2.5238533  -4.739983    0.0398432   3.1850135   2.6983767
 -1.7803568   0.06584664 -0.22148     0.7069934   5.4589767   0.85545665
  0.8190833   1.5591301   1.3691765  -1.2604734   1.5163699   0.16565664
 -0.19464667 -0.34943667 -1.4738399   1.9970769  -2.6384566   0.6388767
 -2.406947   -3.7235634   0.35836002  0.7090567  -0.91139334 -0.24108334
  1.3544735   2.72684    -2.48226     1.7803768   1.8599099   0.4807367
 -0.04621665 -1.9441099  -0.6097532   0.32506332  0.47592333  1.2390634
  0.53304666 -0.04431327  0.64993    -0.54383326 -0.29501    -1.0262834
  3.558447    0.37807333  0.13104002 -0.09482666  0.41324997 -1.7205868
 -5.0802135  -0.10814325  1.0740933  -0.9232033  -1.5216333   0.4248434
 -1.13587    -2.4346366   2.7974236  -0.8264566   1.09292    -2.2146833
  2.2400599  -1.1620466   4.346663    1.6848532  -2.3102298  -1.0405434
  1.3522367  -0.29833665  1.1730666  -1.3934733  -0.36764333  0.6877633
 -1.3126833   0.68436664 -0.97136    -1.6243434  -2.6184268  -1.5454866
  2.9564369  -0.9999232   2.0234869   2.16556     2.5905735  -4.3327165
  1.2046567   0.04876333  1.4207598   2.8809268   4.9118366   2.6115668
 -0.37356666 -0.42263666  0.26158    -2.51159    -2.7076998   4.2251835
  2.9587164   0.82913     1.5637766  -3.8187168   3.2536201  -0.75109655
  0.53325325 -2.0527468   1.2251667  -1.3611666   0.87750006 -0.7224567
  0.5148601   0.7277933   1.3264533   1.09567    -1.6205667   2.2981567
  1.6152167  -0.7247234  -2.47143    -2.0690901   5.3341165   3.2159464
 -2.2635      2.1018167  -1.5944233   4.7895236   0.39265656  2.8434498
 -0.32275668  2.61954    -2.94649     0.92231673  2.8747635  -0.65229994
  1.3949367  -2.25194     0.47960997 -4.175403    1.39633     0.09353999
  1.5864267  -1.92182   ]