[-1.7498301   0.3646783  -0.12524833  0.00585164  1.7246166   0.658855
  0.4035667  -1.1149367  -2.081085    0.660735    0.25603     2.6937313
 -0.7171001  -4.86303    -0.71150833 -0.38077998  0.18077163 -0.16544993
 -0.68404675  0.8016766  -0.6291933   2.6006982  -0.7955567   0.45280167
 -0.8251917  -0.87434167  1.8768917   2.8303916   0.08967835 -1.5496601
  1.5278965  -2.029265   -2.2071483   0.15925668  2.3274732   1.1678251
 -1.9929549   0.06782997 -1.7849182   0.086405   -3.5522869  -2.682855
  0.92885995  0.84501165  1.0000399   2.5340717  -1.6833616  -1.161815
 -0.39996496  1.3937783   0.82343674  0.69672996 -0.5113984   2.7784064
 -1.74256     1.8517948  -0.5523334   1.941975    0.70352334  0.5701716
 -1.2246267   1.9871167   0.26159835 -0.54324836  0.04292337  0.10588334
  0.24572341  0.76975995  1.423275    1.5560217   2.4905949  -0.82657
  2.2227983   1.5290216  -2.048185    0.9058266   0.8205199   1.45783
 -1.4554917   0.6664533   0.32145333  0.0632867   0.22652994 -1.3888134
  1.2608932   3.0555766  -2.5883634   2.623082    1.2938617   0.24304332
  0.40440002  1.2980599   1.14976     0.589775   -0.44942832 -1.3932317
 -1.4081783  -0.11798167 -1.7199016   1.4848982   1.3046435  -2.4911482
  2.758423    0.9540499   1.1727883   1.08168    -0.6041349   0.46390662
 -2.7921066   2.0457819   0.08153994 -1.6363834  -0.71148664  2.0998433
 -0.40501165 -2.7555315   0.44892168  1.3943214   0.60322666  1.1226133
  1.7568835  -2.119445    1.55381     0.6034034  -2.3760684  -2.1304634
 -2.5161467  -0.21212     1.411105    0.01957001  1.36901    -1.4589916
 -2.2613099   1.0709467  -0.7029717   0.6013383  -2.9825385   3.1921234
  2.3775232   1.23122     0.36305833  2.07583     0.775935   -1.5575317
  0.547945   -0.76942164  0.98494333 -3.0157917   1.58855    -0.27293
 -1.3832399  -1.9943185   2.0562434   1.0840317  -0.38420168 -0.9987084
  2.0150468   2.42658     2.9520197  -1.4343084   3.1758134  -1.5171366
 -0.5868084  -1.7096434  -0.13761833  0.97462493 -1.0247866   4.618388
 -0.7135134   1.5021116  -0.76532835  0.01692337 -0.799565   -1.69851
 -0.32049     0.5204466   0.22786331  1.394805    1.43076     0.73491335
 -2.698775    1.8321384  -0.58554167  1.7931949   4.089618    0.41053665
  0.9668867   1.3074883  -0.01432833 -0.83682495  2.703472    0.3964217
  2.2484267   0.9658451   2.26176     0.9390168   1.1597251   1.2077284
 -1.76147     0.22636335]