[-1.7872     -2.08256     0.86607003 -1.3248749   0.34612998 -5.248465
  2.7565598  -0.22991997 -5.54159     2.42219     1.43249     4.10187
  1.3859949  -6.22051     0.514815   -3.09721    -6.89952     1.178085
 -0.57149994  1.783365   -1.27599     0.14746499  4.85177    -0.86518997
 -1.97014     2.240335    2.3138251   1.2064749  -0.82211006 -0.54462993
  1.8142649  -0.01348996 -3.00705    -5.0022798   1.6967001   1.45604
 -1.971555   -2.89515    -0.993835    1.2476699  -2.50156     0.283535
 -0.92308503 -2.071235    2.861185    1.15952     0.80658    -1.86768
 -3.145795    3.844695   -1.884085    0.94262004 -1.49448     2.76389
  2.589645    3.17653    -1.2713549   2.118335   -0.82861996 -0.626355
 -1.608085   -1.365635   -3.735915    0.88677496 -2.568275    3.318525
 -0.51564    -2.190705    1.864835    3.126845    0.444795    0.08831
 -2.66284     4.11624    -1.5383999  -0.233295    1.4705751   2.0900998
 -0.040775    1.2409      3.117725   -1.5309451  -0.313135   -3.924405
  0.9069      4.120105   -1.700175    3.5664349   1.11001    -1.76992
 -1.303975    0.537125    1.4658799  -0.7578599   1.04294    -0.772985
 -1.7011399  -1.0905001  -0.6521599   1.02378     5.08091    -0.209265
  2.786745    0.2974      0.60730505  3.65885     1.4844999   1.275745
  2.36416    -2.32544     0.11829    -7.4977703   1.0385649  -3.341685
 -4.055835   -0.23727497 -0.13466999 -3.9091198   0.55300003 -1.355685
  0.139165   -4.6141253   2.1405802   3.1134448  -4.56599    -0.23486003
 -0.01348     0.32779    -0.126375   -1.6132     -1.9696201  -1.32725
 -3.874735    2.1039948  -0.03405499  6.3535147  -1.40423    -1.8760298
  0.322125    2.46686     1.0516901   2.517475    0.01258498 -2.413045
 -0.99028    -2.023835   -0.97494006 -2.632185    2.96298    -1.138545
 -0.63358504  1.084595    0.9673399   0.159475   -2.09783    -1.658915
 -0.491305    0.42426002  4.84413    -1.51592     2.5636399  -1.6921799
  0.23736498 -1.01705     1.83833     2.1186101   0.963575    6.650265
 -0.71999997  4.34564     1.9699001   1.769565    4.4400897   0.73610497
  0.54697     0.74132    -0.98828006  1.737895    1.82953    -0.10547501
 -1.1520399  -0.47503     0.729545    0.20932001  5.73676     0.04906997
  4.1378603  -0.14993995 -2.1475348  -1.6659899   0.977265    0.15105999
  0.764645    2.79726     2.372605    0.90645     0.57006     4.080525
 -3.125335   -1.182465  ]