[ 1.5454049e+00  1.2084050e+00 -5.1396501e-01 -3.9574498e-01
 -1.1676450e+00 -4.7103801e+00  1.9275701e+00  2.1674299e+00
 -8.4667993e-01 -5.3882003e-01 -2.7330601e+00  3.7600451e+00
  3.6430650e+00  6.8889999e-01 -9.6450448e-03  2.0741000e+00
 -1.7625250e+00  2.1704049e+00 -2.7301991e-01  2.9084151e+00
 -3.6650002e-01  3.2453651e+00 -1.2729800e+00  3.5461000e-01
 -1.7877899e+00  6.8814504e-01 -2.0649500e-01  3.1628599e+00
 -2.8431048e+00  5.2642500e-01 -4.8726511e-01 -1.6055601e+00
 -1.4850600e+00  7.4377000e-01  1.9432249e+00 -4.4338500e-01
 -4.3308496e-01 -1.0394007e-01 -2.7883551e+00 -4.0106502e-01
 -2.9994552e+00 -2.7210450e+00  3.5840702e+00  9.2159986e-02
  3.1357100e+00  6.4292502e-01  9.8417997e-01 -9.8799497e-01
 -1.4747250e+00  6.3379502e-01 -1.8951850e+00  2.7220505e-01
 -1.4173700e+00 -9.4480008e-01 -2.2182651e+00  8.7908483e-01
 -7.7522004e-01  1.5970349e+00  5.7008100e+00 -3.1508698e+00
  1.5971700e+00  9.1997504e-01  4.1567702e+00 -1.6221699e+00
  1.1468449e+00 -2.6106000e-01  3.1062996e-01  2.0476301e+00
  2.2212150e+00  2.1965551e+00  8.1185502e-01  3.4527498e-01
  2.2232101e+00  5.7166953e+00 -9.4159001e-01  8.2480001e-01
  3.5252700e+00 -3.3154550e+00 -2.8423901e+00  2.0474499e-01
 -1.2836350e+00 -1.3718600e+00  1.4349750e+00  8.2758999e-01
  1.5807401e+00  5.8736901e+00 -5.2489347e+00 -1.4981500e+00
  7.1884997e-02  2.7334049e+00  4.1444249e+00  1.1293451e+00
  1.2152849e+00  2.8116899e+00  4.2803001e-01 -2.4529000e-01
 -8.5952502e-01  3.6893752e+00  2.4089801e+00  4.1848004e-01
 -2.5040501e-01  2.8002262e-04 -7.5200003e-01 -3.4514004e-01
  6.0311251e+00  2.6509099e+00 -3.3750453e+00  2.7090302e+00
  5.4060501e-01  1.3400900e+00 -1.3158550e+00 -1.5569901e+00
 -2.4898350e+00 -6.1716497e-01 -1.9517101e+00 -6.4152497e-01
  3.0079250e+00  5.6764990e-02  3.1937599e+00  2.9210901e+00
 -1.4997400e+00 -3.1723950e+00 -8.9568001e-01  3.4949348e+00
 -4.0854502e-01 -6.8177099e+00 -1.5225952e+00  1.1089349e+00
  3.4780502e-01 -1.4549501e+00  5.6860501e-01 -1.9464999e-02
  4.5216998e-01 -9.7352505e-01 -2.3917599e+00 -1.9825999e-01
  1.6612002e-01  1.2489800e+00  5.0366001e+00 -3.8859196e+00
  2.8928500e-01  1.8008500e-01  1.3917849e+00 -4.7460451e+00
  1.4666901e+00  1.5020150e+00  2.6092801e+00 -2.6523600e+00
  2.5364099e+00  2.0159650e+00 -1.3326300e+00 -2.7306700e+00
  2.3835498e-01  9.5051998e-01  1.2435900e+00  3.7912600e+00
 -5.1229990e-01  4.4760004e-02  2.2148499e+00 -3.2172298e+00
  4.3863401e+00 -2.2490025e-02  5.1448500e-01  1.1882000e+00
 -1.5366200e+00  1.9911699e+00  1.0577849e+00  6.0619950e-02
 -1.4411149e+00 -1.0137351e+00  1.5533551e+00 -2.4385700e+00
  7.2844505e-01 -1.2002499e+00  1.6674850e+00  2.3181951e+00
  2.4905002e-01  3.2124100e+00  1.0159199e+00 -2.7836349e+00
  1.8461001e-01  2.9875600e+00  6.7226499e-01  1.8409998e+00
  6.7981853e+00  1.6645801e+00 -6.9850028e-02  1.3715899e+00
 -9.0612000e-01  2.8824749e+00  2.7422900e+00 -3.2161501e-01
  3.9410703e+00  4.4740498e-01  2.3794000e+00 -1.6300149e+00
  1.6700051e+00 -4.1044497e-01 -1.1299000e+00 -2.6748490e-01]