[[-4.27273773e-01  1.22265187e+00  2.08009357e-01  1.83303250e+00
   1.18217372e+00  6.89456870e-01  1.42454187e+00  8.95275647e-01
  -2.13858375e+00  6.52331222e-01  1.39929002e+00  2.93266000e+00
  -1.12140376e+00 -2.69094437e+00 -3.11816893e-01 -3.45496265e-01
  -2.06326814e+00 -4.29565630e-01 -2.27215003e+00  1.55181126e+00
  -4.43668962e-02  2.98735932e+00 -1.24684376e+00  1.18671261e-01
  -3.42599996e-01 -1.83070750e+00  7.01069385e-01  2.40167930e+00
   4.41578754e-01 -1.63033442e+00  9.90053142e-01 -1.12205627e+00
  -3.66071252e-01  2.20590606e-01  3.29957126e+00  2.13618813e+00
  -8.47527517e-01  8.34636246e-01 -2.43527684e+00  4.56537523e-01
  -1.76138875e+00 -1.28341753e+00  1.29299371e+00 -9.45373153e-01
   1.50831561e+00  1.17197441e+00 -8.88073732e-01 -5.80941884e-01
  -7.01988787e-01  8.21739332e-01  1.74676501e+00  2.80519973e-01
   1.16188772e-01  9.39645015e-01 -1.06899753e+00  1.31315619e+00
  -2.94306045e-02 -9.03331256e-02  9.55899391e-01  1.98209370e+00
  -3.90570659e-01  1.13792497e+00  2.22601255e-01 -1.27222936e+00
   1.22017439e+00  1.10491002e+00  6.19355631e-01  1.60243564e+00
   1.21624065e+00  2.49814378e-01  9.49825652e-01 -2.01311122e+00
   1.41562562e+00  1.46138747e+00 -8.34033154e-01  1.57065188e+00
   1.34117750e+00  2.08440187e+00 -5.20283744e-01  3.56474999e-01
  -1.74686864e-01 -1.33813690e+00 -5.01754383e-01 -2.33769256e+00
   6.16726264e-01  1.28838932e+00 -1.51297249e+00  1.35723877e+00
   1.33428497e+00  3.34468102e-01  1.04945064e+00  7.03693118e-01
   2.05329997e-01  7.63790594e-01  5.14693746e-01 -1.03802622e+00
  -4.90373768e-01 -6.49036226e-01  1.94775630e-01  1.65696685e+00
   1.05216566e+00 -2.37906189e+00  2.16941248e+00  7.65273139e-01
   9.07699992e-02  1.12733001e+00 -4.80209379e-01 -1.27704348e-01
  -1.45094812e+00  2.37992556e+00  1.04920500e+00 -1.01982065e+00
  -8.64074372e-01  2.39910942e+00  7.30966873e-01 -2.65189623e+00
   3.23967505e-01  1.26592621e+00 -1.61263157e-01 -7.90806240e-01
   1.80421939e+00 -2.19908936e+00  2.04417066e+00  1.66149123e+00
  -1.07562812e+00 -1.71874753e+00 -1.56334373e+00 -4.78793729e-01
  -7.41043768e-01 -1.56492685e+00  1.47394754e+00 -1.24497812e+00
  -1.46953625e+00  7.98756903e-01 -2.87649379e-01  2.38373732e-01
  -5.60800027e-01  1.26196374e+00  1.62723810e+00  7.61565939e-03
  -4.17885002e-01  5.54673137e-01  3.29647498e-01 -2.51313692e+00
   2.30197622e+00 -3.30561586e-03  2.56034391e-01 -1.82551125e+00
   1.45662938e+00 -2.27939397e-01 -3.18549932e-02 -8.26071903e-01
   1.34099939e+00  6.60025042e-01  2.58878137e-01 -3.40584362e-01
   1.33821314e+00  1.97601807e+00  8.12005017e-01 -1.32472812e+00
   2.39901689e+00 -2.41675813e+00 -4.56934986e-01 -1.27386874e+00
   1.45890629e-01  9.11176883e-01  6.58165632e-01  3.65850372e+00
  -1.01588376e+00  1.26827562e+00  1.45598122e-01  1.30264500e+00
  -1.77073439e+00 -8.47608715e-01 -1.12360627e-01 -5.55588731e-01
   1.84675003e-01  4.02265626e-01  1.51384940e+00  5.14934992e-01
  -2.34308130e+00  7.90756833e-01 -7.25231870e-01  2.09244367e+00
   3.73066133e+00  3.40393135e-01 -6.55739365e-01  1.65689566e+00
   4.19056877e-01 -7.15123089e-01  2.03661126e+00  1.25919389e-01
   2.67216877e+00  1.13884749e+00  3.11612130e+00  3.63471854e-01
   5.33154353e-01  3.27657485e-01 -1.40786752e+00 -4.46047500e-01]]