[[ 1.03082502 -1.07781994  1.28144991  2.75959015 -0.85631496  0.57374001
   1.14693499  0.58977997 -0.58853     0.60126495  1.43643498  1.17253995
  -2.35780001  0.29591501 -0.05002    -0.61572498 -1.94361496 -0.55246496
  -1.72131002  0.735865   -0.053955    1.43234503  0.40360498 -1.37013495
  -1.79592502 -0.50048     0.681615   -0.14082     0.720815   -0.98934001
   1.28099501 -0.041355    0.39315999 -0.82690001  1.18651497  0.62308502
  -0.24371    -0.34965998  0.07683    -1.80456507 -0.292225   -0.35813498
   0.51899499 -2.18576002  2.70621014  2.25068498 -0.65103501 -0.19972
  -1.09319496  1.60956001 -0.55347496  1.65873504  0.84815001  0.39945501
  -1.07722998 -0.41638499  1.6243149   1.78156996  1.17133999  0.40513998
  -1.67199004 -0.97722    -1.15277994 -0.62139499  0.017345    3.10832
   0.75589502 -0.42906499  1.45674002  0.35072502  1.54049993  0.69944
   0.023805    1.834885   -1.04068005  2.016155    1.54483008  2.1582849
  -0.52873003  0.21327001  1.84890997  0.135185   -1.71674001 -0.60222501
  -0.80399001  1.97660995  0.17069501 -1.65210497 -1.38441992  0.20156501
   2.31471491  0.51468498 -0.8186      0.56962502  0.031765   -0.87861001
  -1.48512495  0.68678498 -0.37871498 -0.96610999  2.26373482 -1.94472003
   1.93400502 -0.986655   -1.73576999  0.73554504 -0.58996499  1.30352998
   0.06819    -0.30243498  2.00163007  0.42544001  0.80631006  0.33796501
  -1.45239496  1.075405   -0.21811    -0.48069    -1.04552007  0.82477003
   0.72342002  0.08685999 -0.111235    1.15710497 -0.29446501  0.80940497
   0.46542001  1.95389497 -0.51392001 -2.51427507 -0.13192999 -1.2642349
  -0.83656996  0.142185    1.98263001  1.04615498  0.020575   -1.52943993
   1.69631493 -1.40025496 -0.54466498  0.564605   -0.85231    -1.11028004
  -1.02860999 -2.33508015  0.21751501  0.83816499  0.65253502 -0.78247499
  -1.14191008 -0.174925    1.28709006 -1.42954493 -1.71404493  1.76200497
   2.64512515  0.016535    0.72338498  1.51761997  1.13803995 -1.16682506
   1.18336999  0.61387503 -0.02294     0.68992501 -0.38653499  3.13607001
  -0.46507502 -1.49048507 -0.178       0.83064497  0.66247499  0.74239999
  -0.39563999  0.33160502 -0.44653502  2.94067001  1.69256997  0.72478503
  -1.50119007  2.04281497  0.18718499  1.91947997  1.27067995  0.21505
  -1.70383501 -1.39224505 -0.127565   -2.4640801   0.4905     -0.56931001
  -0.500485    0.91769999 -0.69887495 -0.89499503  2.35784006  0.50372499
  -0.26040998 -0.091285  ]]