[[-1.09906340e+00 -3.84266675e-02 -4.93356665e-01  4.71343358e-01
   1.52430328e+00  5.66106717e-01  1.28528341e+00 -1.12398664e+00
  -1.61390670e+00  2.09443351e-01  1.10659329e+00  8.98739974e-01
  -6.11196637e-01 -2.25465329e+00 -1.27604659e+00 -1.56600078e-02
  -9.45776622e-01  3.64910046e-01 -1.17289670e+00  3.29456647e-01
  -5.34883340e-01  2.47196341e+00 -7.01829990e-01  1.09919667e+00
  -6.62170013e-01 -4.81990019e-01  6.93716685e-01  1.80386337e+00
  -2.11109996e-01 -9.78933334e-01  1.80995003e+00 -3.97683303e-01
   1.86720053e-01  1.41253328e+00  1.51351325e+00  1.47068326e+00
  -1.91704337e+00  1.52007659e+00 -1.13834667e+00  1.83443991e+00
  -1.53463999e+00 -2.51223365e-01  3.00365321e+00 -7.64619986e-01
   8.29793294e-01  1.57525333e+00 -1.08146334e+00  1.29843314e-01
   4.34506694e-01  1.60559670e+00  1.11289676e+00  4.88480012e-01
   5.72310011e-01  9.33856646e-01 -1.03896999e+00  4.72889980e-01
   3.37869962e-01 -4.84719992e-01  9.84766642e-01  2.09311676e+00
   1.65526708e-01  2.40833362e-02  9.24806674e-01  6.19200071e-02
   5.42486668e-01 -8.58033299e-02  2.21900046e-02  8.88509989e-01
   6.31543358e-01  5.18923362e-01  5.73326627e-01 -2.07389005e+00
   2.26586680e-01  8.44823360e-01 -1.54684003e+00  1.59999339e+00
   1.42498334e+00  4.89460031e-01 -8.48250071e-01 -5.49470027e-01
  -1.16213663e+00 -1.59205341e+00 -3.42676679e-01 -8.70796680e-01
   8.98556630e-01  1.09841665e+00 -1.49955988e+00  1.62578996e+00
   7.87239949e-01 -2.77966658e-01  8.88543288e-01 -8.71196667e-01
   2.75066644e-02  7.67566601e-01 -1.00496660e-01 -6.54090007e-01
  -1.82061672e+00 -1.07415668e+00 -5.51013311e-01  2.94466813e-02
   1.54424334e+00 -2.26624330e+00  2.42293342e+00  1.67336337e+00
   9.88579988e-01 -4.32453314e-01  6.01136684e-01 -2.49470015e-01
  -2.11014016e+00  2.12493992e+00  4.38516657e-01 -2.40877660e+00
  -1.69171333e+00  1.91478332e+00  7.35916694e-01 -2.22179000e+00
   3.49013329e-01  6.83733304e-01  9.25333341e-01 -1.95453326e-01
   1.09428334e+00 -1.49760342e+00  1.21064329e+00  1.48505656e+00
  -1.58766627e-01 -1.32606999e+00 -1.39607668e+00 -1.43377336e+00
  -3.90836676e-01 -1.13453333e+00 -5.22399942e-02 -1.56805007e+00
  -4.80550011e-01  1.63329999e-01 -1.24269668e+00 -5.50706704e-01
  -1.17089669e+00  2.35640009e-01  1.81962013e+00 -3.52643331e-01
  -3.64323338e-01  1.05797338e+00  5.65700054e-01 -5.32123327e-01
   1.91604328e+00 -3.32700014e-02 -4.21353340e-01 -2.31222661e+00
   5.39789995e-01  7.60689974e-01  4.02396679e-01  1.54653331e-01
   1.59653346e+00  4.55380042e-01  9.36667124e-04 -1.00900034e-02
   1.61147340e+00  2.26003329e+00 -1.66666667e-01 -1.19690011e-01
   2.49185658e+00 -1.95218341e+00 -1.01330662e+00 -1.43802341e+00
  -8.81176631e-01  8.66126696e-01 -1.99600001e-01  1.93923998e+00
  -7.43016720e-01  9.15566683e-02  1.03955332e+00  6.36619965e-01
  -1.65470346e+00 -1.13096674e+00 -6.34190003e-01  1.23463313e-01
  -4.11900679e-02 -6.68799877e-02  3.54506652e-01  2.58086681e-01
  -2.69641336e+00  2.00109673e+00 -7.98706690e-01  2.30455335e+00
   2.67222659e+00  2.61943340e-01  1.19844659e+00 -9.27860022e-01
   2.11019993e-01 -2.92083343e-01  1.42543999e+00 -3.50266695e-01
   1.07918334e+00  8.46833309e-01  1.05636668e+00 -4.32536642e-01
  -1.43380006e-01 -4.70293323e-01 -9.02353287e-01 -6.01416667e-01]]