[-6.1365008e-01  6.7581195e-01 -2.9299134e-01  9.8629737e-01
  1.9414613e+00  1.1386727e+00  7.0497471e-01 -1.5864201e-01
 -1.6456925e+00  3.5295063e-01  1.0476499e+00  2.0346854e+00
 -7.3566663e-01 -2.8717020e+00 -1.6386668e-03  6.8481195e-01
 -1.5983006e+00  3.7747934e-01 -1.8151513e+00  1.2676646e+00
  1.5053035e+00  2.5023587e+00 -1.1737679e+00  6.1084658e-01
 -5.3954726e-01 -1.5670667e+00  7.9965538e-01  2.9705365e+00
 -5.3847927e-01 -1.8178139e+00  3.6308259e-01 -7.5430013e-02
 -3.1569064e-01  1.6824068e-01  2.7316444e+00  1.1739520e+00
 -1.9405189e+00  1.5790353e+00 -1.8236426e+00  2.0130463e-01
 -1.9912601e+00 -1.5060655e+00  2.6066008e+00 -6.6395664e-01
  1.6515419e+00  1.2801954e+00 -5.2604735e-01 -9.0800667e-01
  8.1498665e-01  1.5228306e+00  1.3341767e+00  1.8438013e-02
  1.3810995e+00  1.7636781e+00 -1.0266774e+00  1.2684534e+00
 -1.0983269e-02  5.9340000e-03  1.5226260e+00  2.2200019e+00
 -5.9509796e-01  1.0321600e+00  6.1447805e-01 -1.4056907e+00
  1.1409286e+00  4.2322400e-01  8.1477928e-01  6.0406661e-01
  7.8409791e-01 -1.1957207e+00  1.8514993e+00 -1.8337761e+00
  1.1894933e+00  1.7232639e+00 -2.1717906e+00  2.5019879e+00
  1.7528714e+00  1.0845159e+00 -2.3369586e+00 -5.8707470e-01
 -6.2449270e-01 -8.2571393e-01 -7.6927871e-01 -1.6325973e+00
  1.0340893e+00  2.0879583e+00 -1.1566520e+00  1.8398787e+00
  1.7975565e+00  1.0440686e+00  1.0446801e+00  9.3731332e-01
  3.0235335e-01  8.6454594e-01  6.6680610e-01 -1.4343354e+00
 -1.8965988e+00 -6.6557872e-01  8.3866015e-02  8.0980527e-01
  1.6125803e-01 -2.1851327e+00  2.2090166e+00  1.2223095e+00
  3.1140009e-03  4.4376203e-01 -7.3153061e-01 -5.5880469e-01
 -3.1531267e+00  3.0599732e+00  6.6326660e-01 -1.5007213e+00
 -1.7013673e+00  1.7531959e+00  9.2403871e-01 -2.9868596e+00
  3.6528599e-01  7.9773265e-01  4.2719269e-01  4.4116650e-02
  1.6102798e+00 -1.8856939e+00  1.8392304e+00  1.6199926e+00
 -1.7463665e-01 -2.4523132e+00 -2.3547640e+00 -6.3160121e-01
 -5.0025535e-01 -1.1871573e+00  1.6122252e+00 -1.1899207e+00
 -1.0019313e+00  1.0549988e+00 -7.0885074e-01 -3.8954657e-02
 -1.3275708e+00  1.2652420e+00  1.7781938e+00 -6.0312402e-01
  8.6167336e-02  1.4906927e+00 -5.3385984e-02 -1.4625087e+00
  1.9368095e+00  3.8594689e-02  5.8701670e-01 -3.1731987e+00
  1.8780721e+00 -2.1044033e-02 -3.2629329e-01 -1.5320201e-01
  6.8223733e-01  1.1887064e-01 -1.1759268e-01 -9.7669952e-02
  1.3329141e+00  2.6073415e+00  1.2192638e+00 -3.0691001e-01
  2.5072348e+00 -2.9346550e+00 -9.1066325e-01 -6.1508667e-02
  5.4879594e-01  1.0996699e+00  5.4638398e-01  3.5137217e+00
 -8.5589468e-01  1.0379913e+00  9.0900201e-01  1.4191387e+00
 -1.2822959e+00 -1.1874586e+00  2.1969531e-01 -2.6233265e-01
  5.9512258e-01  9.6129471e-01  8.0561662e-01 -7.7928036e-02
 -2.9521844e+00  2.2084966e+00 -1.0685465e+00  1.5357573e+00
  3.8273666e+00  1.1162387e+00 -1.3436768e+00  3.6186203e-01
  5.2711475e-01 -9.3613333e-01  1.2927425e+00 -2.7165997e-01
  1.7758733e+00  1.6380881e+00  2.6675224e+00 -4.4846398e-01
  1.8068668e-01 -5.7411069e-01 -1.4023139e+00 -1.3068870e-01]