[-0.14483674  0.07193667  0.44530332  0.44732663  1.02909     0.37479663
  0.18522     2.2596867  -2.75681     0.53807336  1.0373367   2.92084
 -0.4576167  -4.5400267   0.84854656  1.1188267   0.12716667  0.05632663
 -1.3106133   0.71522    -0.03019329  4.1371665  -1.0633767   0.11370663
 -2.1669433  -2.0818598   1.6235434   2.6661131  -0.01699336 -0.8836767
  0.16005667  0.22093332  0.25523338  0.84992665  1.5697166   2.7358
 -0.9608833   1.12764    -2.4405534   0.39657    -2.4291067  -1.3107333
  1.5254632  -0.05174661  1.5736933   1.5534201  -0.17336668 -0.80982
 -0.55524665  1.7595234  -0.41548336  1.0321766  -1.4808034   2.6899002
 -0.8780234   1.28733     0.3309     -0.88250333 -1.0497034   1.3995434
  1.8287398   1.2541767   0.28228667 -2.1786866  -0.15043998  0.09320668
  0.6750067  -0.15893666  0.2300266   1.4923967   0.07876334 -0.16909337
 -0.20215662  1.5773801  -1.5323299   1.8778801   1.2440532   0.12268337
 -0.6766799  -0.79052687  0.17493995  0.6418266  -0.33786663 -1.3705767
  0.48212     3.1682537  -2.098       2.5702899   1.4552101   1.8474535
  1.8385634  -0.19291997  1.7141266   0.09926669 -0.82172006 -0.25613335
 -2.18594    -0.70905     0.01423995  0.3148767  -1.8844733  -1.8476666
  2.6264732   0.7147433   1.6614933   2.4088166  -2.5229633  -1.3582001
 -1.9701266   3.6171267   1.3123535  -1.3462967  -1.6510566   1.8302265
  1.7041668  -3.5273066   2.26328     0.22353327  1.1480399   1.5522166
  2.0687268  -0.7021901   1.2954034   0.24877338 -1.4754634  -1.00218
 -1.3110667   0.5658567  -0.15295012 -2.0285199   0.20360665 -1.5620031
 -0.5554867   0.56997335 -1.5907401  -0.74486333 -1.4127468   2.12446
  1.50704    -0.21813999  1.5693401   3.0351267   1.6489967  -0.6942701
  0.89564663 -2.6561234   1.0514034  -2.0729733   3.3856466  -0.27657664
 -1.8449868  -0.5222067   2.0905502   0.02198005  1.4842367   2.17591
  2.69644     2.1971033   0.91227    -0.34698     2.4700966  -2.6004868
  0.78170663 -1.6955732  -0.3758367  -0.67882997 -0.15139     5.078213
 -0.2741133   0.4150466   2.0924966   1.8884732  -1.2908233  -2.1824367
  0.56397325 -0.46192336 -0.06418666  1.3032666   3.56092    -1.3339634
 -2.30481     1.7474533   1.12144     2.7321167   4.575713    0.5820366
  0.21228004  2.15733     0.99212676  0.27803     3.1341267   1.0002567
  2.0033965   0.71518666  1.9245033   0.36038336  0.23401003  1.2481767
  1.3117467  -0.10229   ]