[ 2.4014997e-01 -2.2462032e+00  3.4682333e-01 -8.5723001e-01
  1.7301601e+00  1.2226466e+00 -1.0545467e+00  7.8958660e-01
 -1.5339800e+00 -3.2587329e-01 -2.9855666e-01  2.1331267e+00
 -4.2839333e-01 -4.6965499e+00  6.9417000e-01  6.5044004e-01
 -4.6323666e-01 -1.3928866e+00 -2.2189002e-01  9.8201674e-01
  1.8084035e+00  3.0844231e+00  3.0324998e-01 -3.7697670e-01
 -2.5883267e+00 -1.9921366e+00  1.5188001e+00  2.1176398e+00
  1.1321665e+00 -2.2607801e+00  4.4046998e-01 -2.7211065e+00
  1.4500666e-01  1.7263332e-02  1.2666668e+00  2.4570434e+00
 -7.9667664e-01  1.5923866e+00 -2.7367432e+00  2.1432000e-01
 -3.2949498e+00  1.2159666e-01  1.4593001e-01  1.3502134e+00
  2.7204199e+00 -5.5167001e-01 -8.6386663e-01 -2.2853167e+00
  6.8504000e-01  1.3427534e+00  3.8086000e-01  2.4492334e-01
 -1.4095532e+00  1.8037367e+00 -1.5431401e+00  1.7913967e+00
 -2.2235000e-01 -1.9801232e+00  3.5922995e-01  1.5626200e+00
 -1.5554466e+00  2.8669603e+00 -3.2288000e-01 -1.5199533e+00
 -7.9302001e-01  1.3420967e+00  2.8083324e-02  1.3192567e+00
  2.1469533e+00  1.0765632e+00 -7.8803331e-01  1.9621900e+00
  7.1096659e-02 -2.8029001e-01 -2.1303499e+00  1.7319667e-01
  1.2625966e+00 -6.4663254e-02  1.1307033e+00  2.5565997e-01
 -9.3241018e-01 -3.5684335e-01  1.2679967e+00 -1.3040967e+00
  1.2225167e+00  2.2092967e+00 -1.5826935e+00  3.0236466e+00
  1.9241337e-01  1.2317435e+00  3.5467048e-03  3.2036671e-01
  2.7236602e+00  9.6078998e-01 -1.7638468e+00 -2.8019667e-01
 -1.8166434e+00 -4.3288669e-01 -2.8185968e+00  3.3065865e+00
 -1.3649467e+00 -1.8050399e+00  2.9959466e+00  2.2069767e+00
  1.1226434e+00  1.4683267e+00 -1.3055800e+00  4.8129329e-01
 -2.8801796e+00  2.0522435e+00 -9.4707996e-01 -3.8141499e+00
 -1.2012066e+00  9.4333667e-01  1.3868465e+00 -5.0885930e+00
  3.2677033e+00 -1.9963354e-02 -8.0168003e-01  2.9513359e-02
  2.2932200e+00 -1.5608901e+00  1.3626200e+00 -1.6647995e-01
 -2.3206933e+00 -4.0830665e+00 -1.5133567e+00 -3.1331661e-01
  1.8917032e+00 -2.1356466e+00  7.5552005e-01 -1.6183766e+00
 -9.4033337e-01  8.0400330e-01 -2.1794834e+00  7.4164325e-01
  2.8799668e-01  2.3461666e+00  8.5034329e-01  3.9971003e-01
  2.0380867e+00  2.3795867e+00  2.6674335e+00 -2.6558833e+00
 -8.9056998e-01 -2.8658533e+00  5.6311327e-01 -2.7330132e+00
  2.6870067e+00  9.7390991e-01 -2.7675369e+00  4.7754326e-01
  2.5380700e+00  9.1830999e-01 -1.4960329e-01  1.7286934e+00
  2.8110101e+00  1.2446901e+00  1.6138366e+00 -8.8204998e-01
  1.7747999e+00 -2.9648333e+00  2.7944534e+00 -1.9971367e+00
  1.0445466e+00 -2.3922332e-01  2.7943668e-01  3.8617866e+00
  1.3284167e+00  1.5428600e+00  1.6850332e+00 -8.9211673e-01
  5.7863337e-01 -2.2116499e+00  3.4935665e-01 -5.6959003e-01
 -1.1207533e+00  2.6910698e+00  2.7726934e+00 -2.1007433e+00
 -2.8325167e+00  2.9013870e+00 -1.8888632e+00  2.9251032e+00
  2.8160698e+00 -4.7893003e-01  4.4186673e-01  2.4508369e+00
  1.5320368e+00  5.2673334e-01  3.2962301e+00  1.9302331e-01
  1.3413067e+00 -1.0053366e+00  1.8136969e+00  2.2378199e+00
  1.3761101e+00  6.2123340e-02 -1.2096233e+00  4.0141001e-01]