[-1.1213001   0.79434    -0.63794     1.783015   -0.107595   -0.29430503
  1.02294    -0.20887    -1.47856     1.461825    1.1301899   3.18322
  0.11274004 -1.6846249   0.25363994  0.42207497  0.504705    3.0264351
 -0.53891003  3.0172603   0.23979503  1.585905    3.2946     -1.587845
  2.06813     0.01027006  0.620635    2.4810152   0.10414505 -0.61482
  1.4670049  -2.42073    -2.2748299  -1.526615    3.371505    2.3135152
 -3.67942    -2.15298    -3.0250702   1.162075   -0.62378997  0.15524006
  0.5773052   0.871075   -0.25911504 -2.944115   -2.18419     0.11144499
 -0.50207996 -1.901165   -0.48477498 -2.59507    -0.683025    1.2251401
 -3.2493498   2.4039502   0.02653503  0.49009997  1.6143451   2.3308249
 -1.59908     1.695375    1.8757999  -1.41833     2.797825    2.534915
  1.64787     1.277465    0.07645994  0.9701349   0.33842    -0.33709505
  0.8146151  -1.702195   -2.814525    2.1226902  -1.6721501   2.8607302
 -2.7983851  -2.3899598   1.018705   -0.096055   -1.91177     1.47193
 -1.6380299   2.35151    -3.2380753   2.197205    0.937755   -0.72906005
  2.16285    -2.269455    0.80847    -1.7910501   1.44226     1.27228
 -1.739175    2.33043    -0.589375    2.81087    -0.86314    -1.953885
  3.561365    1.919755   -0.09557498 -0.970225    2.0737898   0.56183493
 -2.051615    2.4927602  -1.01496    -1.4994     -2.03512     0.6033349
 -1.32872    -2.861005    2.1309152  -0.85633993  2.2335649  -0.6687101
  2.295875   -0.658345    3.2774599   1.82554     2.18298    -0.34156007
  0.19715999 -2.386125   -0.95624995  0.242715   -0.7082499  -1.27965
 -1.89803    -3.1262002  -1.5762299   0.24799001 -4.195745    2.82021
  2.1939502   0.37287998 -0.3019451   2.32179     0.7768801  -4.445965
  2.12945     1.3198099   3.27961    -0.46101     1.8729701   0.4060099
 -0.57704496  0.35154003  1.15972    -2.04008    -3.3252947   0.86031
 -0.8936     -1.4454901   3.90018    -1.2076501   3.54444    -3.547975
  2.312595   -3.30833     2.76995    -2.23766     3.37004    -0.77840495
 -0.67937505 -1.347345    2.203155    0.21098995  0.04824499  0.7485249
 -0.54278994 -3.69314    -0.789105   -0.43415     4.89148     2.152525
 -4.81408     2.8638453   0.20228493  3.6677399   1.7821901   1.816505
 -2.4714198   1.406885   -2.495965    1.1417902   4.57775    -1.068355
  0.184845   -0.03001499  0.238155   -2.70914     1.336565    2.55572
 -0.103515   -0.77224004]