[-1.1494033   0.6779668  -1.8812933   0.46242666  1.7763033   0.89843005
  2.4425302   2.8227398  -2.464877   -0.72136664 -0.08407667  2.41805
 -2.4519465  -2.34394     2.7217767   0.31102002 -2.4739702   0.8548867
 -2.02117     3.5245934   1.26789     1.21481     0.73637    -0.11437321
 -0.12104324  0.41359997 -1.4324166   2.5849266  -0.9993467  -3.1862633
  0.72272664 -0.7852333   1.4207767  -0.14631332  4.0602803   0.3607966
  0.48585668  1.5963267  -3.56051     2.1208134  -3.2755     -2.3205998
  2.4202335  -0.64290667  4.04506    -0.20967333 -0.35515332 -2.32094
 -1.5819      1.4383434   1.2581066  -0.8556633   1.7430466   2.6695468
 -0.39639667  2.1027634   1.0540067  -2.38179     2.94918     2.0593665
  1.2024866   2.4840734   0.11344665 -2.2489269  -1.309       0.41984335
 -0.92348665  0.9853566   0.8971534  -0.25266004  2.10842    -1.5569433
  1.9615332   0.41555664 -0.5036      0.23411004  0.11467997  1.50494
 -1.3825802  -0.44946334 -1.54326     0.05477671  0.3837267  -2.7796233
 -0.74617004  3.0786667  -1.5476732   0.18115334  1.27753     1.63985
  2.53548     0.9056334  -0.5457067   0.7670633   0.26573667 -0.46060672
 -0.49541998  0.28217337  2.7034366   3.0407164   1.0924801  -2.2150967
  1.9250234   0.19082992  0.12445999 -0.70313674 -1.1494434   0.40812
 -2.4871166   4.21497     0.79810333  0.8379567  -2.06232     1.56031
  0.48210338 -5.4297233   1.5546466  -0.30270335  1.0010833  -1.7678299
  2.6474     -1.0838166   3.0242603   1.3683966   0.10961664 -4.0633903
 -0.94541335 -0.20370667 -0.7666101  -2.6480134   2.34535    -1.3788267
 -2.57984    -1.5214      1.5690368  -0.6397167   0.12168001  0.44531667
  1.81152     0.58467    -0.43787667 -0.4292333  -0.35931337 -3.8997433
  0.87226677  0.45533    -0.89190674  0.68138003  0.6287001   1.7336134
  0.2718833  -0.08586001 -0.5714433   1.8118033   0.6394966   1.3000801
  3.3134334   3.6614769   1.9334999  -0.32757667  1.32238    -1.92194
 -2.8238468   1.68428    -0.05948003  2.1651766   1.4479467   2.9413834
 -0.62337667  2.4036     -0.06356005  1.4264234  -3.33126    -1.3899568
  2.04645    -2.4809368  -0.91569996 -0.93198663  1.5321201   0.01387997
 -2.0018399   1.1625334  -0.7292633   3.4960766   5.8361034  -0.40528333
 -3.96292    -1.1908499   0.29291    -2.2806566   2.8484066   0.08387667
  1.68218     0.37484995  4.6294365  -1.3802333  -0.27071002  1.1148067
  1.1446201  -0.12203334]