[-0.37196335 -2.12631    -1.0788168   2.2018936   1.3561268  -1.27958
  0.89701    -1.1705867  -3.614       1.1022034   0.12975001  1.7114468
 -1.80171    -1.7715801   1.5750132   0.30073664 -1.1841967   0.03242332
 -2.2712066   1.0654134  -1.4853334   0.99333334 -1.0105667  -0.334
 -1.0511967  -1.2307066  -0.30572665  0.17012334  0.43500003 -0.4049867
  0.36957666 -0.66946334 -0.09341999 -1.3400234   7.176623    1.8360966
  0.51540333 -1.5268935  -0.77016336 -0.06080997 -2.2099967  -1.5080967
  1.9774734  -0.40387002  0.84224325  2.0465868  -0.48624337 -0.84848666
 -0.99904007  0.74211997  0.35388327  0.88092667 -1.0291067   3.7484734
 -0.8511433   2.2643535   1.34164     0.53702337  1.7743467   0.76700336
 -1.8066267   2.0847101   1.0495801  -0.9897633   0.40896675  0.11411003
 -0.90454     0.46610332  0.59127665 -0.8317266   0.6823533  -1.7070867
  2.5911267   1.4598365  -2.0800333   1.1825067   1.4693834  -0.13345332
 -2.5156333  -0.65414995  0.08265328 -0.5139034   1.5376     -3.6070468
 -1.2787367   2.41263     0.04971333  0.17885995  1.7662932  -0.2695633
  1.06458     2.43488    -1.7012167   2.1886501   1.4014767  -1.1162667
  0.5483067  -0.48822665 -0.92516     0.33944666  2.19651    -4.591727
  0.68517333  0.13133335  0.17005998  2.2928333  -2.9601867  -0.90626997
 -1.33475    -0.27495     1.0999333  -0.30569333 -3.8147     -1.2615701
  3.2039669  -2.1205199  -1.9882702   0.55841    -0.38053665  0.91977006
  1.2833134  -2.7362099   0.9560132   2.5379531  -0.06622668 -1.9010566
 -0.98995996  0.21620671  0.05263662 -1.1587167   0.11086998 -1.9042
 -0.35647333 -0.7913266  -0.37151662 -0.44475666 -2.3908234   0.86703664
  1.81141    -0.7263632  -0.8350933   1.2934734   1.9075733  -2.2301133
  1.07464    -2.13474     0.89614004 -2.05318     1.9375234   1.41585
  0.3101867  -2.9095867   0.8700333   1.63616     0.8990367   1.6885033
  2.2081666   0.61224     1.1167333  -1.14563     3.9334733  -3.8725433
 -3.4937599  -0.49686003 -1.4642767   2.1675134   0.81035     3.65363
 -1.4608332  -0.9172666   0.5464333   1.1790434  -1.7828401  -1.1087632
  1.6433033   0.8638299   0.6800266   1.6129867   1.3520035  -0.47219324
 -1.89757     4.116713   -3.7503269   1.0799466   2.9006367  -0.05399
  0.10445335  0.62516004  1.29729    -0.64537334  1.5850433  -1.1868167
  2.82891     0.7507866   0.69514674 -1.1902866   2.0780766  -1.4295567
  0.27273     1.2395066 ]