[ 2.171155   -1.5767951   1.71827     1.434735    0.03561497 -3.3955097
  0.42698    -1.27429    -2.102705    0.75523    -0.06251496  4.7962646
 -1.341795   -2.3468652   2.372745    1.9261202  -0.782295    2.06399
  0.468185    3.877445   -1.399555   -0.24974999 -0.62577504 -0.15428501
 -2.0864651  -0.84233     1.9416001  -1.790915    1.02539    -0.826345
  2.579515   -2.8685002  -3.482655    2.643255    2.978      -0.88259506
  1.58612    -0.37751007  0.83413494  0.88229495 -4.0214953   1.514435
  4.649415   -2.46928     1.2930499   2.772505    0.072415   -0.6631348
 -2.93328     2.3339949  -0.59798    -2.57732     0.60851514  1.4108751
  0.20468485  1.146075    1.55582     0.49216998  2.6429799   0.7889251
  0.82556     2.54207     1.501075    0.05088997 -0.698815    1.692795
  0.17891502  1.407045    1.22083     2.426975   -1.2788851   1.25626
 -0.44191003  2.581315    0.371985   -0.96572     1.1741251   0.58097
 -0.6626699  -5.0218353   0.39811003 -2.37622    -2.562575   -3.5955696
 -0.76192    -0.40963995 -0.76917    -1.502125   -2.4844348  -1.714435
  4.1650453   1.34259     1.58221    -0.30467996 -0.85599506 -0.37849507
  3.82614    -0.83823013  0.8559098   3.450055   -1.18988    -3.08502
  0.71987504 -0.6690451   3.418845    3.8445249  -1.8043101   0.275805
  0.36706498 -3.462475    2.3048     -1.7733152   0.28107    -2.56534
 -0.24170494 -3.1680799   1.96541     1.49146     0.586795   -0.18821001
  1.447      -0.16708994  0.05443497  2.507195   -2.321225   -2.12453
 -0.09011    -0.86178505  2.40562    -0.20053     0.20784497  0.203565
  0.70802003 -1.2555051  -3.1105702  -0.59882    -2.86099     1.18419
  4.341605   -3.927135    1.8005799   2.31045     2.02645    -0.40569496
  1.12108    -0.8938551   0.04669499 -1.702665    1.627145    1.194905
 -0.089625   -2.6650252  -0.18719506  0.58525    -1.5952499   5.663905
  3.315505    1.8029051   1.9294353   0.5589299   3.15032    -1.450835
 -2.068965   -0.66186994  1.67278     0.306495   -0.39708498  2.8522398
  1.6374651  -4.726       1.99882     4.85436    -4.193535   -2.0784802
  2.7543452   1.4820802   0.88784003  3.59417     0.03331998 -1.119915
 -4.61984     2.6927352  -4.002035    0.691755    1.6881149   1.204525
  1.797515    5.060125    0.2558      2.08244     0.81772     3.80654
  2.375935   -0.39698    -0.43482506  0.770395    1.0379599  -1.627205
 -0.23157999  1.247475  ]