[[ 4.53195691e-01  3.13722849e-01 -6.40257056e-01  2.68675728e-01
   8.29140000e-01 -1.07485001e+00  9.55628497e-02 -2.14641418e-01
  -1.38705569e+00  1.63685570e+00 -3.12835697e-01  9.33658566e-01
  -6.50069961e-01 -2.10021294e+00  1.18030020e-01 -8.66590006e-01
  -1.47345696e-01  1.32935430e+00 -1.76873858e+00  1.87319873e+00
   1.08867434e+00  1.89991993e+00 -1.45145573e+00  1.70487165e-01
   1.01097717e+00 -5.01862832e-01  4.65650082e-01  2.16791866e+00
  -1.34503145e+00 -4.93454252e-01  1.88171141e+00 -1.52544427e+00
  -9.58824335e-01  9.54744305e-01  2.08549433e+00  1.03083426e+00
  -4.69408495e-01  5.44145678e-01 -1.95679716e+00 -6.17064348e-01
  -1.17103279e+00 -2.10845692e-01  1.57492426e+00  2.00329951e-01
   5.91982816e-01  1.38344574e+00 -1.79771853e+00 -1.63630026e-01
   7.66162830e-01  6.77561453e-01  7.33059960e-01  2.41551459e-01
  -1.17408715e+00  2.33963135e+00  2.72285513e-03  7.81262841e-01
   3.13140011e-01  7.75185994e-02  1.56170429e+00  4.59597145e-01
  -1.37914998e+00  1.55744425e+00 -2.96448605e-01 -1.05882146e+00
   1.76336147e+00 -4.32142844e-01  1.13287430e+00 -1.57747149e-01
   3.54138553e-01  1.30312004e+00  2.18402140e+00  3.34048567e-01
   6.21642513e-02  1.14578719e+00 -2.32209715e+00  5.60928617e-01
  -2.29535758e-01 -2.09454290e-01 -1.46910429e+00 -7.35729952e-01
  -9.37595665e-01 -2.05913419e+00 -2.39532828e-01  4.19175693e-01
   5.38891426e-01  3.29312153e+00 -1.98015002e+00  1.44131427e+00
   5.97697173e-01  1.05742144e+00  5.87237086e-01 -4.00352870e-01
   7.95924272e-01 -4.38664343e-01  2.86190002e-01 -2.22930574e+00
  -8.30188530e-01  9.47400161e-02 -6.35428565e-01  1.65534144e+00
   1.46675714e+00 -1.77735717e+00  6.32827141e-01  1.78895644e-01
   8.64181459e-01  1.09323142e+00 -7.91018554e-01  2.74888270e+00
  -1.18726291e+00  1.39057428e+00  2.75872895e-01 -1.30839721e+00
  -2.06169574e+00  1.83516148e+00  1.81131858e+00 -1.91216433e+00
   3.80168561e-01  1.32078144e+00 -5.32877088e-01 -1.88569867e+00
   6.11798567e-01 -3.06551854e+00  2.14417996e+00  7.86500011e-01
  -1.00299425e+00 -2.39519718e+00 -2.38573142e+00 -5.85897003e-01
   1.37300060e-02 -9.42638602e-01  1.20290429e+00 -1.22669286e+00
  -3.34792767e-01  6.12355709e-01 -6.71884345e-01  1.82306141e+00
  -1.14002580e+00  1.01237999e+00  1.67120853e+00 -3.98814380e-02
   5.07771458e-01  1.98922576e+00  1.13017138e-01 -2.73129993e+00
   1.18404712e+00  1.36409981e-01 -4.91225702e-01 -1.90731720e+00
   1.78554150e+00  1.50658573e+00 -3.06257137e-01 -2.17495995e+00
   1.86270148e+00  7.77967198e-01 -1.74892282e+00  6.80535725e-01
   2.51805421e+00  1.17361144e+00  1.95013713e+00 -1.68657006e+00
   2.72453288e+00 -1.01710716e+00 -5.38908597e-01 -6.22650010e-01
   1.23205713e-01 -4.69358574e-01 -1.06097119e-01  2.99861993e+00
   5.49519970e-01  4.04372879e-01  5.25238471e-01  5.33137117e-01
  -3.88611453e-01 -1.51799723e+00  6.94625688e-01  3.79401424e-01
  -6.63228631e-02  6.39904318e-01  2.00419712e+00  1.82200006e-01
  -3.35833556e+00  3.14647995e+00 -3.01260830e+00  7.02192911e-01
   3.99083287e+00 -1.07573852e+00 -1.01103861e+00  4.10871405e-02
  -3.27331441e-01 -3.19699900e-02  1.36734288e+00  2.08514418e-02
   2.31792857e+00 -9.60445779e-01  6.62245759e-01 -2.52996172e-03
   3.43158484e-01  2.89409995e-01 -1.89908001e+00  1.13159718e+00]]