[[-3.89426649e-01  1.86682999e+00  1.02206687e-01  1.86580670e+00
  -3.68786693e-01 -7.87079970e-01  1.27906332e+00 -1.03383001e+00
  -1.67550993e+00  2.81079988e-01  4.71996665e-01  1.52916002e+00
  -1.02604665e+00 -2.43342328e+00  1.37410010e-01 -3.60380014e-01
  -6.55010025e-01 -1.32048337e+00 -1.85251663e+00  6.43133422e-02
  -2.63420006e-01  4.40333327e-01 -1.34382999e+00  2.18856653e-01
  -1.24728000e+00 -1.57919010e+00  1.89107005e+00  1.89743670e+00
  -7.38940020e-01 -1.03561668e+00 -2.51890009e-01 -1.49832662e+00
  -8.30316663e-01 -7.75360028e-01  2.65111335e+00  1.53856333e+00
  -2.21569673e+00  9.54193354e-01 -1.98793332e+00  3.49699855e-02
  -4.58503346e-01 -2.09671680e+00  1.55741994e+00 -1.59270048e-01
   3.78250013e-01  1.16498669e+00 -1.01033672e+00 -4.60710019e-01
  -7.06700007e-01  1.65066664e-01  5.20153329e-01  7.53996650e-01
  -1.77195001e+00  1.38945333e+00 -2.71950006e-01  1.25987669e+00
  -6.13270005e-01  4.36973333e-01  3.10693324e-01  2.09478668e+00
  -3.08806678e-01  7.12340017e-01  1.45678004e+00 -1.13214668e+00
   3.80643308e-01  6.70766662e-01  8.06869964e-01  1.29894006e+00
   1.27414004e+00  1.35379990e-01  1.36852662e+00 -1.25010999e+00
   1.53889668e+00  3.10703297e-01 -2.20195667e+00  1.39012663e+00
  -1.27996683e-01  6.66446646e-01 -1.70682669e+00 -5.34366369e-02
  -3.67133339e-01  3.06002299e-03  8.28263342e-01 -2.37493340e+00
   5.54283311e-01  1.70961666e+00 -1.23366714e-02  1.45853337e+00
   1.28298666e+00  8.38686665e-01 -1.72886650e-01  1.08557665e+00
  -5.50333336e-02 -4.39923326e-01 -1.46896670e-01 -8.08336655e-01
  -1.38323673e+00 -1.41996670e-01  1.95403298e-01  3.90416652e-01
   8.85383328e-01 -2.56003332e+00  2.03025333e+00  2.63490001e-01
   3.22616667e-01  1.11067001e+00  9.00699894e-02  2.98173348e-01
  -1.79503997e+00  1.73802996e+00 -3.52686657e-01 -1.27476335e+00
  -1.63280670e+00  7.84250021e-01  1.23754668e+00 -1.52571003e+00
   4.25783336e-01  2.96246648e-01 -1.32306333e+00  4.06986664e-01
   1.57467000e+00 -1.33577998e+00  2.12954005e+00  6.43283327e-01
  -1.78243335e+00 -1.36986995e+00 -1.62270665e+00 -7.65870015e-01
  -7.41686637e-01 -9.29963311e-01  1.19007997e+00 -1.17519331e+00
  -7.38703350e-01  1.33494004e+00  1.56832933e-02  1.10069998e+00
  -1.40057667e+00  1.69166334e+00 -3.63790015e-01  1.02724667e+00
   2.31556694e-01  1.36696668e+00  1.75289996e+00 -1.03354337e+00
   3.07567660e+00 -9.44733322e-02 -3.54469995e-01 -2.08297662e+00
   2.51230001e+00 -7.22323338e-01 -7.67300005e-02 -2.12081997e+00
   1.16633336e-01  1.09293669e+00 -1.30383336e-01 -7.55499949e-02
   2.07172998e+00  1.37077995e+00  6.50283297e-01 -3.25346659e-01
   1.66257008e+00 -1.04399327e+00  6.36333307e-01 -1.20285996e+00
   3.44930013e-01 -3.74259988e-01  4.14193312e-01  1.72931337e+00
  -7.06956704e-01  6.26323362e-01 -2.41666675e-01  4.48743363e-01
  -1.63515675e+00 -1.66648674e+00  3.10846662e-01  4.84816640e-01
  -4.86370003e-01  7.97786715e-01  1.10037671e+00 -1.23726656e-01
  -1.68625669e+00  1.86639945e-01  3.87666623e-02  2.97523340e-01
   2.11784999e+00  9.12900070e-02 -1.34375000e+00  1.51698669e+00
   1.30912669e+00 -3.27880005e-01  7.31998682e-03 -6.43690010e-01
   2.22705674e+00  6.19489983e-01  1.56582999e+00  1.38430333e+00
   1.14109000e+00  9.81429954e-01 -1.51329668e+00  9.14466580e-02]]