[ 1.92498684e+00 -3.12848020e+00 -5.71333349e-01  4.49278021e+00
  2.83734322e+00 -1.89137328e+00  5.41203320e-01  1.55337667e+00
 -2.42952347e+00 -3.16512680e+00  9.10160065e-01  2.57785678e+00
  4.11826730e-01 -2.21572328e+00  1.09796000e+00  1.87989330e+00
 -1.03313364e-01  5.96369982e-01 -2.76642323e+00  1.99201000e+00
 -8.04606676e-01  3.37976003e+00 -3.39760327e+00 -1.38667333e+00
 -2.16284013e+00 -1.15826333e+00  1.31685007e+00  3.60743403e-01
  8.20776761e-01 -2.57255340e+00 -3.55649799e-01 -8.24723303e-01
 -1.05800010e-01  1.34974337e+00  3.91668010e+00  2.55672002e+00
 -1.56339657e+00 -6.38686657e-01 -2.44814324e+00 -1.83791006e+00
 -1.85104990e+00 -9.91966352e-02  2.58348680e+00 -2.34422994e+00
  3.17337990e+00  1.25546992e+00 -2.17086673e+00 -3.41086656e-01
 -9.93200064e-01  1.76972330e+00 -1.49459994e+00  8.19500014e-02
  7.67346680e-01  3.15092349e+00 -2.02025008e+00  2.90216660e+00
  8.66513431e-01  4.48650980e+00  2.58587670e+00  8.96420002e-01
  3.18483323e-01  2.29633331e-01 -1.96453407e-01  5.43533266e-02
 -5.09519994e-01 -9.82233286e-02 -8.59073341e-01  8.72493446e-01
 -1.08883667e+00 -3.52486640e-01 -2.85246700e-01 -1.18288672e+00
  1.08849335e+00  4.98936987e+00  3.76279980e-01  1.90592992e+00
  1.27432656e+00  1.50433347e-01  5.66106677e-01 -1.89405334e+00
  2.12286019e+00  3.99326563e-01 -8.49913418e-01 -1.47747660e+00
  4.15613323e-01  3.44481659e+00  7.93083370e-01 -2.56827664e+00
 -9.10116673e-01 -8.27893317e-01  2.63353658e+00 -1.66882992e+00
  1.76156330e+00  1.04110336e+00 -1.55253246e-01  1.58819997e+00
 -8.27043355e-01  1.37485993e+00 -2.51924014e+00  2.46972346e+00
  1.27774668e+00 -1.15093660e+00 -8.32932815e-02 -3.96533370e-01
  1.06704998e+00  3.86549973e+00 -1.38002336e+00  1.53727007e+00
 -1.52909327e+00  1.54540002e-01  1.75362670e+00  9.31833610e-02
 -7.69679964e-01  1.20172668e+00  1.93327999e+00 -2.25113678e+00
  5.74419975e-01  2.82270044e-01  2.65866995e+00  1.10582006e+00
  3.49248004e+00 -4.19189960e-01  2.23570657e+00  1.83596671e+00
 -3.36345983e+00  5.96893370e-01 -3.34126681e-01  2.13245988e+00
 -3.40599924e-01 -2.32049012e+00 -4.52863306e-01 -2.72861314e+00
 -2.02467012e+00  1.35567999e+00 -8.17339897e-01  1.07286692e-01
 -1.14300251e-02 -4.80760008e-01  4.70381689e+00 -9.43100035e-01
 -2.72490025e-01  1.70845997e+00  7.52583325e-01  3.58509928e-01
 -5.35163224e-01 -3.17979991e-01 -1.69903353e-01 -3.03618336e+00
  9.82866585e-02  3.99136633e-01 -1.41539991e+00 -1.09426010e+00
 -1.24754322e+00  2.05002236e-03  1.15186989e+00  3.30731320e+00
  1.83987665e+00  2.43716642e-01 -3.34953308e-01  2.86830038e-01
  4.71065950e+00 -1.71404326e+00 -2.59043336e+00  9.43876684e-01
  3.32943350e-01  2.17032337e+00  5.57879984e-01  2.64284015e+00
 -2.60072684e+00 -1.27063000e+00  1.59026325e+00  2.89804006e+00
 -2.84575343e+00 -6.24176681e-01  1.77137339e+00 -1.84580004e+00
  3.39323401e-01  3.03771329e+00  2.98620015e-01  6.00880086e-01
 -1.11932671e+00  5.13135004e+00 -8.25556755e-01  3.16626668e+00
  3.16307664e+00 -4.45089966e-01  6.66406631e-01  2.59843659e+00
  9.03239965e-01  1.63348007e+00  1.19439922e-01  1.94509983e-01
  1.76482332e+00  2.01532340e+00 -2.69090027e-01 -5.67826688e-01
  1.52143323e+00  3.94530028e-01 -1.89577997e+00  2.07516670e-01]