[-0.5282345   0.7026475  -0.31337047  0.7746118   1.0746492  -0.03087348
  0.64065063 -0.25302407 -1.5419726   0.2769409   0.5889139   1.7043699
 -1.1549385  -2.8257182  -0.52799493 -0.05276804 -1.1027268  -0.45150074
 -1.7085828   1.3817993  -0.10320712  2.1497793  -0.91257757 -0.34957388
 -0.41786304 -1.3836949   0.8746729   2.1410577  -0.7722283  -0.6282844
  0.93305564 -1.0196515  -0.50822246  0.49376956  2.7993307   1.9987923
 -1.5396116   0.72315294 -1.6510192   0.25509816 -2.1379967  -0.9368422
  1.798013   -0.5118224   1.0812318   1.4000055  -1.0455484  -0.8617049
 -0.04104439  0.93645954  0.46270874  0.48189592  0.11294349  1.2847123
 -0.6309934   1.732369   -0.64232033  0.8680548   0.63871586  1.7697867
 -0.36468586  1.0401143   0.34915254 -1.0725418   0.14393707  0.62018925
  0.28312483  0.7431609   0.5436489   0.15773559  1.6112217  -1.4238966
  0.88370746  1.5413393  -1.657156    0.7364421   1.8292278   0.52910095
 -1.0829146   0.07916347 -0.1311908  -0.9436407  -0.6192213  -1.500447
  0.8266722   1.8301775  -0.8548449   1.0031161   0.9221141   0.86420125
  0.76417536  0.6622524   0.9937593   0.13110086  0.696067   -0.6738747
 -0.6449563  -0.73362684 -0.30001062  0.6453317   0.8962222  -1.6855338
  2.0104156   1.1612548   0.68350434  0.8629859  -0.622373    0.3585738
 -1.418476    1.6194392   0.5597886  -1.7910095  -0.87900615  0.9192494
  0.4784062  -1.775689    0.24122134  0.6734391   0.54045224  0.61162966
  0.9875903  -1.4344528   1.8521645   1.331591   -0.5316301  -1.476473
 -1.0343844  -0.4025701   0.01116923 -1.296919    0.9484156  -1.1220945
 -0.30191925  0.80616313 -0.8839009   0.40582427 -0.74615437  1.4578085
  1.2804043   0.6153182   0.20595269  1.3069501   0.9820722  -1.556987
  1.4645653  -0.52999973  0.22184956 -1.9521542   1.3104476   0.24143365
 -0.11485593 -0.614611    1.061759    0.9196699   0.2514722   0.07893775
  1.4731044   2.0769117   0.83749163 -0.34908473  2.7030828  -2.3667486
 -0.40012053 -0.671326   -0.16398774  0.2752369   0.30227163  3.135633
 -0.7180555   0.594345    0.58724314  1.8564901  -1.0224712  -1.149895
 -0.06761092 -0.23918884 -0.13793288  0.91661614  0.86671597 -0.06275561
 -2.8618932   1.6090019  -0.5879779   1.4651695   2.8615634   0.62264425
 -0.20377637  0.9026537  -0.01263681 -0.43309075  1.3065482   0.14310241
  1.7531371   1.0878364   1.4739934  -0.01510696  0.28562304  0.29872662
 -0.72570485 -0.29100513]