[[-0.40433832  0.97642489 -1.07234669  0.07932834  0.69123665 -0.32551498
  -0.61193336 -0.68676168 -1.24566335  1.02280167  0.65266005  1.97872333
  -0.81156999 -1.27033337  0.53596662 -0.46793666 -1.5798533  -0.42915331
  -1.87526162  1.21790501  0.4734117   2.52135185 -1.17303336 -0.79178503
  -0.90552334 -1.05294166  0.87454502  2.47039342 -0.63315332 -0.199115
  -0.42073166 -0.70667997 -1.30552173 -1.25890164  3.71956507  1.57343169
  -1.29292331  1.02193    -1.18132834  0.19514326 -2.11294341 -0.99351668
   1.85688845  0.36631501  0.51088833  0.79994003 -0.63973335 -0.39014667
   0.6235033   0.57413836  0.50933999  0.87159506 -0.30644669 -0.05747342
  -2.16039666  2.15647662 -1.20734161 -0.13248831  0.71786664  1.57244837
  -1.16957835  0.60700498  2.26124001 -1.87308673  1.76261828  0.16339505
   1.49170176  0.75099161 -0.27383667 -0.16256831  1.31934162 -1.73013341
   0.57280503  2.72970827 -2.04518827 -0.03012503  1.35063835  0.78496999
  -2.05563684 -0.37475332  0.52113664 -0.78381     0.2432633  -1.32101659
   0.26008832  2.80909169 -1.96116836  0.26145666  1.61828335  0.54884171
   1.17268833  0.52058504  1.05530826 -0.57896341  0.089235   -0.05048334
  -1.15304673 -1.06532828 -0.51841668  0.20715     0.52142837 -2.55787166
   1.73300501  1.6589733   0.82773494  0.74367838 -1.11312335  0.94703664
  -2.73587322  1.89042672  0.66420666 -0.94760835 -1.04463506  0.29802499
   0.44085164 -1.86510996  0.46834834 -0.41698017  0.03420166 -0.73608996
  -0.71850333 -1.05912165  1.27932493  1.92572675 -0.2121     -1.20721499
  -0.83375672  0.06779501  1.44125827 -0.78664668 -0.03979832 -2.56626654
  -0.26389669  0.71824167 -0.21924833  0.86610838 -0.32911337  0.98669169
   0.61444664 -0.21796003  0.28389664  1.46967664  1.0899233  -2.18420835
   0.48430336 -1.13354997  1.42459509 -3.71598673  0.41023338  0.7434317
   1.39518003 -1.39772331 -0.58086167  0.74604334  0.09150833  0.57458334
   1.17788672  2.07849999  0.903895   -0.14821     2.22642827 -2.00458511
  -0.28505166 -0.01379668 -1.26403175 -0.38558006  0.54763675  2.75171336
  -2.05675157  0.75008339  1.46597326  0.73847998 -1.151245   -1.59093664
  -0.26568333 -0.81178329 -1.31663827  1.53854847  2.1592199  -0.26096999
  -1.8355734   2.13390001 -1.27915009  1.96091501  3.04287998 -0.37294497
   1.26406834  0.10984501  1.20638156  0.13076     0.74443165 -0.71864669
   2.03611831  1.41820327  2.17414832  0.3628983   0.23898327 -0.55475664
  -0.74009828 -0.17723335]]