[[-1.18265009  0.96382499  0.52746004  1.30112004 -0.407345   -0.50635505
   0.82087505  0.11218    -0.99747503  0.69518501  1.71425998  1.45177495
  -0.93774998 -1.58595991  1.41452003  0.69942498  0.0581      0.69976997
  -1.79570496 -0.26258501 -0.29462498  0.072515    0.34674999 -1.43539
   1.27657509 -0.90562499 -0.61066002  0.100155   -1.20664501  1.06366003
  -0.51186001 -2.40173006 -1.34495497 -0.52698004 -0.35185501  1.37646008
  -1.27538502 -2.54976511 -2.43332005  0.89617997 -0.82613999 -2.16974998
   2.01431012  0.024355    0.66606998 -1.22640991 -1.34738505  0.17771
  -2.30710506  0.257375    0.00938    -1.76925492 -0.73793     2.04780507
  -1.89583492  1.6629051   0.96343005  0.87787998  0.49248999  0.41171497
  -0.13376001  0.72644502  1.41055489 -0.10270999  0.20879     0.40643498
   0.66938996 -0.95301998 -0.74191505 -0.75554496 -0.34476998  0.27827498
   1.39399004 -1.80420506 -2.095855    0.203125   -0.75997502  1.53293002
  -1.11870503 -0.85878497  0.22290999  0.01146     1.6262449   0.67151999
  -1.61081493  1.04181504 -2.5330801   0.10602     0.28716999 -0.68570006
   0.64162004 -1.4936049  -0.51695001 -2.03076005  0.88474995  0.76669997
  -0.90150499  0.64069504 -0.70611501  1.91103995  0.87217999 -1.243765
   1.97029996  1.57684994  0.42557502 -0.37660497 -0.069925    1.15926492
   1.18516994  1.06523502 -0.75002003 -1.03250504 -1.40648007  0.75908494
  -0.02923    -2.37908006  0.048265    0.20938501  0.36494002  0.59627497
  -0.25761998 -0.197375    0.00773     1.17089999  1.28492999 -0.86367005
  -0.162255   -1.77109003 -0.67391998 -0.56489998  0.44420001 -0.98757994
  -0.238685   -2.33328509 -1.07323992  1.42031503 -1.70466495  2.76488996
   0.31398502 -0.85518503 -2.01006508  1.62379003  0.038595   -1.76704001
   1.42776501  1.13621998  0.55461997 -0.42289001 -0.28759998 -0.88888502
  -0.57910496 -0.17981     0.65437502  0.097215   -0.623945   -0.89331001
  -0.54646498 -0.30586499  2.05011511  0.93564999  1.76914001 -1.36489999
   1.11134994 -2.14527988  1.14390004 -1.22519994  3.21949005  1.55415511
  -0.03809    -1.05373502 -0.54996502 -1.29567504  0.15607999 -1.87350011
  -0.95901495 -1.307235   -0.243365    0.26906499  1.08116496  0.79274499
  -2.49189496  2.70806026 -0.84059     0.46141502  0.88392502  0.76990998
  -1.90530491  0.016275   -0.28376999 -0.63024497  0.91782004 -0.15995501
  -0.095485   -1.31791997  0.39827001 -0.30853    -0.172085    1.64103007
  -0.33551499  0.40103498]]