[-0.31237718  1.2719257  -0.19457857  1.9677442   2.894947   -0.12118857
  0.44248572 -0.54798716 -2.1004128   0.36948723  1.86051     2.7925658
 -0.8918415  -3.6333272  -0.2981799  -0.26648858 -1.8556528  -0.5499386
 -2.7150013   2.07705    -0.32591     2.8916328  -0.92568856  0.8891255
 -0.55559707 -2.52207     1.3267229   2.3186417   0.52208287 -1.7946886
  0.93787426  0.32478714 -0.03877572 -0.01840286  3.2660959   2.3497102
 -1.6522543   0.56343    -0.56716144 -0.04690427 -2.06933     0.27464715
  3.150663   -0.3635986   1.6528685   1.8220886  -1.3825958  -1.2688757
 -0.9225572   1.2371571   0.9802228   0.7499929  -0.26538286  1.4001086
 -1.6080271   1.2360115   0.01594996  0.43722424  1.12962     1.4036028
 -0.48082855  0.44049287  0.41481566 -0.46103722  0.63291866  0.2742114
  1.4601643   0.8599829   1.1486787   0.08709142  0.88234997 -1.4678543
  2.3172913   1.3722814  -1.6626056   1.9318043   1.4534186   2.3548102
 -1.3918114  -1.8691499  -0.27889428 -1.7224859  -0.43366283 -1.1155714
  0.45390287  1.8653914  -1.0106957   1.6685115   2.15879     0.37651
  1.9134328   1.0080614   1.21457    -0.15882431 -0.26643857 -0.40566713
 -2.2504     -1.7875528   0.41492862  0.8851      1.4303044  -1.6590658
  2.7729301   1.4399985  -0.01254577  1.8695943   0.13440283 -0.3047529
 -2.7772403   2.6772158   1.1105186  -1.0882486  -1.5888615   1.0354385
  1.2195858  -2.6391575   0.01312995  0.9155715   0.65843713 -0.8513513
  1.9119371  -1.327233    2.36577     2.170654    0.19907857 -2.5302958
 -1.8287343  -0.56949854 -1.3913871  -1.9514885   0.62940294 -1.5772387
 -1.0624086   0.36006427 -0.5716186  -0.35448286 -0.44194004  0.64244145
  2.3069599   0.25706714  0.41024858  1.4515358   1.0989228  -1.5483999
  1.623087   -1.1978614   0.94549143 -2.1025257   1.6279727   0.89087856
 -0.5698629  -0.22826998  1.2922585   0.96899855 -0.4065428   1.31733
  0.9158457   2.0365827   1.4136028  -0.8502328   2.7927547  -3.6279945
 -1.37714    -0.86243576  0.41833284  1.00377    -0.08419999  3.6818886
 -0.15787144  0.6287228   0.82046854  1.7206042  -1.6456558  -1.7624671
  0.6232157  -0.41920286  0.6003914  -0.19228716 -0.4349886   0.01258143
 -2.9120471   1.2758714  -1.3646458   2.4302843   4.2092643   1.4539258
 -0.92845285 -0.08564142 -0.06174144  1.04677     2.657807   -0.4668729
  1.5411686   0.9733372   2.9417958  -0.61801004  0.12122139  0.8866357
 -0.06304856 -0.4948329 ]