[-0.54818404  0.78599596 -0.09820001  1.541206    2.545106    0.292476
  0.85258996 -0.660766   -1.5046461   0.613372    1.7576641   2.617232
 -0.98757    -3.5481324  -1.0485538  -0.558182   -2.18766    -1.1902081
 -2.573996    1.308968   -1.06838     2.76121    -0.72805     1.126796
 -0.8577     -2.618874    1.592198    1.6733582   0.17707399 -1.1867682
  2.019548    0.27843398 -0.990276    0.770498    3.3258462   2.787254
 -2.133376    0.23982    -1.2694441  -0.52644396 -2.158094    0.542368
  2.016276    0.372994    2.4120998   1.408112   -1.5221179  -1.9638062
 -1.426026    0.72953594  0.15749002  0.76055795 -0.460562    2.185668
 -1.119916    1.550288   -0.698572    1.314632    0.47423202  1.4338639
 -0.859476    0.82056     0.66174996 -1.153184    0.42646605  0.909692
  1.463776    0.283944    2.473688    0.38810596  0.62497395 -0.07010598
  2.408468    0.72706604 -0.89308006  0.9841801   0.886244    2.23453
 -0.9998439  -0.888718   -0.572508   -1.6104221  -0.03872604 -0.80452
 -0.508746    1.7326019  -1.928858    2.474492    1.6941459   0.87376606
  1.758668    1.3145161   1.3004581  -0.61780804 -0.697806   -0.22490199
 -2.6577477  -1.825526    0.72480404  0.25575995  1.4117161  -1.2505181
  2.6125      1.3686221   0.12707397  1.906996   -0.769998   -0.97765195
 -2.099342    3.19352     0.45848998 -1.686496   -0.9111741   1.333194
  1.009848   -3.0034602   0.66809195  1.4839442   1.162798   -0.32883197
  2.72838    -1.088534    2.6929781   2.398744   -0.53937    -1.265036
 -2.119454   -0.25416797 -1.2407039  -1.9570959   0.98642206 -2.533852
 -2.01599     0.84580594 -0.152486    0.6088481  -0.513798    0.8439981
  1.930682    0.87264794  0.569976    1.9967362   1.78497    -1.28159
  1.242604   -1.3262      1.0720761  -1.586516    1.5228999   0.732566
 -0.25297603  0.10560803  2.1117039   0.692134    0.33139002  1.000376
  1.89903     1.6941559   1.0236361  -1.7012421   3.27517    -2.252386
 -1.0001501  -1.42444    -0.607198    0.720106   -0.09121001  4.428468
  0.44654197  2.0457041   0.765044    1.1763198  -1.6036161  -2.592354
 -0.353566   -1.808926    0.644066   -0.073512    0.10943999  0.178014
 -2.121314    1.297102   -0.976766    3.2331681   4.9586983   0.9235021
 -0.18514395  0.777322    0.02431197  0.930686    2.8385282  -0.574928
  0.79166204  0.729352    3.2977142  -0.959754   -0.43255004  1.1933439
 -0.40169406 -0.855538  ]