[-2.62075990e-01  1.76586211e+00 -1.27014005e+00  2.13550782e+00
  1.65699792e+00  1.17078996e+00  1.98365986e-01  1.15069604e+00
 -1.58677399e+00  3.38139981e-01  6.61477923e-01  2.86035013e+00
 -1.90752602e+00 -2.95052981e+00  1.26820600e+00 -1.04699004e+00
 -2.44191003e+00  7.46306062e-01 -1.94860005e+00  1.11014402e+00
 -1.16298005e-01  1.96327186e+00 -1.20265007e+00 -4.39200014e-01
 -1.94574809e+00 -7.90131986e-01  1.40233588e+00  2.70054603e+00
 -2.05772614e+00 -1.08719993e+00  5.58351934e-01  4.40157980e-01
 -7.78502047e-01  3.16806018e-01  3.16734409e+00  3.47333217e+00
 -1.61289597e+00  1.06160998e+00 -1.92879176e+00 -1.12482810e+00
 -2.52126193e+00 -6.15437984e-01  1.73315203e+00 -8.81064057e-01
  7.46155918e-01  1.10059607e+00 -2.02273920e-01  3.45328033e-01
 -9.63142037e-01  1.85474610e+00  9.01644051e-01  1.24941990e-01
  1.34037805e+00  1.30114794e+00 -3.21199954e-01  2.23374224e+00
  3.54028046e-01  1.02707601e+00  8.57061982e-01  2.08617997e+00
 -1.24931979e+00  1.35165000e+00  2.95893967e-01 -1.44812000e+00
  1.05808806e+00  1.13228011e+00  1.40754592e+00  7.65691996e-01
 -2.31112003e-01  3.14086020e-01  5.02326822e+00 -8.39775920e-01
  1.39938390e+00  3.47735977e+00 -1.18871593e+00  2.54807806e+00
  3.20641398e+00  2.98198390e+00 -8.65445971e-01  8.84846032e-01
 -5.25008023e-01 -2.46139973e-01 -3.29596013e-01 -1.99146199e+00
  8.45990002e-01  3.53007197e+00 -1.54614997e+00  5.57977974e-01
  2.82147193e+00  2.56263590e+00  3.88596028e-01  7.45460093e-01
  1.41639400e+00 -2.82874018e-01 -1.62502217e+00 -5.40926039e-01
 -1.90507197e+00 -2.47673202e+00 -1.37576604e+00  1.43858993e+00
  6.59593999e-01 -4.04160404e+00  3.71109390e+00  7.44949996e-01
  2.82306015e-01  7.81475902e-01  1.24114037e-01 -3.38503987e-01
 -1.82549214e+00  2.13382983e+00  2.32930422e+00 -1.43360400e+00
 -2.90699989e-01  7.90431976e-01  6.34779707e-02 -2.17046404e+00
 -3.44206005e-01  3.70533973e-01 -3.25767964e-01  3.85104001e-01
  1.80132806e+00 -3.95155001e+00  1.55704379e+00  1.33823204e+00
 -9.10637975e-01 -8.59566033e-01 -1.44276595e+00 -7.78973997e-01
  4.41919953e-01 -1.23916602e+00  6.34179950e-01 -1.95446801e+00
 -1.11472201e+00  1.72021794e+00 -6.15239665e-02  1.56963611e+00
 -4.21825975e-01  3.40446055e-01  1.34629989e+00  6.57211900e-01
  6.29610062e-01  2.05070806e+00  2.02471590e+00  1.17315926e-01
  6.41024113e-01 -1.64491391e+00  7.05412030e-01 -2.63149786e+00
  2.06633401e+00 -3.92644048e-01  2.46678025e-01 -1.44830203e+00
  5.90917945e-01  1.30105591e+00  5.16099930e-02 -1.83983004e+00
 -6.03763998e-01  2.30493999e+00  2.51421595e+00 -3.58491987e-01
  2.78014803e+00 -2.97071195e+00 -9.13751960e-01 -1.43799794e+00
 -1.95808008e-01 -5.16839981e-01  3.53424013e-01  5.12569427e+00
  3.46795330e-03  1.69895196e+00  7.36119673e-02  2.90276194e+00
 -8.12167943e-01 -2.25289202e+00 -1.65287971e-01  3.00328016e-01
 -3.13463986e-01  2.03559017e+00  1.63707006e+00 -1.16363013e+00
 -2.59161592e+00  1.18206191e+00 -5.79246044e-01  1.91576600e+00
  2.44671416e+00  1.94139802e+00  1.78079978e-01  4.11299951e-02
  7.26766050e-01 -2.18131208e+00  1.87722397e+00  5.50439842e-02
  2.32386589e+00  1.83876395e+00  8.19029987e-01  3.86984020e-01
  8.49683940e-01  2.74862623e+00 -1.45204997e+00 -1.31886601e+00]