[[ 1.35617006 -1.49584508 -0.75053996  2.63526487 -2.22803998 -0.46636999
  -0.35802001 -1.37558508  0.19472501  0.30539501  0.90649498  0.45703
  -0.851215   -0.88721502  0.71951002 -0.81023002 -1.51850998  0.50392997
  -2.71666503  0.94178998 -0.336775    2.11789989 -2.90894985 -0.80107504
  -1.08279002  0.37171     0.86429501  2.34734011  0.31619    -0.59312999
   1.34072495 -2.56243992  0.74646503  1.79331005  1.86710501  1.00004005
   1.50903487  0.53621501 -0.39181     0.20041499 -3.08216     2.05714011
   0.115095   -0.097885    0.47868502 -0.34459502  0.999385    1.68588507
   1.09520507 -1.86097002 -0.68546498  2.21589518 -1.39286995  0.09624
  -1.47715497 -0.74066496  0.52262497 -0.79385495 -0.0602      0.34873998
  -1.08701003  1.39390492  0.183865   -0.71812999 -1.75679505  2.98757505
   2.27605009  0.73789501  2.34308004 -0.085455   -0.36651999  0.65690506
  -1.05223501 -0.21700001 -0.99072504  0.32468501  0.113335   -0.54584998
   0.54054499  0.73107505 -0.70793504 -0.36720499 -1.00345004  0.51317501
   1.68437493  0.338835   -0.71162999 -0.075385   -2.18936491 -0.011165
   1.226825    1.58641505  1.63270497  1.00705492 -0.78475499  0.14632
  -0.319175   -1.12463999  0.11105     3.30796504 -0.025275   -0.41128501
   1.074705   -0.08508    -0.91668499  1.63710999  0.75933003  1.46794009
   1.51003492 -2.20694995 -0.46188501 -0.89244002 -0.56696498 -2.52131486
   0.77907002 -1.18474996  1.67255509  0.73986501 -2.04555011 -0.12307499
   0.07629    -0.57011497  1.32660997  0.99480999 -0.851035   -1.46809995
  -0.20647499  0.02797     0.51832503 -1.53518009 -0.85653496 -1.83506989
  -2.38678002  0.428155    0.26609001  1.39299011  0.48324001 -1.80083501
   0.93301499 -1.36793005 -1.18853998  1.31069493 -0.32737002 -4.69318962
   0.139195   -0.46085    -0.40242499 -1.72284496  1.67284     0.16237499
   0.2494     -0.33407497  1.03147995 -1.83906007 -1.28092504  3.43668985
   1.44809496  1.05005503  2.61235499 -1.23846996  1.46982002 -2.60930014
  -0.0848      0.24969    -0.424375   -0.14317     0.14201     0.32014501
   0.78509504 -0.69150996  1.70004499 -1.07489491  0.225355   -1.37650001
   2.82849026  1.43684506 -0.60214502  0.536125   -0.442      -0.057895
  -0.070845    1.79878998 -0.24118499  0.36596999  0.36759499  0.68805999
   1.53640497 -0.30768001 -1.00415993 -0.1538     -0.65757    -0.69460499
   0.75499499 -0.35702002  0.18905999  2.10473013 -0.09986     0.937545
  -0.19962999 -1.41038513]]