[ 7.66890943e-02 -1.70272753e-01 -8.42190832e-02  5.28213561e-01
  8.86058211e-01  1.35555446e-01  1.79183647e-01  1.15375721e+00
 -7.80011773e-01  6.97784483e-01  1.07843268e+00  7.07720041e-01
 -6.76833630e-01 -1.15627909e+00  8.08869004e-01  1.03993094e+00
 -8.86527300e-01  4.08345431e-01 -6.87519073e-01  9.95016277e-01
 -1.04813620e-01  5.46885431e-01 -2.32719988e-01 -5.15331805e-01
 -5.17513633e-01 -1.21698163e-01  6.94609106e-01  1.02589715e+00
  1.90672740e-01 -1.31635094e+00  3.69556397e-01  6.94236338e-01
  3.02300230e-02  8.29845443e-02  1.46458817e+00  6.06426299e-01
 -2.58605450e-01  8.90275419e-01 -1.09489985e-01  1.91254187e-02
 -1.22641730e+00  2.52942741e-01  1.55102086e+00 -8.63980055e-01
  6.19333625e-01  5.20466387e-01 -1.91363636e-02  2.69171804e-01
 -5.47486365e-01  8.63342702e-01  4.95629042e-01  4.73049074e-01
  7.13274539e-01  5.26717246e-01 -2.47192726e-01  7.25074530e-01
  4.68233615e-01 -1.21704549e-01  4.17325467e-01  2.28367284e-01
  7.53751755e-01  1.09722996e+00 -1.99609119e-02 -1.10772550e+00
  1.06892712e-01  7.01064527e-01  4.84121829e-01  2.68490016e-01
  3.35266352e-01  5.41190922e-01  5.92292726e-01 -5.17281830e-01
  7.01456428e-01  7.28708208e-01 -7.88215458e-01  1.07604909e+00
  1.20518994e+00 -2.29369983e-01 -4.38717276e-01 -1.45271730e+00
  3.37007254e-01  4.56690788e-02 -9.78997290e-01 -6.06654525e-01
  3.22263628e-01  3.91767234e-01  1.84745248e-02 -8.86790976e-02
  4.03889149e-01  1.39809102e-01  1.40863085e+00  4.41068202e-01
  9.82936397e-02  1.98742718e-01  2.19637260e-01 -5.18301845e-01
 -2.95761794e-01 -4.71546382e-01  6.78447306e-01 -9.29563493e-02
  4.34865475e-01 -5.59489965e-01  1.21038008e+00 -8.37127268e-02
  2.64233619e-01  1.03031266e+00 -5.85270941e-01  3.44087303e-01
 -4.33683664e-01  9.14259970e-01  8.81767273e-01  3.04054487e-02
 -8.89699981e-02  7.89979041e-01  6.03756368e-01 -1.08062279e+00
 -5.51436365e-01  1.08109087e-01  4.52201813e-01  3.43960017e-01
  1.68791437e+00 -2.56863654e-01  4.42007244e-01  9.03968215e-01
  7.24245533e-02 -1.72150803e+00 -1.46910280e-03  2.72319108e-01
 -8.63563597e-01 -1.46385181e+00  1.79568186e-01 -3.86965454e-01
  2.92349994e-01  1.29389077e-01 -2.24178210e-01 -8.90290812e-02
 -6.53224528e-01  9.59563777e-02  1.01497829e+00 -9.64511871e-01
  6.99181855e-01  3.70956331e-01  2.16345489e-01 -8.18406343e-01
  4.73135442e-01 -7.96318233e-01  5.76325476e-01 -3.77464563e-01
  9.07623649e-01  7.35204637e-01 -1.06766546e+00 -2.46038184e-01
  5.68312705e-01 -5.06256342e-01 -5.74754216e-02  9.68755484e-01
  1.34889555e+00  7.28369951e-01  5.83840907e-01 -4.20312703e-01
  3.96311790e-01 -1.89625180e+00 -3.42596382e-01  1.47299111e-01
  6.70334518e-01  2.91095406e-01  4.22145456e-01  2.05286574e+00
 -4.07208174e-01 -5.95093668e-01 -7.58209080e-02  1.47748530e+00
 -5.74621797e-01 -3.59655410e-01  2.22174540e-01  6.65354654e-02
 -2.02301830e-01  7.41620958e-01  4.26329046e-01 -8.56150866e-01
 -1.78127277e+00  7.02408195e-01 -3.87866378e-01  1.11178362e+00
  2.50252724e+00  8.36859107e-01 -6.26612723e-01  9.96458113e-01
  6.43566370e-01 -4.07263599e-02  9.40913618e-01  9.81982425e-02
  4.09345418e-01  1.25573540e+00  8.94867301e-01 -5.60489118e-01
 -2.99086362e-01  4.55440015e-01  4.33820903e-01 -1.11417271e-01]