[ 1.15631664e+00  1.83287334e+00  5.21313369e-01 -8.56153309e-01
 -1.17496692e-01  1.23335293e-03  2.36524320e+00  4.11653280e-01
 -2.42177677e+00 -4.57766622e-01 -3.79806668e-01  1.43626344e+00
  7.33980000e-01 -2.17866993e+00 -6.33256614e-01  3.24119955e-01
  6.26493394e-01 -3.70823413e-01 -1.74685669e+00  2.27512336e+00
  4.49156642e-01  2.20314336e+00 -1.14083338e+00 -2.72366643e-01
  7.86532536e-02  1.34127998e+00  1.77809668e+00  2.90493655e+00
 -3.59052014e+00 -3.68991351e+00 -2.00971341e+00 -1.13482666e+00
 -2.50933337e+00  3.38629931e-01  3.36484981e+00  8.90583336e-01
  1.39989996e+00 -2.89030647e+00 -1.19890666e+00  1.04193318e+00
 -1.97019327e+00  2.45325637e+00  8.62006664e-01 -3.44148660e+00
 -4.86873299e-01  3.87446731e-01  1.69055653e+00  2.83620089e-01
 -1.89657319e+00  2.51078010e+00  2.28244328e+00 -6.51836693e-01
 -3.13776642e-01  3.02773666e+00 -1.67491007e+00  5.05800676e+00
 -3.22962666e+00 -3.27998996e+00  1.63720667e+00  5.39720011e+00
 -1.18848336e+00  2.19898343e+00 -1.34105003e+00 -9.98766661e-01
 -2.68793344e-01 -1.24523319e-01 -1.38638651e+00  1.81975329e+00
  2.45736703e-01 -2.45356989e+00 -4.42493349e-01 -1.07926644e-01
 -7.84126580e-01  4.63400297e-02 -1.31877649e+00  2.34572005e+00
 -1.40575659e+00  1.93267667e+00 -1.12167668e+00 -3.89718652e+00
  7.59209931e-01 -2.73861313e+00 -1.07506700e-01 -2.82103300e-01
 -1.93667996e+00  1.55813658e+00  7.83576727e-01  2.40744996e+00
  2.10963309e-01  4.17718029e+00  1.48907673e+00 -3.81236672e-01
  6.81859970e-01 -4.16681623e+00  1.68378651e+00  3.38847995e+00
  6.77636623e-01  5.41333342e-03 -4.61676687e-01 -6.54089987e-01
  7.22519934e-01 -3.21354318e+00  5.71843326e-01 -1.13619995e+00
  4.15369654e+00  2.94451356e+00 -4.42575693e+00  2.86602974e+00
  1.03501332e+00  7.45133340e-01  1.12750661e+00 -6.53839946e-01
 -1.10166013e+00 -2.04528999e+00 -1.38262999e+00 -2.78784347e+00
  1.18740666e+00 -1.84980020e-01 -1.53304660e+00 -1.17731988e+00
  2.39926982e+00 -2.30134010e+00  1.64096344e+00  1.63512337e+00
 -1.74651659e+00  3.45003337e-01 -4.33003336e-01  5.63599654e-02
 -2.54714656e+00 -2.32084012e+00  1.39149994e-01 -1.23085999e+00
  1.69110668e+00 -7.03506649e-01 -7.54799843e-02 -2.13672996e+00
  1.21269667e+00 -8.60199988e-01  3.49081993e+00 -1.18841326e+00
 -7.46999979e-02  1.67993319e+00  1.60451663e+00 -2.40896320e+00
  1.82234669e+00 -6.81146681e-01  1.58610332e+00 -2.80990982e+00
  8.98276567e-01 -2.84044671e+00 -1.25355005e+00 -1.62468338e+00
  1.02796996e+00  2.92728329e+00 -2.62732315e+00  2.50182676e+00
  7.78533280e-01 -9.94746685e-01  2.07895350e+00 -2.31416988e+00
  4.75428629e+00 -1.27300322e+00  2.02711010e+00 -4.14877987e+00
  2.29238987e+00  7.64900073e-02  1.02253330e+00  1.75377667e+00
  2.08677006e+00 -4.28593308e-01  3.87056679e-01  3.71635985e+00
  2.39842010e+00 -3.58503371e-01  7.36876667e-01 -2.56436348e+00
 -8.51059973e-01  1.16161668e+00 -5.52460015e-01  6.36656702e-01
 -2.43359968e-01  3.31054688e+00 -6.31306708e-01  2.86131668e+00
  1.55752659e+00 -1.63906649e-01 -2.26348662e+00 -4.86033373e-02
 -3.93043309e-01 -4.15423363e-01 -2.80134010e+00  1.40554667e+00
  1.08573997e+00  8.78949940e-01 -3.34300011e-01  9.36419964e-01
  1.22332013e+00 -1.11414337e+00  9.01183307e-01 -6.06093347e-01]