[ 4.712945    0.19709009 -2.320365   -2.767975    2.374645   -1.93613
  2.66606     1.128595   -1.506355    2.516185   -1.0829351   1.2816701
  0.65783    -2.4258747  -1.19382    -1.3331851   1.067245   -0.27408504
  0.17008984 -0.10354006  3.5079951   2.72494    -2.96739    -0.5831001
 -0.37101507 -0.887495    2.32538     6.521135   -4.11788    -4.11109
 -0.718205   -3.23558    -2.54793     0.66799486  1.404065    1.6746701
  6.464005   -2.130575   -2.323015   -1.9382501  -2.07763     2.124465
 -0.36402    -1.27053    -0.21335    -3.201375    1.848775    0.35390002
 -3.24857     1.97538     3.152935   -1.01533    -1.1273899   1.30962
 -1.28408     3.5484052  -0.89588004 -3.7003498   1.88146     3.288985
 -2.31988     3.767315   -1.6972251  -2.15994    -0.388615   -0.47115505
  1.647875    0.9721401   0.15646505  1.481345   -0.755265    1.697515
 -2.086065    0.63471496 -1.802875    0.6989399  -1.9312401   1.40763
  0.13811    -3.757955   -1.0418301  -3.731515    2.310315    0.89153
 -0.56286     3.2101803   1.4683601   3.5901499  -2.532205    2.732105
  3.386275   -1.7953451   1.8979249  -0.8718498   0.30609     2.116915
 -0.638475    1.9990051  -0.635545    0.78872997 -0.3805449  -1.30322
  1.8851349   1.17592     2.88704     1.1478951  -2.662535    2.612395
 -0.26726997  0.20801997 -0.182935   -1.0655301  -1.2900801  -0.6789
 -2.8148148  -3.63838     3.70143    -0.728325   -1.88738    -0.02709496
  4.331965   -2.712995    2.4086199   1.342975   -3.293005    1.113795
 -1.7485951  -0.35791504 -0.39003992 -3.45724     0.03648999 -1.938415
  1.368045    1.04416    -2.460785   -2.98767    -1.1549749   0.502065
  1.3687851   0.42751992  1.97868     0.98009497  1.506515   -4.5210047
  1.673185    0.35238498  1.5541401  -2.42853     1.9716599  -0.38068008
 -0.80042005 -5.4137354   0.46308005  1.449785   -0.9139601   2.725595
  1.13568     0.2528801   6.173605   -0.39479494  3.4938698  -1.8179101
  1.64725    -1.7186799   0.13760996  0.97475     5.2122803   1.0318199
  1.60404     0.699175    0.694325    3.1993499   1.5058599   0.210915
 -0.16357994  0.59643984 -2.97444     2.78787    -1.108      -2.02248
 -1.6237998   3.32621    -0.5666001   3.0136948   1.04988    -2.93398
  1.75482     0.904765   -1.242115    2.44647    -3.429655    4.6079597
  1.90733    -2.19728     0.430955    0.99197495  0.53590506 -2.234895
  2.4673848  -0.12680501]