[[ 0.67963004 -0.25709251 -0.34259999  0.58240753  0.96569002  0.29438999
   0.240465   -0.03191251 -1.54903996  0.61901999  1.57588494  2.31959748
  -0.863195   -2.34300995 -0.58577996 -0.44283754 -2.05757761  0.36215746
  -1.19163501  1.30240738  0.64847249  1.65627003 -1.18057501  0.03609246
  -0.59072256 -0.62626255  0.90883249  1.69448256  0.66877502 -1.20914257
   0.45148498  0.01357251 -1.37461007  0.16999     3.48273754  1.37577748
  -2.38032007  0.5873     -1.6486299  -0.13416001 -0.4263925   0.38634002
   1.22280002  0.25879002  0.69664001  1.14047253 -0.3829475  -0.32911995
  -0.17630002  1.10064507  0.1896525   0.69185746  0.69259501  1.68622494
  -0.41440001  1.33565497 -1.08072758  0.182715    1.20421755  1.25505745
   0.12465496  0.61204499  0.39561495 -1.05688     0.22401251  0.91328502
   1.30544257 -0.03618497  2.15742517  0.12890752  0.17348003 -1.42744505
   2.39311504  1.89579499 -0.915205    0.97235     0.76420993  2.77103233
  -0.27570754  1.53445256  0.66277003 -0.49971497 -0.49690002 -1.32099986
   0.02555996  1.61504996 -1.00885248  1.27746248  2.03953266  0.48962751
   0.36063501  0.79102749 -0.43668249  0.92425001  0.80625498 -0.06804746
  -1.07906747 -1.29708743 -0.46784255 -0.27096006 -0.27140254 -1.34957504
   1.34186244  1.77245247 -0.2620475   1.94037759  0.59402007 -0.67410499
  -0.78493249  1.30212247  1.67938507 -1.8418951   0.45346498  1.51109004
   0.34854001 -2.52896738 -0.60329747  0.40684497  1.73743498 -0.175845
   2.68409753 -1.25150251  0.79955494 -0.47844505 -2.24323249 -1.23160505
  -2.01445746  0.47186005  0.05771    -0.02139251 -0.02773502 -0.65260255
  -1.91764748  0.12200248 -0.52557504 -0.28263748 -2.64319491  1.30273998
   1.01255     0.23221749  0.12324494  0.84069252 -0.42637253 -2.09621
   2.99313998  1.2132926  -0.36269748 -2.16815996  1.65046251 -0.79061747
  -0.66216749 -2.63811731  1.3769325  -0.71145749 -0.27967998  0.19939749
   0.9557575   2.18635249  0.10635746 -0.42312256  2.13839006 -2.79398251
  -0.52774751 -0.83985245  0.59662253  1.24209249 -0.34021005  2.1867125
  -0.72033501  0.30546501 -0.49823502  1.15148497 -1.82878006 -1.15702009
   1.12792253 -0.69148755 -0.15252012 -0.047915   -0.53639001  1.41759503
  -3.12327743  2.69500494 -0.85826749  2.97965264  3.96054244  0.12821001
  -0.72146994  1.25224495 -0.77146494  0.00661251  1.20853257  0.53869754
   1.84912515  0.274775    1.91456246  0.23590001  1.31369746  0.00480251
  -2.01765251 -0.98518264]]