[ 2.63751984e+00  4.17173296e-01  6.14589989e-01  1.42387998e+00
  1.20589340e+00 -1.57589638e+00  4.20823336e-01  7.44123280e-01
 -1.91192997e+00  3.23043287e-01  7.82299861e-02  3.13869357e+00
 -1.77126646e-01 -3.00639319e+00  2.34105992e+00 -1.12644994e+00
 -3.04506689e-01 -4.18813318e-01 -2.36343339e-01  1.29407334e+00
  1.75319672e+00  2.21954656e+00 -1.86874330e+00  3.24833244e-02
 -1.21141338e+00 -1.93261003e+00  2.64513314e-01  1.65316656e-01
  5.62830031e-01 -1.50773332e-01  3.82410020e-01 -2.90343314e-01
 -1.35796010e+00  1.03323996e+00  4.27788973e+00  2.63742661e+00
 -1.84099674e-02 -1.29436338e+00 -2.86719948e-01  8.97459924e-01
 -4.16900969e+00  1.01711667e+00  2.07334661e+00 -2.76086688e+00
  1.58669662e+00  3.63787007e+00 -6.69123352e-01 -1.38463986e+00
  1.17566705e-01  1.80948007e+00  5.67913353e-01 -8.32765922e-02
  1.13279998e+00  1.84923995e+00 -1.51374006e+00  1.25695336e+00
  5.64133346e-01  2.69574666e+00 -2.60003328e-01  3.88923001e+00
 -2.97863394e-01  7.90459931e-01 -2.38453314e-01 -1.33207667e+00
 -6.97033346e-01  5.06600142e-02 -6.33220017e-01  4.68870014e-01
  7.56403387e-01 -4.17760044e-01 -1.95780054e-01 -1.20470321e+00
 -4.09533262e-01  3.93448329e+00 -2.96316338e+00  3.60366702e-01
  6.44906700e-01  2.55300015e-01 -1.63485992e+00 -1.65046766e-01
 -2.03258324e+00  5.89966774e-02 -5.07486641e-01 -3.39859653e+00
  1.90074337e+00  4.00497675e+00 -2.18158984e+00  4.73630041e-01
  1.01550996e+00 -1.53586996e+00  1.26737344e+00  1.24470341e+00
  2.40987992e+00 -1.03467667e+00 -1.35092342e+00 -8.43366802e-01
 -1.58192670e+00  5.57659924e-01 -1.80709994e+00  8.47613275e-01
  1.51426995e+00 -1.80097997e+00  1.83627665e+00  9.48373258e-01
  1.63002002e+00  3.57900333e+00 -1.86490667e+00  3.81523371e-01
 -8.16170156e-01  2.74338651e+00  1.78023338e-01 -3.35924029e+00
 -1.20951998e+00  1.56949329e+00  3.13363433e-01 -3.46918011e+00
  1.42516339e+00  1.43199980e+00  2.45453313e-01 -5.61330140e-01
 -1.91059992e-01 -1.93587339e+00  1.31733334e+00  2.38351321e+00
 -1.52720320e+00 -1.69408667e+00 -5.42733259e-02 -2.18630001e-01
  7.34263361e-01  6.59982383e-04  1.35300016e+00 -2.14897656e+00
 -1.87811661e+00  1.00630343e+00 -1.61917675e+00  1.12084007e+00
 -1.86785328e+00  1.46761334e+00  3.08781028e+00 -1.01064003e+00
  1.47116661e-01  2.01644325e+00  1.97914660e+00  7.79119968e-01
  9.59653378e-01  4.81170028e-01 -3.46530050e-01 -2.63887000e+00
  2.47319674e+00  8.65639985e-01 -2.27569985e+00 -1.46266716e-02
 -1.56983662e+00  7.37399980e-02  1.40003368e-01  1.50822008e+00
  3.42623639e+00  2.77199364e+00  1.07591331e+00  1.06476665e+00
  2.68872666e+00 -2.07233644e+00 -6.09920084e-01 -1.61784661e+00
  2.54950017e-01 -1.68150023e-01  6.59169972e-01  4.04763365e+00
  5.39700031e-01 -9.40680027e-01  3.98333311e-01  2.30425668e+00
 -1.99123669e+00 -2.55481982e+00  2.00336337e+00 -2.61713296e-01
 -1.34891331e+00  3.43402672e+00 -4.29499932e-02  7.45967105e-02
 -3.17787004e+00  1.55666673e+00 -2.07814002e+00  2.06602979e+00
  2.17490673e+00  1.36753336e-01  1.65346336e+00  2.73105645e+00
  1.31563997e+00 -1.31456339e+00  2.14141679e+00  1.30297661e+00
  2.44763350e+00  6.95033312e-01  1.83491993e+00  1.13600671e+00
  3.64446640e-01  1.26240003e+00 -2.25392318e+00  7.12353289e-01]