[-0.5915682   0.86232984 -0.28031653  0.8441026   0.8375129   0.19933248
  0.6162657   0.16628663 -1.4841609   0.6056073   0.4487834   1.9224638
 -0.9692781  -2.145173   -0.23420167 -0.10373715 -0.64839894 -0.20826289
 -1.3806051   1.2685138  -0.07048266  2.0448875  -0.7326769   0.00448291
 -0.95044553 -0.8891762   0.86511475  1.9842685  -0.2154688  -0.6201955
  0.41705692 -0.6683673  -0.48629814  0.16386405  1.9474427   1.6874467
 -1.2152832   0.37407684 -1.7887155   0.02216014 -1.8861823  -1.1627418
  1.2054235  -0.5747798   0.6826047   1.3787007  -1.1725571  -0.27820674
  0.06810676  0.38116583  0.57711756  0.33687297 -0.0962387   1.1069523
 -0.65374404  1.0354756  -0.41798812  0.53353626  0.19506016  1.503748
 -0.29625374  1.176773    0.7471639  -1.1298      0.73956746  0.5403957
  0.4016001   0.60079867  0.7519918  -0.29655313  1.5425005  -1.1042532
  0.41821256  1.0542854  -1.4272573   0.91027594  1.2404134   0.33792755
 -1.217137   -0.02429412 -0.24479866 -0.7146259  -0.5047048  -0.78950197
  0.59782887  1.7555162  -1.0423702   0.9517802   1.0235239   0.82875335
  0.93367606  0.25508952  0.80646056  0.10362978  0.05431556 -0.4801796
 -0.76923245 -0.66762197 -0.22185902  0.95125663  0.9871483  -1.4731479
  2.1423693   1.0736766   0.6092963   0.7991746  -0.45005134  0.24647789
 -1.5117943   1.7855458   0.0918418  -1.2188098  -1.3182771   1.1122222
  0.85044837 -1.5248437   0.4121629   0.6818276  -0.12237369  0.2949349
  0.80775267 -1.1078367   1.5168086   1.5598353  -0.78563523 -1.4712794
 -1.1578399  -0.59069014 -0.03701609 -0.6749401   0.5448001  -1.1783307
 -0.5781657   0.6586203  -0.5123119   0.3105189  -0.68261105  1.1273339
  0.8392858   0.5705206   0.08942734  1.1212004   0.42361453 -1.15208
  1.1388654  -0.49353608  0.6108248  -1.4010103   0.7680266   0.00629902
 -0.07372203 -0.47901398  0.9326471   0.5683467   0.01427446  0.13124275
  0.96094894  1.1830006   0.8685088  -0.55902857  2.094911   -2.1560843
 -0.25560236 -0.55400723 -0.22858402  0.14204334  0.09717301  2.9499946
 -0.89967763  0.6792294   0.7308683   1.1419818  -0.85929745 -1.039434
  0.00964055 -0.3636593  -0.33999106  0.7827469   1.0976683   0.00999368
 -2.1323376   1.2746297  -0.6133103   1.3750192   2.3122      0.05089968
 -0.19244957  0.67815393 -0.19939223 -0.24703948  1.0975088  -0.2968765
  1.4288962   0.6208102   1.4138165  -0.07039931  0.14871243  0.622028
 -0.6446648  -0.04971612]