[[-0.69779998  1.05308008 -0.58974999  0.53201997  0.28058499  0.61316502
   1.04674506  0.53865004 -1.68735504 -0.46948001  0.317415    2.95757508
  -0.08811    -1.24295497  0.70127004 -0.249825    0.24849501  0.61502999
  -1.24305999  1.12644506 -0.65999997  2.32290006 -0.58898997  0.21867
  -0.66096497  0.68058497 -0.02047     2.46208     0.42923     0.26919502
   0.59906501  0.1913      1.58737004 -0.33383998  1.78919494  2.61116004
   0.10618     0.54549503 -1.14748001  1.42428505 -0.17991    -0.60324502
   1.05128002 -1.62962008  1.81413996  1.42527509 -1.85636508 -0.75931495
  -0.30694002  0.64139497  0.33623999  1.23892999 -0.29778999 -0.06336
  -0.46601999 -1.35848999 -0.61686999 -1.21270502  0.689345    2.23188996
  -0.61258501 -1.47651494  0.32176498 -1.58889508  1.68133497  0.05086
   0.30664501  0.74612999  0.81181496 -1.21875501  1.42649996  0.53171998
   0.84692001  0.40129    -2.06025505  0.57192999  0.233225    0.89372504
  -1.80797994  0.06892     0.02446    -2.29713488 -0.46932501 -1.14215994
   1.98225999 -0.05151    -1.14971507 -1.13603008  0.75917     0.58067
   1.24333501 -1.00084996  0.75491005  0.78261006 -0.57186496  0.10024
  -0.83269     0.50445002 -0.62793005  0.472085    0.85693002 -0.94523495
   1.18527007  2.16252518  1.28221011  0.43979999  0.55315     1.19087005
  -0.92186999  2.78144979  0.97528005 -1.18921506 -0.01711    -0.84805
   1.10262001 -1.22344995  1.25671995  1.04527497  1.17490995 -0.35396501
   0.27086499 -1.19752502  0.35682499  3.16142511  0.93782002 -1.20999503
  -0.29179001 -0.50745499  0.90398002 -1.47089493  1.75689995  0.53830004
   0.012755    0.11827499 -0.593665    0.28223002 -0.41850501  0.57606
   1.51582491  0.83063495 -0.58550501  0.27708     0.38748997 -1.20867002
   0.70028001 -1.82748497 -0.93524003  0.18627     0.13187     0.85501498
  -0.26410499  0.74391496  1.31464005 -0.61482501 -0.66967005 -0.014505
  -0.30703998  1.86321008  0.097375   -0.80454999 -0.062875   -3.16403508
  -2.22491002  0.2491     -0.18596999 -1.06104004  0.80415004  2.9157548
  -1.23933506  1.15518999  1.51750505  1.12331009  0.04245     0.96529996
  -0.01847    -0.51708001 -0.013295   -0.78327    -0.06094     0.19393501
  -1.6073699   0.15251499 -0.45765001  1.57712507  1.86239004  0.246915
   0.10619999  0.73568499  0.42116499  0.89160001 -0.16789001  0.92091
   0.62733501 -0.46039999  2.27167988 -1.42086995  0.51350003 -0.29448998
  -0.68053001  0.36303502]]