[-0.52720493  0.90599173  0.02425002  0.84735495  1.280725    0.5038266
  0.02540165 -0.68427163 -2.4087117   1.4120499  -0.500345    2.159665
 -0.39118335 -2.4360385   0.07973838 -1.1713934  -3.1348934  -0.5015633
 -3.2521217   1.5623535   0.41430834  3.1342533  -0.58840495 -0.29981673
 -1.0874583  -0.92444676  1.2445601   2.4022534  -1.1236333  -2.3669965
 -0.83128166  1.1608133  -2.0000648   0.12779164  2.8918848   1.6359817
 -0.70215005  0.58304995 -0.82498497 -0.27348667 -2.1878133  -0.5281617
  2.6062467   0.11100501  1.3722533   2.30757    -0.98989993 -1.76468
 -0.20705004  1.8908167   0.6635834  -0.7851083   0.02667663  1.3134066
 -0.8818967   2.3339384  -1.049245    0.01597834  1.3435067   2.104795
 -0.640505    1.0913483   1.1220466  -2.4557934  -0.46058333  0.1704567
  0.82032007  1.340025    1.1327267  -0.13690668  2.019575   -2.411975
  2.2657502   1.9619932  -1.6479133   1.0167199   0.56603837  1.6674417
 -1.2393917  -0.9819317  -0.41286    -1.5403982  -0.21713834 -2.3195333
  1.2609917   2.1538134  -0.79006505  0.79247665  1.4331833   1.0136384
  0.77147835  0.30334327  0.13943827  0.58793336  0.9888034  -1.51498
 -0.97026175 -1.444095   -0.28353998  0.64465165  0.44418335 -2.4969516
  2.1514266   0.8454817  -0.68278664  1.018695   -1.1081849  -0.19608335
 -1.7081565   2.8836334   1.9157552  -0.9768866  -1.9899616   0.9612934
  1.49602    -3.0836499  -0.01815668  0.89050674 -0.24384673 -0.39947668
  1.8239366  -1.3058451   1.9569966   1.6069502   0.26078504 -2.031995
 -2.3945868  -0.16455834 -0.56271833 -1.9300333   0.4775733  -1.96606
 -1.03202     0.8661433  -0.94083005  0.6957534  -0.23150335  0.33627164
  0.38622332  0.68786     0.8336367   1.330635    0.16680335 -1.9810785
  1.5001116  -0.5846183   0.02277    -2.2596714   1.4158367  -0.9555383
 -0.5231717  -1.8630233   1.4844351   0.748785    0.04864834  1.2325433
  2.5788867   2.6956098   2.9543219   0.49994504  2.9409084  -3.566313
 -1.4820819  -1.1142483   0.29958495  0.85363334  0.37938833  4.131185
 -1.4473834   0.01749329  0.61462504  2.0210016  -1.4162701  -0.69472504
  0.17511672 -0.13996665  0.6894584   0.5218666   0.81500506 -0.8448984
 -2.3333132   2.5832682  -1.4386019   1.4562231   3.5233316   0.86308
 -2.459445    0.81111336  1.2282383  -1.41049     1.7731615  -0.39860666
  1.01452     1.6406783   2.4392698  -0.01522167  0.26373336 -0.40165332
 -0.44946167  0.55485827]