[ 6.20917499e-01  2.03953767e+00  1.63800001e-01  6.98957443e-01
  2.25725985e+00 -1.75739974e-01  1.21153748e+00 -3.84062469e-01
 -2.34165764e+00  5.89372516e-01  1.94981253e+00  2.95958495e+00
 -1.54849005e+00 -2.39403510e+00  3.46322477e-01  7.46815026e-01
 -1.56299007e+00  4.69917476e-01 -2.65810990e+00  2.38966489e+00
 -3.25577527e-01  1.69608998e+00 -1.12438250e+00 -9.49774921e-01
 -1.16779494e+00 -1.24442744e+00  1.63781250e+00  2.39862013e+00
  3.71072501e-01 -1.21750760e+00  7.59159982e-01 -3.07452500e-01
 -9.03135002e-01  2.37627476e-01  3.57273269e+00  2.40679741e+00
 -2.76639485e+00  4.47445005e-01  4.90172505e-01  8.14102471e-01
 -2.34856510e+00  3.82180095e-01  2.54596519e+00 -1.87828243e+00
  8.70129943e-01  8.59055042e-01 -2.38607740e+00  3.47092479e-01
 -4.13590014e-01  1.57490253e+00  1.43898749e+00 -8.56037498e-01
  1.52910233e+00  2.45011997e+00 -5.49382567e-01  2.60846996e+00
  1.81280032e-01 -3.24995041e-01  2.41084766e+00  3.52320242e+00
  3.27795029e-01 -4.87625003e-02  1.36070043e-01 -5.76069951e-01
  1.41939759e+00  1.82206762e+00  1.64511752e+00  1.69237745e+00
  1.34572244e+00 -5.07030010e-01  9.54072535e-01 -3.10255480e+00
  5.62079966e-01  2.52848768e+00 -2.42333746e+00  2.97845006e+00
  1.81074262e+00 -6.07077479e-01 -2.97797489e+00 -1.05030000e+00
  4.21525031e-01  1.26272470e-01  2.19485015e-01 -2.04553008e+00
  1.19490504e+00  7.93344975e-01 -1.76135018e-01  1.14588761e+00
  6.29294991e-01  2.20297515e-01  1.79506254e+00  6.56985044e-01
  1.80082500e-01  3.77349928e-02 -9.49972391e-01 -8.10580015e-01
 -1.27321506e+00 -3.66782516e-01  7.91339993e-01  1.21766746e+00
  1.93272996e+00 -3.50266981e+00  3.34637213e+00  2.80712485e-01
  5.01549840e-02  3.17264509e+00  1.50297463e-01 -1.81075007e-01
 -1.30631757e+00  2.24371243e+00  1.78477263e+00  8.29750001e-02
 -1.04611492e+00  8.87104869e-01  1.81918001e+00 -2.75644779e+00
  8.15617502e-01  1.36934245e+00 -4.65532482e-01  2.14968014e+00
  2.16424990e+00 -3.09877491e+00  1.57612002e+00  1.62277246e+00
 -1.93206489e+00 -2.50133514e+00 -1.08735251e+00  3.03292394e-01
 -1.84033751e+00 -1.71058750e+00 -4.04770017e-01 -1.45942497e+00
 -1.19306254e+00 -1.63702488e-01  5.59884965e-01 -6.97552562e-01
 -1.01485264e+00  2.91884989e-01  1.85068011e+00 -1.19937003e+00
 -1.11640036e-01  1.26559246e+00 -1.12931752e+00 -7.44080067e-01
  1.96042490e+00 -1.51069498e+00  1.82203245e+00 -2.48865509e+00
  1.13470757e+00  6.84087455e-01 -5.80905020e-01 -2.06880003e-01
  7.85962522e-01  9.40812469e-01 -4.28182542e-01  1.73221493e+00
  2.79538512e+00  3.36725235e+00 -7.30949998e-01  1.49197757e+00
  3.19714499e+00 -1.11694741e+00 -1.95389748e+00  3.44002247e-03
 -1.14334941e-01  1.76190996e+00 -7.70865023e-01  2.37225246e+00
 -1.53257740e+00  1.31504750e+00 -9.39900279e-02  2.31089759e+00
 -1.83429003e+00 -2.17131996e+00  1.09345746e+00 -2.09531736e+00
 -7.19299972e-01  2.40761518e+00  2.01592520e-01  5.96245050e-01
 -2.87813997e+00  1.99806499e+00 -6.81547523e-01  1.92704499e+00
  3.25597000e+00 -2.49059990e-01 -1.85539246e+00  1.08791006e+00
  3.59737515e-01  1.39613998e+00  1.60597003e+00 -1.25943494e+00
  5.56760073e-01  2.29247999e+00  2.14152741e+00 -8.61884952e-01
  1.38748491e+00  1.15269256e+00 -4.71597493e-01  2.05699801e-02]