[-0.29671568  0.4696028  -0.22381714  0.16806997  1.5566685   0.25750142
  0.97547     0.82411575 -1.3734572   0.23770283  0.2947486   0.9366585
 -0.5932544  -3.3818088  -0.27898994 -2.41387    -0.3769      0.49193287
 -2.3162172   1.6034214  -0.52692574  2.2488358  -0.68904585  0.16888571
 -0.71653855 -0.6082985   1.0358071   2.92541    -0.7247857  -1.6382371
  0.5361785   0.46708137 -2.0079072   1.1886371   1.6208242   0.41109854
 -3.0275657   0.60979277 -2.19019    -0.71884006 -3.1195145  -1.4855629
  1.9592856  -0.86792564  1.3908541   1.5881857  -2.714047   -0.44473144
 -0.1728971   2.0903258   0.57861996  0.28797573 -0.54995286  1.8325958
 -1.1398056   2.33104     1.0536858   0.8086571   0.9900614   1.5858742
 -1.566027    0.71571857 -0.1400728  -1.2972172  -0.8989543  -0.23943
  0.17840719 -0.11589425 -0.09306716  1.0160457   2.4147801  -0.84704
  0.45694575  2.2692273  -1.6918728   1.5539072   0.8111157   0.62494147
  0.14689715 -0.14367148  0.99987423 -1.0167357   0.03260854 -2.5498545
  0.70624006  1.4967687  -1.2406914   0.8753601   0.43114    -0.28888002
  0.6271228   0.76985866  0.5668857  -0.9556871  -0.1392814  -1.646347
 -1.7270772  -0.83811706  0.3591171   0.5741314   2.3518398  -1.4021814
  2.7511616   2.3453755   1.0307443   0.8028472   0.06001718  0.5111357
 -0.5239044   0.7053414  -0.07818859 -2.534293   -1.0568415   1.0730457
 -1.2886127  -1.3145586  -0.33721852 -0.17307425  0.6148271  -0.30800423
  1.2702     -0.68589     1.5673828   2.4820285  -2.4365985  -0.9969471
 -1.8842256   0.16361573  0.5718314  -1.3014128   0.10052    -0.37368008
 -3.666567    1.22614     0.35145286  0.03943855 -1.3369901   1.9494373
  1.8818343  -0.38166714  0.6708072   1.3432914   0.8973428  -2.149033
  0.36672    -0.85259     1.3726357  -2.8548887  -0.0540343  -0.45166287
 -1.3349172  -1.7543614   0.74767005  1.6128542  -0.33911997  1.2298814
  1.993043    2.3309383   1.6145829  -0.95462006  2.9954956  -2.2079387
 -0.50596285  0.20037428  0.3512614   0.15047574 -0.71731144  3.36134
 -1.3068815   1.59566     0.78320426  1.00278    -0.4107372  -0.83156574
  1.6536758  -0.6251143  -0.15642715  2.555263    2.111953   -0.59661
 -1.66565     0.99323565  0.3128586   2.5493443   3.006144    1.4490529
 -0.39148998  0.3850014  -0.35398287 -0.7484414   2.8478227  -0.44554144
  1.8752842   3.174049    1.3836772  -0.04142564  0.7339929   1.62063
 -1.1432215   0.36461857]