[-2.36229986e-01  1.00555503e+00 -7.28467524e-01  1.07715249e+00
  9.36524987e-01  5.29475212e-02  7.01122522e-01 -7.45120049e-01
 -7.36145020e-01  1.60898495e+00 -1.13053000e+00  2.06581759e+00
 -2.05250084e-03 -2.63620996e+00 -1.55158496e+00 -1.22857511e-01
 -1.27574980e-01  5.24230063e-01 -4.21325088e-01  2.01453519e+00
  6.16334975e-01  1.20087242e+00  3.05155009e-01 -3.58485013e-01
 -6.81224912e-02 -1.53726745e+00  1.02190757e+00  3.03625274e+00
  6.71322525e-01 -1.16964757e+00  1.00380993e+00 -1.51669994e-01
 -1.25469756e+00 -1.06996000e+00  3.72159481e+00  4.37587500e-01
 -2.84456015e+00  7.04807520e-01 -2.07840252e+00  1.19529992e-01
 -7.03377545e-01  2.04230011e-01 -2.91044950e-01  8.94179940e-01
  3.20447445e-01 -2.67735004e-01 -7.65852571e-01 -9.40949976e-01
  7.20525086e-01 -9.37957525e-01  1.26770005e-01  3.87537509e-01
  3.95549834e-02  6.21320009e-01 -6.83707476e-01  1.46408999e+00
 -1.24794006e+00  7.26227522e-01  9.77407515e-01  1.56371248e+00
 -9.72757518e-01  1.07897496e+00  7.77639985e-01 -2.27309251e+00
  6.89742506e-01  1.67607999e+00  4.62417483e-01  1.35791743e+00
  1.14220262e+00  4.06389952e-01  1.48159504e+00 -1.13061750e+00
  4.48432535e-01  1.01230741e+00 -1.37061751e+00  2.41488004e+00
  7.34549940e-01  1.76973999e+00 -1.43105006e+00 -4.08454925e-01
 -1.56277508e-01  5.32057524e-01 -1.60340488e+00 -2.70487487e-01
  8.96252453e-01  2.61049986e+00 -1.12379503e+00  2.43223262e+00
  8.58410001e-01  5.41345000e-01 -1.31884992e-01  4.91900027e-01
  1.06164002e+00 -6.57677531e-01  5.12197495e-01 -6.10204935e-01
 -4.54967499e-01  6.42265022e-01 -7.61802435e-01  1.08765745e+00
 -2.20827490e-01 -1.88315749e+00  2.14748001e+00  5.83647490e-01
  1.02903247e+00 -6.98532462e-01  1.10305989e+00 -7.90757537e-01
 -1.84084499e+00  1.76000512e+00 -2.89199978e-01 -4.90354955e-01
 -1.17063498e+00  6.34399951e-02 -5.29557467e-01 -1.87556994e+00
  8.24217558e-01  1.28167260e+00  4.72307473e-01 -9.13612604e-01
  2.55329990e+00 -2.00136256e+00  2.72627258e+00  9.77117479e-01
 -7.47299910e-01 -5.38069963e-01 -4.69627500e-01 -1.32317513e-01
 -3.32944959e-01 -1.55850023e-01  5.25105000e-01 -1.16143751e+00
 -1.19346249e+00  8.21302533e-01 -8.40132535e-01  2.42057472e-01
 -3.14939260e+00  1.28744495e+00  1.12080014e+00  1.69072008e+00
  4.58499998e-01  1.59928250e+00  1.82539749e+00 -3.03677511e+00
  1.51040745e+00  2.25440010e-01  3.16494942e-01 -1.12933505e+00
  3.05551243e+00  7.20077395e-01 -5.95977485e-01 -1.45695496e+00
  1.18962526e-01 -8.02912533e-01 -1.09599483e+00  1.01247001e+00
  1.38131249e+00  6.21727467e-01  2.29579735e+00 -6.29200265e-02
  2.09819984e+00 -2.50233245e+00  3.61819953e-01 -1.15805244e+00
  1.16258752e+00 -5.83970010e-01 -1.07132494e-01  3.60037446e-01
 -6.98512554e-01  8.93217504e-01  1.51971996e+00  1.05519748e+00
 -4.52892512e-01  1.29975080e-02  4.99017507e-01 -5.12075067e-01
 -3.66172493e-01 -4.28710014e-01  3.10724759e+00  9.90907490e-01
 -3.40156007e+00  3.43719959e-01 -3.71115029e-01  1.92592239e+00
  1.30811250e+00  7.34889984e-01 -1.01447749e+00  1.89864516e+00
  1.72742605e-01  9.30440009e-01  2.88229728e+00 -6.23390019e-01
  4.00435030e-01  6.93642437e-01  1.37239254e+00 -7.15810001e-01
  1.09903002e+00  1.26310241e+00 -1.29667258e+00 -6.36139989e-01]