[[-4.79828000e-01  1.24664805e+00 -7.70319963e-01 -8.49504030e-01
   3.39319825e-02  2.00917983e-01  4.60559845e-02  4.77464056e-01
  -2.30643997e+00  1.72270602e+00  2.39424605e+00  9.72512007e-01
  -1.38710803e+00 -2.03210001e+00 -8.71882010e-01 -6.79481936e-01
  -6.66429996e-01  2.80868006e-01 -4.60679471e-02  1.75183799e+00
   1.93911982e-01  2.17124592e+00 -1.78585401e+00  1.18122204e+00
   2.30343997e-01 -9.37239885e-02  1.08583201e+00  3.27501597e+00
  -4.37987995e-01  5.77879906e-02 -1.55657997e+00 -9.44404021e-01
   3.42487925e-01  9.78483987e-01  1.04638394e+00  2.03828802e+00
  -3.99802041e-01 -7.24038005e-01 -5.18510008e-01  1.32142600e+00
  -9.07828033e-01 -1.53706200e+00  6.77549982e-01 -5.65598011e-03
   2.28458802e+00  1.30044398e+00  1.50452009e-01 -1.45667605e+00
   8.06371903e-01  1.20999401e+00  3.44864029e-01 -1.49035001e+00
  -1.50309200e+00  2.90084400e+00 -9.64767981e-01  2.11335793e+00
  -6.49927932e-01  2.06000803e+00 -1.64920330e-02  8.48307943e-01
  -1.80349982e-01  1.54445601e+00  7.03780019e-01  9.17980254e-02
   1.24215600e+00 -1.09482026e-01  1.24077003e+00  9.40259993e-01
   1.20774602e+00  6.57090044e-01  2.16093211e+00 -1.18163598e+00
   1.08562001e+00  2.60694027e-01 -2.65063412e+00  2.86708021e-01
   6.69098008e-01 -1.32354395e+00 -1.33819201e+00 -1.17345003e+00
  -1.94143600e+00 -9.40951967e-01  1.85594010e-01 -1.29749401e+00
   6.43648010e-01  3.06767993e+00 -3.04248791e+00  1.90379601e+00
   1.32722605e+00 -1.33767962e-01  1.58945394e+00  3.07111979e-01
   2.56156015e-01  3.20099711e-02  4.72631985e-01  4.14840055e-01
  -6.58905959e-01 -2.13459969e-01  5.78489971e-01  1.99941392e+00
   1.10216398e+00 -8.39640063e-01  1.75537798e+00  2.51862993e+00
   1.92556200e+00  4.91308002e-01 -6.98859483e-02  4.70460033e-01
  -8.55739969e-01 -8.41269970e-01 -3.54518013e-01 -1.00115604e+00
  -6.97658014e-01  2.06461797e+00 -7.89969945e-01 -3.08594589e+00
   6.56920016e-01  7.16957974e-01  1.21329594e+00 -1.13040998e+00
   3.20494008e-01 -2.89968796e+00  2.77739606e+00  2.32682796e+00
  -1.21584001e+00 -2.24032400e+00 -3.11218810e+00 -1.11362209e+00
   6.75201964e-01 -1.86923404e+00  1.52581804e+00 -1.09019399e+00
  -7.04856026e-01  1.15465202e+00 -6.19767928e-01  1.03552197e+00
  -1.52481000e+00  2.62633967e-01  6.99598050e-01 -1.20420027e-01
   4.80250001e-01  2.36865797e+00  1.42984600e+00 -2.40377597e+00
   9.78006065e-01 -6.77421999e-01 -3.36856008e-01 -7.13306022e-01
   1.19315796e+00 -4.27726007e-01 -1.96512794e+00 -4.07130594e+00
   1.02812400e+00 -1.86791992e-01 -5.21026015e-01 -1.08473401e+00
  -3.68518013e-01  1.04417796e+00  3.51779594e+00 -4.61007997e-01
   6.50218010e-01 -1.43965396e+00 -1.55883203e+00 -1.82150598e+00
  -7.52600431e-03  4.68504000e-01  3.44682026e-01  2.70847402e+00
  -2.09214032e-01  3.30822033e-01  9.04806066e-01  4.08944023e-01
  -1.45146809e+00 -1.44200795e+00 -6.07368040e-01  3.38559628e-02
   1.76637965e-01 -1.34273800e+00  1.99168007e+00  1.67255197e+00
  -2.62063195e+00  1.12517195e+00  7.02024041e-01  2.95956583e+00
   1.68283390e+00  3.59177983e-01  6.29606247e-03  8.67188025e-01
  -5.82222009e-01 -4.59520000e-01 -3.71799469e-03 -9.32053924e-01
   9.72959971e-01 -3.30464005e-01  1.43595934e-03  1.11097198e+00
   9.66605997e-01  1.63276396e+00 -7.67980042e-01  1.75745797e+00]]