[-0.10457858 -0.33516857 -0.6964928  -0.28914142  1.1030428  -1.3661957
  1.0376571   0.04790718 -2.6551285   1.181793   -0.1734143  -0.50886
  0.0998714  -1.2682886   0.14527    -0.6783857  -0.64281005  0.9913029
 -1.3807127   0.47302717  0.13960715  2.6304257  -0.8723785  -1.0888515
 -1.88827    -0.87741     0.61129004  1.1816629  -0.9927015  -2.0749257
 -0.42693713 -1.0782672  -1.1662242   0.90798575  3.5451581   2.0836244
 -1.7176586  -0.9970315  -0.79455     0.49122855 -1.4295113  -0.0851986
  2.4638543  -1.11592     0.58524853  0.96712875  0.04681854 -0.17509572
  0.8431371  -0.2747643   1.8250228  -0.6176629   0.9447742   1.91607
 -1.6735685   2.5077915   0.61889136  0.69786865  1.4235699   1.8430699
 -1.3619057   1.5414228  -0.18456137 -0.85232     0.7449629  -0.5106514
  1.4848986   0.9749771   0.55618143 -0.36055142  0.44304425 -0.8929014
 -0.37505427  0.63257563 -1.9494828   1.4426129   1.1257057   0.30563575
 -0.44121286 -1.50793    -0.12933138 -1.1130315   1.0309343  -1.9176614
  1.5143656   2.4202213  -0.7202557   0.22303717  1.5649313  -0.17660284
  1.4255441   0.5651828   0.40564284  1.0723914   0.11329145  0.36138994
 -1.3496301  -0.93442    -0.21409427  1.4054058   1.22042    -1.7732487
  2.5135899   1.5438944   1.0567243   0.36349717  0.19611141  0.44838285
 -2.2867887   0.5188257  -0.06699283 -1.4124585  -2.02941    -0.5240243
  0.9062214  -2.5088785  -0.45627713  0.98291284  0.8460756  -0.03357574
  0.8272629  -2.3326657   0.22174282  0.80609995 -0.50207996 -1.6454928
 -1.1757516  -1.9362471  -0.29649857 -1.752427    0.11117853 -0.7233899
 -1.3013214  -0.36730143 -0.8028458  -0.08528572 -0.45912436  1.68777
  1.6576786   0.20754854  0.97646     1.7658472   0.05516144 -2.3809743
  1.78922    -0.9257413  -0.31673145 -2.480816    1.8572156   0.78028286
 -0.17916572 -1.3472002   0.24807145  0.83927864  0.7491757   1.1388028
  0.25597286  1.46757     1.2241956  -1.0711356   2.8810027  -1.6144
  0.33905286 -0.21804287 -0.10038573 -0.1008371   0.9662943   2.26722
 -1.0927899   0.5403772   0.12143858  1.9982456  -2.7344158  -0.8081273
  1.1897773  -1.5151628  -0.42805293  0.68233144  1.0596472  -1.6241143
 -2.4614413   2.9368541  -1.8664657   0.7014299   2.91899     1.5394701
  0.3591371  -0.49288288  0.43525717 -0.06060002  0.6794229   0.09951569
  2.0973086  -1.6686472   1.0701286  -0.11251142  0.20740996  0.3443614
 -1.9305172   0.43102288]