[-0.8216      0.71669745  0.10409249  1.0905225   0.5127424   0.21714751
  0.90137506 -0.78240246 -0.6441076  -0.08874753  1.10526     4.0052204
 -0.41767007 -2.2412598   0.63772756 -0.3355075  -0.45202237  0.24371248
 -1.1891575  -0.25541496  0.43989748  1.6985974  -2.82354     0.58569497
 -0.5631975  -1.2549876   2.8925824   3.2914      0.07973504 -0.66332257
  0.25727752 -0.99795246 -0.8054875  -0.3672625   1.8513725   1.2756425
 -1.5971849  -0.37669754 -1.5499399  -0.34285498 -1.8050225   0.12245251
  2.8415275  -0.58013     0.58317506  1.90198    -0.901525   -0.12423751
 -0.9566225   0.05244499  2.50626    -0.4425825   0.1901825   2.0656023
 -1.3040326   1.143025   -0.06833747  0.6656525   0.57535     2.10401
 -0.68316996  1.1022974   1.1500474  -1.8857025   1.5657077   0.18007997
  1.1856325   0.42226744  1.1488101   1.7718699   1.1099825  -0.57691497
  0.14185506  0.37179255 -1.172565    2.591975    1.2939799   2.22002
 -1.0847374  -0.95668757  0.8235575  -0.83505005 -1.26433    -1.497975
  0.25782996  2.3710098  -2.2350903   1.928325   -0.48575008  0.75521255
  0.74225247  0.47960246  0.9567725   1.17973    -0.08173752 -1.9491049
 -2.40603    -0.41091752 -0.02977499  0.38432997  0.30598745 -2.5074625
  1.8832825   0.2530375   1.308395    0.70309496 -1.8025825  -1.0481575
 -0.27975488  2.7727528   0.100555   -1.6842575  -1.9208825   1.388965
  1.1837575  -2.6769376   0.609315    2.5616348  -0.59423    -0.08798745
  1.2829499  -1.640205    1.8296001   2.1507626   0.00971502 -2.7561524
 -2.1871524  -0.602125   -0.06875497 -2.1841326   1.767365   -2.899375
 -2.5018225   1.7813652  -1.7307075   0.8314274  -1.6815026   0.70022494
  1.9692376   1.93381    -1.16919     1.2848749   0.602675   -2.8322873
  2.496855   -0.1975425   0.6420649  -1.22962     2.4964924   0.18793496
 -0.49953747 -1.2859224   2.0176      0.87868506  0.19182248  0.35723
  2.7919025   1.5032873   0.6356125   0.10983002  2.6560798  -1.8201299
 -0.58284503 -0.43325496  0.19377501 -0.38918     0.02421749  3.939385
 -1.8286699   0.42612752  1.0253301   0.43727753 -0.794925   -3.32065
 -0.790825   -1.3557601   0.3251325  -0.6116225   1.639355    0.5322301
 -3.708015    3.2630901  -1.6800075   0.57590497  3.1258225  -0.429365
  0.19452995  0.99626756  0.34028754 -0.01927498 -0.786075    1.3012974
  1.4509051  -1.4229876   3.7395725   0.54537    -0.30533016  1.22189
 -0.995775   -0.78154004]