[-0.45328003  0.81739104 -0.55116403  0.56926006 -0.09776    -0.22120997
 -0.536345    0.14154904 -1.107521    1.7934551   0.955057    1.824539
 -1.2570441  -3.220866    0.439545   -1.023652    1.102726   -1.198797
 -1.417988    1.734514   -1.0189339   1.905084   -2.3856843   0.492042
 -1.129525   -0.034988    2.475349    2.0336418  -0.30663306 -0.04364603
 -0.22583398 -1.176726   -0.774032    0.06814697  1.9242809   1.795394
 -0.32346898 -0.349919   -2.1198459   0.64265996 -1.3485171  -1.27108
  0.556365    1.505708    1.0286      1.7781019  -0.80615103 -0.32682508
 -0.457651    0.29446697  1.640132   -0.318958   -0.92753994  1.376951
 -0.638212    1.437992   -1.354052    1.28545    -0.84160405  1.3147439
 -0.183283    2.6601288   0.76617396 -1.1338329   0.768506   -0.231576
  1.013272    0.829579    2.09974     1.434165    2.2629538  -1.3166931
  0.60925996  0.26117307 -1.2133629   1.479055    1.1014689   0.96557695
 -1.2856871  -1.6955811  -0.754406   -0.7675389  -0.349301    0.01884398
 -0.704112    3.779281   -2.185887    2.005116    1.247974    0.37568802
  0.318264    0.79314196  1.487268    0.02389302  0.225002   -0.65780795
 -0.87386703 -0.10204802 -1.4877809  -0.12599501  0.346581   -0.518484
  1.599038    1.310058    1.6167551   1.0462291  -2.2483048   0.876455
 -0.21780896  0.91079104 -0.926892   -1.1288779  -1.6342051   0.70759
  0.39304304 -1.539481    1.098148    0.92501605  0.44986805 -0.00444398
  0.57760996 -1.94505     1.164679    1.3586359  -1.5512699  -2.062636
 -0.56493795 -1.590409   -0.038571   -2.268901    1.7191521  -0.868388
 -1.6000271   0.25559098 -0.911754    1.221565   -1.5509931   2.723566
  1.7014968   1.861962    0.91384506  0.9134779   0.769769   -1.173737
  1.492375   -0.7762871  -0.278382   -0.97984695  1.662618    0.782428
 -0.47487098 -2.8820667   1.751701    1.2620541   0.804577    0.264947
  0.88508797  0.841657    3.387474   -1.2143452   2.561067   -1.7035372
 -0.684421   -1.2049159   0.403586   -0.22324097  0.28790703  3.681619
 -0.718738    1.8159282   1.7220129   1.381984    0.19118199 -1.179959
 -1.305754    0.61450094 -0.936372    1.47353     1.328202   -0.238312
 -2.8892932   2.811924   -1.1201081   1.5790169   3.7124074   0.511568
  0.80007     1.242025   -0.11690097  1.146155    1.8818909   0.9184691
  1.521405    0.610544   -0.20842895  0.540555   -0.14541799  0.80477095
 -0.44069806 -1.314805  ]