[ 4.95515764e-01  1.02948570e+00  2.22555771e-01  2.39823151e+00
 -5.73487163e-01 -9.58938658e-01 -2.20278531e-01  3.51101398e-01
 -1.81001580e+00  5.63168645e-01  2.28347278e+00  7.38817155e-01
  4.80465680e-01 -2.32523561e+00  7.13599980e-01 -7.25947082e-01
 -1.40696716e+00 -7.88975775e-01 -1.91043150e+00  2.72928286e+00
  1.88056719e+00  8.01878512e-01 -1.98667562e+00 -9.98322904e-01
 -1.27648008e+00  2.22430914e-03  1.96563148e+00  2.39646721e+00
 -2.15120003e-01 -1.30758286e+00  6.73172891e-01 -4.66511458e-01
 -4.96922880e-01 -3.45301449e-01  1.85220587e+00  1.77262998e+00
 -3.26755732e-01  2.83768564e-01 -6.08242869e-01 -1.66648552e-01
 -1.96395755e-01 -6.08457141e-02  3.27225745e-01  6.82224274e-01
  1.35884726e+00  1.63481712e+00  3.48308623e-01 -1.33174133e+00
 -5.03843166e-02  7.50652850e-01  2.52941430e-01 -7.24444270e-01
 -5.77341437e-01  2.44811440e+00 -1.25368714e+00  6.72700047e-01
  2.83512801e-01  1.74291289e+00 -9.18959975e-01 -5.67452848e-01
 -8.82830083e-01  2.36095023e+00  8.47295702e-01 -7.65581489e-01
 -1.07870436e+00  5.15864313e-01 -4.15498644e-01  1.72057843e+00
  2.21006560e+00  1.53044999e+00  1.35388565e+00  3.11074317e-01
  1.53512585e+00  2.13590264e+00 -2.37403607e+00  1.23902857e+00
  4.92571061e-03  1.65219426e+00 -1.26885021e+00 -1.46214139e+00
 -1.23222852e+00 -3.90137136e-01 -1.20450008e+00 -1.80767560e+00
 -7.61819839e-01  3.58426857e+00 -1.78734708e+00 -1.88103855e+00
  6.12382829e-01  9.54515755e-01 -3.71809989e-01 -5.75730026e-01
  3.70719969e-01 -7.15881407e-01  8.30814093e-02 -4.66697127e-01
  3.53857100e-01 -3.30800004e-02  1.56649148e+00 -4.02457379e-02
  1.77212274e+00 -9.88525748e-01  1.77882850e+00  1.35592568e+00
  6.18298590e-01  2.66392303e+00 -4.92295742e-01 -8.01143125e-02
 -8.33128169e-02 -7.14897096e-01  1.42757690e+00 -8.21295738e-01
 -3.21408510e-01  2.14971453e-01  3.29012871e-01 -1.27242982e+00
 -3.89600322e-02  8.62964213e-01  5.53699970e-01 -1.17963433e+00
  1.91968155e+00 -2.60832596e+00  1.01450706e+00  1.85795581e+00
 -1.70250583e+00 -9.90304291e-01 -8.11114758e-02  2.33854264e-01
 -1.21214222e-02 -3.46727586e+00 -4.76614267e-01 -8.76259983e-01
 -6.60135746e-01  2.05304551e+00 -7.16127217e-01  5.49514294e-01
 -1.54819846e+00  5.34017265e-01  6.03888631e-01  1.14548135e+00
 -6.01682842e-01  1.57333565e+00  5.72747171e-01 -2.13949847e+00
  8.15099895e-01 -8.13398480e-01 -1.12498574e-01 -1.71834862e+00
  1.88729155e+00 -2.84507155e-01 -8.99248600e-01 -1.51841724e+00
  1.82076573e+00  1.61592931e-01 -9.39670026e-01  1.05340564e+00
  9.21101511e-01  3.32509995e-01  3.10537577e+00  7.27415681e-01
  1.43025434e+00 -3.03839445e+00 -5.74035704e-01 -1.36666989e+00
  1.28148723e+00  5.55355728e-01  1.56010002e-01  1.55335140e+00
 -2.78343298e-02  2.08685741e-01  1.48259139e+00  4.04752821e-01
 -1.97461140e+00 -2.08706427e+00 -8.19612861e-01  3.67067158e-01
 -6.23627245e-01  1.28186429e+00  1.91953146e+00 -5.38354218e-01
 -1.97793996e+00  1.29973423e+00 -2.87478447e+00  4.63869989e-01
  2.54197145e+00  1.61847711e+00  8.06148648e-01  2.12302303e+00
 -6.75013885e-02  5.50655723e-01  1.45615578e+00  6.16908550e-01
  2.38703561e+00  5.05478501e-01  1.05473578e+00 -2.55257845e+00
 -3.91695768e-01  2.30489707e+00  3.40485871e-02  6.88711228e-03]