[-5.69057941e-01  8.87844443e-01 -2.64958173e-01  7.28090703e-01
  5.63763976e-01  3.57197940e-01  4.65653181e-01  1.89580426e-01
 -1.37424850e+00  1.05253875e+00  2.89495349e-01  1.85256839e+00
 -8.53838146e-01 -2.21218300e+00 -8.01926071e-04  7.82737657e-02
 -8.25301051e-01 -5.94297349e-01 -1.47489977e+00  1.33947361e+00
 -5.67923151e-02  2.08531785e+00 -6.84185863e-01 -2.80145220e-02
 -7.49075413e-01 -9.99619544e-01  9.60625827e-01  2.07342744e+00
 -6.10408723e-01 -4.41485405e-01  1.87993750e-01 -8.75455499e-01
 -3.62301618e-01  2.90573031e-01  1.58145523e+00  8.20608139e-01
 -9.17436421e-01 -2.09424049e-01 -1.92427111e+00 -5.73634692e-02
 -1.81799126e+00 -9.08422470e-01  1.08860540e+00 -5.09966433e-01
  5.86667717e-01  7.56343901e-01 -1.03036809e+00 -4.47391599e-01
 -1.12452187e-01  3.84043276e-01  8.03718328e-01  3.77478808e-01
  4.29962426e-02  1.38216352e+00 -8.18023860e-01  8.59877646e-01
 -2.77768970e-01  8.09689105e-01  3.14994752e-01  1.21529603e+00
 -2.56533623e-01  1.55252647e+00  6.72294438e-01 -1.07117426e+00
  7.93709099e-01  2.74442703e-01  3.64936978e-01  5.59911728e-01
  1.02078867e+00 -2.76473969e-01  1.46892416e+00 -8.78151119e-01
  8.12566876e-01  7.01288223e-01 -1.32913816e+00  6.58098638e-01
  1.05427921e+00  5.85529089e-01 -1.22987604e+00 -3.97277683e-01
 -3.93764049e-01 -8.21875453e-01 -6.17218137e-01 -1.01564133e+00
  9.54617187e-02  2.11626840e+00 -1.33741581e+00  7.40010798e-01
  1.10791957e+00  8.82499814e-01  4.31894243e-01  5.37504196e-01
  1.03679967e+00 -8.87609944e-02  2.87267923e-01 -7.19682813e-01
 -7.27505565e-01 -9.44096684e-01 -2.32697114e-01  8.73294652e-01
  1.10387719e+00 -1.62212670e+00  2.04347706e+00  8.64491463e-01
  4.57419038e-01  7.45142221e-01 -6.07610881e-01  7.93791339e-02
 -7.87079811e-01  1.53031862e+00 -9.45178345e-02 -1.27591002e+00
 -1.58530414e+00  1.18696415e+00  5.08449793e-01 -2.09533238e+00
  5.58549762e-01  6.49220347e-01 -2.35503316e-01  9.50318500e-02
  1.22498190e+00 -1.03977466e+00  1.73409259e+00  1.21605277e+00
 -1.23755717e+00 -1.96470511e+00 -7.78776348e-01 -6.51210070e-01
  1.75647717e-02 -8.29318643e-01  9.30039108e-01 -1.49211228e+00
 -6.74997330e-01  5.00459790e-01 -6.85626626e-01  5.48710227e-01
 -8.97000909e-01  1.27124310e+00  1.12865901e+00  8.50142181e-01
  1.33935362e-01  1.46373498e+00  6.10720038e-01 -1.30693936e+00
  1.34681308e+00 -7.45976940e-02  4.39685881e-01 -1.12505662e+00
  9.78046775e-01 -2.44690776e-01 -4.98684973e-01 -9.73638892e-01
  1.10464680e+00  6.00060642e-01  1.69414788e-01 -4.80645001e-01
  1.04018474e+00  9.10806894e-01  1.81009018e+00 -2.75014192e-01
  1.88335586e+00 -1.41190720e+00 -1.48503050e-01  1.02166710e-02
  4.75391835e-01  1.08492605e-01 -6.05329275e-02  2.88942432e+00
 -1.04196584e+00  1.12372088e+00  9.43449736e-01  1.10296214e+00
 -6.45901620e-01 -7.02307284e-01  9.14995670e-02 -4.10816878e-01
 -4.14558589e-01  4.42713410e-01  1.26323605e+00 -8.22389796e-02
 -1.82030082e+00  1.28505564e+00 -1.03586638e+00  1.31941414e+00
  1.82649612e+00  3.38019758e-01 -1.64405510e-01  6.54524326e-01
  2.46956735e-03 -4.83537197e-01  1.32527697e+00 -1.52071685e-01
  1.06455934e+00  4.74598378e-01  1.47026134e+00 -1.78849593e-01
  6.03874326e-01  8.94853473e-01 -5.63231170e-01  1.47457406e-01]