[ 3.2997999e+00  8.7112498e-01 -1.8606000e+00 -9.7602999e-01
  2.6054850e+00 -1.9605250e+00 -9.2869502e-01 -4.7143507e-01
  7.4625015e-02  3.1637099e+00  1.2928050e+00 -7.4359998e-02
 -8.2835996e-01 -4.5816503e+00  9.9730003e-01 -2.3393250e+00
  4.9076501e-01  1.0117900e+00 -2.2000098e+00  2.4247751e+00
  1.9156300e+00  4.5401950e+00 -2.0386350e+00 -3.4037950e+00
  1.3095000e-01 -1.0941600e+00  2.4261599e+00  2.2875950e+00
 -8.5536504e-01 -3.7141149e+00  2.7335548e+00 -7.6300496e-01
 -1.7398502e-01 -2.8118002e-01  1.5988849e+00  3.7416701e+00
  5.4249001e-01 -1.1405801e+00 -2.2588501e+00  4.7814000e-01
 -1.8184199e+00  1.3945650e+00  3.4112248e+00  1.8537698e+00
  8.0399998e-03  2.3634348e+00  1.0165850e+00 -8.5633993e-01
 -3.4861499e-01  1.1158301e+00  1.8849969e-03 -1.6178550e+00
  3.7423998e-01  2.2694349e+00 -3.5597498e+00  8.7312496e-01
  2.1798000e+00  2.8936949e+00 -1.7918600e+00 -1.0334150e+00
  1.5486050e+00  2.3418400e+00  1.5732750e+00  6.5207005e-01
  1.8893901e+00 -4.3326503e-01  6.6946000e-01  1.6804498e-01
 -6.5347999e-01 -1.9907004e-01  1.7549998e-01 -1.6170051e+00
 -1.1245949e+00  1.7441602e+00 -2.7672248e+00  2.6729450e+00
 -4.0084995e-02  2.9267797e+00 -9.6259999e-01 -2.9393151e+00
  7.5989962e-02 -6.2799495e-01  2.1871753e+00  1.4173399e+00
 -3.0364599e+00  2.2384501e+00 -5.4151499e-01 -1.1875499e+00
  1.9310503e+00  2.4239349e+00 -1.3061750e+00  3.3030504e-01
  2.3809848e+00 -9.7630501e-01 -1.5442997e-01  1.1876351e+00
  1.8111998e-01  1.7824900e+00  7.9435050e-02 -1.2936300e+00
 -1.1122501e-01  5.4418004e-01  9.0825009e-01  5.6554496e-01
  1.3300951e+00  7.4577999e-01 -2.3305402e+00 -6.6399574e-03
 -6.3713002e-01  2.0501699e+00 -2.1807501e-01  3.0329996e-01
 -2.4114199e+00  2.8833399e+00  1.1621200e+00 -1.4529350e+00
 -8.9266503e-01  2.2421551e+00  1.5810599e+00 -6.4930505e-01
 -8.1049800e-03  1.2622750e+00  1.1623200e+00  2.0755500e-01
 -2.8624148e+00 -2.1286900e+00 -1.1667299e+00 -2.0657248e+00
  5.3734499e-01 -1.7569650e+00 -1.2530050e+00 -1.7489848e+00
 -1.7670701e+00  2.0394492e-01 -2.9003100e+00  1.3505000e+00
 -1.7077851e+00 -6.4008498e-01  1.7650650e+00  6.6069961e-02
  1.3364451e+00  2.5451801e+00 -1.4603502e-01 -1.9750023e-01
 -2.0514500e+00 -1.5073450e+00 -1.5838799e+00 -2.2975249e+00
  2.3367701e+00  1.1900749e+00 -7.8882504e-01 -3.8482051e+00
  7.6705998e-01  1.9292200e+00 -5.1028452e+00 -6.2508994e-01
 -1.8451005e-01 -4.8600498e-01  3.5787053e+00  5.4612494e-01
  4.3920097e+00  5.7914996e-01  4.4199002e-01 -3.8494401e+00
  2.8075999e-01 -9.5373493e-01  9.2075503e-01  1.4830650e+00
 -4.2385149e+00 -2.0502400e+00  1.0060501e-01  1.7079997e-01
  1.1909449e+00 -1.0202992e-01  2.9925990e-01 -5.9170502e-01
 -1.4072850e+00  5.7895499e-01  1.4348100e+00  9.5509505e-01
 -1.9241049e+00  4.8615646e+00 -1.3053401e+00 -5.8700010e-02
  4.3801451e+00  6.1142004e-01  1.5976950e+00  6.8093503e-01
 -4.2449250e+00  9.9954003e-01 -5.9372997e-01  8.3684999e-01
  1.5552750e+00 -9.7447503e-01  2.0321300e+00  1.9938251e+00
 -1.9111251e+00  4.5479500e-01 -4.5745802e+00  5.4834992e-02]