[-3.9028010e-01  8.1599498e-01 -1.3713083e+00  7.4752504e-01
  6.7599326e-01  4.4164833e-01  4.7551000e-01 -2.2110333e-01
 -2.0231216e+00 -1.0215249e+00  1.3976717e+00  9.1226333e-01
 -3.4780002e-01 -1.7737516e+00 -6.4960831e-01  1.8841501e-01
 -1.0810583e+00  4.9210003e-01 -1.9005634e+00  1.9007317e+00
  5.5394500e-01  1.4874201e+00 -1.0654650e+00 -9.6353292e-02
  1.6038500e-01 -1.4179550e+00 -3.6884499e-01  1.5716799e+00
 -4.9342999e-01 -5.9541661e-01  9.0070659e-01 -2.4524669e-01
 -9.2268509e-01  1.3677834e-01  3.1083634e+00  1.8373400e+00
 -8.5227489e-01  2.7240336e-01 -8.0003166e-01  8.5889667e-01
 -1.0155116e+00 -8.2480663e-01  2.2375400e+00 -1.9532163e-01
  1.1602184e+00  2.2300301e+00 -4.0575996e-01 -7.0298336e-02
 -1.9484667e-01  6.2821168e-01  4.2998669e-01  9.1764998e-01
  1.6399835e-01  1.0252000e+00 -2.8990331e-01  8.7959164e-01
  5.4044503e-01 -1.3699929e-03  1.3010617e+00  9.2417163e-01
 -2.2588342e-02  5.4751498e-01  1.4975335e-01 -1.4919667e+00
  5.5439983e-02  2.4544993e-02  1.4971000e-01  4.5299503e-01
  7.0810658e-01  1.7354666e-01  1.3681401e+00 -1.1250101e+00
  1.4060749e+00  1.1366349e+00 -2.3486850e+00  1.4973167e+00
  7.0706666e-02  8.0851501e-01 -1.4139751e+00 -1.4600670e-01
 -7.1634334e-01 -1.5020984e+00 -1.5431334e-01 -1.9183999e+00
  5.7724828e-01  1.6038166e+00 -8.2225829e-01 -4.0959001e-01
  1.5054101e+00  3.5571334e-01  1.2552766e+00  1.1069299e+00
 -1.0815666e-01  7.4482495e-01  7.0225328e-01 -9.3964338e-01
 -3.2940167e-01 -7.6932001e-01 -1.3535003e-02  1.4826000e-01
  1.2887701e+00 -2.1912499e-01  1.4654533e+00  1.2178583e+00
 -2.7966002e-01  1.2712533e+00 -5.4444832e-01 -1.8756693e-02
 -8.1840163e-01  1.3148383e+00  6.1875504e-01 -1.5936732e+00
 -8.7022334e-01  9.4290835e-01  5.7871670e-01 -2.0507166e+00
 -5.3845167e-01  5.2816663e-02  3.4111834e-01 -1.9089834e-01
  1.2045649e+00 -1.4446667e+00  1.1315683e+00  1.1628684e+00
 -5.5747670e-01 -1.8519751e+00 -6.4051163e-01  9.7313005e-01
 -1.9664998e-01 -1.5482966e+00 -6.2398833e-01 -4.9767336e-01
  4.8061833e-01  5.9075332e-01 -1.3416998e-01  5.6237000e-01
  5.3648335e-01  1.3926016e+00  1.8974317e+00 -6.0042995e-01
 -2.4518831e-01  8.5988504e-01  6.2232667e-01 -1.7464150e+00
  1.9632268e+00  6.4243168e-01  4.0068164e-01 -2.3446951e+00
  1.8492317e+00  2.2733331e-02 -8.1713003e-01  8.0487663e-01
 -1.3100834e-01  5.7975000e-01  3.9674172e-01  2.8115496e-01
  4.9262992e-01  1.9054734e+00  1.2933499e-01  5.8249170e-01
  1.9192117e+00 -2.9517882e+00 -9.1871673e-01 -3.9952669e-01
  2.2360502e-01  3.3596003e-01  1.2980933e+00  2.1827099e+00
 -4.3408504e-01  8.5036331e-01  5.2924496e-01  1.3472233e+00
 -3.0854663e-01 -3.3122167e-01 -1.8100500e-01 -4.4042668e-01
  5.1704335e-01  1.2395949e+00 -1.8709166e-01 -7.2503328e-02
 -2.2342367e+00  9.2894173e-01 -1.4965601e+00  1.0595200e+00
  2.8958900e+00  1.2150799e+00 -1.1996050e+00  8.9361840e-01
  2.7411503e-01 -4.2104331e-01  1.6499950e+00  4.6161497e-01
  1.9535117e+00  9.9797660e-01  2.7716300e+00 -1.0736734e+00
  7.3840000e-02  3.2729837e-01 -5.2285165e-01 -6.2949330e-01]