[-7.3022139e-01  3.5734436e-01 -2.3280290e-01  8.0884141e-01
  6.7720139e-01 -1.3091956e+00  9.5098716e-01 -8.1855869e-01
 -2.3502069e+00  1.4794458e+00  7.0629853e-01  1.2876101e+00
 -1.9850049e-02 -3.2838829e+00 -4.1679558e-01 -1.3246400e+00
 -1.3348563e-02  3.2865000e-01 -1.0240099e+00  1.4940373e+00
  6.9953573e-01  1.9641743e+00 -1.3459328e+00 -2.5285718e-01
 -8.7571287e-01 -2.2596600e+00  8.0151862e-01  2.8415344e+00
 -8.8036865e-01 -5.2783000e-01  4.0941715e-01 -1.0521358e+00
 -1.2532027e+00 -1.0204430e-01  2.6032772e+00  1.0320200e+00
 -8.1405002e-01  4.4414300e-02 -1.4586470e+00  8.3518714e-01
 -2.6431487e+00 -1.0655671e+00  2.9167202e+00 -1.4824957e+00
  3.3472857e-01  2.4294612e+00 -1.0717429e+00  4.0978715e-01
  2.8008547e-02  1.4060544e+00  2.5411433e-01  1.7221773e+00
  1.0564572e-01  2.1902385e+00 -1.7560701e+00  1.6906856e-01
 -9.4294280e-01  6.8482861e-02 -8.8434353e-02  1.2454929e+00
 -1.2076713e+00  2.0995443e+00  1.6868527e+00 -1.8182744e+00
  7.1828854e-01  4.2208856e-01  4.0839860e-01  5.1677001e-01
  1.2342771e+00 -2.3799004e-01  8.3860004e-01 -6.6486436e-01
  2.9592568e-01  7.8680003e-01 -1.9618386e+00  1.9916856e+00
  1.5610371e+00  5.1641397e-02 -1.0817044e+00 -1.3283514e+00
  5.0565141e-01 -1.8148630e+00 -3.2117429e-01 -1.4728013e+00
  4.4322136e-01  3.8062401e+00 -2.4896424e-01  2.7614999e-01
  5.3674573e-01  9.7164291e-01  7.0978707e-01  1.7403714e-01
  7.7308571e-01  5.4784858e-01 -3.1109571e-01 -1.9256657e+00
 -1.9390544e+00 -1.1189858e-01  9.8831850e-01  1.3081129e+00
  1.7190994e-01 -2.6463928e+00  1.7888855e+00  1.3718485e+00
  5.8863860e-01  1.9282871e+00 -1.3435858e+00  5.4566997e-01
 -1.3713742e+00  2.1362071e+00 -5.4453713e-01 -1.2628757e+00
 -1.6033785e+00  2.3212002e-01  2.7154860e-01 -2.1145298e+00
  3.1999946e-03  7.8889287e-01 -3.8784266e-02 -1.3075771e+00
  4.5318860e-01 -5.6818140e-01  1.9437543e+00  2.5109973e+00
 -1.2190443e+00 -1.6857430e+00 -2.2435458e+00 -5.8030427e-01
 -1.2639085e+00 -2.0406899e+00 -2.1390030e-02 -2.2244415e+00
 -1.6368285e+00  8.2241565e-01 -3.3705285e-01  6.5009278e-01
 -1.2707857e+00  2.8774425e-01  1.6334156e+00  1.6630186e+00
  6.1381292e-01  1.7100214e+00  6.5845865e-01 -2.6958241e+00
  1.5434729e+00 -1.0551329e+00  1.0070699e+00 -6.3544285e-01
  2.1267056e+00  2.8172860e-01 -5.8057290e-01 -1.0446929e+00
  8.6598003e-01  2.3687859e-01 -7.3331290e-01  1.3213857e+00
  1.6992471e+00  1.9750013e+00  2.0825572e+00  3.7279004e-01
  3.1397116e+00 -3.2528555e+00 -5.4051721e-01 -6.0448849e-01
 -5.8651429e-01 -8.0870295e-01 -3.1405721e-02  2.3464758e+00
 -1.1768701e+00 -7.9071850e-01  1.1854013e+00  1.8763572e+00
 -1.8099986e+00 -8.8955146e-01  3.0743054e-03 -3.7198570e-02
  6.8861002e-01  2.3598285e+00  1.9138356e+00 -3.6618999e-01
 -2.4966102e+00  2.7982428e+00 -1.9750557e+00  1.4339014e+00
  3.0456772e+00 -3.2597283e-01 -2.2011563e-01  4.9050003e-01
  2.1157576e-01  1.4177428e-01  1.2892271e+00 -5.2404292e-02
  3.3938129e+00  7.8735858e-01  1.1986455e+00  3.1347999e-01
 -2.7842572e-01  4.2885002e-01 -3.6059138e-01  7.9058713e-01]