[-0.7801426   1.5692424  -1.0551801   0.814525    0.5883263   1.0819513
  0.26697123  1.5141814  -2.46273     0.7979989   1.230755    2.0396502
 -0.5098975  -2.8984714   1.4179201  -0.43555006 -1.3164363  -0.26558125
 -2.7394986   2.963505    0.926075    2.136299   -1.6147263  -0.51575744
 -0.03693001 -0.5726613   2.0845764   2.3458536  -0.28718126 -2.7548037
  1.194085    0.39608994 -0.2598712   0.05116499  3.7997763   2.2379575
 -0.03394873  1.3352839  -2.1806688  -0.5408701  -0.45312    -1.4591663
  1.3875875  -0.06971377  1.4690623   1.1935949  -0.95352995 -1.3550463
  0.7631074   2.1801786   0.8961837   0.11488502 -0.60224754  1.5495
 -0.902145    1.1156763  -0.663885    0.81791997  1.5592273   1.07384
  0.45404997  0.5677013   0.93779504 -1.1781464   0.5842975   0.230805
  1.5259249   1.0259075   2.5366302   0.23066     2.35008    -2.134044
  0.94531876  1.8812449  -1.8358363   1.215015    0.72333866  1.7191212
  0.11605126 -0.98538005 -0.43846    -1.5114      1.318435   -2.0907612
 -0.13584751  2.4362001  -0.60461     0.71974874  1.57501     0.19349995
  1.1834177   0.5841325  -1.0860449   1.3984463  -0.07542252 -0.8018224
 -0.60653496 -0.8460725   0.55107    -0.06288126  1.8661075  -2.519739
  2.97441     0.670545   -0.5576863   0.60380626 -0.34867498  0.29867622
 -1.6385449   0.7760987   0.84964997  0.26529872 -1.91631     1.8519137
  1.8274163  -3.0142176   0.16596502 -0.6359375   0.7806012  -0.7292625
  2.08293    -1.5203612   2.2234762   1.84162    -0.9847275  -1.0218087
 -0.8435975   0.33890498 -0.81334996 -0.87398624 -0.18419245 -2.2103448
 -0.45803756  0.26866496 -0.01930374  0.59474254 -1.2665486   0.96318257
  1.1010913  -0.37448996  1.4109737   2.125255   -0.56229496 -1.8674488
  0.5378262   0.3492763  -0.17534871 -2.3403225   0.904145   -0.5167725
  0.36087623 -2.3474085   1.016595    0.34339622  0.566005    0.02107006
  0.49325877  1.1032463   1.9298288  -0.6842063   2.64191    -2.230385
 -1.5242126  -1.0563787   0.266795    0.29732627  0.39881873  2.995731
 -0.01471002  0.52487504 -0.07181876  0.20843124 -1.6638564  -0.05148622
 -0.24206501 -0.2579075  -0.386415    1.8623338   1.1721724  -0.38577873
 -1.5733349   0.54438376 -0.5323737   2.6066723   4.1804423   0.39999124
 -0.5518425   1.4715039  -0.58229625 -1.4319162   1.1804975   0.49973
  2.7901      0.97526497  0.52123123 -0.23469624  1.7327888   1.131575
 -0.7366388  -0.00894125]