[-7.44978070e-01  1.34404600e+00 -9.82872009e-01  3.43007982e-01
  1.25476205e+00  2.03562784e+00 -8.70260000e-02  2.39939618e+00
 -2.60689402e+00  8.12492192e-01  1.69355011e+00  3.08287406e+00
 -1.93327978e-01 -2.87505794e+00  2.19568968e+00 -7.39771962e-01
 -1.39732409e+00  3.47979963e-01 -2.14153004e+00  3.85477209e+00
  1.75353599e+00  2.75699615e+00 -2.70331812e+00 -4.24243927e-01
  3.51991951e-01 -1.86400418e-03  2.33933401e+00  2.69377375e+00
 -3.59438032e-01 -2.35175800e+00  1.90398192e+00  1.09038997e+00
 -7.00977981e-01  6.61107957e-01  3.94983411e+00  3.01027822e+00
  1.21735215e+00  1.08076000e+00 -1.74418795e+00 -4.73767996e-01
 -9.10126030e-01 -6.08456016e-01  1.82827604e+00  3.98613930e-01
  2.00196600e+00  1.14698792e+00 -1.71411961e-01 -1.89364791e+00
  1.36870599e+00  2.87007380e+00  8.88294041e-01 -6.54529929e-01
  1.74879983e-01  2.08103228e+00 -1.38027215e+00  1.02168798e+00
 -1.10268402e+00  8.01105976e-01  1.64270782e+00  7.37717986e-01
  1.69755208e+00  8.54394078e-01  1.08201194e+00 -1.30603600e+00
  6.72123969e-01  9.69880372e-02  1.29846799e+00  6.52635992e-01
  3.50163007e+00 -9.03360099e-02  1.14064598e+00 -2.53512192e+00
  1.43967009e+00  2.37143397e+00 -1.87569809e+00  6.60914004e-01
  9.22190011e-01  3.01561594e+00  7.01373994e-01 -1.03885806e+00
 -4.70405966e-01 -1.90711403e+00  6.51431978e-01 -1.63477004e+00
 -8.10596906e-03  3.29301786e+00 -1.45850801e+00  8.64559948e-01
  1.82941210e+00  4.88325983e-01  1.02451205e+00 -4.63537991e-01
 -1.68708587e+00  1.73588789e+00  3.17241997e-01 -8.47641945e-01
 -3.80895972e-01 -4.42975998e-01  1.15264404e+00  2.92810023e-01
  1.75736201e+00 -2.10382175e+00  3.43306994e+00  1.13219190e+00
  1.04579963e-01  1.19570410e+00 -8.22093844e-01  7.70185947e-01
 -8.55303943e-01  3.79604042e-01  1.09179807e+00  5.66677928e-01
 -1.55151200e+00  2.56159782e+00  1.56579602e+00 -3.68337965e+00
  4.15220082e-01 -3.43369991e-01  1.37457597e+00 -1.32133210e+00
  2.44291615e+00 -2.23145199e+00  2.13724613e+00  1.68771803e+00
 -1.04496002e+00 -1.20516205e+00 -7.44939923e-01  1.51043606e+00
 -7.71209896e-01 -1.12777805e+00  3.77436072e-01 -1.82872009e+00
 -1.04316401e+00  2.26837993e-01 -2.06649989e-01  1.24066040e-01
 -1.89109993e+00  1.75562054e-01  1.81271207e+00 -1.52574599e+00
  1.51551604e+00  2.11281013e+00 -8.41261983e-01 -2.51575804e+00
  4.52550083e-01  6.91340089e-01 -3.94859537e-02 -3.21198988e+00
  2.57553995e-01 -6.35498047e-01  2.50399597e-02 -2.61210394e+00
  1.74433398e+00 -5.46920300e-02  1.14325190e+00  5.01921952e-01
  6.62821308e-02  2.09927607e+00  2.48175192e+00 -1.23362994e+00
  3.61601400e+00 -2.97131801e+00 -2.49211192e+00 -7.05520034e-01
  1.21647954e-01  4.44500558e-02  5.74231982e-01  3.24580193e+00
  4.36073959e-01  8.14505935e-01 -4.64057982e-01  3.78242016e-01
 -1.54814589e+00  8.10922027e-01 -8.66711974e-01 -4.11660016e-01
  8.70400667e-02  2.05034018e+00  6.65130019e-01 -4.27803993e-01
 -1.66752207e+00  1.27707398e+00 -9.11525905e-01  3.27000952e+00
  4.75616360e+00  5.32687962e-01 -1.69859961e-01  1.26769602e+00
 -1.17246008e+00 -1.86676598e+00  2.21371222e+00  1.25750196e+00
  3.45709419e+00  1.15907001e+00  5.24981976e-01 -6.31073952e-01
  9.84593868e-01  1.56906402e+00 -4.85286057e-01 -1.18512034e-01]