[[ 2.21869171e-01  1.01441002e+00 -1.93725824e-01  1.07376583e+00
   1.35955079e+00 -9.11666950e-02  6.99566603e-01 -1.31388326e-01
  -1.26320585e+00  8.23446671e-01  1.64806255e+00  1.66919422e+00
  -6.88081741e-01 -2.33235423e+00  1.75218916e+00 -6.16956631e-01
  -5.43083052e-02 -5.89150866e-01 -2.60839987e+00  1.74576251e+00
   7.78580030e-01  3.63055229e+00 -1.30521250e+00 -1.61158455e-02
  -5.76187491e-01 -5.34776648e-01  1.64701096e+00  2.60295995e+00
  -5.95735908e-01 -8.85158380e-02  7.52905051e-01 -3.78285845e-01
   4.30934111e-01 -1.10895578e+00  1.74160592e+00  1.85369428e+00
  -6.55144970e-01  7.73066680e-01 -4.44849968e-01  4.58641688e-01
  -1.87225246e+00 -2.83570011e-01  1.87467607e+00  8.15723181e-01
   1.91487328e+00  1.80700080e+00 -8.66385937e-01 -2.42850399e+00
   7.33698289e-01  2.13901011e+00  3.82823308e-01  9.48424101e-01
   4.10083532e-02  1.20350504e+00 -8.34215005e-01  3.21767469e-01
  -4.85510826e-01  2.26449092e+00  3.54097525e-01 -5.39244930e-01
  -3.33163341e-01 -1.07964138e-01  3.36035013e-01 -2.61853357e-01
   3.77783378e-02  6.65102482e-01  6.55962467e-01  9.33853388e-01
   1.11191424e+00  4.30601597e-01  2.02814929e+00 -2.08211088e+00
   6.64807479e-01  1.64293226e+00 -2.16895644e+00  1.70879428e+00
  -3.68986686e-01  1.22670174e+00 -1.18599836e+00 -1.44253906e+00
  -2.29617516e-01 -9.67062473e-01  8.72425238e-02 -8.11048269e-01
   1.24902582e+00  3.03165499e+00 -1.54271428e+00 -1.26883328e-01
   2.03983593e+00  1.53769509e+00 -1.90576633e-01  6.21541699e-01
   2.17741648e-01 -4.41258450e-02 -1.02011410e+00  7.32244174e-01
  -1.75671768e+00 -1.00359249e+00 -9.15301641e-01 -2.71741668e-01
   1.94099172e+00 -1.64973418e+00  2.11381245e+00  1.71768411e+00
   5.10287523e-01  9.90355810e-01  2.48173356e-01 -1.84253335e-01
   4.93749181e-01  4.10131653e-01 -1.70084178e-01 -1.57128324e-01
  -2.16006835e+00  1.62127177e+00  2.15083609e-03 -2.18207423e+00
  -1.19693335e+00 -2.67490804e-01  5.67221681e-01  3.49303325e-01
   1.58958006e+00 -2.72331238e+00  2.21491845e+00  1.67480914e+00
  -5.30277530e-01 -1.84042088e+00 -1.09168251e+00 -2.42661675e-01
  -6.51790818e-01 -1.99839640e+00 -2.11779992e-01 -1.28474005e+00
  -1.42558924e+00  1.02808177e-02 -1.16235836e+00  4.60141699e-01
  -9.57130750e-01  6.91503366e-01  1.27273242e+00  6.97405815e-01
   1.82863919e+00  2.77421761e+00  1.28881168e+00 -9.85045036e-01
   2.50202517e-01 -3.98008347e-01 -4.84255830e-01 -2.38069757e+00
   1.22733418e+00  9.76456642e-01 -7.88416515e-02 -1.94041745e+00
  -9.04500236e-03 -4.05883367e-02  2.33294209e-01  7.58203189e-01
  -3.06344986e-01  1.53278001e+00  3.98426755e+00  6.22604966e-01
   1.87503592e+00 -1.53925006e+00 -1.77843920e+00  9.14815903e-01
   2.88826684e-01 -3.24717482e-01  1.11210843e-01  2.77933693e+00
  -1.34525172e+00  4.42930023e-01  2.40805864e-01  4.82900023e-01
  -8.98254236e-01 -1.24312592e+00 -1.70271905e+00 -5.92424154e-01
   6.63862467e-01  8.39225849e-01  9.52403307e-01 -3.63841613e-01
  -2.42979415e+00  2.25512314e+00  5.67500095e-02  1.86114756e+00
   2.28242858e+00  9.32575067e-02 -4.57081715e-01 -4.57960804e-01
  -8.77434254e-01 -2.36350060e-01  1.43606424e+00 -1.84096988e+00
   1.11866840e+00  5.49900055e-01  1.33094996e-01  2.74450819e-01
   1.08378839e+00  9.83069976e-01  4.08432523e-01  3.70921652e-01]]