[-1.5471666e-01  7.6745504e-01 -4.6666641e-02  9.9850839e-01
  1.7376267e+00  3.3202502e-01  8.8194829e-01 -2.3459165e-01
 -1.5819935e+00  7.8094667e-01  7.2641164e-01  1.5841416e+00
 -6.0735661e-01 -3.5341997e+00  8.1029677e-01 -1.1532733e+00
  3.2623997e-01 -4.1802001e-01 -2.2990868e+00  2.9929984e+00
 -1.9653499e-01  3.4213431e+00 -9.1493827e-01  8.7738313e-02
  1.1300170e-01 -8.6907667e-01  3.2788169e-01  2.1157033e+00
  7.2310001e-01 -1.9352517e+00  9.8815829e-01 -1.0537200e+00
 -5.6456834e-01  2.1727832e-01  2.8118184e+00  1.2693650e+00
  1.5139002e-01  7.6519328e-01 -4.5036671e-01  5.0641173e-01
 -4.2629485e+00 -1.3956016e+00  2.0070283e+00  8.1134997e-02
  1.5649616e+00  3.1964552e+00 -2.0987265e+00 -2.1654217e+00
  5.0237668e-01  1.3314549e+00  6.3472325e-01  1.4849900e+00
  7.6636839e-01  2.4763784e+00 -2.0241885e+00  1.6154617e+00
 -1.5033684e+00  2.0277250e+00  1.0747000e+00  5.8248836e-01
 -1.2436800e+00  2.4333766e+00  4.6578670e-01 -1.9200884e+00
 -8.3168000e-01  1.6629534e+00  4.3073669e-01  4.6922502e-01
  5.4416996e-01  1.9379668e-01  1.1234534e+00 -4.1886330e-01
  2.2148767e+00  1.7543801e+00 -1.0858501e+00  3.2159717e+00
  1.9597367e+00 -3.1667998e-01 -2.1337199e+00 -8.9945668e-01
 -2.8416712e-03 -1.1788684e+00  5.5735505e-01 -7.2099328e-01
  9.6680158e-01  3.7559948e+00 -1.1035167e+00 -2.8672338e-01
  1.3657784e+00  1.9725116e+00  6.5510505e-01  9.1421641e-02
  1.2601784e+00 -6.2851828e-01 -2.0821829e-01 -5.4432172e-01
 -2.3190651e+00 -2.9912835e-01 -1.0295200e+00  9.9113655e-01
  1.4735800e+00 -2.4566648e+00  3.1952581e+00  1.5492668e+00
  2.3765166e-01  1.7006432e+00  1.1677166e-01  2.2523364e-02
 -7.6263331e-02 -5.5153411e-02  9.5206332e-01 -9.6526660e-02
 -2.0312366e+00  2.8381336e-01  5.2645171e-01 -1.9415432e+00
  2.9767501e-01  3.3851683e-02  6.5418166e-01 -7.8332829e-01
  1.4144017e+00 -1.5129615e+00  2.8947766e+00  2.1379950e+00
 -1.1692666e+00 -1.0046917e+00 -7.0704168e-01 -9.3583673e-01
 -4.4239172e-01 -2.4156101e+00  1.6055866e+00 -1.5325667e+00
 -2.2894750e+00  1.0637466e+00 -2.4092837e-01  8.1088835e-01
 -2.1266766e+00  9.9729174e-01  1.5920416e+00  1.3357183e+00
 -9.1473304e-02  2.5816617e+00  2.2927503e-01 -2.3740232e+00
  1.6904984e+00 -7.0563680e-01 -9.5716612e-03 -1.7793299e+00
  1.8992182e+00  6.7154336e-01  4.1452670e-01 -1.6384917e+00
  1.5614816e+00 -9.8748326e-02 -8.9852333e-01  1.6768657e-01
  2.2573002e-01  2.4913514e+00  2.6603801e+00 -6.0217005e-01
  3.1353703e+00 -2.1477916e+00 -1.5947299e+00 -1.2826496e-01
 -8.0824167e-01 -1.0651833e+00  3.3281335e-01  2.5736735e+00
 -2.0064282e+00  7.9043174e-01  1.6998199e+00  8.8450664e-01
 -1.4214650e+00 -1.3845053e+00  4.4503372e-02 -8.0491328e-01
 -9.2744984e-02  2.8398383e+00  4.5851496e-01 -4.7191501e-01
 -2.7993882e+00  2.2391398e+00 -9.0701669e-01  1.9427816e+00
  2.6931417e+00  7.3282838e-01 -1.7519268e+00 -9.0543658e-01
  1.8381834e-01  3.0251500e-01  1.0366250e+00 -5.5611336e-01
  2.0233049e+00 -1.4972335e-01  8.2119328e-01  1.0211999e-01
  7.9306835e-01  1.8752018e+00  7.7647829e-01  1.5692348e+00]