[-0.23153752  0.604265   -1.5491551   2.803905    1.7190549   0.59679496
  0.94275504 -0.467165   -1.97609     1.2903249   0.2980526   1.0603551
 -0.80520254 -2.3607075   1.06126    -0.9724325  -0.89661    -0.24778503
 -1.1801525   1.7620025   1.4608674   4.0151024  -1.4837174   0.11800253
 -0.6354174  -1.5015401   1.322015    1.9088424  -2.2256575  -1.1396174
  1.4577676  -0.2115125   0.022865   -0.11608505  1.7514175   1.7289826
 -1.8416826   1.9075274   0.182645   -2.0259924  -1.0037975  -0.61456
  3.5553222   0.17192996 -0.46906245  1.384      -1.59884    -2.9612474
 -0.99760747  2.3022325   1.3164549  -0.06993248  1.2005398   1.1204174
 -0.58919     0.848985   -1.8763901   1.7965175   2.5844774   2.3803973
 -1.5127676   0.8453975  -0.13918251 -1.733355    0.94190246 -1.17646
  2.2876549  -1.19685     2.1556675  -0.47919506  1.0732374  -2.24968
  1.307405    3.2596426  -2.8129125   2.5099573  -0.63968503  1.6630474
 -0.89409506 -1.222205    0.9974075   0.73662    -2.0361476  -0.628445
 -0.6412101   2.673785   -0.78192496  0.0763551   1.8434174   2.1476076
  1.7774075   1.2942625  -0.7115875   0.5857725  -0.41608    -0.031445
 -1.343405   -0.13145757 -0.2857475  -0.54496497  0.36260006 -2.85505
  2.0203724   2.1184275   0.05737999  1.3446676  -1.7098825   1.2650551
 -0.9922474   1.435785    1.2045275  -1.7644551  -1.4470125   2.487925
  1.0341976  -1.4867275   0.00839499  0.4731875   0.34019747  0.69231004
  1.5053775  -1.2991699   1.16288     2.6465101  -1.5241725  -1.2822475
 -1.0724723  -0.3116225  -0.53752506 -2.666635    0.64949    -1.7359176
 -1.1212826   0.5462351  -0.45147     0.23383498  0.38696247  0.9311725
  3.9805698   0.38972998  1.0729451   0.80477    -0.91315746 -1.6919951
  1.04137    -0.6476925  -0.16897994 -1.8764225   2.1782575   0.14375748
  0.16446745 -3.5057323   0.2944625  -0.72644746 -0.24949998  1.9442326
  1.25084     2.0899525   1.87181    -1.240705    3.2903175  -3.39034
 -1.8392501  -0.64869505 -0.2287975   1.32246     0.9384024   2.5969975
 -1.7156575  -1.1841199   1.119095    2.4750526  -0.77285504 -0.7989299
 -0.9141025  -0.7361826  -0.60792756  0.12685001  0.08344249 -0.21061258
 -4.915775    2.1215324  -0.38892752  0.284665    4.638795    0.0720225
 -0.6743      2.4872427   2.57931    -1.0281725   1.693355    0.9441426
  3.09863     0.9175124   3.1086302   0.16225496  0.305345    1.645005
 -2.29496    -0.12665749]