[ 1.6798400e+00 -7.8988498e-01 -1.1246150e+00  3.0728650e+00
  3.2804996e-02  3.8850009e-02  1.4327700e+00  3.4675601e+00
 -1.2499501e-01  3.6472399e+00 -5.1268494e-01  6.9713503e-01
  1.3513000e+00 -2.2242451e+00  1.4610851e+00 -1.9790950e+00
  4.9114999e-01 -1.7022101e+00 -2.9166551e+00  2.0654001e+00
 -6.2024003e-01  6.4985399e+00  9.3875003e-01 -8.4829497e-01
  3.7991998e-01 -1.8336149e+00  1.1648901e+00  2.0241098e+00
 -4.5630503e-01 -2.2802000e+00  1.3385251e+00  1.4878650e+00
  8.4345496e-01  5.5015999e-01  2.4266951e+00  5.3526001e+00
  2.5914352e+00 -7.5339988e-02  4.1460500e+00 -1.4783399e+00
 -3.6072402e+00  1.9026450e+00  1.8242300e+00 -3.9801997e-01
  2.9148495e-01  2.5299513e-01 -5.6923847e+00 -1.1345029e-02
 -1.7300500e+00  6.5064907e-02  8.8521004e-01  6.6580027e-02
  3.8430300e+00  2.6954651e+00  7.7243000e-01 -6.7629504e-01
 -4.5063100e+00  2.9832799e+00 -2.3330498e-01 -2.0709751e+00
 -8.2414991e-01  3.7147951e+00  1.2815100e+00 -4.1416496e-01
 -1.4650750e+00 -9.8515999e-01  2.1866901e+00  4.1537505e-01
 -1.1707500e+00  9.3039501e-01  5.9224999e-01 -5.4377496e-01
 -1.0106549e+00  1.0170949e+00 -1.7061850e+00  3.3300149e+00
  2.2146900e+00 -4.9218011e-01  8.6539984e-02 -5.5140001e-01
  2.9089100e+00 -3.4688485e-01 -1.5426493e-01  1.7079749e+00
 -1.6710149e+00  3.3136699e+00  2.4800497e-01 -1.5299799e+00
  2.6512651e+00  3.0407848e+00  8.4925997e-01 -8.7642998e-01
  8.4306002e-01 -1.8503401e+00  1.0506450e+00 -7.1570003e-01
 -4.2426949e+00 -1.7927992e-01 -2.2819850e+00 -1.5658100e+00
  5.3822500e-01 -2.1060550e+00  4.4487348e+00  2.3921051e+00
 -8.3369970e-02  4.6132798e+00  1.1678200e+00  2.6322000e+00
  1.2178050e+00  6.9988489e-01  2.1364999e+00 -1.4923800e+00
 -1.6331601e+00  2.8568101e+00  1.6677451e+00 -8.8905036e-02
  1.0351250e+00  1.3734500e+00 -2.2210002e-01  8.5922015e-01
  1.9054750e+00  4.5035020e-02  3.9785800e+00  1.2139499e+00
 -8.4038991e-01  1.1522551e+00 -3.4339964e-02  6.9559002e-01
 -2.0016503e-01 -4.1985703e+00  5.3223997e-01 -2.7608049e+00
 -2.2310553e+00  2.4297249e+00  3.1584495e-01  1.9101506e-01
  1.4468200e+00 -3.6701651e+00  4.3527703e+00  3.8199401e+00
  2.8289700e+00  2.4362149e+00 -1.2912494e-01  2.1309501e-01
 -1.2327993e-01  2.8060751e+00  6.8738997e-01 -6.3608899e+00
  9.0999007e-01  3.6722004e-01 -1.2675999e+00 -5.0146551e+00
 -5.3326499e-01 -2.2146499e-01  4.1027987e-01  2.0072100e+00
 -2.4047201e+00  1.4009349e+00  1.6285551e+00 -7.4905014e-01
  5.6469002e+00 -3.1096349e+00 -3.4700248e+00 -3.1218297e+00
 -4.2500499e-01  3.4652001e-01 -7.3248500e-01  3.0721900e+00
 -6.8446250e+00  5.3188497e-01  3.1884952e+00  6.7749000e-01
  7.0299864e-02 -1.7718302e+00 -3.4519801e+00 -3.2129350e+00
 -2.4792900e+00  3.0743201e+00 -2.3398399e-03  1.6830699e+00
 -5.3767099e+00  3.0330198e+00 -1.1258100e+00  1.2588600e+00
  2.6003900e+00  9.1801000e-01 -1.1308751e+00  1.8049449e+00
 -5.4021996e-01  1.9027600e+00  7.3775494e-01  4.6045500e-01
  4.7529354e+00 -5.0954497e-01 -1.9924949e+00 -3.5601850e+00
  9.2772996e-01  1.4222201e+00  6.3436002e-01 -2.0202100e+00]