[-7.5484753e-01  2.2813175e+00 -8.6287248e-01  4.9189252e-01
 -1.1292526e+00  4.4845736e-01  6.0016000e-01 -3.9398754e-01
 -3.2235575e+00  1.4618076e+00 -1.7497246e-01  3.3421249e+00
 -1.4748849e+00 -2.7242975e+00 -5.1738000e-01 -5.0243753e-01
  8.7096000e-01 -5.2589750e-01 -1.5299125e+00  1.8414725e+00
 -1.5501275e+00  2.7011976e+00  5.3086746e-01 -2.5966001e-01
  6.7352754e-01 -1.1009749e+00  5.1583004e-01  1.0877950e+00
 -1.0718524e+00 -3.7484249e-01  2.2495301e+00 -1.6920725e+00
 -2.3692050e+00  9.5983493e-01  2.7087500e+00  3.5501151e+00
 -6.0551745e-01  5.6269497e-01 -2.9380927e+00  9.7264004e-01
 -2.8611574e+00 -5.5699247e-01  1.5211525e+00 -1.7671500e-01
  9.5185250e-01  2.1161900e+00  9.1221505e-01 -4.9465755e-01
  1.1861253e-01  1.7316899e+00 -3.3134001e-01  1.8814776e+00
 -5.9005749e-01  3.0297325e+00  1.8565249e-01  5.1438999e-01
 -1.2538251e-01 -1.5578499e-01  6.1219251e-01  2.2009301e+00
  6.3804758e-01  2.1711700e+00  1.9594264e-01 -2.0374351e+00
  7.4880743e-01 -1.2460275e+00 -1.1498075e+00  7.1425498e-01
  6.5530008e-01  2.2572488e-02  1.2820475e+00 -7.0579004e-01
  2.4396749e+00  2.2626650e+00 -2.3289125e+00  1.6376324e+00
  5.7833499e-01 -3.6840004e-01 -1.6518250e+00  7.7792495e-01
 -1.6706725e+00 -2.3278525e+00  1.3746974e+00 -2.3038025e+00
  2.0676498e-01  2.9905400e+00 -1.7317924e+00  3.8069999e-01
  2.6803274e+00  9.3692504e-02  1.1517050e+00  1.3884400e+00
 -8.9372501e-02 -4.4437745e-01  8.8957000e-01 -2.5186000e+00
 -7.0486754e-01 -1.4399124e+00 -1.3480749e+00  1.8442400e+00
 -9.2862487e-02 -2.4789701e+00  1.3701174e+00  1.5535675e+00
  6.6273999e-01  1.3022450e+00 -1.3659475e+00 -7.1321750e-01
 -1.4970750e+00  1.4769003e-01 -1.2901499e+00 -3.1175599e+00
 -1.2216750e+00  2.3301575e+00  5.0732756e-01 -1.7034874e+00
  5.5557251e-01 -1.6549751e-03 -1.6170849e+00  3.7139249e-01
  3.0711274e+00 -2.2893476e+00  3.7658701e+00  3.0969751e+00
 -7.3855758e-01 -3.5581152e+00 -7.4232256e-01  7.2698009e-01
  1.0904150e+00 -2.9408774e+00  5.4125500e-01 -9.3888998e-01
  1.7923746e-01  9.6757233e-01  1.7907326e+00  2.4915874e+00
 -1.3754750e+00  1.9214176e+00  2.0657749e+00  1.7822199e+00
 -5.6811750e-01  2.0858750e+00  2.2845225e+00 -2.2383924e+00
  2.7095199e+00 -5.1121241e-01 -1.2752301e+00 -2.5936799e+00
  9.6535498e-01  8.4956747e-01  1.6997999e+00 -3.3719726e+00
  8.5833001e-01  5.1588500e-01  1.5887549e+00 -1.4425449e+00
  8.7031496e-01  1.7513551e+00  2.4300525e+00  1.1995976e+00
  1.5744576e+00 -2.3900526e+00 -3.8860500e-01 -9.2980003e-01
 -9.0464997e-01  1.5725501e-01  1.4338675e+00  2.1469223e+00
 -2.1422551e+00 -4.1486496e-01 -7.6391494e-01  3.2242074e+00
 -1.8462300e+00 -5.4990995e-01 -4.0089506e-01  4.4193253e-01
  1.6892003e-01  3.4517998e-01 -2.5033495e-01 -1.2234700e+00
 -4.1999702e+00  4.7687000e-01 -1.1317551e+00  1.5808724e+00
  3.3548398e+00  2.4759509e-01 -1.1554877e+00  8.3545500e-01
 -6.7895252e-01 -5.3753245e-01  2.9560578e+00  1.4448025e+00
  3.3739548e+00 -2.2590750e-01  1.6214550e+00 -4.4709501e-01
  1.5049651e+00 -3.5212509e-02 -6.2203753e-01 -1.9387825e+00]