[-1.8595192e-01  9.2913139e-01 -5.3239048e-01  6.9070333e-01
  9.4239181e-01 -1.5877192e-01  1.4094614e+00  3.5146281e-01
 -2.1701002e-01  5.5777818e-01  3.3316243e-01  2.2681270e+00
 -8.2741338e-01 -3.2632835e+00 -1.9552858e-01  9.3621586e-04
 -1.4849047e-01 -2.4907237e-01 -2.0908220e+00  2.0675800e+00
  6.8150818e-01  2.7293077e+00 -1.1800228e+00 -3.1104717e-01
 -1.2307730e+00 -1.0506616e+00  1.0483299e+00  2.0751204e+00
 -3.7726331e-01 -1.1398557e+00  5.4659235e-01  2.0887570e-01
  1.9417712e-01 -4.3163532e-01  2.0462766e+00  2.0686162e+00
 -1.5054438e+00 -4.4741753e-01 -1.5147042e+00  4.6179953e-01
 -2.0894825e+00 -1.2811053e+00  2.6502552e+00 -5.3958768e-01
  4.4388908e-01  7.7498615e-01 -1.5151384e-01 -8.3279002e-01
  2.8882614e-01  4.5647094e-01  2.3903143e-01  1.2034095e-01
  5.3939289e-01  1.3862820e+00 -8.3668101e-01  8.0679429e-01
  4.9564239e-01  2.9127902e-01  3.8765004e-01  9.8386294e-01
 -6.0061425e-02  1.4366838e+00  3.0210331e-01 -1.2336819e+00
  1.4993696e+00  3.7411433e-01  1.0960171e+00  1.2066457e+00
  7.9872060e-01 -4.4263998e-01  3.6984855e-01 -9.4773203e-01
  7.8319812e-01  6.9817668e-01 -2.3504643e+00  1.7703198e+00
  6.9943631e-01  3.8173336e-01 -1.1452234e+00 -2.3936003e-01
  1.5447190e-01 -1.2238429e+00 -2.7804664e-01 -3.6723756e-03
 -1.7470954e-01  2.3282900e+00 -1.8738518e+00  6.5893662e-01
  7.7502859e-01  2.0665571e-01  1.5075865e+00  2.4951447e-02
  7.1909708e-01  2.5620428e-01 -1.6168049e-01 -9.3766190e-02
 -7.5866729e-01 -1.1462371e+00 -5.1899093e-01  1.1623652e+00
  7.2571576e-01 -1.4430441e+00  1.5459299e+00  1.4799662e+00
  7.9435623e-01  1.8311962e+00 -2.0208886e+00  7.5310007e-02
 -1.1752456e+00  2.0497715e+00  1.2821370e+00 -9.0693712e-01
 -9.2160052e-01  2.6910961e+00  8.1334758e-01 -1.9564834e+00
  5.6333803e-02  4.2172951e-01  9.7210646e-01  8.0297625e-01
  1.7635229e+00 -1.4587119e+00  1.6111132e+00  1.7470447e+00
 -6.0187572e-01 -2.7788491e+00 -1.1136092e+00 -4.9635854e-01
  1.2162670e-01 -1.4718748e+00 -9.9348068e-02 -1.2930167e+00
 -8.4824616e-01  3.8045335e-01 -2.5003808e-02  9.6725747e-02
  7.2555743e-02  5.7174617e-01  7.1897942e-01  2.8922048e-01
  3.1761718e-01  2.3644495e+00  9.9520665e-01 -2.1232805e+00
  9.6464610e-01 -6.7199433e-01  6.9826519e-01 -8.8491488e-01
  1.9470627e+00 -1.1042999e-01 -3.0612618e-01 -9.3705148e-01
  3.4545481e-01  4.0683141e-01 -4.3597132e-02  1.8158381e-01
  4.8663896e-01  1.2138268e+00  1.4817262e+00 -5.1533811e-02
  3.1409841e+00 -2.0294724e+00 -6.5891877e-02 -3.3684906e-01
 -1.3557900e-01 -3.3340476e-02  6.6504186e-01  3.0452926e+00
 -1.0130510e+00  2.0603235e-01  6.1810100e-01  1.8208876e+00
 -7.0102996e-01 -1.3106287e+00 -7.1249431e-01 -9.5047861e-01
  9.6331990e-01  7.1287149e-01  8.6501050e-01 -4.2541575e-01
 -2.6177564e+00  2.5388985e+00 -7.9245198e-01  1.5658709e+00
  3.8706722e+00  5.4067802e-01 -4.0859666e-01  4.5971475e-03
 -5.8668619e-01 -3.2360381e-01  1.8354808e-01  3.5370958e-01
  1.6456110e+00  6.5665329e-01  1.7356782e+00 -5.0115615e-01
  5.8713391e-02  8.4396672e-01 -7.6536618e-02 -8.2211420e-02]