[[-0.80295501  1.00328504  1.21166004  1.40573996  0.29686749 -1.0008575
   0.22153248  0.8412025  -1.01738749  1.14030999  0.09437     1.90896749
  -1.14944498 -2.55642241  0.20216001 -1.31376751  0.11134252 -0.87068751
   0.76352246  1.48260503  0.34897001  1.15748749 -0.4078075  -1.66470507
  -1.97002748 -0.90473503  1.82449001  1.29021254 -1.61954249  0.40338498
  -0.38393503 -0.09525004 -2.29795754  0.53707996  2.13322002  1.03813495
  -1.46076003 -1.82408257 -2.88021743 -0.77878001 -0.39809752 -2.21157748
   1.05985752  0.72564499 -0.02523997  1.09699251  0.33115995  0.40049
  -0.29922253 -0.30110251  0.09184498 -0.47460501 -0.75072747  0.60375506
  -0.99503753  0.8299025   0.43680999  0.3075875  -0.31014504  0.61936252
  -1.00157754  1.52654253  0.03023497 -2.00811249 -0.31741504  0.59930749
   0.031785    0.43051751  0.49024251  1.08489254  1.89496994 -0.62079497
   2.1108551   1.91019246 -0.78597501  0.94333997  0.44656497  0.61256999
  -3.372895   -0.88693246  0.58822754  1.46314001 -1.40042005 -0.17836753
  -0.81792498  3.14592505 -1.63098249 -1.44670242  0.43278751  0.25105748
  -1.46050495  0.83036998  1.41123992 -0.56351     0.11734749 -0.44732999
  -0.61153254 -0.33610995  1.05808505  0.64538999 -0.11032997 -0.86156246
  -0.06181753  0.92061503  2.16064504  2.4024975  -1.46210004  0.2563475
  -0.41382247 -0.42036498  0.02553498 -2.26254499 -0.38185501  0.94290751
  -0.40188751 -2.15628499  0.61196746  1.02846998 -0.86036748  1.44719747
   1.99842    -0.94827753 -0.01230253  1.300165   -0.8882975  -1.84214497
   0.30238506 -1.59913749  1.38789989 -0.87065747 -0.46645001 -1.22817252
  -1.21198756  0.54367504 -0.41675502  0.17383748 -0.65683746  1.709565
   0.76328248  3.31830746 -0.08283001  1.40723249  3.02889997 -2.90062243
   1.56719252 -0.08476     1.21831249 -0.5944725   1.97696748 -0.40047001
  -0.19305001 -1.86957747  1.50213504  1.46985493  0.66506753  0.52884999
   1.21663502  1.45359243  2.24086753 -1.04611997  1.35946503 -1.2233299
   0.50020501 -1.54921496  0.79601748 -0.37157251 -0.97291499  1.64994754
   0.60840246 -1.29380749  0.213565    0.95038001 -0.09759995 -2.26626253
   1.24640505  0.890755    0.54685997  1.34265     1.95340748 -0.72991247
  -1.12053752  1.04715246 -2.39738758 -0.22318998  2.00978249  1.97058491
   0.31106001  2.53465506 -0.52331245  0.24104999  1.53577249  0.33983999
   1.77919495  1.14415249  1.98134747  0.00946005 -1.12738001  1.66329755
  -0.99843248  0.41076995]]