[ 1.08809985e-01  1.82634199e+00 -1.04920995e+00  1.61584795e+00
  1.01665998e+00  1.75157994e-01  9.10013020e-01 -8.29815030e-01
 -2.46952391e+00  4.65745062e-01  6.15686059e-01  3.25189638e+00
 -1.19642103e+00 -2.57988191e+00 -8.58115017e-01  1.86961010e-01
  2.32287019e-01 -3.71286005e-01 -1.60617793e+00  2.50574183e+00
 -3.75780091e-02  2.42494512e+00 -1.12519610e+00 -7.78538048e-01
 -3.88202012e-01 -6.63385987e-01  1.35662305e+00  1.79170918e+00
 -5.89142978e-01 -1.24696088e+00  9.42406952e-01 -8.70143890e-01
 -1.36164987e+00  3.19882959e-01  2.85680795e+00  2.11612391e+00
 -1.42384100e+00  1.12016702e+00 -1.99832416e+00  9.73998941e-03
 -1.48239195e+00 -3.54577005e-01  2.64457822e+00 -4.43024963e-01
  5.62532008e-01  1.82440495e+00 -3.59331995e-01 -1.28508687e+00
  6.25537992e-01  1.08972394e+00  1.12151003e+00  3.64242017e-01
 -3.78322035e-01  1.92422009e+00 -1.04870498e+00  1.39759898e+00
 -2.46080011e-01  4.01008040e-01  6.10020049e-02  1.55191398e+00
 -2.93760002e-02  3.14366996e-01  1.45796084e+00 -2.00384092e+00
  6.33276999e-01  7.77309000e-01  5.29044986e-01  1.62788486e+00
  1.80547202e+00  8.30400363e-02  1.80889821e+00 -1.19228995e+00
  2.06590891e+00  2.61163783e+00 -2.21424603e+00  1.92969775e+00
  1.15590692e+00  1.39889985e-01 -1.65212893e+00 -2.59318024e-01
 -1.00662613e+00 -1.82954001e+00  1.68989971e-01 -1.44767594e+00
  1.62358284e+00  2.48988104e+00 -2.02490616e+00  1.03686094e+00
  2.72074699e+00  2.70478994e-01  4.51496150e-03  1.18516612e+00
  3.70989025e-01  1.90213963e-01  6.97540939e-01 -1.32782197e+00
 -1.46451890e+00 -1.20065308e+00 -5.74499965e-01  7.07149863e-01
  4.64706033e-01 -2.55223608e+00  2.48752284e+00  8.53186011e-01
  4.07718986e-01  1.18155408e+00 -3.00235987e-01 -2.44092017e-01
 -1.81343210e+00  4.47028011e-01 -3.57939959e-01 -2.72054887e+00
 -1.48806202e+00  1.85113978e+00  6.53436065e-01 -2.65667415e+00
  9.22955990e-01  1.10536206e+00 -7.74527013e-01  2.62018979e-01
  1.98207116e+00 -2.00027204e+00  2.88018084e+00  2.55619097e+00
 -1.03042805e+00 -3.22023392e+00 -2.23976874e+00 -9.06307042e-01
 -2.97267020e-01 -2.17759824e+00  9.92061973e-01 -1.79859889e+00
 -1.17156911e+00  1.02315199e+00  3.35395038e-01  9.62638021e-01
 -2.16844082e+00  2.15933776e+00  2.12324786e+00  1.32702601e+00
 -3.29006970e-01  1.53743804e+00  1.29113889e+00 -1.59841788e+00
  2.39183211e+00  3.41502994e-01  4.81640011e-01 -3.49841690e+00
  1.50438595e+00  4.64582920e-01  1.31743109e+00 -1.30347896e+00
  1.08912587e+00  6.05583012e-01  9.02119994e-01  6.20009899e-02
  1.08853018e+00  2.34783411e+00  1.73162293e+00 -2.04269402e-02
  2.36713719e+00 -2.45857501e+00 -8.06351066e-01 -1.17381310e+00
 -3.32109034e-01  2.66933024e-01 -1.28541008e-01  2.45876074e+00
 -7.95266151e-01  5.37075996e-01  9.34479758e-02  1.25789595e+00
 -1.50016093e+00 -9.28545952e-01 -6.86013722e-04  4.55710180e-02
  3.56460989e-01  4.49747980e-01  5.35394073e-01 -8.08189988e-01
 -2.28134918e+00  1.50619197e+00 -1.16101801e+00  1.63124204e+00
  3.20602298e+00  5.84675014e-01 -1.17783606e+00  1.54554403e+00
  2.04170085e-02 -5.69286048e-01  2.91982508e+00  1.02890801e+00
  1.97109985e+00  7.73350224e-02  3.37903476e+00 -2.61509031e-01
  4.36661959e-01  1.11804700e+00 -9.96625900e-01 -8.66357982e-01]