[[ 0.08454117 -0.07048298 -0.57369707  1.31652235  0.31157589 -0.04773706
   0.22783175  0.80705234 -1.56049409  0.41776943  1.15832588  1.04568293
   0.47454586 -2.44108288  0.99399057 -0.47957351 -0.76998824  0.10782884
  -1.68673593  2.64094176  0.03365297  2.82407822 -0.83522173 -0.59726
  -0.78316471 -0.21336881  0.69927532  1.36325937  0.0457065  -1.41980939
   0.77538941  0.32625943  0.07435646  0.00341117  2.96979298  1.12586881
  -0.69868117  0.4841853   0.25358999  0.46418589 -1.99853886 -0.1182
   1.69685823 -0.45678349  1.18979179  2.29946234 -0.90571822 -1.62902234
  -0.49802178  0.69938765 -0.02630059  0.24595413  0.66755117  1.65807354
  -0.62204353  0.9702059   0.07449821  0.97278176  1.11959356  0.39939641
  -0.07411292  0.76992296  0.35431528 -1.1444847   0.07209411  0.82108294
   1.44487117  1.01965589  1.47427702 -0.44895824  0.75917766 -1.05732768
   1.24217765  1.52939294 -1.34816235  1.89361588  0.42801941  0.39036061
  -1.45363471 -1.77579353 -0.60516764 -1.29543057 -0.44319466 -1.03145056
   0.4964853   2.61236587 -1.29472588 -0.61809884  1.99866826  0.97040529
   1.24450762 -0.04809585  0.25812588 -0.02999647  0.77187825  0.0521641
  -0.55450889 -1.10015589 -0.21359174 -0.54674822  1.47975058 -0.8081865
   2.21392232  1.8982294  -0.32596234  1.36608645 -0.29127998  0.48015471
  -0.74271354  0.61376353  1.24322822 -0.2727853  -0.65162294  0.03630177
   0.6888253  -1.83083769  0.00508529  0.35324589  0.90264055 -0.64168237
   1.62332883 -1.04150237  1.09145355  0.69800472 -0.16153998 -1.69550764
  -0.89823878  0.01827648 -0.44898295 -2.16482414 -0.39351764 -0.90202293
  -0.38652707  0.18889291 -0.38540885  0.27209294 -0.84476295  0.54450353
   1.95812175  0.02654177  1.19400531  1.18010355  0.06114235 -1.24951294
   0.67765708  0.12701411  0.35671117 -1.92218946  0.43559295  0.45436001
  -0.74051119 -0.65266293  0.67181297  0.02250294  0.43230765  1.43584468
   0.26485825  0.96962884  1.7237406  -0.47530473  2.19681653 -2.12476178
  -1.08833762 -0.15655765  0.32906764  0.30735704  0.74364648  2.48278703
  -1.57113941  0.17141704  0.90905239  1.07665762 -0.59662234 -0.956403
   0.11846824 -0.51667118  0.25115298  1.14055705 -0.00411529 -0.65629
  -1.81691591  1.62417298 -1.39538939  1.5205106   2.43991179  0.91342059
  -0.77390353  0.16128058 -0.19316883  0.59225766  1.49673002 -0.02707883
   1.78498589  0.80363764  1.07027119 -1.45849294 -0.09422237  1.24797118
  -0.0573806  -0.01845943]]