[[-0.69457315  0.18648312 -0.17764893  0.6492042   0.35765889  0.48841687
   0.72087002  0.50263801 -2.02706628  0.57547424  0.82707526  1.44738368
  -0.01059106 -1.78879688  0.88503787 -0.4232905  -0.87278266 -0.27488794
  -1.82186468  2.0577252  -0.29122684  2.52786536 -1.47921321  0.33396681
  -0.51152842 -0.71684155  1.1595195   1.76716835  0.36873833 -1.72542311
   1.09442209 -0.12719791 -0.66355218  0.55023364  2.28056617  1.08353936
  -1.31613782  0.1685921  -0.87341098  0.13510734 -1.76325728 -0.00834898
   1.33802635 -1.29614097  0.9603138   1.12737264 -1.03212678 -1.31059616
   0.01781471  0.84818258  1.20682576  0.70920578  0.03717209  1.50152056
  -0.62559896  0.4519832  -0.39828627  0.91930841  1.05226165  1.71808705
  -0.66510261  1.13189256  0.18050312 -0.71874583  0.66079526  0.67900843
   0.49550107  1.46184741  1.19398047 -0.43142208  0.70254316 -1.50056096
   0.64682052  1.07517744 -0.7798473   0.95593372  1.12811089 -0.06072155
  -1.43264891 -1.35943001 -0.14548791 -0.70873632  0.22619739 -1.209822
   0.36036213  2.17673573 -0.39039263  0.39694159  0.59453056  0.63910785
   1.59599947 -0.60741736  0.32050793  0.48150951  0.09382004 -0.28863212
  -1.32541958 -0.59641045  0.70767428  0.65216526  0.8035579  -2.03983468
   1.92286843  1.18827218  0.2582784   1.38637312 -0.73646525  0.5538169
  -1.63514308  0.9495179   0.85998696 -0.56116159 -1.17127328  0.76323158
   1.04971514 -2.18161191  0.56807317  0.4077163   0.80670839 -0.39740055
   1.52137676 -0.46417211  1.64402891  1.73644377 -0.8565726  -1.36004839
  -0.76278792  0.08687109 -0.814057   -1.66376455 -0.14916318 -1.23317327
  -0.80325639  0.71610631 -0.1006158   0.1142395  -0.64523366  0.23170373
   1.75210832  0.08745212  0.4161579   1.28487948  0.61406733 -1.36732433
   1.35892205 -0.72713004  0.48716374 -1.3043768   0.48511415  0.01471314
  -0.74404892 -0.40103895  1.12119956  0.28957156 -0.36206893  0.58236107
   1.24791055  1.30084218  1.12026566 -0.65814997  2.7095873  -2.03509401
  -0.46996573 -0.44339998  0.01031366  0.38994265  0.11236424  2.00357377
  -0.87124985 -0.52588001  0.88996686  0.6630495  -1.45315522  0.03560322
  -0.06598581 -0.32869788  0.39528787  1.78465171  1.29578841  0.25863055
  -1.9645205   1.92193804 -0.98805167  2.25929461  3.17628379  0.44281794
  -0.29917423  0.09394105 -0.27514525 -0.19219372  1.25132149 -0.21019368
   2.2796145   1.23696327  0.71497792 -0.53369577 -0.15216684  0.72829156
  -0.26714634  0.10989845]]