[[-1.12390420e+00  5.57289627e-01 -1.39886804e-01  1.02442469e+00
   1.23860645e+00  8.50617971e-02  3.77128927e-01 -1.75737164e-01
  -1.76088615e+00  7.30297163e-01  8.91289317e-01  1.58179714e+00
  -1.05171719e+00 -2.59648367e+00  8.09325218e-02 -5.83919323e-01
  -1.20740182e+00 -3.29168596e-01 -1.33271007e+00  1.52811114e+00
   7.35482154e-01  2.39612075e+00 -1.33779618e+00 -3.55203908e-01
  -1.60022968e+00 -7.27062115e-01  1.44713292e+00  2.01707593e+00
  -2.80684648e-01 -8.84023994e-01  1.05412718e+00 -9.88818153e-01
  -9.60350999e-01  4.22718928e-01  2.85304763e+00  2.16232050e+00
  -1.87308186e+00  7.59974957e-01 -1.35310698e+00  6.34138935e-01
  -2.32351552e+00 -1.07625886e+00  1.67742299e+00 -8.14931114e-01
   1.12308139e+00  1.30429176e+00 -1.02588561e+00 -8.97467505e-01
  -3.99834649e-01  9.04462899e-01  7.81033974e-01  5.73295369e-01
  -9.91853603e-02  1.70742203e+00 -9.68686505e-01  1.37119525e+00
  -2.06902490e-01  8.42162127e-01  3.91346042e-01  1.80086100e+00
  -5.73172190e-01  1.41456397e+00  9.43548931e-01 -9.91453994e-01
   8.44012160e-01  2.30991798e-01  7.45228537e-01  1.01310035e+00
   9.61008839e-01  5.45896720e-02  1.48767079e+00 -1.62846588e+00
   1.26957686e+00  1.61296449e+00 -1.03221892e+00  6.90043524e-01
   1.57213533e+00  5.58787046e-01 -2.44683980e+00 -4.56717135e-01
  -1.74988194e-01 -5.44101076e-01 -7.77426157e-01 -1.27203144e+00
   1.62275361e-01  2.63573719e+00 -1.21392677e+00  2.20371432e-01
   1.01913427e+00  1.81339958e-01  6.42628557e-01  1.17365741e-01
   9.87777899e-01 -9.99867853e-01  5.77739277e-01 -3.29163618e-01
  -7.41018723e-01 -1.19599619e-01  4.61463947e-01  3.73668929e-01
   8.68847530e-01 -2.22272035e+00  2.52502205e+00  1.05453784e+00
   7.42221841e-01  1.25258212e+00 -8.03661376e-01  4.28692869e-01
  -1.68954772e+00  1.95902338e+00  8.26484572e-01 -1.70043062e+00
  -1.72804281e+00  1.30137644e+00  9.83081822e-01 -2.00418678e+00
   6.56221371e-02  1.03824325e+00  5.78738913e-01  1.68591393e-01
   1.28269183e+00 -1.45183529e+00  2.12667579e+00  1.92036967e+00
  -3.09421782e-01 -2.00364248e+00 -1.81180948e+00 -5.68351795e-01
  -1.20807158e-01 -1.52565795e+00  4.55390702e-01 -1.47797178e+00
  -1.87788225e-01  7.90808914e-01 -1.88953200e-01 -3.09357420e-03
  -7.83154652e-01  1.84211318e+00  1.28857535e+00  6.00019638e-01
   3.51933926e-01  1.01307820e+00  1.26287316e+00 -2.26104408e+00
   9.62676461e-01 -6.55315715e-01  5.14972874e-01 -1.87956497e+00
   9.04668670e-01  1.51575347e-01 -5.30719270e-01 -6.78524247e-01
   1.12519251e+00  5.93294676e-01 -4.40203196e-02  6.55308198e-01
   1.37490450e+00  1.36647717e+00  1.24556680e+00  7.46460791e-02
   2.41021616e+00 -2.35153419e+00 -4.03112077e-01 -5.77477574e-01
  -7.17260859e-02  2.28118220e-01  1.41362878e-01  3.54599705e+00
  -1.27011468e+00  7.91112167e-01  8.17067125e-01  1.28985198e+00
  -9.50219911e-01 -1.44829150e+00 -3.27202571e-01 -2.07147504e-01
  -3.06222902e-01  1.16584532e+00  1.33385749e+00  2.01746772e-01
  -2.92102989e+00  1.66737225e+00 -1.67434725e+00  1.57178408e+00
   2.93428093e+00  8.01291404e-01 -1.68305336e-01  6.95365314e-01
   5.66822512e-01  7.72032025e-02  1.06386497e+00 -1.84013932e-01
   1.71215304e+00  6.98271022e-01  1.39301285e+00 -1.84128564e-01
   1.60538212e-01  3.83933580e-01 -7.11862160e-01  3.85070709e-01]]