[[-0.42651821  0.23750511 -0.40790057  0.98740659  0.87550529 -0.19945961
   0.22091939  0.30186843 -1.3157651   0.53355764  0.71302018  1.46420938
  -0.42580254 -2.38799051  0.43417589  0.03721411 -0.65183507 -0.21949295
  -1.53694648  1.6742327  -0.18778136  1.96097471 -0.77000256  0.04712294
  -0.86898358 -0.53948806  0.95722626  1.77337028 -0.27229647 -1.09495236
   0.63877118 -0.14412314 -0.84294925  0.48986546  2.08898524  1.09084158
  -1.18980132  0.5231151  -0.81521061  0.34151785 -2.11469611 -0.41889745
   1.4263794  -0.60361274  1.10505058  1.17276348 -0.86129078 -0.71971962
  -0.60797233  0.58486256  0.23886687  0.21608939  0.42950195  1.75884506
  -0.52748725  1.0920245  -0.3398057   0.95392001  0.70572491  1.15609196
  -0.34738177  1.03769921  0.32966236 -0.81025589  0.33652334  0.66108923
   1.01525805  1.08764154  0.8839443   0.02685451  1.00450627 -1.33105485
   0.83681784  1.48959314 -1.63479317  1.09387607  0.67195999  0.41778218
  -1.62434425 -1.03221433  0.04567727 -1.28457604 -0.27758119 -0.83698628
   0.2129508   1.9802498  -0.9826494   0.10096216  1.1076402   0.9860851
   0.65131177  0.19972316  1.03712995 -0.09638119  0.32667744 -0.4274304
  -0.69462471 -0.33903705  0.33924454  0.10752764  1.10438808 -1.58959289
   1.93666254  1.30147919  0.62799097  1.25110353 -0.68608352  0.30009788
  -0.90515157  0.88791705  0.57849707 -1.30881608 -1.25150529  0.68799844
   0.53592273 -1.75530614 -0.05457804  0.44072803  0.21738745 -0.01085313
   1.09668532 -1.11065276  1.66623972  1.75529352 -0.46641882 -1.35992452
  -0.87469058 -0.32482314 -0.60193333 -1.54391963  0.29415763 -1.23789375
  -0.58722746  0.26670806 -0.23947959  0.16126293 -0.64080687  0.75339333
   1.62537997  0.71499923  0.27702806  1.20035374  0.62225627 -1.75781938
   1.09329913 -0.51127979  0.54401432 -1.49661685  0.76967905  0.11335765
  -0.3767255  -1.39948546  1.01045398  0.05613902  0.16257805  0.74031119
   0.87632059  1.25488391  1.92124823 -0.43931824  2.24643991 -2.42435574
  -0.74905549 -0.45337669 -0.0302188  -0.1107247   0.10316256  2.06855938
  -0.8379594   0.2099653   0.74579394  1.45409036 -1.22152859 -0.93823709
  -0.53702471 -0.44494195  0.67092567  1.21068312  0.90067783 -0.07438981
  -2.23453659  1.48649865 -1.14191433  1.54146196  3.02557312  0.55311567
  -0.83268451  0.34301513  0.08467275  0.1805455   1.36810196  0.01852059
   1.43246494  1.01195413  1.23795476 -0.14792    -0.2606808   0.72649236
  -0.33038863  0.5857233 ]]