[[ 0.08819     0.59457999  0.96022004 -0.21120501  0.06787001 -0.20620501
   0.24386498  0.65072    -1.64092004  1.90665495  2.19631004  1.57103491
  -1.52163994 -3.79034996 -1.85730994 -2.30480003 -2.5546751   0.79333997
  -2.30854011  0.99172002 -0.33388999  3.06545496  1.97880995  0.60168499
  -0.54569501 -0.29688001  1.9962101  -0.87986499 -1.48177505  0.25830001
  -0.56496501 -0.79308999  0.093945    0.96478498 -0.34757     0.83403498
   0.369735   -0.87787002 -3.56068993 -0.52223998 -0.94303    -1.27423
  -0.91615999  0.49369499 -0.59692001 -0.09578    -0.71072495 -0.74159503
  -1.40699506  0.36245     1.62065005 -0.45267001 -0.45872498 -0.154015
   1.43728995  1.49998999 -1.81442499  1.09668505 -0.87687004 -0.16060001
  -0.72712505  0.82772499  0.92959499 -1.29951501  0.63187003  2.80756998
   0.55035502 -1.12295008  0.99491     0.51613498  1.96811497  0.18792
   0.37712499 -0.42057499  0.200625    2.35462499  2.49033999  1.93647504
   0.58237499  1.45490503  0.12796    -2.95937991  0.08148    -1.79070997
   2.43141508  0.07776    -2.58579493  1.40861499  1.95415008 -0.026315
   0.20704     1.61808002  0.80071002 -0.43384498 -0.17961501 -0.62220502
  -1.24668503 -0.62448502  0.92950499  0.47302997 -0.17525001 -1.90436006
   2.53725004  0.75102001 -2.00020003 -1.53886008  1.48563993  0.086595
  -0.36334002  1.85355496 -0.241225   -0.53962499  0.10253     0.40925997
  -0.99274004 -2.09075499  0.71911001  0.91413999 -0.29319999 -1.2148
   2.45219994  0.90628499  0.54189998  1.14637995 -0.0267     -0.58613503
  -0.48307002 -0.06493    -0.76573998  0.75376999  0.70820504 -0.73870504
  -0.97719496  0.74317503  1.42996001  0.40739998 -0.34534997  0.69854999
   0.58783501  0.86493498  1.73903489  0.1241      1.23505497 -1.69116998
  -0.04799    -0.37346002  0.21942499 -1.34495497  1.32871008 -0.85265005
   0.15212999 -0.66930503  0.42826998  0.28679499  1.26760495 -0.42429999
   0.452885    0.45394     0.88664001  0.80457997  2.61895514 -0.85674
   0.35483503 -0.13918501  0.91583002 -0.42660001  1.60448503  2.86869502
   0.34990501  1.41325498  1.25406003  0.65745002 -1.87977004 -1.48431492
  -0.66267997  0.17074499 -0.98419499 -0.68655002  1.19297004  1.40092504
  -1.24870503  0.35055998 -0.54822499 -0.0846      1.45231497  1.41858506
  -1.32514501  0.62588996  1.77153492 -1.47227001  0.43760002  0.87817997
   2.29087996  1.83210003  1.00836003  2.17605996  1.12543499  0.31613499
   0.67469501 -0.64490998]]