[[-0.79442501  0.59665251  0.46432495  0.55365503 -0.18200746  0.71058249
   1.14066255  0.35889    -0.84788752  0.60056245  0.85329747  1.50897253
  -0.08138748 -3.23132229  0.5937975  -0.182675   -0.44203749 -0.07121253
  -1.66947007  1.74289238  0.84109497  2.15635514 -0.76041001  0.24810493
  -0.54829001 -0.73371506  0.84721255  1.64585006  0.03297     0.35440496
   1.605865   -0.43478251 -0.35816503  0.69317245  3.18941736  1.75832009
  -2.06767249 -0.02253002 -0.46059746  0.28818747 -0.64281499 -0.56960249
   1.72527003 -0.05257502  1.77211988  1.18695498 -0.96837002 -0.50579751
  -0.87888998  0.38345996 -0.35677248  1.03181756 -1.02811265  1.44637501
  -0.82264751  1.44942009 -0.80893248  1.03297257  0.29746753  1.12372243
  -0.12954502  1.33678508  1.13578248 -0.20201001 -0.06642751  0.354325
   0.54045004  1.00484753  0.641285    0.61254746  1.87191749 -1.22611248
   1.65802503  1.75849998 -2.06645513  2.24926758  1.29228258  1.23464251
  -1.44112253 -0.65780759 -0.31112498 -0.14905998  0.79921502 -0.68623495
  -0.43856752  2.77730513 -0.4197025   0.91846752  1.58128738  0.42423999
  -1.33774996  0.67334247 -0.39511251  0.30212751  0.27592003 -1.30473495
  -0.48675254 -1.25324512  0.10780498  0.06986749  0.77704251 -1.73407745
   1.14713001  0.67663997  1.23573506  1.46065998  0.55384254  0.05790746
  -0.30124748  0.22635001 -0.38025749 -1.12491488 -1.23207498  0.499845
  -0.70981747 -1.99762261  0.34617001  0.53500998  0.05820999 -0.41168252
   1.64361501 -2.41145992  1.70030236  1.19042003 -0.83125746 -0.85911494
  -1.25115502  0.1296525   0.35045752 -1.29156995  1.17422986 -0.1199975
  -0.74096751 -0.2183975  -1.94503498 -0.25178003 -0.12858748  1.07008743
   1.70915997  0.46109998 -0.08279249  1.65820992  1.02941501 -0.71895248
   2.55595994 -0.76611495 -0.38646245 -1.63841999  1.17202497  0.71180749
   0.1684625  -1.73247004  0.4283525   0.34902     0.17489754  0.67290747
   1.63348246  2.69738483  2.17145252  0.32381499  2.5195775  -1.11351991
  -1.16970992 -1.95135236  0.3630625   0.44599509  0.4487175   2.2192049
  -0.8563025  -0.85000503  0.76646245  2.36223245 -0.81803501 -1.36156249
   0.16109751  1.00406253 -0.55563003  0.89384252  0.89459497 -0.86973494
  -2.51504755  1.64225006 -1.41091263  0.48820239  2.89013743  0.93533754
  -0.14751494  0.20691752  0.82640004  0.28938252  0.91144252 -0.0794075
   0.88915753  0.76787996  0.97364247 -0.37980247  0.23422751 -0.19522752
  -0.50478995 -0.14789002]]