[[-0.65346335  0.72914916 -0.35203556  0.93417306  0.82389693 -0.83799139
   0.20875362  0.77823471 -1.33131778  0.54270445  0.62400418  1.92021497
  -0.35526888 -2.23562973  0.71982138 -0.70015918 -0.37679167 -0.02237558
  -1.5004011   1.10028471  0.20388415  2.18830725 -1.00637363 -0.39026612
  -0.64676859 -0.36152447  1.01843334  2.72024638  0.1094461  -0.70628862
   0.07517721 -0.60036972 -0.36453056 -0.17809724  2.29184528  1.0748447
  -1.6758375  -0.25055445 -1.51840639  0.84124193 -2.13041502 -0.32869555
   1.41092611 -0.99492944  1.71510144  0.93692585 -0.15735722 -0.83829611
   0.12846334  1.09150667  0.65915445  0.4073775  -0.74624471  0.98225304
  -0.63219111  1.50861559 -0.07868612  0.98972252  0.5132564   1.09807056
  -0.34227748  0.89665973  0.56068109 -1.25139889  0.645025    0.83833389
   0.54836584  1.03190362  0.23712638  1.06102861  0.94111195 -0.89963501
   0.19773471  1.50485807 -1.45299111  0.77032946  0.87485917 -0.08570804
  -1.25306306 -1.04850751  0.45031138 -0.40469248 -0.47833861 -1.16858945
   0.11094112  2.48959553 -0.96913586  0.67803194  0.45561503  0.82606862
   1.34502585  0.3449047   0.77767724  0.49198444  0.51388223 -0.37417001
  -0.63640639 -0.17173557 -0.04949831  0.13572888  0.06399055 -1.31530612
   2.07518919  0.24974029  1.00900248  0.18794195 -0.96810945  0.15224445
  -1.54584081  1.38385334  0.75643193 -0.15862999 -1.05480417  0.49967334
   0.68620695 -1.6041875   1.1214264  -0.12182891  0.11612501  0.27836279
   1.5840414  -1.34170498  0.66505804  1.55558195 -0.713225   -1.37951777
  -1.09958558  0.04241222  0.58706664 -1.41537834  0.10754611 -1.17254414
  -0.29804887  0.31271918  0.22191191  0.31866862 -0.84217945  1.39987192
   1.80151697 -0.33575472  1.53720307  1.83811083  0.99538833 -2.00752001
   0.62722726 -0.48188666  0.96403056 -1.90155473  0.98020139  0.22410804
  -0.16304306 -1.32973805  1.19801778  1.53021254  0.39970084  0.82624081
   0.66679222  1.48291694  1.28806972 -0.71810582  1.54147612 -1.2545703
  -0.77850581 -0.51258889 -0.06699084  0.36528584  0.12321863  2.86782806
  -0.78142141  0.39080834  0.61299111  1.27952447 -0.4754975  -1.81452863
   0.08650971  0.02891111 -1.23402977  2.01628502  1.99635723 -0.24950834
  -1.66039331  1.65207222 -0.73840776  1.28074056  2.15909445  0.19035861
  -0.52439111  1.25812559  0.87814999  0.43175278  1.4156064   0.51320781
   1.23725056  0.83164251  0.66419944  0.05043166  0.61340417  0.42421526
  -0.1313614   0.54989722]]