[ 1.6984899  -1.54196    -0.38273    -1.08611    -2.89896    -2.5167599
 -1.14178     1.18284    -2.215      -0.16534     2.5168202   4.78811
  0.94166005 -0.95080006 -2.7678201   0.62414    -0.396       0.14078
  1.34327     2.2474      1.6075399   1.7402699  -2.8238602   0.27650002
  4.95358    -1.02515    -2.18476     3.0159597  -6.8365097  -4.0352
  6.5591      0.66804    -0.37991    -2.11209    -2.5688698  -5.63549
  3.1274798  -1.04988     1.02705    -0.94212     0.73797     6.24929
 -2.1967402  -0.32103    -0.3824     -3.82249     2.1335099  -0.20789999
 -4.94422    -1.27428     0.66396    -3.64924    -1.81021     2.46852
 -4.25003     0.20782    -1.7381201   3.5029101  -0.577       1.94618
  0.16944     3.9164     -0.13091    -2.29102     3.24386    -0.84781
  1.07751     0.87781    -0.94968    -1.4346801  -4.88101    -1.6806
 -1.7388401   2.78188    -6.8154902   0.27627    -3.73786     2.35107
 -0.83699    -4.36811     2.89812    -2.58568     4.02221     4.6876497
 -4.8706203   6.3274198   1.23823    -2.51902     3.51804     3.36462
 -0.14479    -4.49854     2.11052     0.97159     0.4617      4.5457597
  0.58612     0.65975004  1.4603      3.30246     4.9825296  -3.94728
  3.01465    -1.45259    -4.3634     -2.20764    -0.50714004  2.65918
 -0.75092006  1.25305     0.80206     2.049      -5.0244703  -1.149
 -0.12632999 -7.4993997   0.82626    -1.91096    -0.37575    -1.2661301
  4.53236     2.72298     1.0885401   0.40728    -1.8616099  -1.69856
  2.21114    -2.58304     0.37694    -3.2395601  -0.18165     4.50378
  0.54201     1.21911    -6.40722     2.29743    -3.6185699  -0.92274004
 -0.09835     0.67216     0.98406005 -1.29213     2.47792    -3.6680298
  1.9221901  -5.0542903  -1.6797601   2.3817601  -3.73335    -0.59524
 -4.4164     -1.10563     3.37959    -3.04476    -0.68701994  5.57207
  1.20104     3.8379      1.93522     2.7699199   3.96204     1.09944
  0.46305    -0.97337997 -0.69306004  1.53245     2.69299    -0.12768
 -5.03246     1.8370999   0.36401     1.00459    -0.15956    -0.86274993
  0.06256     0.11691    -2.68322     2.5928102  -0.44019     3.44388
  0.268       2.37029    -0.1442      4.39218     2.82469     1.21548
  2.2517      9.67325     0.22670001 -4.57429    -3.55097     1.7954301
  0.27488    -3.5798697   2.0011702  -1.5966301  -2.76267     0.07541
 -0.4557     -0.10912   ]