[ 0.51014     1.3164971   0.13568702  1.14973     1.544509   -0.16695899
  0.34990796  0.12521596 -1.536345    1.492256    1.786163    2.0641289
 -0.07490201 -2.430506    1.7622299   0.234006   -0.300175   -0.246188
 -2.1598742   2.447463    0.50170404  3.5436034  -1.0756199   0.6588429
 -1.9461079   0.02403099  1.28783     2.985765   -0.407332   -0.311254
  0.64274395 -0.90853596  0.695886   -0.872908    1.9958441   1.2419571
 -0.516047    0.41217303 -0.45521697  0.48535997 -2.4986959  -0.31642205
  2.08028     0.57802695  2.288163    2.0223908  -0.906267   -2.055408
  0.24039404  3.1047022   0.757212    0.40593797 -0.518866    0.881132
 -1.890177    0.86050904 -0.01838001  2.3416972   0.349114   -0.535406
 -0.40932602 -0.30506903  0.00433602 -0.08883294 -0.28086105  0.875195
  0.33628893  1.409948    0.673152    0.26697403  2.67925    -1.127161
  0.936753    1.77577    -2.357322    1.9260762   0.842148    1.224009
 -1.2242359  -0.86283386 -0.44637498 -1.393659    0.12233601 -0.500409
  0.88505495  3.67394    -1.7273111  -0.23335195  2.142794    1.533769
 -0.10926095  0.18020502  0.5459299  -0.20439605 -0.8871201   0.63848
 -1.0257112  -1.3391569  -0.34143704  0.405542    1.9613699  -1.274927
  2.2404501   1.241151    0.745616    1.170869    0.82052594 -0.430232
  0.14563999  0.48062697 -0.33459896 -0.44292697 -2.1294916   1.069252
 -0.16475102 -2.1436286  -0.77708995 -0.19190499  1.023       0.43397802
  1.546665   -3.578978    2.66648     1.5482261  -0.59944993 -2.6691139
 -0.764088    0.18390197 -0.544934   -2.2855349   0.416854   -0.967052
 -2.052667   -0.32288998 -1.8115339   0.04802201 -1.653672    0.472999
  1.1397841   0.44411102  1.3152359   2.616661    1.8750849  -1.3314168
  0.550968   -0.635176   -0.28525698 -2.476059    1.0110401   1.615501
  0.23569003 -1.9394562  -0.173798    0.117033    0.44063395  0.20716798
 -0.26615596  1.9957432   3.7041187   0.536454    1.8587669  -1.716724
 -1.6282581   0.01791899  0.43291005 -0.60664    -0.26726896  2.691707
 -2.03911     1.064375    0.19104803  0.04456704 -0.697756   -1.998976
 -1.32328     0.04148898  0.29511395  0.84653205  0.45841104  0.09090602
 -2.361023    1.9741938   0.13425902  2.843022    2.35449     0.351116
 -1.2741649  -0.321979   -0.72289693 -0.37417004  1.4305769  -1.2335318
  1.8025659   0.7711811   0.18168296  0.288665    1.115289    1.4044399
  0.40134102 -0.3056591 ]