[[-2.21654248e+00 -1.46516752e+00  4.07427520e-01  1.09347999e+00
   1.11317253e+00  2.09845006e-01 -9.63497519e-01  2.43740249e+00
  -1.21687746e+00  8.45597506e-01  1.40941262e+00  2.50486994e+00
  -5.40382504e-01 -1.46524501e+00 -7.41792500e-01 -1.72732496e+00
  -4.22227502e-01  1.39211762e+00 -2.42993736e+00  2.25951505e+00
  -1.42140001e-01  3.24705744e+00  2.39417583e-01 -2.18213511e+00
  -3.68094015e+00 -5.32745004e-01  2.26544237e+00  2.09892249e+00
   6.40027523e-01 -7.48260021e-01  1.30462497e-01 -1.57446003e+00
   1.61166751e+00  6.65372431e-01  1.86028993e+00  8.22910011e-01
   1.79992747e+00 -5.90715051e-01 -1.45913506e+00  1.38527250e+00
  -9.48734999e-01 -1.32318497e+00 -3.79050225e-02 -3.32530022e-01
  -1.34495497e+00  3.00773239e+00  4.70832527e-01 -1.03129244e+00
  -1.93489999e-01 -1.22288251e+00 -4.43952531e-01  1.69130003e+00
  -2.09393501e+00  2.57141256e+00  3.23875010e-01  4.35300052e-01
   1.00156498e+00  1.98772502e+00 -2.22121000e+00 -7.11764991e-01
  -1.04747474e-01  1.61956000e+00  5.38412511e-01 -1.13271749e+00
   3.86072254e+00 -1.09788001e+00  2.15008497e+00  3.19599509e+00
   1.73620498e+00 -7.62600526e-02 -9.27507877e-04  5.30847490e-01
   2.95637512e+00  1.59792733e+00 -3.17569995e+00  2.26424503e+00
  -5.00119984e-01  2.96234751e+00  2.72420740e+00  1.64985001e+00
   1.71970010e-01 -4.50255489e+00 -6.09700084e-02 -7.64501095e-03
   1.78147507e+00 -4.07532513e-01 -1.05300498e+00  2.04817009e+00
   1.54068756e+00  2.80420005e-01  1.17684495e+00  8.95874977e-01
  -4.10044998e-01  2.49302477e-01 -1.09662509e+00  5.48412442e-01
   9.72534955e-01 -1.14227247e+00 -4.19430017e-01 -3.95092547e-01
   1.79254746e+00 -1.64034498e+00  1.63913751e+00  2.34462762e+00
  -4.62220013e-01  9.74222541e-01 -2.90907240e+00 -8.01409960e-01
   2.98272491e-01  5.93089998e-01 -2.88945019e-01 -1.06762004e+00
  -5.54097533e-01  3.10167503e+00 -1.44302499e+00 -2.30189991e+00
   1.12539977e-01  9.87114906e-01  2.46405983e+00 -1.24383748e+00
  -1.81542253e+00  9.61257517e-01  1.02872252e+00  2.85500503e+00
  -2.91936255e+00 -1.67511499e+00  1.59057260e+00 -1.39828002e+00
  -8.20175052e-01 -2.85627007e+00 -1.60359991e+00 -1.74772990e+00
  -1.28188252e+00 -5.79887509e-01  1.19047500e-01  2.75913501e+00
  -2.65992522e-01  3.66177750e+00  2.12763500e+00  9.92880046e-01
   1.19954348e-04  1.90235034e-01  1.35062742e+00 -1.05480003e+00
   1.47994244e+00  2.89374813e-02  2.22158241e+00 -2.31280014e-01
   8.02214980e-01 -5.54402530e-01 -4.89014983e-01 -6.67324960e-02
   7.94602573e-01  6.39714956e-01  2.69143510e+00  1.08332545e-01
  -4.33872461e-01  7.80802488e-01  1.34417009e+00 -1.40792501e+00
   2.67326498e+00 -2.25408745e+00  1.84782505e-01  6.05565012e-01
   8.44802499e-01 -2.51047492e-01  7.05175042e-01  2.44830251e+00
  -1.32329500e+00  8.76299977e-01  3.61608744e+00  2.12427759e+00
  -1.43049985e-01 -1.10297251e+00 -2.86615491e+00 -3.71412253e+00
   6.16180003e-01 -6.27229989e-01  1.30713987e+00 -2.37777472e-01
  -2.72653008e+00 -6.15260005e-01 -1.69609994e-01  1.61755753e+00
   3.89569497e+00  1.01309752e+00  6.94555044e-01  9.55232501e-01
  -2.11668992e+00  4.28895026e-01  1.89196992e+00  2.09356737e+00
   3.13360000e+00  2.39277506e+00  1.91321754e+00 -9.62787509e-01
  -1.53135252e+00  9.66157436e-01  2.16896987e+00 -7.00190008e-01]]