[ 0.08016334  1.4434117  -0.83341    -0.6420266   3.4069033  -0.77533823
 -0.7727683   0.5396917  -1.6679801   1.0830334   1.9655867   2.4142451
  0.18770166 -2.6588233   0.904      -0.69274336 -1.9754366   0.04875664
 -1.2636933   2.3676016   1.8059683   3.8866367  -2.6843052   0.89386505
 -1.4209584  -0.02556336  2.491805    2.4212902   0.42350832 -0.15656333
 -0.49867502 -0.01866668 -0.16922331  0.25394168  3.6666887   3.298972
  0.8437667  -1.6439866  -1.839715    1.6053716  -2.6520183  -1.3837818
  2.1122468  -1.4028617   2.302775    1.9849049   0.03103836 -2.5913935
  0.21914005  1.849865   -0.18105328 -0.8201234  -0.412315    2.3823266
 -0.5720933   0.7851483  -0.34546998  3.6667187   0.43772665  1.1202884
 -0.7459183   2.6950483   1.9193068  -0.8448184  -0.18771003  0.26968837
  0.7204717   1.1289517  -0.02701836  0.08865496  2.9776115  -1.422965
  2.0042918   1.5580001  -5.257738    1.7868115   1.0646849   1.0782334
 -0.5903234  -2.6312983   1.2985467  -0.68306166 -1.6029049  -0.61872834
  0.02677665  3.0865765  -0.44002175  0.17181665  2.3724      2.9033184
  0.6593983   0.7184817   2.0725234   1.08939     0.02191335 -1.4398967
 -1.7385467   0.41742492  0.22955002  0.19808002  1.1423717  -1.4091535
  4.1110835   1.491415    1.117095    2.5672865   1.5895816   0.3105217
  1.1022733   2.2529132   0.43312335 -0.45118168 -3.029555    1.4437233
 -1.38683    -2.255535   -1.5240483   0.4968467   0.92457336  0.487815
  3.0345948  -2.2981765   3.3951533   2.1846     -0.91053504 -0.8294967
 -0.069195   -0.1845683  -1.0382     -1.805775    0.87146664 -0.35137498
  0.27858332  0.37123668  0.07847669 -0.93716335 -1.1890584   0.5993683
  0.7134617   0.790765    0.35618496  2.3989818   0.3089     -1.8415447
 -0.03544168 -0.82383174  1.4856067  -0.04700506 -0.29379496  0.19939668
 -0.68240833 -1.9940182   1.873645    0.10067172 -0.87562174 -0.07258674
  0.50920004  1.7989033   2.22256    -2.2413766   3.3741035  -2.59807
 -1.8921884   0.39865837 -0.28061166 -0.534945    1.3935367   3.4602163
 -1.25117    -0.7003517   1.7234868   1.4617549  -1.1888418  -2.2661116
 -0.873965   -0.43405005  0.20223163  1.3696817  -0.82788163 -1.242125
 -3.9919498   1.7806467   1.2458683   1.4715949   1.6339666   1.1052034
 -1.3395333  -0.6869567   0.19417667 -1.6995684   1.7358867  -0.3026466
  0.02452167  0.7161083  -0.05411331  1.0255133  -1.166175    1.1941384
 -0.3524817   0.6735199 ]