[[ 0.74585256 -0.91804256  0.09350254  2.27362755  0.93669492  0.09615003
   0.90789001  0.04584748 -1.16140254 -0.38282494  1.67279252  2.10161507
   0.23378752 -2.88931239  0.62771249  1.63247502 -0.74499751 -0.65366757
  -1.73772506  1.31790503 -0.38267754  1.83001249 -2.67139485 -0.39349002
  -1.71952    -1.83672503  1.13056752  1.08096758 -0.1005675  -1.20131001
   0.91290999 -0.23506999 -0.19400753  0.62299001  4.00575757  1.909675
  -1.49350001  0.34971499 -1.39579998 -1.04637003 -1.91922496  1.07628253
   2.087035   -0.21891999  1.57090754  2.11739248 -0.25280249 -0.44514001
  -0.29907     1.55513996 -0.75880748  0.54048999 -0.49923497  2.01408501
  -1.03813501  1.01075003 -0.51818001  0.61952001 -0.34502999  1.67558751
  -0.17590253 -0.29895252  0.31027496 -0.56270999 -0.55795502  0.53896248
  -0.28832     0.63073001  1.05920249 -0.52405749  0.27908498 -1.28185755
   1.78806499  2.52415997 -0.96842752  0.71413493  1.25832248  0.59286498
  -1.20985003 -0.69416496  0.95850504 -0.24358746 -0.65341756 -1.45223493
   0.58777498  2.56138498 -0.10445502  1.64461248  1.48144498  1.17911497
   1.61696252  0.48509498  0.66271003  0.54542503  0.83392751 -0.03824499
  -2.67637002 -0.56628246 -0.97653005  0.19260749  0.1358225  -1.97078753
   0.65332748 -0.08987252  0.90013999  2.2394     -1.29883493 -0.23825251
  -1.21579499  0.06360254  1.59134506 -1.13753246 -1.54203254  0.07003003
   1.05554999 -1.84068495  0.28485     0.10597997  0.62178749  1.04810001
   0.51138002 -1.69963002  0.23646241  0.553285   -1.74402243 -1.57558496
  -1.16272748 -0.60964751 -0.59341748 -0.82333249 -0.7484951  -1.3309325
  -1.8473351   2.6669575   0.08020496  0.84789    -1.1978175   0.82367997
   2.28570254  0.27231741 -0.53480501  1.5106      1.56514251 -1.86299002
   2.01769757 -0.83363001 -0.89926001 -1.852595    1.59580253 -0.9489025
  -0.18992747 -1.29033247  1.75513498  0.44258501  0.68399749  1.212805
   1.66129004  2.48366743  2.175565   -0.55328751  2.74588251 -2.439955
  -0.54304504  0.01373753  0.1312675   0.07044502 -1.17913499  2.69893503
  -0.574885    0.321065    0.479505    1.29274504 -1.18493498 -1.45705259
   0.33366002 -0.00876503 -0.03393998  0.5564325   0.65507004  0.68655755
  -1.15556753  2.68392497 -0.40826499  0.15779246  2.43078256 -0.77164247
  -0.59542     1.071165    0.91503751  0.25578751  0.52461249 -1.03951995
   2.22377753  0.53865251  1.12652498 -0.1293025  -0.11955751  0.27011499
  -0.91869748 -0.06059252]]