[[-7.49486592e-01 -2.50873369e-01 -3.08388882e-01  1.84864337e+00
   1.99196662e+00  8.77061190e-01  9.25181144e-01 -3.59517799e-01
  -1.19320118e+00  3.53122486e-02  1.52809777e+00  1.59152675e+00
  -7.72492239e-01 -2.80976884e+00  4.83636652e-01  1.10187223e+00
  -1.82067556e+00  3.19658889e-01 -9.42622231e-01  1.35990894e+00
   4.00416599e-01  2.72284218e+00 -1.98027995e+00  4.27962237e-01
  -6.15835551e-01 -1.50057669e+00  3.36372230e-01  2.58910906e+00
  -1.92631106e-01 -1.96113111e+00  1.04046339e+00 -2.15603325e-01
  -1.26470014e-01  2.86062227e-01  3.06453231e+00  1.22370223e+00
  -1.95009779e+00  1.16045108e+00 -1.65494443e+00 -3.44933343e-01
  -1.99936885e+00 -4.14940013e-01  3.09451217e+00 -1.04828665e+00
   1.77476451e+00  2.09742673e+00 -5.23830003e-01 -5.68381124e-01
   2.74562233e-01  1.55985332e+00  1.00577112e+00  4.72282231e-01
   2.68322163e-02  1.53453114e+00 -1.30837449e+00  1.53630897e+00
   6.97810782e-02 -2.34969987e-01  9.76345519e-01  2.11404110e+00
  -1.33602228e-01  2.65221691e-03  2.92014431e-01 -1.47877225e+00
   2.67183301e-01  3.78744442e-01  7.52310001e-01  8.47747766e-01
   8.40125561e-01 -3.99322265e-01  3.23625545e-01 -1.96313673e+00
   1.12349000e+00  1.71133222e+00 -1.36414223e+00  1.72247333e+00
   1.26540996e+00  1.37580668e+00 -1.87425662e+00 -8.57852207e-01
   2.55338882e-01 -7.80068874e-01 -1.04719782e+00 -2.17367220e+00
   5.68559958e-01  1.78408557e+00 -8.22354390e-01  1.92173777e+00
   9.91644422e-01  7.74283330e-01  1.76440450e+00  6.04556633e-01
  -3.47144107e-02  8.92206695e-01  1.15883112e+00  6.10633294e-02
  -2.26089786e+00 -6.68677781e-01 -5.00788954e-02  4.97311109e-01
   5.40928920e-01 -2.10036893e+00  2.08921881e+00  7.62802223e-01
   6.86301119e-01  1.24677114e+00 -5.93513303e-01 -2.29561104e-01
  -2.32564553e+00  2.36565562e+00  1.86538447e+00 -1.89145554e+00
  -1.78419117e+00  1.37219118e+00  8.81386671e-01 -2.30263442e+00
   1.75332210e-01  6.63744387e-01  4.30557799e-01  4.39022218e-01
   1.41040105e+00 -2.53136998e+00  1.18456770e+00  1.22908447e+00
  -4.65376596e-01 -1.90959891e+00 -1.30323884e+00 -4.50293362e-01
  -5.04385529e-01 -1.12154338e+00  5.09712140e-01 -1.22582114e+00
  -1.52598890e+00  1.28795335e+00  8.83211030e-02 -1.97998901e-01
  -1.00533780e+00  9.90331062e-01  2.84326671e+00 -5.67182283e-01
  -6.10404462e-01  1.52468667e+00  4.42328910e-01 -1.81182220e+00
   2.00997334e+00 -4.82426661e-01  5.00865565e-01 -2.37101662e+00
   2.27317107e+00 -8.30032236e-01  1.33958892e-01 -2.62657765e-01
   5.91947777e-01 -2.22433209e-02  2.92598884e-01  7.57093350e-01
   1.51245335e+00  2.73311898e+00  7.21250004e-01 -3.71096671e-01
   2.59793989e+00 -3.39306000e+00 -8.86484438e-01  1.93920010e-01
   2.78845540e-01  5.73218909e-01 -1.98328879e-01  3.40982670e+00
  -1.04641779e+00  9.97233306e-01  5.09485563e-01  1.06399004e+00
  -1.75971776e+00 -2.36348225e+00  5.23861095e-01 -8.47469995e-01
   2.53858892e-01  1.72515552e-01 -1.60093314e-01  9.59802197e-01
  -2.89963232e+00  2.66096885e+00 -4.51876673e-01  1.36142217e+00
   4.04475800e+00  5.66962245e-01 -1.07350002e+00  2.55335543e-01
   7.57338908e-01 -5.40024410e-01  1.35241665e+00 -4.20277745e-01
   2.02531777e+00  1.53121115e+00  3.17979010e+00 -2.45333513e-02
  -2.68241104e-01  3.45088894e-01 -8.37244431e-01 -3.58681109e-01]]