[[-1.12199165  1.74493834  0.49656501  1.02956003  1.01344502  0.50481339
   1.18690834 -1.16141835 -1.42963672  0.79181331  0.82904164  1.9459983
  -1.72214165 -2.94951675  0.13439497  0.04294995 -2.35649656 -0.96419332
  -0.41346663  1.26913168  0.81364163  1.97600333 -2.04220998 -0.09721502
   0.28062332 -1.18537334  0.85405501  2.28647172 -0.83304501 -1.12235498
   0.49972338 -1.13087164  0.87519336 -0.05111499  2.54639002  1.42051828
  -0.83236166  0.27490833 -1.29159497  0.21868502 -1.98945001 -1.11049665
   2.09768999 -0.29053663  1.27862839  1.80350839 -0.59143998 -0.94458336
   1.77088337  0.73542336  1.964145    0.54220003 -0.16658503  1.27430671
  -1.52874338  1.0769817  -0.92112663  0.37995337  1.7468833   1.81377668
   0.61562333  0.28205333  0.90215997 -2.27511668 -0.01989998  0.48038001
  -0.31220665  0.28952834  1.20736661 -0.94889504  0.71086    -1.09547332
   1.83870833  0.65228671 -1.0941517   1.7099667   1.81812501  1.38985003
  -1.17144004 -0.07138167 -0.75749833 -1.69746    -0.98992667 -1.52914835
  -0.26962333  2.7489483  -0.49172334  1.31693993  1.26428674  1.27378838
   0.41966999  0.359435    0.29447332 -0.02280669  1.91864503 -1.14256003
  -0.99263331  0.24797337 -0.26466664  1.07552669  1.01692503 -0.86190501
   2.89082655  0.1865917   0.31855167  0.70998167 -0.47009832  0.28858167
  -2.84368334  3.42184997  1.70763328 -1.3507033  -1.38208003  0.85532834
   1.04985667 -1.71701328  1.10996662  0.69700166  0.55061    -0.46455664
   2.25855663 -2.83428501  1.93103165  1.57515496 -0.27606659 -2.11427507
  -0.87173998 -0.05083502 -0.07023999 -1.35300334  0.49076667 -0.27424332
  -0.65194168  0.7559267  -0.05601667 -0.41892169 -0.50060003  1.55884167
   1.04810665  0.69551834 -0.21476168  1.72657501 -0.30381999 -2.19025164
   1.32601    -0.37984498  1.06903501 -1.63949835  1.62368499 -0.80925499
   0.31444325 -0.83978499  0.80009827  0.30187336 -0.45368169  0.14078166
   1.46435498  1.3176834  -0.21815833 -0.94475332  3.32757338 -2.29128495
   0.13640168 -0.3429      1.20567834 -1.00265002  1.60710162  3.51449827
  -1.48807833  1.24600167  1.13986328  1.51167333 -1.72055168 -1.19072168
  -0.26531665 -0.84410499 -0.47699167  0.61088497  0.31261336 -0.01864832
  -2.59564008  0.43756162 -0.01342665  0.66029165  2.91161003  1.36664001
  -1.03776837  0.28945167  0.00650333  0.08403665  1.67184331 -0.92914999
   2.42350169  0.95189169  2.09760836  0.159005    0.215015    0.28846333
  -1.50702666 -0.275425  ]]