[[-0.65848029  1.02493862  0.07186054  1.01172001  1.2172862  -0.12197891
   0.91602353  0.53918783 -1.81908326  0.52485593  0.73988948  1.80719729
  -1.11848108 -2.49166808  0.4469919   0.0427589  -0.36869595 -0.65203297
  -1.43991622  1.32924783  0.43779837  1.91504297 -0.9715219  -0.07236568
  -0.12988351 -0.89766515  0.90388054  2.7751908  -0.35101459 -1.02191867
   0.14895892 -0.56607999 -0.81707754 -0.36773918  2.02097002  1.33969864
  -1.71971836  0.48688351 -1.34561782  0.35085917 -2.19535594 -0.72986567
   1.08427974 -1.31561404  1.47489648  1.01739352 -0.27287998 -0.51094594
   0.61661297  1.67422161  1.31623676 -0.01465002 -0.11858271  1.1725262
  -0.98427298  1.57989351 -0.61162648  0.91867515  1.00850025  1.83732782
  -0.61259296  0.87057864  0.54576891 -1.07107433  1.29204892  0.89700541
   0.35896839  0.69699297  0.1282462   0.0600811   1.35597864 -0.77492191
   0.63242457  1.12313241 -1.07529083  1.15883487  1.21940946  0.55969973
  -1.27711107 -0.19767783 -0.66380702 -0.38984299 -0.68368701 -1.04866731
   0.25635649  1.8347719  -1.21063811  0.87997028  0.93798975  0.76244811
   0.92537756  0.4150438   0.63880512  0.19031054  0.31055189 -0.61648026
  -0.53542083 -0.8873238  -0.06699731  1.03912402  0.49161352 -1.44199975
   2.63030781  0.52482298  0.49444108  0.05344974 -0.31399809 -0.01585245
  -2.13820889  1.87964162  1.24162537 -1.19024597 -1.29164136  0.70311703
   0.8326681  -2.00936811  0.88267406  0.54588647 -0.24067948 -0.26354542
   1.60579622 -1.31319243  1.13399702  1.6633973  -0.68506891 -1.78878946
  -1.61449948 -0.12908648  0.106547   -0.90775433  1.01550107 -0.86280188
  -0.84681378  0.56310812 -0.45297108  0.48491133 -0.74446568  1.02576162
   1.49802918 -0.27628027  0.23532593  1.41969055  0.78091135 -1.94757461
   1.05251975 -0.72261675  0.49647593 -1.36599109  1.23388947  0.11200621
  -0.10676919 -1.09728105  1.04775432  0.40426677 -0.00941053 -0.10873622
   1.25550675  2.35478239  1.25116674 -0.37596269  1.27370621 -1.91870054
  -1.04731975 -0.59026189  0.0627673   0.67818161  0.54148381  3.12721836
  -1.19430029  1.12235189  0.55259998  0.58671462 -1.0261092  -1.36673434
   0.50390783 -0.32367594 -0.31278377  0.80278648  1.32009083  0.41418757
  -2.48568894  1.04116512 -0.84392     1.84085864  2.63850326  0.46898649
  -1.0232746   1.48059057  0.77228784 -0.51389812  1.08937598  0.30520623
   1.72801328  0.47184703  1.48192893 -0.17774054  0.34844947  0.33681353
  -0.38602865 -0.3063892 ]]