[ 4.6046674e-02  2.0313566e+00  3.8831768e+00 -1.1374034e+00
 -1.9303068e+00 -7.2248667e-01  1.6305599e+00  1.0743400e+00
  3.9641997e-01  1.7973634e+00  9.6356994e-01  1.2766100e+00
  1.7347674e-01 -3.4366369e+00  1.6919068e+00 -5.5930334e-01
  5.7802665e-01 -9.7945333e-01 -1.0581965e+00  3.9607468e+00
  1.1290233e-02  2.6545835e+00 -1.2645301e+00 -1.7449667e-01
  2.6197402e+00 -1.8654200e+00  3.1047504e+00  1.2291800e+00
  3.2714337e-01 -1.4618734e+00  1.8124199e+00 -2.0053401e+00
 -1.0526400e+00 -6.6847664e-01  2.4310968e+00 -4.4375667e-01
 -1.1100100e+00 -1.6793900e+00 -7.7522331e-01 -6.2030655e-01
 -3.6595030e+00  2.4503665e-01 -8.5656643e-02 -1.9187568e+00
  2.7127998e+00 -2.0005701e+00  7.4985003e-01  4.6983668e-01
 -8.3656663e-01  3.7090366e+00 -7.3010005e-02 -1.8468666e-01
  4.8243335e-01  3.6789671e-01  1.8018900e+00  9.2421657e-01
 -2.1676900e+00  4.4294333e-01  1.2856132e+00 -1.3958339e-01
  1.0146533e+00  6.3505006e-01 -6.0895663e-01 -1.0762267e+00
  3.1489170e+00  1.2075934e+00  2.4217343e-01  2.2914166e+00
  9.4580334e-01 -2.1630065e+00 -1.1517133e+00  1.9279100e+00
  1.2263299e+00  8.9761657e-01 -3.0270433e+00  2.0796633e+00
  4.3633733e+00 -2.6444337e-01 -1.7559401e+00 -1.5011100e+00
  1.8812866e+00 -2.7128601e+00 -1.0190200e+00 -1.0893166e+00
 -2.9392001e-01  2.9465301e+00  4.9033657e-01 -1.0265599e+00
 -1.0765632e+00 -1.0868067e+00  8.4046000e-01  1.0316334e+00
 -1.0644666e+00 -6.1789328e-01  1.6590674e-01  1.9968600e+00
 -4.7264004e-01  1.1488100e+00  1.4499966e+00 -1.5427999e-01
 -1.9141234e+00 -3.1142502e+00 -4.7960672e-01  1.7802000e+00
  1.4640532e+00  5.2504331e-01 -1.4176334e+00  9.2516667e-01
 -4.5743668e-01  3.7732866e+00 -6.5226334e-01 -2.5668669e+00
 -2.3988135e+00  6.7588663e-01  6.4147329e-01 -1.7611599e+00
 -1.1434133e+00  1.5805569e+00 -2.8701663e-01  2.3049002e+00
  3.2580369e+00 -2.9156466e+00  1.4955235e+00 -2.6787999e-01
  1.9067835e+00 -4.9409299e+00 -1.3339133e+00 -9.4904345e-01
 -2.3194201e+00 -1.5425667e+00  1.8266836e-03 -1.5494267e+00
 -1.4034266e+00 -1.9514035e+00  1.0051932e+00 -2.3454533e+00
 -5.1623005e-01 -1.7146233e+00  5.4595333e-01 -8.0172992e-01
 -5.3165001e-01  3.1731136e+00 -5.9723377e-02 -4.8245301e+00
  2.6201465e+00 -1.7288233e+00  2.2903466e+00 -1.9989767e+00
  2.3665035e+00 -2.4490700e+00 -2.2673368e-02 -2.5785501e+00
  3.4721565e+00 -1.5087932e+00  5.3409666e-01  3.1231468e+00
  7.5849658e-01  1.9277401e+00  7.3373002e-01 -8.9203995e-01
  4.0220470e+00 -2.3400800e+00 -3.1373341e-02 -2.2059100e+00
  2.5730665e+00  9.2713356e-02 -1.3875666e+00  4.2747731e+00
 -3.4074733e+00 -3.5881665e-01 -1.5134901e+00  2.4847267e+00
 -6.4053661e-01  2.2590999e-01  1.0494932e+00 -1.3149899e+00
 -1.6798965e+00  1.3531700e+00  2.0489800e+00  1.5703167e+00
 -1.7198000e+00  2.0011334e+00 -1.9145099e+00  3.1416399e+00
  1.7818165e+00  2.3031168e+00 -3.8828000e-01  1.0682167e+00
 -1.9327832e+00 -7.3250669e-01  8.4616698e-02  2.4976833e+00
  1.5357033e+00  1.0003999e+00 -1.0136199e+00  1.0690566e+00
 -9.1400027e-02  1.6772933e+00 -8.4245664e-01 -1.6371034e+00]