[ 1.23134    -3.474875    1.2683649   3.00382    -0.48181003  0.62276495
  0.474455    0.43897998  0.814055   -1.4774499   0.94026494  3.78676
 -3.13465    -3.499735    0.16445997  2.9278998   1.48803    -0.914265
 -0.31698     1.43198    -2.32265     1.33742    -2.0655448   3.92338
  0.3192799   0.02648     5.840515    1.04002    -0.64630497 -0.77476
  1.571625   -2.470735   -1.7808149   0.84113     3.551775    3.81434
 -0.43419504 -0.997475    0.29805005 -3.377245   -2.8209848   3.790155
  2.2281      2.43666     0.99877     0.55843    -3.887775    0.27209002
  1.139465    1.47119    -1.331235   -0.565115    1.003325    3.4107451
  1.725415    0.96838    -2.371495    3.3353949   3.166935    1.119065
  1.867335    1.214145    1.46227    -1.171735   -2.490985    1.41258
 -0.04120004 -0.080625   -2.94982     2.467225   -1.69724    -3.1755798
  0.64738     1.8731451  -2.47314     1.117235    1.627705   -2.4087002
 -1.938055   -0.72356004  1.855705   -0.6430651  -3.368535   -0.26026496
 -1.9035201   1.95509    -1.18855    -1.048695    2.5377603   1.8278198
 -0.605715    0.408585   -0.16510499 -0.92903507 -1.3925999   2.1367002
  0.18114495  0.70983493 -1.4424149  -0.339075    0.48613    -1.231115
  2.1922798   1.3352151   2.81288     4.7444153  -1.930855    6.67038
 -0.5958301  -2.5100098   2.45454     1.8529149   2.507585    2.014435
  3.61442     0.15809497 -1.103575   -0.42154998  3.140595   -1.7933999
  2.2799802  -2.02555     3.5572052   2.3793101  -1.629965   -1.950235
  2.30306    -0.71355003  0.532095   -2.98874    -0.82113    -1.9201951
 -1.7176101   0.345025   -2.784055    0.26221502 -2.899175   -1.2141349
  4.130055    0.9595649   1.937835    3.43708    -1.5859851  -1.37897
 -3.16616    -3.270105    3.6604252  -3.054645    1.8469751   3.2365398
 -0.70757    -5.74996     0.03411502  0.79863    -0.88761497  2.355465
  6.0681047  -1.0217252   1.7300951  -2.0022202   1.520795   -2.420225
 -3.0809398  -0.67542505 -0.862025   -2.3813548   0.27365     0.71164
  1.7239549  -1.35449     2.779605    3.222765   -2.45564     0.25309503
  0.80481     1.19396     0.44246     2.586055   -1.166825    1.732795
 -2.617665    4.0354853  -1.670305    0.15728998  4.86189     1.043195
  0.9449551   1.477995    0.47902     2.6240501   2.884635   -0.773145
  1.5304401   0.18780994 -1.9135349  -0.72138     2.09686    -3.70264
 -2.261595    6.0092    ]