[[ 0.42106334  0.83348915 -1.03072166  0.59858999  0.85897998  0.50005916
   0.66289916  0.91752831 -2.28425166  0.56721916  0.17090835  1.95034579
  -0.96043745 -1.22655086  0.45258083 -0.20168834 -1.167295   -0.904315
  -0.59894915  2.08247085 -0.01922834  1.85404086 -1.37180416  0.10640835
  -0.17283251 -0.82055165  0.36215587  2.41545246 -0.32786    -1.14937005
   1.15255001 -0.76478415  0.29590084 -0.36322582  2.47484671  0.57898166
  -0.77538333  0.44961667 -0.84942164 -0.05998333 -2.62142588 -0.76173415
   0.95470583 -1.74768419  0.73408505  1.35629252 -1.31624002 -1.369145
   0.27394751 -0.23764752  0.57356999  0.30909666  0.66382499  1.51100667
  -0.59955166  1.92099084 -0.1826275   0.31300665  1.50707503  0.77898834
  -0.88499501  1.43048085  1.18124089 -2.31243753 -0.01561248  1.02313833
  -0.16290582  0.78110749  0.99121164 -0.12088252  2.21083248  0.04144251
   1.18592916  1.63210166 -2.24984498  0.81610583  0.47129997  0.29734001
  -1.00065421 -0.68928501 -0.95136002 -0.52672752 -0.99963    -0.62392086
  -0.35284086  2.5990525  -1.06871082  1.0495425   0.57486003  1.41236672
   0.23812168  0.58546503  0.96701751  0.19011251 -0.48799001 -0.19753166
  -0.84258666 -0.461705    0.19062247  0.62711082  0.91767166 -1.95481584
   2.71378581  0.40370666 -0.01802666 -0.20371499 -0.76456832 -0.56923667
  -1.96319751  2.21529751  0.45764667 -0.70943417 -1.93899083  0.45523499
   0.79785835 -2.12692423  0.70670249 -0.52485416 -0.05715669 -0.02683751
   1.82445085 -1.22877417  1.53125001  0.81704334 -0.25650499 -3.46397335
  -1.97826083  0.11924918 -0.16460583 -1.23292415  1.59349837 -1.58536171
  -1.22555833  0.81904166 -0.31617918  0.59057663 -0.54334755  1.07400332
   0.86069336  0.93044753  0.427205    1.25320584  1.189635   -1.53356084
   1.65485664 -0.44242081  0.03630666 -1.22891835  1.49605415  0.04595834
  -0.62364002 -0.50124831  0.13552167  1.00048921 -0.708495    0.59074333
   2.25988339  1.18496755  2.16061585 -0.86969251  2.19554334 -1.17488833
  -0.1158825  -0.17180667 -0.57955001  0.17160745  0.37000168  3.25292079
  -1.42798831  1.00087667  1.29023416  1.21808334 -1.42612918 -1.05330752
   1.73940669  1.02091667 -0.13536833  0.82863918  1.40265586  0.28537833
  -2.5748525   1.39228666 -0.91414251  1.86047251  3.13925749  0.66525332
  -0.81614833  0.24804584  0.58908917 -0.22427333  2.14564923  0.15907666
   0.98782835  0.13999081  1.85738339 -0.06187167  0.78639163  1.57951752
  -0.57167084 -0.36379249]]