[-0.87504995  0.24219999 -1.25367     1.5062      1.54248    -1.6745
 -1.2859299  -1.8095399  -0.28879    -1.48468     3.2039201   3.44481
 -4.10627    -0.92559004  1.40514     1.19174     2.99063     0.63719
  0.74801     1.20819    -0.37627     0.61255    -6.89656     1.0182099
 -7.30236     1.19058     2.59804     0.41393998  1.01654    -0.67027
  1.05193    -3.7035     -3.4280899  -0.02725     2.00158     0.61016
  1.19718    -2.58944    -3.8771      0.38453    -3.3969     -0.4604
  1.0559     -1.36698     0.92213     5.0438304  -1.5723599  -4.04205
 -1.22462     2.6044      3.3074098   0.22616    -1.59882     3.99668
 -1.76777    -2.2021399  -0.83458     1.2504201  -2.79842    -0.06951
  0.25035     1.41966     0.25709    -0.23826    -0.11949    -0.44041997
 -0.88483    -1.5180001   4.29266     1.11462     2.71965     0.03192
  1.4359499   0.88212    -1.41764     1.47829    -1.34614     1.49922
  1.03465    -1.7404499  -0.70843005 -2.07828    -0.40804     0.55418
 -3.09998     1.6512101  -2.1422      3.16712     1.0468      1.06122
  6.1452003  -0.36052    -1.17148    -1.81962    -4.02486    -2.07908
 -1.8755101   1.83851    -2.3506699  -2.38044    -3.49836    -2.7212799
  1.18715    -1.8422499   0.18621999  3.29625    -3.8024302   0.15767
 -0.85112995  2.53967    -0.90616     0.64195    -1.81521     2.07371
  0.99338    -0.3592      1.6297699   3.15272     1.01975     0.87819004
 -0.88626    -2.33935     0.45850998  1.44293    -6.58442    -1.91019
 -1.4718499  -2.70259    -0.78303003 -4.85578    -1.13918    -4.06727
 -2.70965     0.37305    -2.8983798   2.20275     0.31245     5.1443796
  3.25144     0.3726     -2.23525     2.6188498   0.18724    -3.10224
 -1.5510299  -0.93733     1.19901    -2.65271     2.61691    -0.07929
  0.19685    -2.6777399   0.61697     6.2467403  -0.03929     1.1008201
  5.35087    -2.3552399   4.01468     2.13046     2.76267    -5.16655
 -1.33173     0.57015     0.23385    -1.12237    -0.08753     6.1072803
  0.6199      0.13795     4.66325     0.05546    -2.97746     1.7088901
 -5.23878    -0.27598    -0.2775      1.2235199  -1.24515     3.06177
 -2.5201898   3.65495     0.08051     0.71391     1.48503    -1.45796
  3.49496     2.0625      1.84837     1.0987101   0.22482     2.34903
  2.01974    -2.30678     3.00699    -0.47899997 -1.3158      0.88144
  0.71534    -3.2009    ]