[-1.3339967  -0.23080339  0.15779334  1.457745    1.1583467  -0.86740494
  0.00549997  2.0853698  -3.586975   -0.32052335  0.7728734   1.6664416
 -0.12249503 -2.0682433   0.95225     0.39005664 -1.6979033   0.12182998
 -1.7669033   2.056855    1.0332967   2.04377    -0.8057366   0.15028334
 -1.5486132   0.17897327  0.19736505  1.5021783   0.31827337 -0.98549336
  1.6166085  -0.79235005 -2.7261832  -0.6312817   4.6420984   0.8128783
 -1.524845    1.004305   -2.0758333   0.28182334 -0.9016116  -0.4961017
  1.0591667  -0.08261003  2.6463215   2.5885499  -1.1434884  -0.18993331
 -1.270265   -0.2882917   1.1378034  -0.49442497 -1.0640049   0.99343663
 -2.1032016   2.7927418  -1.1401299   0.9315967   1.86584    -1.1622683
 -0.18690169  1.6062016   1.8557783  -2.3485918  -0.9214017   1.381725
 -0.23133166  0.8319184   1.7029      1.147205    1.5785567  -1.0370933
  1.7596134   1.5312166  -1.0775667   1.8872967   0.66440994  1.9057317
 -1.3463717  -1.6252066  -0.9774633  -0.6235533  -1.0874966  -2.2511652
 -0.01232835  2.7067518  -1.6347617  -0.46188998  0.1660266   0.95169
  1.2727034   0.14781661  0.24559166  1.0797933   1.3954967  -0.22924332
 -0.06086004 -0.08568332  2.24603     0.02931999  0.16367507 -0.6016933
  2.5375152   1.1071185   0.30211332  0.7010934  -1.2336267  -1.5594434
 -0.75715995  1.7675234   0.38391665 -0.2968667  -1.0669383  -0.60921997
 -0.29324162 -3.1025283   0.96200323  0.962035    0.33508667  0.5070584
  2.5167649  -0.7146334   1.2208184   0.8423517  -0.880645   -4.5148067
  1.2274534   0.33765662 -0.07785002 -2.94569     0.05187996  0.2843117
 -3.1578968  -0.13372834 -1.4753251   0.9761433  -0.44980168  1.0747117
  1.8094684  -0.12141005  0.736165    1.1143633   1.50662    -1.4264383
  3.2016366   1.468285    1.039435   -0.21330841  2.16102     0.79008836
 -0.72250503 -1.7034017   1.8807783   2.1238866  -0.72144336  2.1790116
  2.4436283   1.6397934   3.0636566  -0.67811507  1.7671065  -2.97808
 -0.23504001  1.1576217  -0.6797617   0.59833163  0.1469567   1.6142567
 -0.01785839  1.0022818   2.0171285   1.90274    -0.7874017  -0.042015
  1.0520867  -0.38106668 -0.11769658  1.804135   -0.27617997 -0.9522283
 -2.4653      2.3347633   0.20503174  2.9197419   4.874432    2.1220133
  0.2321949   1.085065   -0.0966033  -0.05002336  2.8547766  -0.46590498
  1.0670067  -0.07207835  3.2461765  -1.2516817  -0.3764867   1.8041216
  2.11373    -1.12055   ]