[[ 1.00732342  1.06456995 -0.51778332  1.4105099   0.80291669  0.23008664
  -0.02498335  1.03466002 -0.82349666  1.09188334  1.94584656  2.12857008
   0.34757662 -2.88321336 -0.02148668 -1.40854994  0.61534667 -0.07280001
  -0.74801668  0.91225338  1.23715997  2.36439006 -2.27689679  1.10861341
  -0.62748671 -1.15998332 -0.68746003  1.73279333  0.54501669 -0.41231
   0.95354668 -1.51161671 -0.70110997  1.18417668  2.34929991  2.22869666
  -0.47218339  1.02658002 -1.65982326 -0.24013668 -1.00878334 -0.20398001
   2.69375356  0.29058333  1.08812332  0.51499335 -1.46801329 -1.17372672
  -0.51079671  1.79396995  0.87259992  0.17196999  0.07222664  0.84055662
  -1.07211669  0.64462666  1.06968657  1.02816661 -1.54950666  0.51524667
  -0.19864333  0.46867669 -0.93176667 -2.08631992  0.49535342  0.35913332
   1.05876001  0.37168336  1.01293333  0.65105669  0.29144663 -0.52640335
   0.03628663  1.06372007 -1.1299034  -0.07620668 -0.1977067   0.86699009
  -0.98158328 -1.71472343 -0.21987998  0.21795666  0.85796007 -1.20393666
   0.67523336  3.10240332 -0.44713334  2.05590995  1.95424668  1.01164341
   0.26415334  1.14267325 -0.30986333 -0.27673668 -0.59186331 -0.30054669
  -1.73287328 -2.3283534  -0.52564001  0.19282667  0.23709001 -2.67281659
   1.12147665  1.9114666  -0.03931336 -1.03023664 -1.84248336  1.35759322
  -0.37492665  1.20463657 -0.02014335 -0.30378999 -1.04730662 -0.08572
   1.35215664 -2.15920989  1.7483832   1.72988669  0.14450336 -0.93354003
   0.61035335 -2.25063992  1.89046335  1.48961004 -0.94372002 -0.0898567
  -1.97172991 -0.89113331 -0.21857331 -0.43657668  0.10057332 -1.31569997
  -1.85138003  1.08560332  1.32846673  1.29020659 -1.36702998  0.06651667
   1.58264669 -1.47049332 -0.31035002  2.37583001  0.92964665 -2.6779569
  -0.20514667 -1.18827661 -0.17173338 -0.53732999  1.91467667 -0.7404333
  -0.5535233  -3.18121338  0.87218666  0.46519669  1.08295329  1.07609002
   0.63506671  0.56023669  2.00901     1.13325334  1.97290993 -2.50579675
  -0.09562333 -0.8246034   0.01229334 -0.52766665  1.34738     3.14637661
  -0.54312666  0.24176665  1.06521336  0.53193001 -1.65337006 -0.55747668
  -0.9873867   0.12787666  1.29703665  0.87031333  1.26165334  0.86399333
  -1.45575666  0.19127997 -0.74354005  0.11777333  2.45070998 -0.73889995
  -1.01177661  0.43915006  1.38850005 -0.87754337  1.36999671 -0.02863665
   2.92427317  0.06402333  0.90864666  1.52863328  0.53608998  0.05594999
  -0.52128005  0.07863001]]