[ 1.8767201e+00  3.8027251e-01 -3.0087752e+00  1.7905650e+00
  1.1813076e+00 -1.8320899e+00 -2.8219748e-01  4.5929503e-01
 -3.4462347e+00  1.8850950e+00  3.8536483e-01  1.0883050e+00
  2.6867253e-01 -3.4570000e+00  4.5605004e-02  1.2883899e+00
 -2.4872475e+00  4.2677748e-01 -3.4424403e+00  1.4612800e+00
  5.6772995e-01  3.1547799e+00  1.1477875e+00 -8.6696756e-01
 -8.2990497e-01 -3.8331747e-01 -2.0865002e-01  2.8078549e+00
  1.4265002e-01 -2.0428951e+00  1.2263875e+00  1.1420474e+00
  5.4173744e-01 -1.9284499e-01  4.4842300e+00  1.2289425e+00
 -2.5235476e+00  4.5549247e-01 -3.1896474e+00 -5.4799753e-01
 -3.1266198e+00  5.0205022e-02  2.6729624e+00  2.9545251e-01
  1.6810925e+00  3.3652401e+00 -1.1603575e+00 -1.2089775e+00
 -1.4428500e+00  2.1584051e+00  5.9072751e-01  3.6491251e-01
  4.3692499e-01  3.0929074e+00 -1.4311650e+00  3.7522073e+00
  1.8091224e+00  1.1023674e+00  1.9231875e+00  1.4557625e+00
 -7.1292752e-01  5.0425005e-01  9.7374249e-01 -2.3424675e+00
  3.0372500e-01  6.2567246e-01  2.1811399e+00  9.9127746e-01
 -7.5977474e-02  1.7751575e+00  3.8465877e+00 -1.0040774e+00
  1.9286551e+00  3.3394625e+00 -2.3324351e+00  2.0017450e+00
  3.5574496e-01  1.3820176e+00 -1.1044250e+00 -1.6831875e+00
 -1.1625249e+00 -2.6117649e+00  2.1331451e+00 -1.7148476e+00
  2.8030698e+00  4.1466575e+00 -1.6682775e+00 -3.9950001e-01
  1.8079677e+00  1.5386498e-01  2.1410258e-01  4.6279749e-01
  2.4542250e-01  4.0983498e-01 -1.0914176e+00 -6.1664748e-01
 -7.9313749e-01 -1.1049175e+00 -9.5334500e-01  1.0804551e+00
  1.4143000e+00  2.1078500e-01  3.1302176e+00  1.8574250e+00
  9.8659992e-01  3.2968253e-01  1.3452425e+00 -1.7644501e-01
 -2.5353000e+00 -7.9730034e-02  2.5190252e-01 -1.0505425e+00
 -4.3045177e+00 -8.2153505e-01 -1.4200753e-01 -3.5407276e+00
  3.5150748e-01  1.4873075e+00 -1.3350499e-01 -1.0064251e-01
  1.2135350e+00 -2.5913424e+00  1.5386524e+00  1.2925650e+00
 -2.2853252e-01 -2.9107075e+00 -1.7636650e+00  1.4107900e+00
  8.9352751e-01 -1.7737200e+00 -1.5457100e+00 -1.2821875e+00
 -1.1227499e+00 -4.1266757e-01 -1.0606226e+00 -5.5456251e-01
 -2.3753026e+00  1.8051376e+00  1.6498775e+00 -1.7647176e+00
 -3.6791256e-01  1.6301525e+00  1.7596151e+00 -2.1491325e+00
  7.1556747e-01  1.4021425e+00 -1.1179700e+00 -2.3629150e+00
  2.6354401e+00 -1.2918752e-01 -5.3896499e-01 -2.0470800e+00
  4.3446752e-01  1.8228250e+00 -6.1474252e-01  9.0450752e-01
  1.8507850e+00  1.2017500e+00  2.6052651e+00  3.2397503e-01
  2.6087050e+00 -2.0098550e+00 -1.9405224e+00 -1.5626754e-01
  9.7238499e-01  7.3054004e-01 -7.0899254e-01  5.2753954e+00
  8.6169988e-02  2.2912874e+00  1.0571375e+00  7.2728997e-01
 -1.3663051e+00 -1.2780350e+00  1.8265076e+00 -4.0337002e-01
 -4.4984996e-01  1.9436250e+00  1.4996150e+00 -1.1957675e+00
 -1.4188775e+00  8.5748494e-01 -1.8083524e+00  3.2325103e+00
  1.5382925e+00  1.9915075e+00 -2.8020799e+00 -2.4623251e-01
 -3.9824545e-03 -1.4187549e+00  1.4020025e+00 -2.3119001e-01
  1.8558726e+00  1.5451626e+00  1.6190550e+00 -8.1221253e-01
  1.1729400e+00  1.7915751e+00 -1.3839750e+00 -6.3489997e-01]