[-0.98221004 -0.0289     -1.7232751  -0.24138501  2.137135    2.23365
  1.2176701  -3.4686599  -1.24059    -1.21669     1.421785   -1.8287652
  0.75256    -4.42743     1.50562    -0.27731013 -0.58791006 -2.462635
 -2.146485   -0.21252012  0.73855996  5.417615   -1.2517049  -2.934205
 -0.65241486  1.241155    3.275435    3.2324052   0.19942    -4.893385
  2.386205   -5.500765   -2.592985   -0.64657     0.35816002  0.9085099
 -0.580905   -2.60737    -0.69057    -2.87593    -2.666655    0.2335251
  0.70172    -2.148325    1.7809399  -1.158705   -2.212455   -0.15487
 -0.941965    0.16653001  2.14575    -0.14428002 -0.4893701   1.246915
 -3.2350502   2.184205   -1.7498449   0.52387995  1.09349     4.00924
 -1.642215    6.49257     0.27398998 -2.312195   -0.54428494  0.39793497
  0.13631    -0.84073496  1.66897     0.12481999  1.573375    2.89008
  0.16349003 -0.57449    -3.31617     2.419145   -1.160805   -0.10994005
  2.741215   -1.753665    0.713305   -1.022315    1.94328     1.714715
  1.98916     3.39961    -0.76905     1.14291    -3.4810348   0.66092503
 -0.11634994  3.22521     2.61165     2.1882749   0.62981504  1.58691
 -2.7456548   0.9979749  -0.60916     5.34201    -0.57341504 -1.2915248
  1.6722299   3.10931     4.310525    1.9060299   0.84361994  1.74189
 -3.059575    0.5981     -1.82574     0.67667496 -3.30611    -0.59867
 -2.22852    -0.78619003  2.0239801  -0.781085   -0.35367     0.30444494
  3.160255   -1.380365    1.48052     0.50244    -3.90335    -3.816455
  0.43258    -1.91664    -1.75303    -2.518115   -2.17714     0.819775
 -0.377145    4.278645   -0.537865    1.8920951   2.9906502  -3.2435951
  2.62815     0.37615502 -1.8921399   2.610145    2.33184    -3.283685
 -0.378285    0.77271503 -1.4551101  -3.70219     3.0298753   0.811955
  0.95829004 -1.44072     1.477      -3.1412246  -4.371055    1.40481
  1.041445    1.1785951   4.45498    -3.45301     1.0084801  -0.81397
  0.615175   -1.5660299  -0.83209     0.82807994 -1.260515    1.43772
 -1.8968999   2.07331     3.522295    0.36338997 -1.8776699   1.9216847
  1.962765    1.836465   -0.04142499  3.30219     3.19013    -0.656685
 -2.489265    5.7238398  -0.74817     3.7094402   2.7799      0.21529502
  3.3311348   2.3751001  -1.8018601   0.45501    -1.37404     2.07706
  5.19668    -1.7920651  -1.7621201   3.357885    0.17388499  2.257675
 -1.5102501   0.344155  ]