[ 0.41844442  0.8205411  -0.5570689   1.4741077   1.0489699   0.41318774
  1.11602    -1.4640243  -1.9125379   0.56960225  0.88890225  1.461649
 -1.8625475  -2.9737186   0.9448121  -0.13386998 -1.2258779  -0.6965723
 -1.715619    2.0132565   1.060409    3.274981   -1.1957589   0.21156557
 -1.2994977  -0.75092006  1.110261    3.1268432   0.2887622  -2.5760646
  0.9818822  -0.6254678  -0.44672    -0.75381774  2.8494635   0.9089556
 -1.5896589   0.8721134  -1.7972933  -0.49702227 -1.758271   -1.69991
  2.477877   -0.65744996  0.63480335  1.1913822  -0.7435233   0.1981555
 -0.48819998  1.4982477   1.3340399   1.1881678   0.62017334  2.138971
 -0.9424977   1.6763667   1.1459166   0.71025     0.7365089   1.6498456
  0.03490885  0.86952895 -0.23516893 -2.3465466   0.9904255   0.8299211
  0.39287448 -0.07649001  1.2847778  -0.9668977   0.05325444 -0.6555588
  1.0719367   3.4960277  -1.9408877   2.92865     0.50604105  0.01296325
 -1.1412933  -0.59369004  0.15605998 -0.96372104 -0.33878443 -1.5199845
  1.3823943   3.2071936  -1.5987123   1.6557956   1.2335367   0.80224234
  1.0877633   1.6118255  -0.76276773  0.7303622  -1.0812911  -0.9945167
 -1.4861424  -0.52043    -0.40123776  0.3664078   0.80023223 -2.9613957
  2.7297223   1.3114344   1.3294511   1.1603612  -0.4890889  -0.2640722
 -1.0362633   1.7529144   0.12959665 -1.692429   -1.9730299   1.2703645
  1.0687488  -2.6139357   0.62959886  1.5496644   1.4714034   1.2069789
  1.89215    -1.7567902   1.8042477   2.7667055  -1.8325944  -2.4002244
 -1.557471   -0.6864689  -1.2019645  -1.1153588  -0.32754892 -1.4864668
 -1.2102077   1.0653957  -0.11651334 -0.10817109 -0.47770104  1.0209389
  2.4934168  -0.50218    -0.05220112  2.1345723   0.6078633  -1.2665477
  1.212469   -0.9093611  -0.03806332 -1.0226487   3.0352042   0.36605334
  0.12992668 -1.6294322   1.5440699   0.91641563  1.0392622   0.6950511
  1.2019933   1.3761678   1.4852567   0.32974443  2.7898686  -2.4052877
 -0.8898889  -1.0465722   0.4148311   0.37594223  0.16402999  4.1819
 -0.5030756   0.7078845   0.7680167   2.3689132  -1.7992532  -1.1922154
  0.01122    -0.09643002  0.7700622  -0.43169332  0.8172978  -0.23091003
 -2.4999955   2.5775669   0.08893445  1.2991521   4.271963    0.6899689
 -1.1068156   1.5068766   0.7310801  -1.1621267   0.21178444  1.2420578
  2.825531    1.1928589   2.926327    0.12668219 -0.4824133   1.5648266
  0.24722447 -0.18975776]