[-0.14839748  1.0036274  -1.0298874   0.32441998  2.426975    0.30342495
 -0.47953498 -0.15269    -0.6926975   1.543885    2.6144724   1.610035
  1.1824625  -4.2387776   0.47439256 -1.8651226   0.25506997  0.19608498
 -0.9408575   0.74507993  1.3175775   5.0236473  -2.3229425   0.42209262
 -0.11084999 -0.01323494  1.7361599   3.4660974   1.1769176  -2.8084624
  1.27941    -3.509935   -2.2799873   0.08633     1.7245024   2.190995
 -0.23666754 -0.709135   -0.54235244 -0.5351425  -2.4297025  -0.6454425
  2.2875674   0.91403     2.293345   -0.00935997 -2.3219225  -1.2855175
 -0.5943725   1.12562     0.83303744  0.6460375  -0.40686998  1.0024725
 -2.2337575   1.7394876  -0.42636254  1.9579874  -0.880985    1.1139325
 -0.11231749  3.026005   -0.954655   -1.8681825   1.1569351   0.01503751
  1.167665   -1.0204225   0.86738247  2.2408376   2.1867776   0.5623776
  0.841385    0.72340006 -2.624615    0.2197475   0.38140744  1.930595
  0.10651505 -1.4915826   0.20794502 -0.7940225   2.064305   -0.04502743
  0.15087998  3.20332    -1.0614074   2.3816824   0.72861254  1.6584401
 -0.6391125   0.63773733  1.4531674   1.2078974   0.24998501  0.98656994
 -1.63445    -0.27254516 -1.0104275   1.3757074  -0.07149506 -0.44735003
  1.2188225   2.3213024   2.1631699   0.8142625  -0.27118003  1.49649
 -0.84728247  1.0149975  -1.2209125  -0.031865   -1.9279475  -0.0121475
 -0.16201001 -1.9816524   1.7435474   1.1473476   0.21496499  0.84116
  2.60881    -2.4385374   1.665755    0.02111495 -2.68033    -2.5277748
 -0.4359125  -1.5874475  -0.87014747 -2.075435   -0.21944752 -0.689995
 -1.8426299   2.2889676   0.58892006  1.6081975  -0.4280674  -1.558715
  3.2298427   0.13719487 -1.0260875   2.9762673   1.147405   -2.8009024
 -0.7316625  -0.29805997 -0.96076256 -1.8201699   3.544605   -0.09390247
 -0.865795   -4.483425    1.480415   -1.4681624  -0.5343751   1.2429976
  0.66975254  1.031285    5.03655    -0.9945425   2.5155675  -1.593975
  0.25225753 -0.42564005 -0.6773075  -0.14907742  1.6731124   2.9520175
 -2.1989398   0.80527496  1.8560125   0.29871    -1.59741     1.3620999
 -0.995615    1.23499     1.3361775   2.3853252   2.17706    -0.008195
 -2.0348625   2.526      -0.8969826   3.5696177   4.150475   -1.1021324
  1.5098724   1.2695051   0.48987252 -1.025125    0.629465    0.22769004
  4.5589924  -1.2673951   0.10869244  2.4797     -0.38094002  0.9369775
 -2.1952677  -0.0667725 ]