[[-0.94976765  0.73189049 -0.23491744  0.70749294  0.9872722   0.44055931
   0.71027775  0.21157014 -1.26176341  0.08603029  0.90875808  1.81329287
  -1.00001491 -1.95544332  0.09860403 -0.16712383 -0.77017849 -0.13833019
  -0.98134104  1.21941088  0.25548871  1.94877974 -0.72124225  0.00863647
  -0.40536362 -0.36744902  0.51866294  2.11735113 -0.25802736 -0.81039396
   0.69121098 -0.66308979 -0.25603192 -0.16243156  1.82124402  1.28891189
  -1.05212046  0.17935428 -1.71200732  0.36197373 -1.65305244 -0.63113117
   1.18712393 -0.7019408   0.7874401   0.82372292 -0.57215068 -0.35286246
   0.37323984  0.4873653   0.72268122  0.3800497   0.17061942  0.93057674
  -0.95147761  1.62466511 -0.54030285  0.2651158   0.68269249  1.48587382
   0.11005932  1.00515932  0.43354256 -0.90393294  0.61642774  0.43076066
   0.48854891  0.8037599   0.27817512 -0.31621804  1.19688201 -0.74347719
   0.8270244   0.98063054 -0.92374556  0.75290988  1.2471812   0.27822862
  -0.95410848  0.05012806 -0.30907248 -1.03212718 -0.40825885 -1.04169351
   0.70423363  1.67839893 -1.08787117  1.29872354  0.81629245  0.576284
   1.2057497   0.42355115  0.28228559  0.08515569  0.17129727 -0.27363869
  -0.52283425 -0.58415045  0.07095823  0.57203127  0.48407638 -1.63285374
   1.86117542  0.99048424  0.2237329   0.51417165 -0.49253627 -0.0166502
  -1.65521524  1.71022796  0.59915143 -1.25631838 -0.84824088  1.32668567
   0.51455697 -1.67709903  0.44107759  0.53153156  0.20317039  0.01288598
   1.16648141 -1.31988143  1.49474261  1.45991529 -0.5167765  -2.05146746
  -1.11297    -0.20108353 -0.12966774 -0.88190094  0.6267299  -0.74168391
  -0.6768044   0.73975397 -0.7104571   0.10742178 -0.44523894  1.13665613
   1.34236123  0.07218813  0.12462067  1.2074059   0.92631525 -1.56890374
   1.15537181 -0.46311893  0.52482823 -1.50970984  0.98463993  0.21225905
  -0.21542285 -0.48220154  0.83335412  0.72005148  0.1449992  -0.28392962
   1.37641681  1.49170679  0.78579204 -0.27207208  1.74912364 -1.36909811
  -0.46885181 -0.42216168 -0.19539844  0.50342097  0.50005548  2.43361007
  -1.11758104  0.85513569  0.61243078  0.7473785  -1.11988787 -0.71092576
  -0.03097324 -0.50337765 -0.60758026  0.56852559  0.91369078  0.44147401
  -2.09921936  1.17424236 -0.39765047  1.73358536  2.29872353  0.22077108
  -0.67114892  0.93063385 -0.1667046  -0.51064098  1.05362264 -0.09607599
   1.2700699   0.66915637  1.41853323 -0.06260148  0.4557141  -0.0902305
  -0.50661873 -0.02674754]]