[ 1.987195    2.488325    0.77474    -0.35531497  2.9150448  -1.000055
 -0.86473     0.20102006 -0.273675    2.87985     2.892405    4.42272
 -0.12102999 -0.06411505  0.70719004  1.01472     0.092305    4.2378902
 -1.6729901   2.3292549   2.238165    1.8205299   0.10864499 -1.2335299
 -0.11600003 -3.188055    4.963625    2.0966349   1.7210749   1.593265
  0.455355   -1.0302249  -0.02323499 -1.066425    2.424825    3.93639
  1.9045451  -4.6293497   1.31706     5.05971    -4.3455     -1.775
  2.473365    3.59941     4.187995    2.09408     1.5372     -0.95411
 -3.372635    2.7532601  -0.324745   -0.137795   -3.816065    0.933015
 -1.1053799  -0.25362498 -2.076615    6.523075   -3.373115   -2.882555
 -0.90008     3.113415   -1.7855299   1.0574     -1.20887     0.960415
  1.8234401  -1.64083     0.923105    2.587915    4.55061    -2.7047
  1.7872651   1.43098    -4.5761847   2.920665    1.624515    0.75956506
 -1.2996501  -2.048265    2.585825    2.21154     1.234955    1.437915
  2.383245    4.5132504  -0.40406996 -4.546175    2.277035    0.949365
 -1.947095   -1.30266     0.39101997 -2.57409    -1.196585    2.061195
  0.47109     1.4488001   0.74473     1.5946699   2.16749     1.378175
 -0.60431004  2.7870498   2.3458648   1.775425    2.757945    1.259835
  2.2045698   0.22362997 -0.08201999 -1.943435    0.46155998  0.44503498
 -2.3392901  -4.5993805  -4.252995   -2.406265    2.197865    3.37011
  2.334615   -6.03707     3.2816448   2.218815   -4.61275    -1.1250801
 -2.48286    -3.6863651  -0.84773    -5.499035   -1.016415    0.01128006
 -0.94714    -0.18967003 -1.63167     1.163475    1.19381     1.4595251
  3.08938     2.81094     1.14384     3.37602     0.28520498  0.608235
 -1.6769199   0.37824494 -0.7567     -0.417665    1.101025    2.6956801
 -0.48774    -7.26425    -1.3070949   0.937735    1.290895   -0.48133004
 -2.805115    3.25781     5.452845   -1.59558     1.75628    -1.567545
 -1.7347801  -1.5289099   0.67682505 -0.7246199  -1.68612     3.53591
 -4.8289204  -0.836885    0.61933005 -1.395135    1.497135   -0.38627
 -3.7584553   1.18896     3.02907    -1.0151      0.25840503  0.305745
 -0.29194003  2.667015    1.643415    3.855495    3.12961     0.57379
  3.5599399  -2.157205   -3.182575   -1.380295   -0.08120996 -1.5402851
  2.465825   -0.86001503 -0.15529501  0.358355   -0.65989506  1.7597151
 -1.47769    -1.571885  ]