[ 0.03819003  1.2097768  -1.0831667   2.05994     1.4815532   1.06324
  1.77306     1.0954633   0.11332003  0.9994367   0.16220333  1.74755
 -1.1060634  -2.54031     0.25166     1.6272534  -2.0848935  -1.1695634
 -1.9001032   2.8328667  -0.36791     3.5728397  -0.01605332 -0.05829664
 -2.8994067  -1.8860534  -1.5977665   3.4814167  -1.1485167  -1.1891567
  0.43654335 -2.8740933  -0.47050667  1.50425     3.3820333   2.0929601
 -2.0746      1.30448    -1.4570199   1.00025    -1.8713732  -1.7970366
  2.59694     0.10258671  1.24105     1.8373266  -3.0394332  -0.61278003
 -0.01978     2.2990932   2.0322366   1.18612     1.03114     1.4572668
 -1.8770332   3.1671703   1.0373499   1.1800234   0.34068003  0.6263967
 -1.8190368  -0.97812337 -0.53073    -2.2741168   1.6742133   0.3847867
  0.6533133   0.41634333  0.8670433  -0.58889     0.64795     0.63359
  2.7490833   3.7433567  -2.7152798   0.60654     1.24411     0.21382332
 -0.88308    -0.46274003 -0.18742335  0.02311333  0.4178233  -1.9447666
  0.40077996  3.8109066  -0.26275668  2.2536466   2.4423234   0.9867466
 -1.4033002   2.9140167   2.0484133  -0.74212337 -0.34221664 -1.7153066
 -0.94941    -1.4539766   0.10541666  1.87263     2.1149933  -4.36031
  2.5392568   1.1446934  -0.81667334  0.6266     -0.25097668  0.08126
 -0.69500345  2.6240466   1.23958    -0.9144001  -1.7938299  -0.40448332
  2.7100565  -2.8805435   1.38441     1.4757266  -1.0967766  -0.18321998
  1.7665567  -3.8004868   4.055963    2.27384    -1.5930433  -2.4175699
 -3.0926666  -1.5621767   0.00875666 -1.3976      1.3252667  -1.0798701
 -1.80864    -0.5363066   1.1852866  -0.13445663 -2.2898233   1.2041932
  1.7161034  -1.0733467  -1.17669     1.3788134  -0.91051334 -0.9575267
  1.5460333  -0.7095067   0.34139666 -1.8481032   3.0164032   0.14545001
  0.10453999 -1.5793633  -0.32573     0.88967997  0.13708997 -0.4807466
  3.316293    2.4395266   1.6041399   1.11956     1.2627333  -2.1588833
 -0.8975799  -0.48805332 -0.01442334 -1.37825     1.3668      4.739493
 -2.4200366   1.3687967  -0.50913996  1.7894467  -3.1679802  -1.6904732
  0.8279233   0.70078677 -0.27001667  0.16223674  2.1794765  -0.16724001
 -2.2654235   0.48558667 -1.4918833   0.8314333   3.1746     -0.03905333
 -1.93564     1.0327533   1.6306534  -1.8324167   2.88688     1.4053534
  1.82994     1.6992365   2.3095834   1.0998033   1.5676166   0.89019996
 -0.58041334 -0.41923   ]