[ 7.7444911e-02 -4.0562493e-01 -5.7872993e-01  2.4081850e+00
  6.0723001e-01 -1.0282251e+00  3.5933850e+00 -3.2111702e+00
 -1.1387050e+00 -5.7300496e-01 -5.7730496e-01  2.9183800e+00
  4.1687500e-01 -1.1529900e+00  2.8199926e-03  1.6133599e+00
 -2.3230700e+00 -6.4081502e-01 -4.1608801e+00  1.4061800e+00
  4.5812500e-01  3.8843851e+00 -1.5539749e+00 -3.0818899e+00
 -4.3608952e+00 -6.5908998e-01  3.4503901e+00 -9.8004997e-02
 -1.1707201e+00 -2.4904251e+00  1.6481750e+00 -1.6635900e+00
  1.5294700e+00  4.8193499e-01  1.6717350e+00  1.3785651e+00
  3.8204503e-01 -9.6755999e-01  1.4107150e+00 -2.8228850e+00
 -2.3518050e+00  1.4390900e+00  1.0461099e+00 -4.1854348e+00
 -6.4266503e-01  1.7306700e+00  1.0566950e+00  2.8564000e-01
 -4.3156505e-01  1.9638150e+00  9.6805495e-01  6.9613004e-01
  8.9498496e-01  8.9395499e-01 -1.5172250e+00  7.7289504e-01
 -1.7530900e+00  1.0191250e+00 -5.3679502e-01  4.5952549e+00
  3.3979499e-01  2.2887998e+00  6.9048500e-01  1.5421250e+00
 -5.8515000e-01  1.0836750e+00  1.3203499e+00 -4.1160506e-01
  2.6327350e+00 -2.2885852e+00 -3.3838505e-01  7.5774908e-02
  3.2417748e+00  5.9248000e-01 -3.0340850e+00 -9.5904827e-02
  2.7937502e-01  1.8920502e-01  1.5475700e+00 -2.2997999e+00
 -3.7054500e-01 -2.2819052e+00 -1.8619450e+00  5.1094985e-01
  1.9608951e+00  7.6125002e-01 -9.0558493e-01  2.2085750e+00
  1.4964401e+00  6.1560011e-01  2.4694350e+00  2.3807850e+00
 -9.9766004e-01  2.1065402e+00 -2.1146995e-01 -6.9559503e-01
  3.3443999e-01 -2.5331800e+00 -1.6909099e+00  1.1858499e+00
 -7.0738006e-01 -8.8616991e-01  2.7573149e+00  1.2456000e+00
  1.8771005e-01  3.2803402e+00 -2.5217099e+00  1.8003005e-01
 -1.4962550e+00  9.3185997e-01 -5.6417000e-01 -1.4110050e+00
 -3.0036850e+00  1.8971798e+00 -1.2974899e+00 -2.7793150e+00
  2.8072453e+00  1.2285900e+00  2.6645999e+00 -1.2296650e+00
  1.7285049e+00 -1.6455300e+00  3.5218699e+00  1.6099250e+00
 -3.1023650e+00 -3.1323051e+00  1.6285250e+00 -3.2567495e-01
 -1.0691850e+00 -2.8918900e+00 -1.3567250e+00 -2.1443849e+00
 -1.9519950e+00  1.1477401e+00 -1.7064750e+00  1.3516500e+00
  2.3942699e+00  1.9876602e+00  1.4258400e+00  1.0175500e+00
  2.1670499e-01  2.7485502e-01 -5.6603003e-01 -2.9316750e+00
  2.4855049e+00 -9.2695999e-01  1.0115199e+00 -2.1546400e+00
  2.7797599e+00 -1.2176100e+00 -1.5158551e+00 -1.1870650e+00
  6.7040002e-01  1.5820451e+00 -4.6913001e-01  1.5968201e+00
  2.0531349e+00  6.7918003e-01  2.3379300e+00 -2.1614099e+00
  3.1288748e+00 -2.9179251e+00  2.2781000e-01 -1.9156500e+00
  7.6802003e-01  3.2336049e+00  1.3344499e-01  1.1114700e+00
 -7.7450007e-02  1.8440350e+00  2.4271600e+00  1.0675700e+00
 -4.7202998e-01  1.4587201e+00  1.1252750e+00 -1.4804702e+00
 -3.2464981e-02 -1.2599101e+00  1.1895200e+00  2.8999498e-01
 -1.5435600e+00  1.7911950e+00 -9.0716505e-01  2.4357800e+00
  4.3029351e+00  7.4364996e-01  2.4125650e+00  5.0342011e-01
  9.5820069e-02  1.1035200e+00 -7.4275994e-01  4.6105852e+00
 -7.2894990e-02  2.9570496e-01  1.0098650e+00  3.0014148e+00
  8.6578494e-01  6.5280998e-01  3.2908005e-01 -1.9451450e+00]