[ 0.57048     0.867675    0.58536994  0.891995    0.27845    -1.97748
  2.0796351   0.5100299   0.132715    2.467725    0.75759006  0.85319
 -0.03544497 -4.59978     3.380595    3.109725    1.706645    2.821765
 -0.6367099   3.18768     0.51172996  3.7500854   0.5007349   0.802065
  2.67991    -1.501615    2.7827249   1.0898551   0.09841996  2.033155
 -0.47900498 -0.22843999 -2.118965   -1.28898     2.877065   -1.5260899
 -2.551135   -0.02393496 -0.42202502 -1.716515   -0.40059498  1.172525
  2.85319     2.422855    4.824775    0.688285   -0.07942499 -0.723335
  0.58770514  1.70136    -1.8513      0.70426494  0.228405   -1.5322349
 -3.1091352   3.1978202  -2.9930348   1.624605    0.23160002  1.66581
 -1.14795    -0.14968991  3.59193    -2.7039552   1.6717203  -0.88829994
  1.128165    1.9395249  -0.10129493  1.5551649   2.58855     1.8296348
  0.527735    5.254995   -2.008235    2.455755    2.3470402  -0.25820518
 -1.7862101  -4.04014     1.5348248   1.2980951   2.5989301   0.334705
  1.2017801   3.6819448  -1.23636    -0.62183     0.88436    -0.08936501
  0.115935    2.207055    0.82235     1.42712     0.81439     1.646605
 -3.0730448  -1.99883     2.2655451   1.163375    0.07353497  0.89271986
  1.1715951   2.40254     3.5607948   1.9956601  -0.8678701  -1.29566
 -0.34840503 -1.402765    0.460675   -0.297765   -1.1914799  -3.4783752
  0.26364    -1.577545   -0.95491993  0.22132003  2.9487      2.009465
  2.915555   -3.62637     1.5314851   1.738425   -1.8664601  -3.85084
  1.0155951  -0.06714499  0.11796001 -1.8561649  -3.2937398   0.93792
 -2.83473     0.23931497 -0.56058     2.71549    -1.54387     0.39603
  0.37616998  2.02054     2.646765    3.67316     0.960105   -0.7001451
  0.19989496  0.70998     1.5102749  -1.412255    1.4549999   1.577515
  0.92130995 -4.65146    -0.8998401  -2.16853    -2.6603298   2.644565
 -1.824115    2.310475    5.597865   -3.527155    1.4292899  -1.963465
 -0.94488496  1.5306699  -0.69506997  0.6127349  -0.784735    0.306625
 -0.57589996 -2.657685    1.8151851  -2.648035   -0.50558496 -0.79550993
  0.75366    -1.60782    -2.08236     4.258285    2.4864202  -1.41152
 -1.46137     2.508985   -0.70929503  1.49107     3.607085    1.4658749
  1.59255    -1.9696951  -0.58827996 -0.23720503  1.7605201  -0.22932005
  1.750915    0.99399495  0.38756     0.60093504 -1.3803251  -0.91316
  1.694375    0.18446499]