[-5.1512003e-01 -1.4449701e+00  8.6122000e-01  1.7357700e+00
  2.4788499e-01 -3.2755002e-02 -3.2245001e-01 -1.8933600e+00
 -2.0626299e+00 -1.4972500e+00 -5.6603491e-01  1.9764199e+00
 -6.0261500e-01 -1.4384601e+00  3.8581848e+00  2.9466300e+00
 -4.1294551e+00 -2.1342850e+00 -3.1532898e+00  4.1074500e+00
 -1.4339600e+00  7.7599502e-01 -3.0643802e+00  5.0033498e-01
 -2.4636550e+00  3.8152999e-01 -9.7300500e-01  2.0207651e+00
 -1.8092550e+00 -3.6199300e+00  1.7129700e+00  7.4438500e-01
  5.8537996e-01  1.0016500e+00  4.0059996e+00 -4.5644999e-02
 -4.1425152e+00 -1.5819650e+00 -1.3715650e+00 -2.6907248e+00
 -3.0589352e+00  3.5715002e-01  1.1550550e+00 -1.5709651e+00
  2.8792548e+00  2.2012502e-01  2.5774801e+00  1.5281600e+00
  9.8766500e-01 -1.3729850e+00  2.1370850e+00 -7.3631495e-01
  1.7946000e-01  2.2774150e+00  9.6165001e-01  2.9888902e+00
 -1.7636199e+00  7.6117998e-01  1.2508149e+00  2.3917851e+00
 -8.0637503e-01  2.2688651e+00 -2.3835003e-02 -6.5943998e-01
  2.1264005e-01  1.8499951e+00  1.2319849e+00  4.5871991e-01
  9.5922500e-01  3.2670498e-01 -1.9056499e-01 -6.2529999e-01
 -6.6218996e-01  1.8160549e+00 -4.2159996e+00  1.9640501e+00
  1.2530200e+00  1.8065050e+00 -5.9903502e-01 -2.4442201e+00
  1.2993951e+00 -2.2473199e+00 -1.3190750e+00 -7.1942496e-01
 -1.8992900e+00  2.6713150e+00  2.0200448e+00  1.4803502e-01
  1.7468005e-01 -1.3837850e+00  3.1739980e-02  9.6385497e-01
 -3.9998502e-01 -3.3494051e+00 -4.6955001e-02 -1.8061651e+00
  5.1900506e-01 -2.3002748e+00  6.4964002e-01  1.4276500e+00
  9.0878993e-01 -1.5139350e+00  4.6585751e+00  1.2583600e+00
  8.6232001e-01  1.8888750e+00  1.0373449e+00  1.0626501e-01
 -2.0182500e+00 -1.1161000e+00  2.1151900e+00 -1.4423850e+00
 -9.4906002e-01 -2.4947250e+00 -2.5212600e+00 -2.1756299e+00
 -8.9675003e-01 -1.2790099e+00 -3.3434999e-01 -1.7674500e-01
  2.4461350e+00 -1.8196450e+00  2.8298302e+00  1.1310800e+00
 -2.8794998e-01 -1.5915550e+00 -6.1391497e-01 -2.6173201e+00
  1.3054499e-01 -1.8053850e+00  7.5067496e-01  2.8562999e+00
  1.6378599e+00 -8.0401003e-01  1.0858500e-01  4.1850060e-03
 -8.9739990e-01  3.6198008e-01  2.9390349e+00  3.7958503e-01
  1.7031200e+00 -8.1744003e-01  2.9548500e+00 -2.6026402e+00
  2.3521352e+00 -3.2616298e+00  2.8901949e+00 -3.5962801e+00
  3.6629250e+00 -1.9371000e-01 -2.3225501e+00 -3.3777800e+00
  1.3137301e+00  1.0382900e+00 -5.2386004e-01  2.5778651e+00
  3.5518497e-01  2.3420999e+00  2.1656852e+00 -3.4341002e-01
  2.0213802e+00 -1.0838650e+00 -1.5762899e+00 -1.1189749e+00
  1.4722501e-01  4.7178501e-01  8.4613502e-01  4.0415401e+00
 -7.2266006e-01  2.7041600e+00  4.1120052e-02  1.7080649e+00
  3.0500495e-01 -2.6346998e+00 -2.2813001e-01  2.0043750e+00
  3.4665501e-01  6.1694002e-01  6.3059002e-01  4.5897502e-01
 -2.1035099e+00  1.2863550e+00 -3.2659750e+00  3.9635649e+00
  2.4815750e+00  5.3831995e-01 -2.1909399e+00  3.4463398e+00
 -3.1963998e-01 -8.6470509e-01  2.4365349e+00  1.3097800e+00
  1.5527900e+00  4.4227200e+00  8.3667994e-01  4.7422498e-01
 -1.9779503e-01 -1.9877801e+00  2.8199351e+00  3.1524451e+00]