[ 5.69054961e-01  1.00435507e+00  6.13985002e-01  8.17099988e-01
  4.79019970e-01 -1.19658506e+00 -3.20089996e-01 -1.15685010e+00
 -8.76680017e-01  1.89049840e-02  1.40976000e+00  4.36904001e+00
 -1.24005020e-01 -4.36660004e+00  1.90312004e+00  2.11905503e+00
 -8.00185084e-01 -6.40895009e-01  3.04645002e-01 -4.23765063e-01
  2.24230003e+00  4.90410042e+00 -7.99579978e-01  5.33549786e-02
 -8.30350041e-01  2.55539954e-01  2.21907496e+00  7.11464942e-01
  5.73080003e-01  1.82815030e-01  2.15784502e+00 -8.88500035e-01
 -1.64049983e-01  3.05655003e-01  1.17009997e+00  2.76130486e+00
 -3.91014993e-01 -1.67747498e+00 -2.91767502e+00  5.80075026e-01
 -1.29728997e+00  5.78949898e-02 -1.58080506e+00  7.09969997e-01
  2.84902000e+00  1.24820995e+00 -9.79725003e-01 -2.84136510e+00
 -4.28860009e-01  2.92499989e-01  5.46585023e-01 -2.01501513e+00
 -3.02101994e+00  4.58775014e-01 -1.92461491e+00  1.16104975e-01
 -7.15439916e-01 -1.01670027e-01 -1.39549506e+00 -2.04477000e+00
  1.28729498e+00  3.48232985e+00  5.24299979e-01 -1.33007014e+00
 -2.03279996e+00  6.58204973e-01  2.10519004e+00 -6.06789947e-01
  2.28645012e-01  3.87697506e+00  1.24329992e-01  9.35049951e-01
 -5.16250014e-01  1.65476000e+00 -3.75936985e+00  6.62504971e-01
 -7.15920091e-01  8.09549093e-02 -1.81064487e+00 -1.52702999e+00
  8.52854967e-01 -9.06079948e-01  6.73509955e-01 -1.52322006e+00
  6.74250126e-02  4.23045015e+00 -1.28094995e+00  1.82275057e-01
  2.27848506e+00  1.26796997e+00  2.74999887e-02 -2.28320003e-01
  5.48434973e-01  1.80877507e+00 -4.02160019e-01 -8.62059951e-01
 -3.02434981e-01  5.24145007e-01 -1.01627493e+00  2.98565030e-01
 -1.10229492e+00 -1.72966492e+00  2.22033000e+00  3.61473489e+00
  2.82681990e+00  3.99082994e+00 -4.37930107e-01 -2.17931986e+00
 -7.33275056e-01  4.59460020e-01 -2.51560003e-01 -1.11148000e+00
  5.20185053e-01  2.05016494e+00 -8.60349953e-01 -1.88097513e+00
  2.21122503e+00  1.47477508e+00 -5.08315027e-01  2.32358503e+00
  9.57114995e-01 -7.36424983e-01  2.24651504e+00 -8.67654979e-01
 -2.56298018e+00 -1.38103008e+00  7.24559963e-01 -8.17330003e-01
 -6.10799789e-02 -2.45470500e+00  5.44600189e-02 -4.41879988e-01
 -4.43298006e+00 -2.14620009e-01 -2.75109005e+00  2.87799984e-01
 -5.30640006e-01  4.11972523e+00  7.78164923e-01  1.26931500e+00
  3.78745508e+00  4.74349499e+00  1.48987007e+00 -1.49018991e+00
 -1.78364503e+00 -1.35420501e+00  2.05481005e+00 -1.73186493e+00
  3.10213494e+00  6.38365030e-01 -2.07132506e+00 -4.44902992e+00
 -6.13590002e-01 -1.61339998e-01  2.70941496e+00  2.51352501e+00
  1.14956486e+00  2.62037992e+00  5.32574463e+00  1.37922001e+00
 -1.22004747e-03 -2.81956005e+00 -1.48820043e-01 -9.02300000e-01
  1.33511007e+00 -2.51285028e+00 -5.34770012e-01  5.10337496e+00
 -5.77460051e-01 -3.34941530e+00  1.31934500e+00  9.95359898e-01
 -2.29450002e-01 -3.46152973e+00 -3.33284998e+00 -8.19914997e-01
 -2.08497047e-03  1.80659008e+00  2.64427018e+00  5.23549914e-02
 -2.38394499e+00  4.81956959e+00 -1.01291490e+00  1.91754496e+00
  4.89200056e-02  9.80765045e-01  2.78200507e+00 -1.13931990e+00
 -1.94704995e-01  8.05939972e-01  3.06991005e+00  2.36454993e-01
 -1.84635007e+00 -2.72941971e+00  2.65914011e+00 -2.58470058e-01
 -4.60129976e-01  2.41138506e+00  4.20549989e-01  1.53650045e-02]