[ 8.7292498e-01  1.3811400e+00 -6.9917494e-01  2.8645504e-01
  9.9104500e-01 -1.6301751e+00  1.4348500e+00 -3.5130000e-01
 -4.7353354e+00 -5.4536510e-01 -3.6644500e-01  9.3186003e-01
 -7.0810497e-01 -3.9043550e+00 -1.2306850e+00 -8.9494988e-02
 -2.5144248e+00  6.1500072e-04 -2.2984252e+00  2.8928499e+00
  2.7081499e+00  3.4911048e+00 -3.2795451e+00 -1.4574975e-02
  1.0168500e+00  6.2531495e-01 -7.2123992e-01  4.3035302e+00
 -7.8270003e-02 -1.3576099e+00 -3.7502006e-01 -1.6007251e+00
 -1.3747150e+00  1.4525002e-01  5.3749199e+00  2.7689800e+00
 -3.9864650e+00  2.3979051e+00 -2.5246749e+00  8.4870499e-01
 -4.1083403e+00 -5.0284499e-01  1.5805149e+00 -1.0735999e+00
  2.3767452e+00  5.4476500e-01 -2.0659699e+00 -4.4480503e-01
  1.8378001e-01  2.6316750e+00  2.7142899e+00 -1.3059050e+00
  2.6484001e+00  4.3529053e+00  1.4166996e-01  3.2287602e+00
 -5.8080494e-01  1.0993099e+00  1.6607000e+00  5.4007500e-01
 -6.0685003e-01  4.0016502e-01  1.1790099e+00 -3.5794151e+00
  2.1383750e+00 -4.5183003e-01  2.3705006e-01  2.0597949e+00
  9.3286991e-01 -1.3961600e+00  6.0057986e-01 -9.5686501e-01
  1.4688001e+00  1.8310800e+00 -2.9293451e+00  6.0112000e-01
  2.4231499e-01  1.5639199e+00 -1.1886001e+00 -2.6160200e+00
  7.1804500e-01  1.0961200e+00 -1.2957249e+00 -4.3940101e+00
  2.3118200e+00  1.1447899e+00 -5.7864499e-01  1.2782350e+00
 -1.3156750e+00 -1.6485000e-01  1.8595251e+00  1.5882100e+00
  1.0579000e+00  2.5309997e-02  1.2339151e+00 -1.7425498e-01
 -6.9717997e-01 -5.6869984e-02  1.3448300e+00  1.8062149e+00
  9.5512503e-01 -2.1633449e+00  2.6505651e+00  4.1898498e-01
  1.6560150e+00 -1.4315901e+00  2.1863251e+00  1.7254099e+00
 -3.3617449e+00  2.7343850e+00  3.5144849e+00 -1.9481149e+00
 -1.3246449e+00  1.1292199e+00  1.4949800e+00 -2.6294599e+00
  1.0414350e+00  2.4389248e+00 -2.5746000e-01 -8.9862508e-01
  1.3800049e+00 -2.5120900e+00  7.5937498e-01 -9.6430004e-02
  1.2375100e+00 -6.6285002e-01 -1.9350250e+00 -4.7413498e-01
  9.0205014e-02 -3.3319249e+00  1.0886949e+00 -2.2749898e+00
 -3.2855999e-01 -2.0938501e+00 -9.6468002e-01  2.6845503e-01
 -1.4907250e+00 -1.7993000e-01  2.3039100e+00 -1.3648250e+00
  1.3991499e-01  5.7924998e-01  7.9560006e-01 -1.7592399e+00
  4.1079197e+00 -1.2865400e+00  1.0845449e+00 -5.3311503e-01
  9.8910999e-01 -2.5102551e+00 -1.0598249e+00 -2.1524251e+00
  7.1318001e-01  4.5149997e-02 -1.3930500e+00  1.5388100e+00
  1.6637900e+00  2.5574250e+00  3.8506050e+00  1.3883500e+00
  4.2710352e+00 -3.6141551e+00 -2.0707250e+00  3.6555022e-02
  3.1071496e-01  2.3673501e+00  1.6106299e+00  4.2920451e+00
 -2.1438551e+00  1.4907999e+00  2.2227049e+00  2.5756602e+00
 -5.7986504e-01 -2.8813851e+00  1.1920650e+00 -1.7310151e+00
 -5.0877500e-01 -9.2803001e-01 -4.5329995e-02  4.3822500e-01
 -2.3762302e+00  2.3363498e-01 -1.2245051e+00  2.1070352e+00
  1.5541501e+00  3.7461851e+00 -3.8540897e+00  1.2867800e+00
  1.4486851e+00 -2.8914850e+00  1.7992451e+00  6.7140496e-01
  8.0870497e-01 -6.9091487e-01  4.3924999e+00  9.1665494e-01
  5.5413496e-01  1.5121400e+00 -4.8557001e-01  1.7538049e+00]