[ 1.62159491e+00 -7.46940017e-01 -1.33852005e+00 -1.03499007e+00
  2.40400505e+00 -1.91365993e+00  6.58809900e-01  1.26219988e-01
  6.72810018e-01  1.83276987e+00  2.83504009e+00  3.04004997e-01
 -5.32510042e-01 -1.79844010e+00 -8.45809996e-01  4.26405072e-01
 -1.86290503e+00  2.80368996e+00 -4.00584984e+00  1.48355997e+00
 -1.18950009e-02  4.11789989e+00 -2.06336999e+00  8.70719969e-01
 -2.69236994e+00 -1.21030498e+00  2.30868483e+00  3.12540007e+00
 -1.20932508e+00 -3.38137984e+00  2.78544497e+00 -1.59336007e+00
 -1.52020007e-01 -8.18875015e-01  1.64607990e+00 -2.04398632e-02
  2.93365002e-01 -1.84218001e+00 -2.39104509e+00 -7.19619989e-01
 -1.65916491e+00  1.22794497e+00  1.30832994e+00  8.35059881e-01
  1.46799505e+00 -6.35500066e-03  1.49305999e+00 -2.00183988e+00
 -6.81324959e-01  1.79210496e+00  1.07540011e-01  1.60300016e-01
 -9.90385056e-01  3.22530985e+00 -2.00035501e+00  1.92971492e+00
  1.09362495e+00 -1.99704885e-01 -1.09424496e+00 -2.03107023e+00
 -7.85454869e-01  1.85495496e+00  2.30845499e+00 -5.10699987e-01
 -2.04590023e-01  1.40408492e+00  7.10795045e-01  9.47865069e-01
 -2.93540001e-01 -2.00179505e+00 -1.36155009e-01  9.41039801e-01
  9.93825078e-01 -1.92280495e+00 -2.56816006e+00  4.74940002e-01
  8.21550012e-01  2.05093503e+00 -9.57599878e-02 -2.81347513e+00
  6.85135007e-01 -1.26189494e+00 -1.04979992e-01  1.06543493e+00
 -2.18313503e+00  3.17161989e+00 -1.35252500e+00 -1.73177993e+00
 -2.32664490e+00 -5.11654973e-01 -2.37145007e-01  2.68405020e-01
  6.57279968e-01  2.12457514e+00 -1.19149685e-02  3.27038527e+00
  1.25778496e+00  3.35230112e-01  2.15345025e-01 -2.94501495e+00
  8.50880027e-01  6.82975054e-01 -7.02879965e-01  3.34821987e+00
  4.20895040e-01  3.03625488e+00 -4.65612030e+00  4.67859983e-01
  8.26714993e-01 -1.52360511e+00  2.72999704e-03  1.54617000e+00
 -3.26318979e+00  1.18259966e+00  2.43585020e-01 -3.35209990e+00
 -4.34537506e+00  5.78855038e-01  2.40130997e+00  8.05249929e-01
  1.79625487e+00 -1.28049999e-01  4.16350007e-01  1.05310500e+00
 -2.77858996e+00 -2.84809017e+00 -1.75876498e+00 -2.85681486e+00
  5.74754953e-01 -9.78805006e-01 -1.03057504e+00  2.20906496e+00
 -2.52787495e+00 -1.22797501e+00 -2.85114503e+00  3.12449336e-02
 -2.57869005e+00  6.66585028e-01  3.10189509e+00 -2.29070067e-01
  2.23293495e+00  2.09820032e-01  2.51805496e+00 -2.94345999e+00
 -9.56720054e-01 -1.27417994e+00 -2.22657490e+00 -3.69987488e+00
  6.86285019e-01 -1.06699944e-01 -8.51464987e-01 -4.08686495e+00
  2.81058002e+00 -1.05774879e-01 -2.38358021e+00  1.10693502e+00
  1.75253010e+00  4.86560017e-01  3.50354528e+00  4.95634943e-01
  2.45139503e+00 -1.75367498e+00  1.94320008e-01 -1.84452987e+00
 -2.22796512e+00 -2.99169958e-01 -7.63540030e-01  1.54016006e+00
 -5.34489536e+00 -2.68922496e+00 -8.49169970e-01  2.54809976e-01
  1.63469493e+00 -1.31737494e+00  2.43919969e-01  1.92597985e+00
 -4.32064980e-01 -5.66375017e-01  8.14260006e-01  2.66552019e+00
 -7.21994996e-01  6.45582485e+00 -4.25788498e+00  2.84794986e-01
  4.26948023e+00  1.47622502e+00  4.12851524e+00  2.69736505e+00
 -1.97809505e+00  1.29710996e+00 -1.55988503e+00  1.68174997e-01
  2.48569489e+00  1.30004489e+00  1.89626503e+00  1.43705010e+00
 -5.86230040e-01 -1.08969986e-01 -1.59207010e+00  2.86180049e-01]