[-0.5977133  -1.3632802  -1.517985   -0.13629495  0.12991329 -1.4519349
  1.0601333   1.964125   -3.14804     0.35736656 -0.28751335  3.097245
  0.44466832 -1.2250782   0.63855165  0.7608667  -1.1493818   1.5773517
  0.29064173  2.5174468   1.05401     2.1102536   1.7310785   0.9293917
 -2.2753801  -1.0944299   0.01385833  1.2580167  -1.1452717  -2.15359
  1.1172234  -2.4814498  -0.91182834 -1.6724752   4.298025   -0.10730994
 -1.7350265   0.24870165 -0.30358508  0.9030251  -2.8869483  -0.30939493
 -1.9248734  -2.2334032   1.9742833   0.54017824 -0.83606505 -0.9361983
 -3.2581718  -0.70500827  0.7444733   0.22145338  0.44998837  1.0116816
 -1.3028667   3.7415218  -0.63248664  0.87360835  2.917142   -0.22189169
 -0.38357493  1.8395766   0.61697173 -1.2187084  -1.1068901   1.227085
 -0.518385    0.21693164  0.90450335  0.03546507  0.72274494 -1.1087351
  0.62769836  1.623545   -0.567435    0.72243667  1.4489517   1.9176017
 -1.136725   -1.7925     -1.249895   -0.22394168 -2.3514466  -1.5933434
 -1.65872     1.977945   -1.0513067  -1.5944067  -1.5733818   0.36757493
  0.6900516   1.0660017   0.39388835  0.02888993  3.3841035   2.7905934
  0.4686966  -1.0391368   2.7578583   0.34087506  1.4467434  -0.8634766
  2.25493     0.36805832  0.518445    0.5727067  -3.1340332   0.8929966
 -1.3559899   0.48194668  1.01478     0.018015   -1.6596932  -1.8696585
 -1.111495   -3.4930182   0.1574467  -0.32044172  1.3637733   0.12801498
  2.3456852  -0.6569666   0.63137835  1.6021684   0.04981334 -3.7842302
 -0.63022333 -0.7538534   0.57483834 -2.8413086   0.38386166 -0.81326675
 -2.3659418   0.34614834 -2.0334318  -0.14457175 -0.68345004  0.28345832
  2.039685   -0.9815867   1.6576334   0.90575004  2.5321136  -3.5283365
  2.2148235   1.049665    0.98854494 -1.3131382   0.9424884  -0.6662383
 -0.7494416  -1.2241516   1.8376199   1.4043633  -1.5419002   1.7229382
  1.1461734   1.0656416   2.0468967  -2.1754634   2.2541702  -2.9989483
 -0.72072834  0.30572668 -0.02726165  0.46231     0.31195834  1.9513367
 -1.9386333   1.9310484   1.1366216   1.7536168  -1.6664749  -0.5429266
  1.3569832   0.82309514 -1.4666849   0.7309901   1.1763483  -0.23776503
 -1.4220918   2.3977149  -0.90787333  1.9094766   3.6800318   2.1746552
  1.17799     0.10649338 -1.5738716   0.7806383   1.49998    -1.49929
  1.2302634   0.31795666  2.7979832   0.27627167  0.45730495  2.287925
  1.9885749  -0.23412164]