[-4.8938861e-01  8.6755550e-01 -1.1306204e-01  6.2011999e-01
  1.0756297e+00  5.3278494e-01  8.6370361e-01  9.0760000e-02
 -1.5862395e+00  5.1707363e-01  5.9139836e-01  1.3453609e+00
 -1.0693305e+00 -2.2019398e+00 -3.7597877e-01  1.3251875e-01
 -1.1856940e+00 -6.3506311e-01 -1.5703191e+00  1.3780723e+00
  1.8963814e-01  2.6319506e+00 -1.1108401e+00  3.1208917e-01
 -2.2781156e-01 -5.1450586e-01  1.0089927e+00  1.6699549e+00
  1.9547920e-01 -1.2729213e+00  2.7863634e-01 -1.8489023e-01
 -4.5539466e-01 -7.5979624e-04  2.4897039e+00  1.2927148e+00
 -1.5657215e+00  1.8295655e-01 -1.4070750e+00  8.1020623e-02
 -2.3423054e+00 -6.1391360e-01  1.3924886e+00 -3.8805959e-01
  1.1504127e+00  9.1436034e-01 -7.1320856e-01 -6.0606390e-01
  3.0874386e-01  1.0304308e+00  4.6514675e-01  3.9924020e-01
  2.5979018e-01  1.3857762e+00 -8.8152367e-01  1.2697133e+00
 -3.5936978e-01  4.0617967e-01  8.6814296e-01  1.9690540e+00
 -4.0016711e-01  6.9759566e-01  7.4334973e-01 -8.9194900e-01
  6.6959530e-01  4.6863043e-01  6.7787087e-01  5.5279601e-01
  7.7452159e-01 -8.2717615e-01  8.1160271e-01 -1.5297612e+00
  9.8082310e-01  1.2636281e+00 -1.3134091e+00  1.3980608e+00
  7.1776944e-01  7.0462549e-01 -1.3603588e+00 -3.0256656e-01
 -1.3037161e-02 -1.0440178e+00 -2.2798997e-01 -1.2575963e+00
  6.4494818e-01  1.4549050e+00 -3.6827916e-01  1.3903457e+00
  8.9521325e-01  8.8852203e-01  7.4458283e-01  3.9177015e-01
  9.3167549e-01  6.0391016e-02 -1.9718789e-02 -4.0842128e-01
 -9.7631013e-01 -5.9609282e-01 -6.7292815e-01  1.0100353e+00
  8.5780543e-01 -1.6841813e+00  1.8368349e+00  1.0611416e+00
  2.9949144e-01  7.2150809e-01 -3.2723162e-01 -3.7890920e-01
 -1.9405426e+00  2.3925977e+00  3.9976957e-01 -1.2520717e+00
 -1.1264154e+00  1.3453699e+00  9.2072344e-01 -1.9792815e+00
  1.9326246e-01  8.5313976e-01  4.2952511e-01  4.4141078e-01
  1.3072165e+00 -1.4948639e+00  1.1593858e+00  1.5048112e+00
 -9.8028585e-02 -1.9595287e+00 -1.3806138e+00 -7.2181976e-01
 -3.5407043e-01 -7.5490308e-01  7.4424738e-01 -1.3848873e+00
 -6.6161597e-01  5.6054819e-01 -2.8437820e-01 -3.0450958e-01
 -1.0335126e+00  6.4857715e-01  9.1048998e-01  1.1412076e-02
 -4.5164487e-01  1.6649919e+00  5.2439022e-01 -8.8092452e-01
  1.8387064e+00 -8.4913236e-01  7.8647327e-01 -1.4093589e+00
  9.2272371e-01 -1.5438837e-01  7.1934104e-02 -7.2073895e-01
  8.7469691e-01  4.6493959e-01 -2.5676656e-01 -2.7486327e-01
  1.2933788e+00  1.7278457e+00  8.7292689e-01 -8.1359990e-02
  1.9704067e+00 -1.9368860e+00 -4.7356099e-01 -1.3322285e-01
 -2.4919185e-01 -2.3273982e-01  5.2253272e-02  2.8007693e+00
 -1.1783823e+00  8.2982832e-01  3.3246407e-01  9.1968179e-01
 -1.0116889e+00 -1.1194360e+00  2.9105507e-02 -4.8729959e-01
  1.3474329e-01  4.0267712e-01  7.5734556e-01 -4.9374498e-02
 -2.3291795e+00  1.2176459e+00 -4.2460984e-01  1.4210021e+00
  2.8960359e+00  4.3030411e-01 -4.7356576e-01  2.3566553e-01
  2.3337968e-02 -2.9573128e-01  9.2403877e-01 -4.5840350e-01
  1.0553176e+00  5.6595057e-01  1.8728532e+00  1.8499389e-02
  3.1922200e-01  2.8988993e-01 -4.0949678e-01 -3.1844284e-02]