[ 1.4148535e+00  1.0799733e+00  1.1922766e+00  2.3096001e+00
  1.1175267e+00 -2.2839995e-01 -1.2233500e+00 -2.2542666e-01
 -2.3635967e+00  3.2531330e-01 -8.7991685e-01  2.4179165e+00
 -8.3653671e-01 -2.9071133e+00  1.5040334e-01 -6.8066679e-02
 -1.7133600e+00  4.0235671e-01 -3.0367669e-01  2.0746498e+00
 -9.8896660e-02  2.5017734e+00 -1.3469900e+00 -1.0232733e+00
 -1.9135633e+00 -1.5545067e+00  2.9867365e+00  1.3124667e+00
  5.8500671e-01 -1.8290200e+00  8.8077664e-01 -7.4056673e-01
  1.2195003e-01 -4.8033002e-01  3.4425237e+00  1.8883200e+00
 -2.0466800e+00 -3.2825002e-01 -9.9386328e-01 -8.5992664e-01
 -1.5426000e+00 -9.5703311e-02  1.6744165e+00  1.5155998e+00
  1.5631001e-01 -2.5005999e-01  7.2525334e-01  1.6602333e-01
 -9.3563002e-01 -9.8255330e-01 -1.3934232e+00 -1.7000999e+00
 -1.8622900e+00  1.4299067e+00 -2.0412967e+00  3.2161369e+00
 -4.4797334e-01  2.5401666e+00 -2.8785670e-01 -8.3817673e-01
 -5.9754997e-01  2.4656401e+00  2.7411232e+00  5.1677328e-01
 -1.0305101e+00  5.4063326e-01  7.7143997e-01  4.3790671e-01
 -7.5853676e-01 -6.7299984e-02  1.2138634e+00 -2.3978698e+00
  1.2318133e+00  1.9652734e+00 -3.9088032e+00  2.4607201e+00
  2.9609601e+00 -4.4172999e-01 -3.8937702e+00 -8.3173674e-01
  5.7295001e-01  7.3820668e-01 -1.5182467e+00  4.6647343e-01
 -1.1923200e+00  2.9624798e+00  4.1913667e-01  4.3869337e-01
  3.9485834e+00  1.2846633e+00 -1.2265967e+00  4.5894328e-01
 -1.5979667e-01 -1.4774066e+00  3.7776668e-02 -2.4574299e+00
 -1.7954999e+00 -8.0452996e-01  3.6618662e-01  1.5081700e+00
  1.5530567e+00 -3.0098732e+00  1.6182966e+00  1.7663466e+00
  2.1425169e+00  5.5268135e+00 -2.9525003e-01  7.0462340e-01
 -5.5692995e-01  5.2103996e-01  1.5862733e+00 -1.5278867e+00
 -7.5376667e-02  5.9400004e-01  1.0893003e-01 -8.6205006e-01
 -8.1593674e-01  2.9047334e+00  2.4379329e-01 -5.1293332e-02
  3.4060633e+00 -1.6370968e+00  6.0754991e-01  1.5298467e+00
 -1.2408433e+00 -1.6254467e+00 -3.6202002e-01 -1.3034734e+00
 -4.7603667e-01 -1.4988700e+00 -1.1907035e+00 -2.2352269e+00
 -1.2120533e+00  5.5207676e-01 -7.2247332e-01  7.0536000e-01
 -9.7095329e-01  1.6269032e+00  3.2919033e+00  5.7002330e-01
  8.5091668e-01  1.2991667e+00  2.6074102e+00 -2.1881068e+00
  1.1522933e+00 -8.2455665e-01 -4.1187334e-01 -1.5275068e+00
  1.0786600e+00 -6.9560003e-01 -9.9103004e-01 -3.1664631e+00
 -1.5489465e+00 -1.8266538e-03  7.5253659e-01 -4.0993667e-01
  1.3935467e+00  2.5775933e+00  2.9172432e+00 -5.4073668e-01
  2.5523601e+00 -1.7338600e+00 -8.3394003e-01 -1.3980666e+00
  1.0637168e+00 -1.6178989e-01  1.2007066e+00  2.4464333e+00
 -1.9948567e+00 -4.8982668e-01 -1.3825667e-01  2.8565967e+00
 -2.0712833e+00 -1.5191468e+00 -6.5494674e-01 -4.5854339e-01
  4.6532667e-01  2.1778004e-01  5.2736998e-01 -5.5773330e-01
 -2.5780602e+00  3.6896298e+00 -2.1568868e+00  1.7216867e+00
  2.9271667e+00  2.2488666e+00 -1.3475332e+00  1.3933867e+00
  1.4990101e+00  2.3133600e+00 -2.3389666e-01 -1.2020767e+00
  2.6253667e-01 -2.3579994e-02  2.5079267e+00 -1.3240020e-02
  3.0788666e-01  5.4726332e-01 -4.7818002e-01 -1.0849468e+00]