[-5.39544411e-02  1.62264228e+00 -5.58328867e-01  1.12304449e+00
  7.01007724e-01  3.30884427e-01  7.21522197e-02  9.51240003e-01
 -3.18841910e+00  7.35437751e-01  1.40759218e+00  2.55535221e+00
 -1.49567771e+00 -3.73906231e+00 -9.42768931e-01 -7.10553348e-01
 -9.96302307e-01 -2.25452214e-01 -2.31115007e+00  2.18287230e+00
  3.88354391e-01  3.64102459e+00 -4.82057780e-01 -6.49307787e-01
 -6.09074473e-01 -3.68380010e-01  6.18931115e-01  2.36546874e+00
 -1.01505005e+00 -1.34670675e+00  4.15155590e-01 -1.72176003e+00
 -1.27750778e+00 -4.04650003e-01  3.75506115e+00  2.30369970e-01
 -1.46822989e+00  8.03270042e-01 -1.46130991e+00  1.36018229e+00
 -2.58030796e+00 -1.21427572e+00  1.65292883e+00 -2.86493391e-01
  1.64194226e+00  1.80173135e+00 -9.91783381e-01 -4.81238902e-01
  5.68555534e-01  1.37142324e+00  1.29573882e+00  2.91946679e-01
 -3.35526615e-01  2.27602673e+00  4.33622189e-02  1.99227774e+00
 -1.02604501e-01  2.52493322e-01  3.46724451e-01  1.85146630e-01
  6.58267066e-02  1.57741117e+00  3.58942211e-01 -2.39261198e+00
 -1.28613353e-01  4.74423349e-01  1.21033296e-01  8.52423370e-01
  5.82859933e-01 -2.66075581e-01  2.78802347e+00 -6.35152221e-01
  1.98043442e+00  1.98127222e+00 -1.97232676e+00  9.91005480e-01
  1.68024123e+00  1.49448657e+00 -2.20785904e+00 -1.95346668e-01
 -7.68695593e-01 -6.94086730e-01 -6.87952280e-01 -2.00675559e+00
 -1.97727740e-01  2.22328663e+00 -1.33770323e+00  8.70408893e-01
  1.18526113e+00  1.09945655e+00  3.91145557e-01  1.17127776e+00
  1.85533547e+00  8.46511945e-02  2.45073318e-01 -7.86426663e-01
 -8.28467086e-02 -1.16872549e+00  6.60396695e-01  1.89597559e+00
  1.17540562e+00 -2.50143456e+00  3.24975991e+00  6.80176616e-01
  9.01687860e-01  1.27352223e-01  1.08411247e-02  1.52710557e+00
 -1.41172993e+00  1.78802109e+00  3.50455612e-01 -2.18280196e+00
 -9.34951067e-01  3.19086671e-01  5.26112970e-03 -2.43689084e+00
  1.05046570e+00  8.62839997e-01 -3.21922749e-02 -1.19264436e+00
  1.01872993e+00 -1.74362552e+00  2.70125318e+00  1.24868667e+00
 -1.58233559e+00 -1.44616556e+00 -1.29307890e+00 -6.14384472e-01
 -8.03399757e-02 -2.51320124e+00  1.69598663e+00 -2.30002332e+00
 -1.15317881e+00  1.91457748e-01 -1.52983308e-01  1.63475442e+00
 -9.52233851e-04  8.14233363e-01  1.66637564e+00  2.43611075e-02
 -3.67745548e-01  1.84534454e+00  3.85818869e-01 -1.98377097e+00
  2.36518335e+00 -1.48760998e+00  3.77254821e-02 -1.52720451e+00
  1.29831886e+00  8.10599625e-02 -6.94536626e-01 -1.44489777e+00
  2.08226681e+00  3.30675453e-01  9.70222130e-02 -9.95587766e-01
  1.74053884e+00  1.54229009e+00  2.48414087e+00  4.69514489e-01
  2.40572095e+00 -2.53578663e+00 -1.39457560e+00 -4.88085538e-01
  5.70651114e-01 -8.13077539e-02 -4.64358926e-01  3.39616776e+00
 -1.02244103e+00  7.10946620e-01  1.44195449e+00  1.93933320e+00
 -9.39128876e-01 -1.11500883e+00  6.06543303e-01 -2.50074416e-01
  4.13798928e-01  6.93517685e-01  1.34508455e+00 -3.12847793e-01
 -3.13887882e+00  1.43868446e+00 -9.89645660e-01  1.45784676e+00
  3.19626236e+00  1.05414009e+00 -1.51996100e+00  1.05355883e+00
  3.65341097e-01 -9.69501078e-01  2.03908110e+00  6.75988913e-01
  2.01450682e+00  7.70610869e-02  1.56360877e+00 -1.22955546e-01
  1.12651682e+00  1.90101576e+00 -8.05842161e-01  3.90664721e-03]