[[-2.96668212e-03 -2.63159951e-01  7.50643333e-01 -9.69509999e-01
   8.53196661e-01  5.34330040e-01 -5.31159967e-01 -1.25297668e+00
  -3.91320999e+00 -1.80667639e-03  2.23216005e+00 -6.07909997e-01
   1.06098004e+00 -1.28906338e+00  1.15194003e+00 -1.29886337e+00
  -2.86203325e-01  1.58365663e+00  2.77336682e-01  1.16807001e+00
   2.14083328e+00  2.59518659e+00 -4.38540007e-01 -1.04292667e+00
   1.14707998e+00  6.60766562e-01  2.15316674e+00  1.18904003e+00
  -4.28526655e-01 -1.48793668e+00 -1.41000013e-01 -1.08681667e+00
   6.56263351e-01  7.69966841e-02  3.26850001e+00  1.36815659e+00
  -8.22399974e-01 -7.10776647e-01  6.73266451e-02 -4.97546653e-01
  -2.60568666e+00  2.33146628e-01  1.79495331e+00  5.20846635e-01
   1.94260331e+00 -4.96123234e-01 -1.05839332e+00 -2.29005003e+00
   2.21202326e+00 -7.81636735e-01 -2.58270025e-01 -5.49366673e-02
  -2.35166666e-01  1.12876336e+00 -6.70040001e-01  2.53759332e+00
  -1.67977336e+00  1.14314000e+00 -3.93700011e-01  1.64230998e+00
  -7.68896659e-01  1.31408664e+00  1.97104669e+00 -1.93878337e+00
  -3.20580011e-01  1.92999840e-02 -4.26689784e-04  2.33429993e-01
   1.20098334e+00 -6.06883347e-01 -9.01366075e-02  1.58216338e+00
   9.03969965e-01  1.47537001e+00 -3.11277342e+00  1.63351003e+00
   1.18292995e+00 -4.00230000e-01 -1.68509674e+00 -5.85266650e-01
  -1.06962333e+00 -1.44411667e+00  1.57727330e+00  2.14233336e-02
   1.68782667e+00  1.21086667e+00 -2.95056671e-01 -4.48166927e-02
   2.15882683e+00  1.60558669e+00 -9.62643328e-01 -4.49396690e-01
   1.84766849e-02  6.69706702e-01  6.60369987e-01 -7.96410064e-01
  -2.37073302e-01 -3.06466679e-01 -2.13048339e+00  5.28146674e-01
   1.64462002e+00 -5.96506675e-01  2.19343996e+00  1.33745996e+00
   1.68956673e+00  7.23553340e-01 -1.67893666e+00  7.38350004e-01
  -1.70572666e+00  1.35916996e+00  1.30766666e+00 -8.07560012e-01
  -1.81838004e+00  3.75029981e-01  1.27047666e+00 -1.09320998e+00
  -5.72073301e-01  1.56733354e-01 -1.04570335e+00  3.09233367e-02
   2.44170666e+00 -7.33870010e-01  5.84466616e-01 -3.40213339e-01
  -2.69915660e+00 -1.37834664e+00  3.36066723e-01 -1.15508000e+00
   1.85739994e-01 -1.23221000e+00  1.57673338e+00 -2.05640013e+00
   9.79193330e-01  6.77630027e-01 -9.50870007e-01  1.70822001e+00
  -1.17123336e-01  1.21240000e+00 -3.18706676e-01  5.00940006e-01
  -2.98323328e-01  1.73303334e+00  4.45409993e-01 -2.65581012e+00
   1.07775664e+00 -1.43049335e+00 -1.01030007e-01 -1.43551672e+00
   1.52029999e+00 -1.07053330e+00 -3.12399983e-01 -1.36701000e+00
  -9.19534365e-02 -1.41930995e+00 -2.62628675e+00 -1.58267669e+00
   1.32179004e+00  4.55990076e-01  2.32924998e+00 -1.16934999e+00
   1.66465674e+00  5.61020037e-01  4.33276702e-01 -4.11480029e-01
   1.06657994e+00 -6.55666987e-03  7.80819938e-01  1.66147993e+00
  -3.78096682e-01 -6.06113354e-01  1.01856001e+00  1.20150665e+00
  -1.30050333e+00 -1.33583387e-01  4.38260009e-01  8.35733414e-02
   3.15786673e-01  7.31140018e-01  9.46176668e-01 -5.36826690e-01
  -1.12016662e+00  8.64856640e-01  2.85803318e-01  8.88030012e-01
   7.97616661e-01  1.19669338e+00  5.66446662e-01  2.38185650e+00
   1.44580002e-01 -1.00766654e-01  1.83988663e+00  5.09326652e-01
   1.83378005e+00 -1.98655663e+00 -8.18063344e-01  2.35619992e-01
   1.24275664e+00  1.76323660e+00 -1.24164673e+00  8.26713363e-01]]