[ 0.2846     -0.670232   -0.88663596  0.48897997  1.389596    1.0723479
 -0.314402    0.76482594 -1.339702    1.3714919   1.212364    1.7836399
 -1.3040701  -2.62458     0.40991402  0.423524   -0.01306403 -0.542918
 -2.4569542   2.344894    1.17836     2.462712   -2.742558    0.556608
 -1.3002019   0.25144607  0.798934    3.016676    0.10718401 -1.269646
 -0.54936206  0.404806   -0.88127005  0.05606399  4.153388    2.536848
 -1.555184    1.0543001  -2.226686    0.48310003 -2.4297059  -0.61542404
  0.41928992 -0.32744598  3.426658    1.25275    -2.3779979  -1.427094
  0.02231401  1.9489601   1.2173741   1.3302801   2.5686321   3.4350643
  0.674492    1.577224   -1.027468    2.6471922   2.137908    2.3350139
 -0.56266004 -0.61762     0.22422402 -2.234702    0.432654    1.7843759
  0.482616    0.30507594  1.7715601   0.145856    1.8547121  -1.555874
  1.433966    0.8124779  -2.66531     3.266112    0.561656    2.4901779
  0.040098   -1.031754   -0.45231205 -1.267492   -0.201598   -2.46682
  2.0280159   3.656268   -1.3821659   1.24978     1.959226    0.764898
  0.25567397  0.408962    0.958786   -0.11939202  0.571914   -0.47469205
 -2.066216   -0.16091804 -1.31865     1.103522    0.7197679  -1.465062
  3.9549918   1.8152618   1.4447801   0.345406   -0.952154    1.1876819
 -0.735858    1.2719377  -0.291232   -0.8458521  -1.694014    1.8899959
  0.704594   -2.277962    0.057392    2.1229622   0.26223403  0.01250596
  2.3504558  -3.3951802   1.2877179   2.1464598   0.746796   -1.5495719
  0.27212602 -0.70653796 -1.2705281  -0.03597803  1.0022501  -3.2969258
 -2.38266    -0.884198   -0.425072    0.54432404 -1.1949521   0.301394
  2.979776   -0.45318395 -0.79653394  3.0178258   1.9505241  -1.11356
 -0.419252   -0.070852   -0.567546   -3.8274677   2.840282   -0.36458796
 -0.123312   -0.49802798 -0.280454   -1.605932   -0.15472595 -0.8906401
  2.0216718   1.5795      2.9552839   1.7076702   2.268226   -1.747344
 -1.17707    -1.7027919   0.555314   -0.483292   -1.0656      4.963778
 -2.11693     2.3383858  -1.32619     0.9152039  -2.094046   -1.6326602
  0.13882208  0.46820202  0.239422    2.9573822   0.5222341  -0.556306
 -2.639492    2.032492   -0.55777204  3.0679119   3.153708    1.7608001
 -1.823612    0.89953214  0.82784206 -0.40173402  3.6398559  -0.33752796
  1.4362999   2.011894    0.23437199  0.774552    0.15594403  0.70776594
 -2.072328   -0.71398   ]