[[ 0.17898667  0.51304667 -1.88150005 -2.05433003 -0.21075    -1.36156329
   0.13550667 -0.07128664 -1.49046002  0.55453672  2.05852326  1.15672336
  -0.21781667 -0.84961001 -0.78922002 -0.09694004 -0.37005667  0.18321665
  -0.00555667  0.64526331  2.09115009  2.58297014 -0.48018332 -0.88777664
   0.78185666  0.18346997  3.36842667  2.25044656 -0.42508336 -0.86532338
  -0.96915668 -2.67781679 -0.84207344  0.60088333  2.43316992  1.32708335
  -0.95495327 -1.35406999  1.58967996  0.98069    -2.41456676  1.16479329
   0.36261336  0.03872665  3.37441333 -0.43918331 -2.22864    -0.61480665
   0.61930001  0.55597337  0.93025667 -1.6440633  -1.52857669  2.06223667
  -0.22393338  2.70420996 -1.67287331  1.26217675 -1.2608367   0.54705
  -1.59664998  2.14704998  0.83102671 -0.85731673  0.79035338 -0.89572996
   0.8273967   1.19929328 -0.47549667  1.94851995  1.57854668  0.7021633
  -0.36666002 -1.09077001 -4.15434996 -1.05152345  0.06886665 -1.33495336
   0.35717332 -1.26608666 -0.50922001  0.06217668 -0.18596999 -0.45662667
   0.47512    -0.65625993 -0.81945995  1.32423667  0.27853666 -0.07068998
  -0.06782667  1.58089002  0.68321673  1.96358657  0.19749332  3.05777335
  -1.04642661 -0.33430665  0.39944001  1.97642326  0.22916667  2.76495655
  -0.25587333  2.25558996  4.39372333  1.86438    -0.81713005  0.65702669
  -2.07334987 -1.48002994 -1.27509671  0.4648833  -0.51326664  1.49856333
  -0.44784667 -3.41789325  0.61897667  0.01493335  0.39237992 -0.22295333
   1.74162006 -1.34175332  1.92654342  0.09188008 -2.42096003 -2.99763993
  -0.91968671 -2.99868679 -1.21403337 -2.98708669 -1.04850336 -1.95981661
   0.21774     1.98119998  0.95709329  1.37496339  0.77027667 -2.72159672
  -0.38492001 -1.62913998 -1.91547998  1.96990347  0.10066334 -1.42601999
  -0.52004997  0.04518334  0.71580003 -0.94157004  1.71503003 -0.98869665
  -0.72999001 -2.78699327  0.29287999 -1.55100997 -2.47154333 -0.46165333
  -0.17432666  0.04641     2.21198002 -0.67976334  1.40164669 -0.77684329
   0.33831     0.18725665  0.22017988  0.94773668  0.27393999  0.59204006
  -1.29945668 -0.27338667  1.59799675  0.02233334 -0.79839337  0.68569001
  -1.49846001  1.91179999 -1.12200665  0.37190335  0.73136667 -0.6301767
   0.25647999  1.46974675 -1.54695664  2.07980998  0.75218     1.54580665
   2.53016337  0.97827005  2.6280334  -1.03098339  0.24607333  0.09412001
   0.79924333 -0.9125133  -1.31304334  3.02474332  0.73820666 -0.84917339
  -0.76547667  1.23939326]]