[ 0.27199426  0.64547145 -0.8796857   0.41757995  2.4901288   0.21250568
  0.94385004 -0.5884157  -1.75484     1.0085585   1.2708243   1.8937472
 -0.41555995 -3.2446811  -0.30766997  1.2100872  -1.2009171   0.14760427
 -2.455303    1.79006    -0.6262599   3.3951614  -1.6250557  -1.2897271
 -0.02746288 -0.9072414   1.65669     2.6344457   0.49925858 -1.4767314
  0.99347    -0.12032001 -0.21649     0.7717443   4.091851    1.61708
 -2.54274     0.8718943  -0.9152914   0.38661003 -3.3046887  -0.36735573
  2.2785544  -0.91685     0.3206043   1.1439158  -1.4769185  -0.49407288
 -0.96688145  2.296497    0.82508004  1.6457628   1.2986572   2.164203
 -0.9469871   1.5287172   0.9847328  -0.03162428  1.2526215   1.4497414
 -1.2399085   0.41412285 -0.05330573 -2.1229026   0.5550243   0.3925457
  0.5664958   0.5560786   1.7365015  -0.64632857  0.88103145 -0.6820256
  1.3602114   3.38368    -1.5591228   2.805013    0.44586426 -0.6791658
 -2.22272    -2.144427   -0.39385146 -0.6994914   0.44776282 -1.6764257
  2.0888429   2.4712815  -1.49747     2.6612496   1.3688571   0.74835575
  1.3356928   0.70768994  0.92144144  0.2003614  -0.52805287 -1.1716785
 -2.0735743   0.01188004 -0.5651971   1.21461     1.8770357  -2.9669642
  2.3785858   1.33798     0.95822424  1.3037872  -0.6849414  -0.25439855
 -1.1709986   3.08104     1.0589399  -1.23106    -2.0591342   1.7313229
  1.1052372  -3.2889771   0.38435856  1.0803787   1.2765601   1.2800227
  2.3605     -2.00315     1.8191957   2.7290254  -0.76205283 -2.2942958
 -1.9418057  -0.27540717 -0.6923343  -1.6028715   0.7273129  -1.5238914
 -1.60021     0.8187386  -0.48579857 -0.41712135 -2.5055072   0.3282229
  2.1984484  -0.8204101   0.16567431  1.8380972   0.6736571  -1.6251843
  1.7824857  -1.0368586   0.8518343  -2.6160085   1.11746     0.8946014
 -0.9659143  -0.50466716  0.7814714   0.21355568 -0.11099143  0.60199136
  2.9059658   1.8940157   1.098703   -0.19666429  2.9968445  -1.7246543
 -0.87090576 -0.07259004 -1.0190643   0.36727577 -0.1355743   3.4222627
 -1.4335958   1.4384043   0.85596424  1.1914685  -2.6534631  -1.7984501
  0.6214414  -0.79180855  0.6038886   1.49443     0.81307995  0.6307429
 -2.732697    2.2118957  -0.23107147  1.5760915   4.2573643   0.74157715
 -0.01112291  0.2189457   0.31820005 -0.6491271   0.9823371   0.13653575
  1.6019701   2.0464342   2.7883859  -0.23526143 -0.4388786   1.5815771
  0.10436143  0.6485829 ]