[-2.2604866e+00  1.7611634e+00  1.5364834e+00 -1.2511332e-01
 -1.0822799e+00 -1.0692133e+00  3.1227367e+00 -5.7345337e-01
 -2.4221632e+00 -1.2110699e+00  5.6994671e-01  3.2987432e+00
 -1.0599233e+00 -1.8185068e+00  1.2930366e+00 -1.9397338e-01
 -2.2336466e+00  1.9688767e+00  1.6669365e+00  9.5699334e-01
  1.7762367e+00  1.3009034e+00 -1.1215166e+00 -2.5592330e-01
 -2.0692532e+00 -3.3006668e-02 -6.5401661e-01  2.8535869e+00
  6.4742672e-01 -1.6647267e+00  1.4036833e+00 -2.7937267e+00
 -1.1519200e+00 -2.9982767e+00  4.2521701e+00  3.2424995e-01
 -1.7795566e+00  7.2447342e-01 -3.3111999e+00 -1.1021900e+00
 -4.5551133e+00  7.7561015e-01  2.2433701e+00 -2.2738235e+00
  1.0048966e+00  7.0022672e-01  6.9660670e-01 -1.2613101e+00
 -9.6386671e-02  2.4426935e+00  2.3768532e+00 -1.3300180e-03
  1.8325833e+00  5.1464003e-01 -1.1638368e+00  3.2978699e+00
 -3.1251266e+00 -5.9930325e-01  2.6716700e+00  3.0522435e+00
  6.6895008e-01  2.8364966e+00  1.5720501e+00 -2.6920936e+00
  2.8447533e+00 -9.1308004e-01 -1.4408334e-01  1.9224700e+00
  3.3599663e-01 -2.1319966e+00  1.3523067e+00 -1.2379333e+00
  9.0048331e-01  2.2650936e+00 -2.8803566e+00  5.4299331e-01
  3.0149734e+00 -7.2917336e-01 -7.3986673e-01 -3.1363668e+00
 -1.4061999e+00 -3.0867069e+00 -9.1118670e-01  5.3686667e-02
 -9.1453665e-01  8.6277008e-01  3.2936332e-01 -6.5200669e-01
  8.0379343e-01  3.3111665e-01  3.8311501e+00  6.6857338e-01
  1.2611134e+00 -1.4499832e+00  1.4230634e+00 -2.2426333e+00
 -2.0723102e+00 -8.4832711e-03 -8.5923351e-02  5.6486737e-02
  4.4869336e-01 -5.1948833e+00  2.4305832e+00 -3.6540994e-01
  1.3530432e+00  7.6661664e-01 -7.2641009e-01  1.0856467e+00
 -3.5257301e+00  3.0649397e+00 -5.8910668e-01 -1.8891101e+00
 -1.7871900e+00  9.5074672e-01  1.4657732e+00 -4.1906734e+00
  9.6005660e-01 -7.5921327e-01  6.9762677e-01 -7.6029994e-02
  2.5473800e+00 -2.6683834e+00  1.5857301e+00  7.3728997e-01
 -1.6625633e+00 -2.8849533e+00 -2.2029200e+00 -2.9340763e+00
  5.9840333e-01 -2.8194466e+00  1.6017467e+00 -4.0210667e-01
  1.9318266e+00  5.3716326e-01 -9.3815345e-01  4.2411336e-01
 -1.7184666e+00  1.1729034e+00  2.9358368e+00 -1.4454800e+00
 -1.4076766e+00  1.9439673e-01  1.7827666e-01 -1.1571499e+00
  2.1221766e+00 -2.1215034e+00  2.2421332e-01 -2.1660035e+00
  2.8912933e+00 -2.2619700e+00 -1.5191001e+00 -2.4637334e-01
  2.2657664e-01 -2.0353601e+00 -6.2175000e-01 -1.2022662e-01
 -1.2722300e+00  3.1298268e+00  1.7773634e+00  2.3241329e-01
  3.1818969e+00 -1.2142134e+00 -1.1528767e+00  6.3406330e-01
  1.3131866e+00 -1.1385337e-01  2.1750832e+00  3.1119165e+00
  3.9030668e-01  2.5744236e+00  1.4488335e+00  1.9291101e+00
 -2.6521401e+00 -2.7018675e-01 -5.0888664e-01  1.0109997e-01
 -1.9497664e-01 -1.2763663e-01  9.5208335e-01  2.7370598e+00
 -1.8779434e+00  1.8832933e+00 -1.2102401e+00  3.5387001e+00
  3.4861500e+00  5.2877003e-01 -1.5416867e+00  1.0472734e+00
 -9.9112660e-01 -6.9896616e-02 -6.7663985e-01  5.6117994e-01
  2.6393232e+00  9.5789337e-01  2.9274065e+00  1.7684002e-01
  9.9030000e-01  2.0663002e+00 -4.7322670e-01  1.9999002e+00]