[ 8.58199969e-02  1.60018337e+00  6.92506611e-01  2.05866490e-02
 -1.02631342e+00  1.96533278e-01  1.60670996e+00  1.72696650e-01
 -3.86485314e+00  2.57166419e-02  1.32973003e+00  9.62363303e-01
 -1.60809672e+00 -4.24824667e+00  1.32552326e+00 -9.20096695e-01
 -2.70597005e+00 -1.76223278e-01  7.81916678e-01  1.17803335e+00
  7.32896745e-01  3.42886353e+00 -1.61708677e+00 -6.67999923e-01
  1.25790045e-01 -6.40500009e-01  2.36846671e-01  2.48118687e+00
  1.86406672e-01 -2.43991351e+00 -1.11041677e+00 -1.88474333e+00
  1.65186688e-01 -5.48283339e-01  5.20814991e+00  1.33100653e+00
 -2.24807000e+00  1.31231010e+00 -1.80606663e+00 -2.72639990e-01
 -3.11778998e+00 -4.48756665e-01  2.18179321e+00 -1.11370003e+00
  5.81226707e-01  5.64303398e-01  9.63973343e-01 -8.56806755e-01
  6.35320008e-01  1.05683005e+00  1.01509333e+00 -1.30146015e+00
  2.21814013e+00  2.33737659e+00 -2.27259326e+00  3.43303323e+00
 -1.44014990e+00 -3.45256567e-01  1.44543660e+00  2.55594659e+00
 -4.85473305e-01  1.76706326e+00  9.29176629e-01 -2.99994349e+00
  3.09992671e+00 -1.47640669e+00 -1.17610015e-01  1.91557014e+00
 -2.83506662e-01 -1.53510666e+00  1.47985327e+00 -2.20847678e+00
  2.12798667e+00  2.14415002e+00 -2.81951642e+00  4.98336643e-01
  3.19346333e+00 -7.02206671e-01 -1.38871002e+00 -1.03829670e+00
 -5.87576628e-01 -2.06254339e+00 -3.67936701e-01 -4.80136633e-01
 -1.23740040e-01  1.58871663e+00  4.77566630e-01  8.99593353e-01
  7.66290128e-01  1.20339000e+00  1.76218665e+00  8.57566655e-01
 -3.84200029e-02 -6.51629984e-01  2.40251660e+00 -2.11775661e+00
 -2.12088990e+00 -1.62504327e+00 -2.46336699e-01  2.81940961e+00
  1.45503676e+00 -3.43993664e+00  3.03809333e+00 -1.08837342e+00
  1.55417669e+00  1.65698671e+00  7.44496644e-01  4.48833346e-01
 -2.14782357e+00  3.62083340e+00  6.56979978e-01 -1.57358015e+00
 -1.17207992e+00  2.11893320e-01  2.13477683e+00 -3.80977654e+00
  2.04881334e+00  1.41576722e-01  3.49256754e-01 -2.54460007e-01
  3.21390033e+00 -3.92327666e+00  1.22616661e+00  2.67286658e-01
 -2.23855329e+00 -2.28250670e+00 -3.67344666e+00  5.91613352e-01
  3.66263360e-01 -3.62265015e+00  2.19766998e+00 -1.81248009e+00
  2.55480021e-01 -3.98163408e-01 -3.40850025e-01  1.45402336e+00
 -1.79997671e+00  1.30915999e+00  6.83363259e-01 -6.79713309e-01
 -1.70100319e+00  4.34996724e-01  4.62193340e-01 -5.53510010e-01
  2.75740695e+00 -1.82120001e+00  5.73920012e-01 -5.89390039e-01
  2.48500323e+00 -2.49799323e+00 -7.64343262e-01 -1.04354000e+00
  1.02684331e+00 -1.07817996e+00 -2.15756679e+00 -1.53243303e-01
  4.12110001e-01  2.20778012e+00  2.65516353e+00 -4.62396711e-01
  2.84740329e+00 -2.31438994e+00 -3.07726711e-01 -2.30763316e-01
  6.81273282e-01  1.10427332e+00  1.29449666e+00  4.51593637e+00
  6.92766905e-02  1.91103327e+00  1.94941676e+00  9.82286692e-01
 -1.44756663e+00 -1.20423996e+00  7.95423269e-01  3.02566681e-02
  1.43879995e-01 -1.17872989e+00 -2.43299603e-02  1.34264660e+00
 -3.40049672e+00  1.04500997e+00  3.33599634e-02  2.43701673e+00
  2.81339645e+00  1.03558671e+00 -2.89008331e+00 -4.80001181e-04
  1.63730669e+00 -1.70285320e+00  8.02383363e-01 -6.54906690e-01
  1.03389335e+00 -7.78739989e-01  2.32457995e+00 -4.71670032e-01
  8.51376712e-01  1.60188007e+00 -8.83806705e-01  8.42643440e-01]