[-4.55430001e-01 -4.41870004e-01 -2.05972314e+00  2.94693351e-01
  2.97349668e+00  3.12296718e-01  2.60400269e-02 -1.00566626e-01
 -2.61913347e+00  9.47706699e-01  1.17758989e+00  2.32778001e+00
 -1.20319998e+00 -3.48533320e+00  8.96233380e-01  2.45576665e-01
 -8.61966386e-02  6.94289982e-01 -1.79878330e+00  1.87980330e+00
 -8.57056618e-01  4.44273663e+00 -1.57523334e+00  1.80815351e+00
 -3.69709969e-01  5.70329046e-03  2.57409668e+00  3.58784652e+00
  1.12754333e+00 -2.02627325e+00  3.04467436e-02  2.55223334e-01
 -1.56473324e-01  2.42666602e-02  3.23654675e+00  1.13988674e+00
 -9.22466755e-01  1.87100995e+00 -1.62187338e+00  2.24978328e+00
 -5.28046668e-01 -2.10309982e-01  3.16834664e+00 -9.18373287e-01
  6.67383373e-01  2.07775331e+00 -1.00247335e+00 -8.21333528e-02
  2.69593358e-01  2.49760675e+00  1.71556675e+00  4.57370043e-01
  3.44001246e-03  3.09195018e+00 -1.74459660e+00  8.10926616e-01
  7.00933278e-01 -6.22140110e-01  1.66653347e+00  1.16764998e+00
 -5.49213350e-01  3.21880013e-01  5.51676691e-01 -1.06291997e+00
  1.52334678e+00  2.02876672e-01  1.94682348e+00  7.76346684e-01
  3.62600498e-02  7.87550032e-01  1.24229002e+00 -4.36928988e+00
  2.35940024e-01  2.76148009e+00 -1.11275661e+00  4.08019304e+00
  8.05536687e-01 -9.80036557e-01 -2.00794673e+00 -2.10580993e+00
 -9.64416683e-01  9.42999944e-02  1.67183295e-01 -2.53653318e-01
  1.28382993e+00  2.32475662e+00  7.15413392e-01  1.84142005e+00
  1.59974992e+00 -9.14700031e-02  3.29685330e+00  1.02164006e+00
  7.03063309e-01  1.43043327e+00 -2.46036604e-01 -1.74188995e+00
 -3.25239348e+00  5.64806700e-01 -3.65726709e-01  5.42333312e-02
  1.22400665e+00 -3.11729646e+00  3.26729321e+00  3.00662684e+00
  1.91753674e+00  1.23617327e+00 -4.32080030e-01  1.49516687e-01
 -3.06433678e+00  2.25311351e+00  6.03703320e-01 -1.38800669e+00
 -4.38240021e-01  2.81148338e+00  2.03389001e+00 -4.15567636e+00
 -3.81060004e-01  4.71483320e-01  2.49007010e+00  5.84209919e-01
  1.44508684e+00 -1.91099012e+00  2.68146992e+00  1.32643998e+00
 -2.34503254e-01 -1.87348664e+00 -1.78878009e+00 -4.64819998e-01
  9.52689946e-01 -1.88494670e+00 -1.23440003e+00 -1.87059653e+00
 -3.80150080e-01  1.82093334e+00  1.13579988e-01 -1.59903347e+00
 -1.38063669e+00  9.37769949e-01  2.70092988e+00 -1.01112664e+00
  7.32789993e-01  1.35091007e+00 -4.45199795e-02 -1.68616009e+00
  6.38203323e-01  3.59996676e-01  4.71856624e-01 -3.67329335e+00
  5.16149998e-01  3.96459967e-01 -2.39966717e-02 -1.44019997e+00
  1.53598988e+00  1.55697668e+00  1.89376652e+00 -1.45466641e-01
  1.84307337e+00  2.32842326e+00  7.49793351e-01 -1.11256993e+00
  3.62063670e+00 -3.51550031e+00 -2.56528997e+00 -1.83538675e+00
 -2.04003334e-01  1.27927005e+00 -1.54974985e+00  3.06763339e+00
 -2.17282677e+00  5.15720010e-01  1.19093668e+00  8.39783370e-01
 -1.63964331e+00 -1.95477676e+00  2.93093354e-01 -1.35239017e+00
  1.23327994e+00  1.51855326e+00 -3.61293346e-01  8.54543269e-01
 -3.31930995e+00  1.64559662e+00 -3.44859958e-01  2.39651322e+00
  5.04516649e+00  8.34533274e-01 -1.29996669e+00 -1.15336001e+00
 -6.08946741e-01  3.57633233e-02  2.30511999e+00 -2.04270005e-01
  2.05128980e+00  2.04303670e+00  2.22569656e+00 -3.37616682e-01
 -3.35926682e-01  2.25333333e-01 -1.11156666e+00  7.40083277e-01]