[-0.73447496  1.1492851  -1.1265801   0.47786832  0.42397666  0.4332683
  1.3019365   0.6362683  -1.3489434   0.31428662 -0.86194324  1.33875
 -1.2594084  -5.0389333   1.0406967  -0.765645   -0.9582098   0.5232484
 -1.2367934   1.3835799   0.7478067   2.9858065  -2.2696083  -0.8582616
 -0.31046167 -0.45343497  1.8257551   1.1782101   0.45914006 -1.2978569
  0.285915   -1.1512117  -1.04393     0.3814517   3.1317284   0.5623716
 -2.6379433   0.9992633  -1.7358614  -0.30805835 -2.9325867  -0.47907838
  2.2254035  -1.4168016   1.9473916   1.2469418   0.68198663 -0.27812335
 -1.4271234   1.1099817  -0.15098335  0.9773817   0.535495    2.8482733
 -1.0965167   1.3755134  -1.1386133   0.05359505  0.73503834  2.3221982
 -1.03339     0.99864    -0.11925665 -1.2817633   1.1281382  -0.20432669
  0.13703664  1.7184749   0.6215083  -0.77986664  1.4186083  -2.0253916
  2.1293733   1.7760283  -1.71078     1.6896883   3.0811768   0.43930832
 -2.2813785  -2.2446868  -0.13123663 -1.2203401   0.03161166 -0.65778
  0.9069583   3.2209332  -0.64702004  0.30984828  1.17088     1.7376966
  2.1950116   0.2534317  -0.35307166 -0.5423867   1.63215    -1.4378382
 -2.3900998  -1.4649833   0.153125    1.6685219   0.8729667  -3.0799398
  1.3542982   0.0089517   0.84689665  1.5810634  -0.59467834  0.825555
 -1.1794516   2.8407385   1.1853867  -2.4762814  -1.8528582   0.618265
  0.8132816  -2.2283413   0.06510168  1.3271967   1.0705584   0.22727501
  3.1785831  -3.0859902   0.7551567   1.4451084  -0.73912835 -0.61949
 -2.28642    -1.6128235  -0.7761884  -2.5219717  -0.5490833  -2.49117
 -0.80967    -0.22648002  0.44283834  1.8851318  -1.0560617   0.60327667
  2.3611748  -0.489805   -0.17147489  1.391105    1.6635766  -0.6813266
  0.69418335 -0.6881917   0.2253617  -2.0536134   1.0171634  -2.2135684
 -0.41270995 -1.311225    0.65935     0.10472337 -0.48588833  0.68661004
  0.85283995  2.6543834   2.2092817  -0.36228666  3.7088935  -3.8217266
 -0.02778995 -0.9656399   1.1829716   0.304485    2.1322567   3.8722668
 -0.20212501  0.46881834  1.1618934   2.4761417  -0.87932664 -1.7880934
  0.00948832  0.48259     0.76627344  1.051545    0.91615504  1.3834816
 -3.327963    1.8461367  -1.4418684   3.1677618   3.49801     1.9650351
 -1.8201569   0.62307173  1.0734199  -0.6994783   1.7065983  -1.1033233
  1.26322     0.7288566   2.2336051  -0.64464664 -0.29137665  0.06741166
 -0.518965    0.43310666]