[[-7.62380011e-01  3.47483349e-01 -5.49860034e-01  8.78877623e-02
   1.70568553e+00 -5.02133302e-01  1.03603337e-01 -3.18066662e-01
  -1.45770780e+00  1.32167667e+00  7.34133331e-01  1.20157330e+00
  -5.73618909e-01 -2.22082557e+00  1.67294453e-01 -5.51394433e-01
  -6.53326664e-01 -7.47434470e-01 -6.68075573e-01  1.75440552e+00
   2.34814452e-01  2.28325111e+00 -1.14712779e+00 -6.87814454e-01
  -1.01009664e+00 -5.15530018e-01  1.72996112e+00  2.18207670e+00
  -4.41137792e-01  7.76865555e-01  5.44904465e-01 -9.77210013e-01
  -4.02497773e-01  1.51976688e-01  3.17923332e+00  1.25475882e+00
  -1.16298444e+00  1.93675556e+00 -1.85940891e+00  1.05504331e+00
  -1.61408893e+00  5.60777386e-03  1.59709331e+00  2.41830029e-01
   1.31538441e+00  2.03294781e+00 -3.74887794e-01 -7.05190010e-01
   6.76382224e-01  2.22054778e+00  1.04765559e+00  7.01381120e-01
  -7.36530004e-01  1.08645553e+00 -1.17866668e+00  1.95383217e+00
  -7.84375567e-01  9.64384483e-01  2.47548885e-01  1.63154443e+00
  -7.47365548e-01  9.93324439e-01  9.54467742e-01  5.41911158e-02
   1.20610335e+00 -1.26083335e-01  6.74832222e-01  5.28071105e-01
   6.35837754e-01  8.68326676e-01  1.50157003e+00 -1.95600556e+00
   6.66645534e-01  2.45449551e+00 -1.71589774e+00  7.75922139e-02
   8.65360008e-01  8.11641133e-01 -1.04219222e+00 -1.09335666e+00
  -8.11600288e-02 -1.26804666e+00  3.90826656e-01 -1.01956003e+00
  -2.61972242e-01  2.17460220e+00 -1.99949222e+00  1.00892110e+00
   8.71201105e-01  1.68540556e+00  3.28096648e-01  1.55384668e+00
   8.85164403e-01 -7.01438887e-01 -8.08033148e-02 -3.26103313e-01
  -9.67178894e-01 -6.93023331e-01 -3.28903322e-01  1.15244587e-02
   4.94265556e-01 -1.65912440e+00  2.26293888e+00  1.59036671e+00
   1.23203445e+00  1.09416680e-01 -6.82011113e-01  1.15692557e+00
  -1.10971554e+00  7.48197794e-01  2.35062199e-01 -2.03424447e-01
  -1.52479113e+00  1.77603110e+00 -1.64796663e-01 -2.95137779e+00
  -4.98801096e-01 -4.59735612e-01  7.46483304e-01 -9.60636680e-01
   6.23632249e-01 -1.96757336e+00  1.37281552e+00  9.10861135e-01
  -1.01885556e+00 -8.51608886e-01 -8.14452224e-01 -1.19826661e-01
   1.27058773e+00 -1.96828998e+00 -2.01522215e-01 -1.33211225e+00
  -5.21642228e-01 -4.83666658e-02 -2.41821107e-01  3.43586663e-01
  -1.86488669e+00  1.29480113e+00  1.77096668e+00 -6.01479967e-01
   1.19854445e+00  2.56512558e+00  4.06721104e-01 -1.86609562e+00
   1.29831149e-01  7.87291113e-01  1.74455576e-02 -1.95181889e+00
   4.01938905e-01 -4.84583308e-01  8.25243367e-01 -1.40869998e+00
   1.05878219e+00  4.41078899e-01  7.77387788e-01  1.70732240e-01
  -3.27797764e-01  1.46956444e+00  1.99515668e+00 -2.75389971e-01
   1.57026002e+00 -1.64176448e+00 -1.73984333e+00 -4.51904449e-01
  -4.25744461e-01  1.41809997e-01  5.48788892e-01  3.04898997e+00
  -4.75811144e-01  1.62443335e-01 -3.55145582e-01 -1.07406652e-01
  -4.67292233e-01 -2.09796227e+00 -2.72833321e-01  2.11588903e-01
  -1.10528447e+00  1.72128667e+00  1.85754333e+00 -7.16113322e-01
  -2.23923881e+00  1.47029998e+00 -5.70407780e-01  1.43769886e+00
   2.33229338e+00 -1.19333466e-03  6.11724410e-01  3.48941127e-01
   8.88455570e-01  1.53662231e-01  1.28967446e+00  2.06623349e-01
   1.30008335e+00  7.15652201e-01  3.44543365e-01  3.60911075e-02
   4.76866676e-01 -1.11731117e-01 -2.77542233e-01 -2.91001127e-01]]