[ 2.9821167   3.8840334  -2.0531032  -0.42597994 -0.7321767  -1.8417268
  2.0660331  -0.19125335 -0.65537333  0.19734335 -1.6505934   4.6797533
 -2.0278168  -3.30946     0.52277     1.7824198   0.16204333  1.00911
  0.22983997  2.0856202  -0.02201001  1.4527134   0.06486988 -0.3527867
  0.65314335 -3.1742032   2.4694834   2.727       1.6782299  -2.5880167
  1.0715367  -3.9337566  -5.06387     0.9673566   2.0859435   1.47775
 -1.9535502  -1.6559534  -2.3352768  -1.4022733  -4.3622565  -0.02815998
 -0.65881664 -0.07757     0.7994334  -0.2842667  -1.9228834   0.4879
 -0.80045     1.6248401  -0.6035434  -0.79021    -0.7825834  -0.08500999
 -0.9189866   2.529187    2.3199732   0.19961333  1.14617    -0.41757002
  0.06442666  0.15763672 -1.3369535  -2.624      -0.18477666  1.0969499
  2.4678366   0.4729866   0.48513994  0.5925967   1.2289567   1.6509768
  0.46895662  1.5821266  -1.5170032   2.0544567   1.35888    -0.27947
 -1.8457533  -1.8835001  -0.6522467   1.0233567   0.53761005 -1.8280467
 -0.42726     2.1258433   0.08727336 -0.96764994 -0.34396002  1.2778633
  0.01213662  2.1555998   2.4929433   0.5447967  -0.62829    -1.5026866
 -1.5839067   1.1921134  -3.2468998   2.2217233  -0.02664343 -1.91684
  3.7512732   1.2205831   1.8382233   0.32723665 -2.3263934   0.22418003
  0.68390006  1.4641933  -1.48764    -1.4301265   1.19171     0.86417675
 -1.0983001  -3.0996902   2.2327535   2.2711332  -1.2528967   1.46828
  0.87748665 -2.00762     1.1829268   0.89807343 -2.7920399  -3.5486434
 -1.8304834  -1.6622334  -1.4401468  -1.32611     0.01138004 -0.19717996
 -4.0719867   1.1520433  -1.2195934   0.50878334 -3.2267334  -0.8188267
  1.9352134   2.5713532   2.8295002   2.11676     2.89654    -0.55960006
  2.9003832  -1.4047934   2.0448866   0.31069332  3.1799467   1.8334202
 -0.01180335  0.7640334   0.97890663  0.74815005 -1.3134233   0.12567
  2.52818     1.1247101   4.3346534  -1.8561001   3.2742565  -1.0154467
  1.2579901   0.7250533   0.35217    -0.64279    -0.13336666  2.6658933
 -1.7961801  -0.6375833  -0.22643344 -0.7099867  -0.72089    -1.7172632
 -0.4805633   1.0309933  -1.5516334   4.36741     3.1234834  -0.1908433
 -5.12705     2.31661    -0.5238866   2.2503      1.5830599  -0.8431733
 -0.56737334  1.4194666  -1.3895565  -0.88569665  2.1572332   1.6454931
 -1.3016068   0.14861004  1.2482799  -1.48325    -0.3821067   2.3294632
  2.8049233   0.22224002]