[ 0.34664     0.98720247 -1.3845423   2.8613648   0.627945   -0.24235255
  1.334795    0.86624503 -2.0800173   0.413205   -0.91423756  2.16613
 -0.46607253 -4.187923    1.36732    -1.7671375  -3.420165   -0.27535748
 -1.9434875   3.4091098   1.0294476   2.400055   -0.28820497  1.1684976
 -1.1937826  -1.422545   -2.4839776   1.6963725  -0.7494024  -2.0535123
  2.42517    -1.1829875  -2.1582248  -0.15044245  5.301305    2.26121
 -2.5381374  -0.7425674  -1.8501151  -0.29039744 -2.57131    -0.73211503
  3.2393525   0.83896744  1.6328676   1.1331749   0.11841244 -1.6721576
  0.10238247  2.7868323   0.98039746 -1.0572274   0.977565    1.3426275
 -1.6228226   2.4587998   0.23416251  2.48378     2.43346     0.34948248
 -0.36934495 -0.5784975   2.243715   -1.6398451   1.588295    1.562215
  0.5529275   3.0739226   1.5758849   0.7180425   4.447875   -0.59959257
  2.41836     2.3011274  -0.88572764  2.003015    1.7657726   0.68771756
 -2.4455523  -1.2965676   0.5098425   0.79524744  0.5354425  -2.29215
  0.8045725   3.2863274  -1.5874925   0.653935    1.5569024   1.969965
  0.518505    2.8443775  -0.04511002 -0.16153008 -0.98686504  0.30637002
 -0.66973996 -3.2177374   0.90189743  0.36387503  2.0545225  -3.3382947
  2.91277     0.87562746 -0.35079002 -0.62860745 -0.05614501 -0.18349747
 -0.5967275   1.1763474  -0.41352752 -1.0333451  -1.4073024  -1.26387
  1.7862601  -2.6968873   0.24990505  1.1851025   0.9130275  -0.83414245
  2.51173    -4.11197     0.77689254  1.1596324   0.21169001 -1.921565
 -3.0727248  -1.9964125  -0.2977575  -1.3695925   1.1531825  -1.7189549
 -0.65791494  1.35957    -1.1100825   0.51493746 -1.0038625   0.55241
  3.7195525   0.10814749  0.23544255  0.632645    0.41885507 -1.7204176
  1.7530799  -0.597775   -0.9695275  -2.08077     2.7724674  -0.29257745
 -0.62040496 -2.016125   -1.11834    -0.31776503  0.20721498  1.1151925
  1.1217424   2.799885    2.16083    -0.719995    2.8650224  -1.933325
 -1.21128     0.5882675  -0.0330075  -0.63444996 -0.42152005  3.6529999
  0.22911495  1.951635    0.9912499   3.081495   -1.9519026  -2.3673024
  0.921305   -0.11418003 -1.562685    0.5105125   0.844055   -0.5404875
 -1.606135   -0.6808175  -2.0673602   3.3000453   3.1869552   0.74055004
 -2.1434073   0.93968004  0.52343    -2.4361424   2.6640027  -0.51008743
  2.16134     0.52985     3.163005    1.4536549   0.12032005  2.8977098
 -1.503125   -0.03747001]