[[-1.29658849e-01  7.23649329e-01 -2.51417207e-01  5.78945570e-01
   1.16902209e+00  2.46341871e-01  8.39075120e-01 -1.25623487e-01
  -9.81646772e-01  1.06532559e-01  8.67634881e-01  1.20463047e+00
  -6.73387203e-01 -2.34242163e+00  1.34520250e-01 -2.75546756e-01
  -5.75753250e-01 -2.71691853e-01 -1.39391371e+00  1.06997419e+00
   7.95186093e-02  1.75427652e+00 -1.12744578e+00 -4.36855563e-01
   5.60532593e-02 -9.07468620e-01  9.97605376e-01  1.90519443e+00
   4.42104582e-02 -1.25011048e+00  2.98196272e-01 -5.00224175e-01
  -5.95925105e-01  2.33745806e-01  2.47515443e+00  1.29670397e+00
  -1.53706604e+00  2.36443252e-01 -1.11390347e+00 -7.17374376e-02
  -2.24331348e+00 -4.79332549e-01  1.54719439e+00 -3.01386028e-01
   1.02020141e+00  1.22759328e+00 -1.02340048e+00 -6.05121634e-01
  -1.50831639e-01  7.69614884e-01  5.90428141e-01  5.84482798e-01
   4.06599765e-01  1.48703788e+00 -6.64277919e-01  1.31517397e+00
  -1.33401163e-01  4.69916300e-02  8.25043044e-01  1.90220092e+00
  -7.71425127e-01  1.09947116e+00  5.60001838e-04 -1.06991557e+00
   9.40376283e-01  2.73254428e-01  6.36004422e-01  7.83771862e-01
   4.96863954e-01 -2.12532683e-02  7.40092119e-01 -6.47981404e-01
   8.28546961e-01  1.28588348e+00 -1.26686301e+00  9.80478833e-01
   1.09725445e+00  1.67375815e-01 -1.07696930e+00 -5.79528623e-01
   4.55353516e-02 -4.32477474e-01  6.04534860e-03 -9.75372558e-01
   8.25533489e-01  1.58467464e+00 -4.34640933e-01  7.24284639e-01
   4.20120217e-01  3.54147220e-01  6.03109089e-01  6.46567886e-01
   3.05569035e-01  2.40285134e-01 -1.22340697e-01 -4.01149519e-01
  -1.03836880e+00 -3.38700465e-01 -5.29287230e-01  1.00901627e+00
   5.76329307e-01 -1.25482720e+00  2.06528398e+00  9.07681608e-01
   6.44922749e-01  6.16321650e-01 -2.24760242e-01  2.36438123e-01
  -1.68924184e+00  1.28211021e+00  4.09886744e-01 -1.43746044e+00
  -1.30694744e+00  6.59744886e-01  6.57579998e-01 -1.27889045e+00
   8.68941858e-02  4.80073482e-01  2.44227212e-01  5.61002329e-01
   1.62941695e+00 -1.65787024e+00  1.33332911e+00  9.27575579e-01
  -6.22724417e-01 -1.47314488e+00 -1.11620187e+00 -3.77536516e-01
  -4.20897223e-01 -1.04664931e+00  3.02617902e-01 -1.66475184e+00
  -6.21097923e-01  6.41329553e-01 -2.82586047e-02  2.52849535e-01
  -4.79292335e-01  5.57843492e-01  8.42629064e-01  6.16137718e-03
  -3.99760690e-01  1.38477513e+00  7.84347439e-01 -1.15342582e+00
   1.17346559e+00 -9.04387210e-01  4.70026747e-01 -1.82811651e+00
   1.24947116e+00 -4.72493061e-02 -4.13896513e-01 -4.64076739e-01
   7.81755101e-01 -4.73089447e-03 -3.43469086e-01  5.24425801e-01
   1.22453975e+00  2.00920930e+00  5.97878852e-01 -2.74239071e-01
   1.86530674e+00 -1.42943418e+00 -2.73418373e-01 -6.07976505e-01
  -1.34353958e-01  3.48528073e-02  1.84078366e-01  2.56997582e+00
  -9.28217450e-01  6.24085339e-01  4.32300009e-01  9.90360697e-01
  -1.12385651e+00 -7.87023281e-01  4.25620789e-02  9.69327900e-02
  -1.90546048e-01  9.43593043e-01  8.95691853e-01  2.46911156e-01
  -1.97482419e+00  1.28443720e+00 -4.56216277e-01  1.59170604e+00
   2.78813089e+00  6.56043250e-01 -1.07026212e+00  6.46046754e-01
   1.89284183e-01 -5.50996281e-01  1.17104092e+00  6.05002385e-02
   1.47694536e+00  1.06393558e+00  1.24416093e+00  5.96278957e-02
   2.33895118e-01  5.40921395e-01 -1.48019986e-01  1.27683719e-01]]