[-0.6437533   0.46544498 -0.7791533   0.86463946  0.97829056  0.1706122
  0.782091   -0.34225553 -1.646004    0.15484497  1.0180472   1.3531672
 -0.6304128  -2.393785    0.38216114  0.19768502 -1.9906044   0.3337861
 -1.0525498   1.3390689  -0.09761223  2.2045097  -0.9081783  -0.50698334
  0.07998335 -0.45251888  1.1195084   1.8291861  -0.03290444 -2.1253793
  0.6565883  -0.9949582  -0.5037156  -0.13706276  3.3339844   0.84495217
 -1.9352472   0.49424613 -0.9995572  -0.6073017  -2.7696831   0.91449726
  2.066168   -0.9963033   1.3365138   0.53681165 -1.143035   -0.78254336
 -0.4300928   0.77571225  0.5432417  -0.4646028   1.2798488   1.2987738
 -1.0182556   2.0890422  -0.13749997 -0.25551775  1.8379023   1.9925853
 -1.0088817   1.3252118   0.22900112 -1.5177789   0.7339161   0.490885
  0.5445362   0.69524455  0.5313806  -0.18188834  0.7854961  -1.0628611
  0.97182286  1.1179166  -1.4812499   1.2026671   0.78330165  0.31130832
 -0.76033235 -1.3107156   0.12003946 -1.261085   -0.44185278 -1.1700954
  0.39156172  0.5811072  -0.8250711   1.268006    0.21999557  1.1740484
  1.1235317   0.75751394  0.6430538   0.87566674  0.5727717  -0.38108385
 -1.257885   -0.6451806  -0.25407168  1.7136544   1.0992451  -1.5440978
  2.1711388   0.8998428   0.8896245   0.9394967  -0.27186945  0.0388839
 -2.0680146   2.0299623   1.0373499  -1.378327   -0.8929856   0.53685784
  0.67815834 -2.3884504   0.0835872   0.41209945  0.15957944 -0.05099501
  1.985704   -1.4123349   1.1092978   0.82140046 -0.48235777 -2.40797
 -1.2811629   0.17962946 -0.15708108 -1.13304     1.0038406  -1.6037612
 -0.23231503  0.5542105  -0.5192867   0.1235239  -0.8670789   0.19943167
  1.5515528  -0.38456553 -0.3797772   0.6669301   0.4568044  -1.365418
  1.8218613  -0.88597614  0.8059666  -1.2571546   1.4941341   0.2985378
 -0.5800094  -0.5072128   0.67470944 -0.71700054 -1.1397605   0.4831161
  1.2683811   1.6404501   1.2328805  -1.1388494   2.0666895  -1.8520423
 -1.0706428   0.21338004 -0.0200039   0.8232899  -0.3570056   2.4816384
 -0.9649283   0.78564566  0.49254116  1.297859   -1.3143406  -0.2806806
  0.11323997 -0.03245722  0.39652443  1.2338184   0.9148528   0.24406444
 -2.3962007   1.305265   -0.71054554  2.1945622   3.414382    0.4998072
 -0.2563933   0.85758275 -0.30889055 -0.1784939   1.1027639  -0.23846889
  1.0429159   0.9295111   1.7115617   0.21981551 -0.29398283  0.2371022
 -0.640245    0.9674194 ]