[-0.3427409   0.35200912 -0.7358372   1.1526555   0.86896914  1.3224236
  1.2932509  -1.17812    -1.1834254   0.827811    1.3350118   1.6072217
 -2.0347629  -3.612201   -0.14279996  0.33602548 -0.832889   -0.9493254
 -1.6189355   1.94086     0.7863855   3.090548   -2.7688043  -0.05654365
 -1.4851227  -2.3207853   0.77161276  2.068808   -0.33232272 -2.6939135
  1.4771965  -1.3140655  -0.6743055   0.6044455   2.691323    2.3146982
 -0.42934102  0.69420356 -1.5845035   0.1124836  -3.4088943  -1.8530353
  2.3900025   0.8869563   2.0315037   1.4742199  -1.6131599  -0.3526182
 -0.36802274  1.0664954   0.16261181  0.91107994  0.08165911  1.9032899
 -0.5755763   1.313809   -0.83289546  0.6198345  -0.13586998  2.1050184
 -0.5333282   2.46931    -0.2665745  -1.8824235  -0.07096541  1.03376
  1.2125845   0.5119572   1.6859573   0.9237391   1.542549   -1.0104064
  0.9153881   1.4326301  -2.3753011   1.7073555   0.93291914  0.41799915
 -2.7243454  -1.0927527  -0.20887002  0.20814733 -0.52883357 -0.5209118
  0.06712183  3.1859581  -1.1387655   1.8293608  -0.20881635  0.97731453
 -0.2991127   1.34819     0.93651545 -0.4972045   0.8230972  -0.70798457
 -0.6405036  -0.95842457 -0.8071627   1.9329327  -0.12926997 -2.3817985
  3.0650308   0.6646309   0.29162267  0.75968724 -0.9481363  -0.3277918
 -3.002021    1.7809472   0.41159546 -1.4148526  -1.7632554   0.9893536
  0.9991854  -2.6066725   0.5063236   1.0751581   0.31724548 -0.31035733
  1.4208937  -2.7812247   1.6559818   2.4370973  -1.3149254  -1.604721
 -2.779511   -1.5662299  -0.05289279 -1.0660319   1.1057483  -1.3296472
 -1.087319    1.3978419  -0.7819773   0.34657636 -1.3934484   0.8521273
  0.90544546 -0.14213273  0.07678545  2.2271972   0.9882336  -2.6971047
  1.6683265  -1.3757381   0.38441455 -1.2983581   2.1738963  -0.4408883
 -0.43411362 -1.6243745   1.26525     0.45757094 -1.1553136  -0.16278273
  1.8924708   2.719088    2.5033221   0.5026228   2.7691815  -2.0140345
 -0.71588    -1.3809463   0.84488636 -0.16833907  1.0516444   4.0579867
 -1.2439437   1.0024492   0.26604003  0.65162826 -0.23282634 -2.3825674
 -0.35951176 -0.01004818 -0.5603654   1.3015      1.6835002  -0.2843536
 -4.039104    3.0337172  -1.3423319   1.8905655   3.1612208   0.9670164
 -0.5533855   0.5425545   0.8172327   0.07681909  1.8738419  -0.06126911
  2.9331465   0.50681     2.1546435   1.2381555   0.1791664   1.1159337
 -1.4258826  -0.35833642]