[-0.86179245  1.0201199   0.06315     0.564625    1.1830525   2.12578
  1.5989625  -0.39926505 -1.6148725   0.5293425   1.9069525   1.5934825
  0.2773325  -6.160285    1.461555   -0.23775005 -0.45765007 -1.4707326
 -0.4740025  -0.08541995  1.8071624   3.6497898  -1.0051701  -1.67624
 -0.9623475  -0.15004751  2.7663577   2.6491048  -0.87836    -2.4555721
  1.8101176  -3.3990998  -1.1392225  -0.1454575   2.77043     2.7527475
 -2.43465    -1.0019774  -0.579445   -0.24986258 -2.6519725  -0.15247256
  0.29282752 -0.96598744  2.632345    1.3286276  -3.0783448   0.40246505
 -0.02935499  0.28117502 -0.40729254  0.03582996  0.99505     1.4018699
  0.03328741  1.6770675  -2.4966648   0.33956748  0.7813      1.6444726
 -2.115645    2.705265   -0.9306925  -2.7497675   0.560405    0.614575
 -0.6348574  -0.48065495  1.8297626   0.56848747  2.77596     1.46514
 -0.5684075   0.85661244 -2.362225    0.86259246 -0.07325502  1.7245775
 -0.04743752  0.07710248  0.87705505 -0.440755    0.55791247 -0.25148
 -0.05759251  1.7925475  -1.5785375   2.134845   -0.18573746  0.8778925
 -1.050875    1.25815     1.8919301   0.52181494  1.803135    0.31299746
 -1.6223199  -0.17112756 -1.1613625   3.3503776   0.9350975  -0.9225575
  1.7844799   0.9457349   4.246768    1.6362976  -1.5766675   0.8391625
 -0.2560475   2.458075   -2.1919174  -0.5733099  -3.4208775   0.0868175
  0.23337257 -1.6551526   1.7535124   0.8929225  -1.324725   -0.805675
  3.8217173  -1.353925    0.06093746  0.79343003 -1.2980375  -3.6267924
 -0.67898744 -0.49735498 -0.4034599  -2.0307474   0.91024005 -0.09165502
 -0.20654002  1.4951999  -0.44033006  1.758575    0.82086015 -0.02529752
  2.4485126   1.07445    -0.25366002  0.91917753  1.7725475  -3.3009925
  1.3626449  -0.40507495 -0.3374125  -3.4499674   3.6943576  -1.30208
 -0.79544    -1.74643     1.0055125  -1.9101474  -2.0810952   0.06718755
  1.1403775   2.14611     2.4363625  -2.024965    1.4579725   0.00895754
  1.1658951  -1.5767226   0.9252949  -0.7025075   1.0618025   3.85078
 -1.8947325   1.7241501   1.209605    0.39174998 -0.43986246  1.61057
 -0.13538001 -0.25729996 -1.0926601   2.532025    2.7501774  -0.09852502
 -2.9783373   2.5544026  -2.0750375   4.04326     2.5239475  -0.70564246
  0.09010491  1.4994149  -0.334      -0.1253475   0.05536503  2.1542325
  4.0248947  -0.2829201  -0.15234506  2.6077476  -0.308315    0.23396748
 -1.91594    -0.26441997]