[-6.37451589e-01  1.64984667e+00  4.51769978e-01  2.17691183e+00
  1.04501498e+00  6.76640093e-01  1.64174020e+00  1.35468161e+00
 -1.96433008e+00  3.39466661e-01  1.00838840e+00  3.53405499e+00
 -1.78047836e+00 -4.50506163e+00  1.97070491e+00 -1.50117493e+00
 -9.51853275e-01  3.90541673e-01 -2.25525665e+00  2.28735852e+00
  1.90139934e-01  3.49165654e+00  4.13583927e-02 -6.13544941e-01
 -1.19506635e-01 -1.09661329e+00  7.53963292e-01  4.42048216e+00
 -9.45429862e-01 -1.63897836e+00  1.79170990e+00 -1.27834666e+00
 -4.51446623e-01  4.02705044e-01  2.05082512e+00  1.79399836e+00
 -2.13230681e+00  3.83149795e-02 -1.96405828e+00  4.13798332e-01
 -2.91195655e+00 -5.00196636e-01  2.34610844e+00 -1.03988338e+00
  2.31841016e+00  8.64360034e-01 -1.40324497e+00 -8.52710009e-01
 -2.33466625e-02  2.87317348e+00  1.26041162e+00  9.00856674e-01
  6.72714949e-01  1.06391823e+00 -1.13047326e+00  1.24131179e+00
  6.99393332e-01  2.14679503e+00 -1.54399991e-01  1.29176331e+00
  1.66176331e+00  1.13184333e+00 -1.69448316e-01 -3.31090999e+00
  5.39298356e-01  1.13367665e+00 -7.99499989e-01  2.00236344e+00
  1.11025000e+00 -1.67188287e-01  2.96339822e+00 -9.79220092e-01
  7.51623333e-01  2.94444489e+00 -1.05046833e+00  1.42449152e+00
  1.96267843e+00  9.96939957e-01 -1.95590162e+00 -3.98788333e-01
 -6.37978256e-01 -4.40388292e-01  1.20999420e-03 -2.44740987e+00
 -3.59639972e-01  2.69025803e+00 -1.34519994e+00  1.63771665e+00
  2.21931636e-01  1.34768164e+00  5.22806585e-01  1.44178331e-01
  1.86588848e+00 -1.10714173e+00  5.10935068e-01  1.34695828e+00
 -1.29823673e+00  8.93549547e-02 -1.15774834e+00  1.59805501e+00
  5.09795010e-01 -1.18622172e+00  3.18022656e+00  1.07046686e-01
  1.00818503e+00 -6.61711633e-01 -4.53448385e-01 -7.61836708e-01
 -1.89657307e+00  1.42240667e+00  4.68611628e-01 -2.18669343e+00
 -2.17614818e+00  4.89689976e-01  1.44649506e+00 -1.98087347e+00
 -1.84763312e-01  2.89551675e-01  3.68143350e-01  5.01713336e-01
  2.47366691e+00 -1.34878337e+00  1.62522328e+00  2.30883527e+00
 -1.01630163e+00 -1.43684185e+00 -1.17041171e+00 -1.32538393e-01
  7.70748377e-01 -3.66751641e-01  3.26291710e-01  1.66305006e-01
 -1.16393995e+00  3.59953314e-01  5.60738385e-01  1.41381991e+00
 -1.34328350e-01  2.22507000e+00  1.36063671e+00 -6.48236632e-01
  1.19569337e+00  2.54953337e+00  8.47540081e-01 -1.61866844e+00
 -1.65448308e-01 -1.04812825e+00  8.57630014e-01 -1.98079169e+00
  1.81935847e+00 -2.51678377e-01 -1.58780023e-01  5.85285008e-01
  3.91624928e-01  1.88019991e+00 -1.78403318e+00 -3.08119982e-01
  1.07913661e+00  1.18563497e+00  2.37171173e+00 -6.40079916e-01
  1.58573663e+00 -1.25246489e+00 -1.27404654e+00 -1.24515998e+00
 -1.12130332e+00  1.78979993e-01 -3.10905129e-01  4.23457861e+00
  2.21065044e-01  1.52622998e+00  7.40306675e-01  1.45975494e+00
 -5.79984963e-01 -8.35759938e-01 -4.30799909e-02 -1.19698308e-01
 -2.00343490e+00  3.72999501e+00  7.21081674e-01  9.79461610e-01
 -2.91152501e+00  1.70002830e+00 -1.19887495e+00  1.69744825e+00
  3.02139473e+00 -1.81043342e-01 -4.48879987e-01  1.58685839e+00
  5.82138360e-01 -6.08431637e-01  3.04761147e+00 -4.75248337e-01
  2.53609324e+00  2.99343181e+00  2.92645335e+00  6.66818321e-01
  1.35328352e-01  1.91557682e+00 -1.61809337e+00  4.88671690e-01]