[ 0.94275796  1.7281501  -0.98000586  1.3455698   0.72823    -0.9631001
  1.5479319   0.27526397 -0.789524    0.618168   -0.71087     5.16184
 -1.568486   -4.990306    0.712322    0.05068998  0.81564796 -1.488788
 -0.61826795  2.570826   -1.081464    2.392014   -0.6045381  -0.32196802
 -0.03562598 -2.227668    2.9938102   1.5794319   1.233578   -1.556664
  0.58405197 -3.47885    -2.857006    0.784026    3.76731     2.599072
 -1.0542461  -1.827038   -1.668148   -1.5753939  -2.97688    -1.084896
  1.0169541  -0.09451403  0.48606205  1.6475222  -2.5538518  -0.22084999
  0.35917807  2.158812   -2.316572    0.33471996 -0.22313194  1.3351061
 -0.39540395  2.1991181   0.35043797  1.439552    1.156454   -0.57826
  0.051226    1.025906    0.6486341  -2.6724343   0.64901197  0.55019397
  1.9007599   0.59718597 -0.8189039  -0.47432804  1.602964    0.17018795
  0.909832    1.637018   -2.758966    3.3096359   0.89693606 -0.81644994
 -0.60331    -2.2113519   0.19357404  1.1802142   1.136006   -2.394812
  0.559128    2.1816103  -0.84631395  0.49194804  1.514046    1.462678
  0.188162    1.1145561   2.4789422  -0.159368   -1.828882   -0.66499996
 -2.3597178  -0.16995397 -2.6199722   1.294822    0.98643196 -2.579146
  2.6464458  -0.147264    1.8842022  -0.03189201 -2.215976    0.30953592
 -0.5035759   0.56399196  0.15817204 -1.149786    0.08196807 -0.82383406
  0.09702797 -2.50434     1.4945581   1.5332401  -0.17481604  0.18901595
  1.64989    -1.3519222   1.4423201   2.1501098  -3.404342   -1.231744
 -1.585234   -2.191276   -1.138348   -1.832764   -0.92288005 -0.09688602
 -2.314086    1.127624   -1.170844    1.058308   -3.0214121   0.47209406
  1.4274681   2.730458    1.056386    2.5766819   1.10033     1.089716
  0.345882   -2.408244    1.9768159  -0.89462006  2.3598862   2.632566
 -0.11745    -0.27014193  1.035154    0.135084   -0.14445397  0.949022
  1.6457279   1.588134    2.6379638  -0.45773     2.6198943  -1.064554
  0.614254   -0.5765     -0.777192   -0.8934919   0.25032398  3.7232795
 -2.331658   -0.53449595 -0.67875004  0.56253004 -0.227438   -2.332336
 -0.56938803  0.44234198 -0.107976    4.009188    3.2607498  -0.434018
 -4.263346    2.707732    0.092498    1.848782    3.2376943   0.12444802
  0.067012    1.389698   -0.48696804 -1.423586    2.413922    1.205272
  0.7824398   0.656202    0.09242801 -1.04536     0.35577792  2.239138
  2.361898    0.170928  ]