[[ 1.518435   -1.38162994  0.30476001  1.41584504  0.81603998  0.023055
  -0.12523     1.106565   -1.33335495 -0.60798502  1.72924507  1.10739005
  -0.12004501 -1.68682504  3.1108048  -0.248705    0.74392998  0.43492001
  -0.62762499  2.97176981  0.19618499  2.91146994 -1.26601505 -0.69045997
   0.31911999 -1.03890002  0.52334499  2.75418997 -2.60461521 -0.71365499
   0.83063996  0.88441002  0.33690003 -0.70013499 -0.55366999  2.36304998
  -1.72439504 -1.70008004 -0.84762001 -0.50530005 -0.447045    1.92871499
   1.81784499  1.4718101   1.76607502 -1.62539005  2.97098017  1.06822991
   1.92545509  0.91672003 -0.42813     0.93765497 -1.05876493 -0.3642
  -1.38499999  1.25327492 -1.13007498  0.61638498  1.48334992  1.01747501
   0.715325   -0.53513998  1.6041801  -0.30654001  1.05798995  0.46810502
   1.52582502 -1.28352499 -0.55307001 -1.170735   -1.00706005 -0.401115
  -1.01910996 -0.70807004 -3.7145052  -0.183615   -0.75181001  0.26622501
   0.073665   -0.79006499  2.69812489 -1.24410999  0.30292001  1.147995
  -0.62488997  1.15593505 -0.78167498  3.16999483  2.67727494 -0.139255
   1.34809494 -2.84677005 -0.72213501 -2.31474996 -0.264855    2.03794003
  -0.07883    -2.05687499  0.16407999 -0.92122501 -0.49089    -0.38084999
   1.93476498  0.77828497 -2.13982487  4.22622013 -0.99892497  0.85610998
   0.61392003  1.93676996  0.81786996 -0.6419     -0.18459    -0.097955
  -0.40297002 -0.78218496  0.25296998  2.62408996  1.03145504 -0.82388997
  -0.017715   -1.45344007  3.05139017 -1.50718999 -0.12063    -1.63775504
   0.41163    -1.11251998 -0.93776    -1.56086993 -2.02649999  1.1076901
  -1.46936512  1.74921012  3.01262498  0.27847502 -0.93006998 -1.14934492
   1.72724497 -0.15275     0.09851    -0.57032001 -1.20167506  0.99774003
  -2.66741991 -0.38978499  0.784455   -1.21379507  1.72697496 -1.20657504
  -1.25758004 -3.77593994 -0.42322999 -2.58925486  0.62145001 -0.57849002
  -0.86138004  1.41087997 -0.36120999 -2.43774509  2.01453996  1.22794497
   2.78329015 -1.34010494 -0.507855   -0.83079004  0.33383     1.76980495
  -1.008605    0.20858499  1.66047001  2.77505994  0.024585    2.91701508
  -0.441055    0.88621998  2.09535003  2.22334003 -0.756675    2.53677988
  -0.45092499  1.41693997 -0.70148998  0.36416501  1.17893505  0.77621996
  -0.65924501  0.94017994 -0.37311    -0.045575    2.65895009  0.22414999
   0.43016499 -1.07272005  1.21347499 -0.447925    1.40103507 -1.17609501
   0.102805   -1.18587995]]