[[-0.6916385   0.12913184 -0.46451367  0.83603798  1.74481149 -0.06551784
   0.91693999  0.34100219 -1.51465218  0.646879    0.56557834  1.68720416
  -0.8553195  -1.966856    0.4315325   0.01178032 -0.75242763 -0.59221501
  -1.304662    1.05044066 -0.06719566  2.331586   -1.22452165 -0.29160765
  -0.37664199 -0.34345499  1.2428565   2.13229564 -0.48288501 -0.37370366
   0.1468475  -0.90338565 -0.31025616  0.27208484  1.73515051  1.22387899
  -0.75247534 -0.20926934 -1.23685235  0.14815433 -1.850542   -0.10150182
   1.72989403 -0.55099167  0.90185034  1.03719099 -0.83356032 -0.25854101
   0.35453767  0.96248099  0.72346316  0.41480884  0.26778182  1.12018298
  -0.79618617  1.13652733 -1.271183    0.83139217  0.41554684  1.82152751
   0.09141583  1.02026067  0.83657515 -1.033195    1.04856783  0.54617201
   0.52228617  0.61571885  0.43959767  0.01675999  0.8880805  -1.12788816
   0.36058165  0.95508266 -1.59139453  1.06416633  1.45606069  0.38874182
  -1.18922198 -0.78266732  0.41386068 -0.87517116 -0.46915766 -0.9053795
   0.26732717  1.85110752 -0.72343584  0.64149149  0.5982995   1.26246399
   1.3131135   0.22479649  0.861084   -0.17718     0.04860184 -0.25735517
  -0.81893399 -0.47635633 -0.21368801  0.53235999  0.42289167 -1.36533336
   1.92089833  1.0303235   0.64483516  1.10478649 -0.88160718  0.22541968
  -1.09048283  1.64237583  0.29156649 -1.3029985  -1.33293583  0.9813535
   0.75911949 -1.8907385   0.47196985  0.96906016  0.45580983 -0.30000099
   1.56355983 -1.36071816  1.38985551  1.74545883 -0.67791531 -1.68578365
  -0.44889183 -0.47497499  0.19756667 -0.89101934 -0.21155933 -1.071242
  -0.64457817  0.06321933 -0.51763601  0.26818917 -0.29936466  0.91255968
   1.25140616  0.08196067  0.32814951  1.584559    0.49964117 -1.63856901
   0.79470965 -0.21322618  0.70817167 -1.47764165  1.16294048  0.13311067
  -0.49370432 -1.04469     0.45033283  0.60593666 -0.15998033 -0.17501866
   0.94103318  1.16628983  0.92073034 -0.33246417  2.54759299 -1.92965735
  -0.40527418 -1.225358   -0.02332134 -0.15551818  0.48626934  2.47430383
  -1.22294085  0.48224433  0.89550799  1.03262418 -1.11284635 -1.08688085
   0.10494333 -0.30717116 -0.53741566  0.99067566  1.03005782 -0.2437545
  -2.07730433  1.66920035 -0.73239051  1.63897367  2.32986683  0.07715269
  -0.36850268  0.89621049  0.32928116 -0.31568033  1.49758101 -0.09360934
   1.2463725   0.62838834  1.43837216 -0.26343685  0.41963217 -0.08584732
  -0.95223968 -0.47950068]]