[[ 0.34279165  0.33594666  0.27627334  0.39303168  1.16229832  0.93468665
   0.30200669 -0.52489165 -0.75907002  0.37278664 -0.10112833  1.43458827
  -1.78826835 -3.60429825  0.57350332 -0.74329003 -0.62299164 -1.65826167
  -1.45754671  1.67351834  0.03785499  1.79998652 -1.45565999  0.65154
  -0.38509999 -1.09993338  0.15849666  2.16138667 -0.13052835 -0.61861004
   1.24395825 -0.63358006 -0.46085501 -0.29620498  1.25675157  0.86623168
  -2.84136675  0.58479168 -0.33921834 -0.06457166 -2.34931159 -1.84909499
   1.50347666 -1.0940667   1.47381332  1.39746829 -0.73690164 -0.60907996
   1.34990837  1.14111999  0.35506668 -0.33208668  0.21669501  0.95395666
  -0.2067883   1.08683499  0.36976333  0.61534007  0.76822833  2.19580666
  -1.1902016   1.33462344  0.41172668 -1.62217162  0.13150835  0.7411767
   0.70611666  0.46169664  1.26444671 -0.08885334  2.39906494 -1.1765999
   0.38879665  1.98661172 -2.30492659  1.3282183   1.36420168  0.74783675
  -1.92794013 -0.87233504 -0.75291669 -1.32818337  0.09229497 -1.53877326
   1.16550831  2.81510496 -0.65821333  2.44022012  1.33644991  0.85216833
   0.19401334  0.30528835  1.00229998  0.03718332 -0.73958164 -1.82628826
  -1.88345003 -0.65779169 -1.12025504  1.50962347  2.23232166 -2.36070832
   1.70956514  1.94780005  0.7295666  -0.24662668 -1.23761161 -0.87935507
  -1.74526842  2.42853355  0.66044332 -1.47681338 -1.64905334  1.32846006
  -0.20714164 -1.61462839  1.01301835  0.52159335  0.34728673 -0.27111832
   1.21837342 -1.23104171  1.37625171  1.08595498 -1.13776    -3.25355661
  -2.8178517  -0.44182165 -0.6770583  -1.0526733   0.90073172  0.25979665
  -1.18156     0.92143331  1.33254832  1.04563826 -1.4455783   2.03603671
   1.11570338  0.17484832  0.55923836  2.47688643  1.13116172 -0.93184834
   1.47636835 -1.34777335  1.14738503 -2.43482176  2.17191005 -0.6635283
  -0.93456328 -0.40127838  1.02354497  0.96128165 -0.78502667  0.11977164
   0.41850332  2.72019174  1.35667996 -0.33192494  3.20393995 -1.11079665
  -0.42467495  0.05572669  0.39087826 -0.38196834  0.39953332  3.28831991
  -0.86735833  1.56961171  0.18988668  1.19844671 -1.16275497 -0.69380333
   0.46853332 -0.76898672  0.12879     1.03521505  0.97106836  0.02686499
  -2.42670663  1.97986662 -0.87396173  1.62381331  3.17945488  0.27135
  -1.2421     -0.2571967   1.01474667 -0.47653999  1.0128617   0.06947003
   2.23783829  0.94995672  2.27826977  0.30605     0.50742501  0.50027333
  -0.11308505  0.10942002]]