[ 1.326664    0.65192807 -1.780854    1.8846881   1.227704    0.03600598
  2.491326   -2.6951382  -1.6003239   1.029426    1.7466501   1.433716
  0.33216003 -3.0412323   0.34637198  0.36062196 -0.34985393 -0.71827
 -1.4314039   0.46647802  2.2633042   3.824306   -1.453778   -2.698772
 -2.359466   -0.15287802  3.176846    1.593992    0.43365994 -4.910454
  1.64575    -3.7570198  -0.7364361   0.66051805  1.5338478   1.826428
  0.45524603 -1.33412     0.598332   -2.4422781  -1.33715     1.340636
  0.46585402 -1.3295879   0.40173396  0.88096    -1.6555519  -0.19977002
 -0.7242      0.43019     0.626614    0.7240359   0.07918598  0.32809
 -1.6505381   2.229706   -1.2052519   0.46195602  0.434218    3.236362
 -0.24419999  2.16889     0.15240398 -1.3832382   0.29567003  0.707266
  2.483712   -0.82945204  1.6960621  -0.08159804  0.20441003  1.131874
  1.1015359   0.40158    -1.725992    0.9197761   0.08985599  1.190366
  1.1124461  -2.527034    0.499604   -1.7216841   0.9564141  -0.31343603
  1.654252    2.00277    -0.08717398  1.8670199   0.04817009  1.047984
  1.8408      2.5305037   1.5591781   2.6880736  -0.09431799 -0.01884005
 -1.7679977  -1.2033061  -2.0745819   1.846228   -0.99932206 -0.23837395
  2.413062    2.2820778   1.8027699   1.4102399  -1.5945542  -0.35026196
 -2.18096     0.63174796 -0.50162995 -0.703326   -2.603812    0.92982996
 -0.79696196 -3.4791381   2.3270602   0.551798    0.61731195  0.15483804
  2.065912   -1.0759801   2.266578    0.440296   -3.6226058  -3.4416783
  0.165224   -0.37892202 -1.288628   -3.2462819  -1.0645621  -1.469134
 -0.37250003  1.5635899  -0.766792    2.013946    0.83881605  0.23031604
  1.66159     1.159106   -0.7875899   1.523392    0.89490795 -3.189152
  1.8016001  -0.17043996  1.120804   -3.6641438   2.3403678   0.48652607
 -0.96077806 -1.585994    0.72058    -0.8592579  -1.9438641   1.6256441
  1.6614978   1.1769301   4.733016   -1.8666799   3.4056518  -2.13247
  1.5988982  -0.395128    0.344174    0.82434     0.326806    1.5580379
 -1.822608    1.654322    2.852034    0.30423197 -0.97223204  2.0210738
  0.10198398  0.5241659   0.978306    1.057674    1.5379021  -0.63913393
 -2.849474    3.9559836  -0.24896803  3.7359962   3.5322242   1.6138442
  1.7093159   0.48020405 -0.80153006  0.32047203 -0.276678    2.782706
  2.342028   -1.3153721  -0.20965604  1.8586979   0.367706    0.317004
  0.6498739   0.00835805]