[-1.647196    0.41770798 -0.06612997  0.20571002  1.359124    1.9383619
  0.896568    1.264924   -2.355072    1.220506    1.316396    3.3214881
 -0.606956   -1.298816    1.2979721   0.56011    -1.8679421   0.930858
 -2.628702    2.709322    0.34334403  4.413534   -1.759434   -0.63474804
 -0.18505397  0.27275002  2.732034    2.830484   -0.06868801 -3.4945703
  3.006766   -0.21365002 -0.679568    0.28053004  4.506832    1.983074
 -0.279958    0.5161541  -2.212118    0.58023804 -1.5032     -1.023042
  1.019524   -2.102552    2.5198438   1.112872   -1.18722    -0.95647
  0.756112    1.808388    2.17938    -0.46238795 -0.79493797  1.64331
 -1.338174    0.962916   -0.308592    1.2239519   1.160692    1.550624
  0.30054197  0.89630795  0.60331404  0.523786    0.758274   -0.26367998
  0.00992796  1.66633     2.5919201  -1.0101681   1.604832   -3.1748
  2.3425202   1.7165     -1.152856   -0.57043     2.209566    2.4285438
  0.9175321  -0.23410599  0.113048   -1.1075661   1.316934   -1.7856519
 -0.00673199  2.453974   -1.8201141   1.493278    0.82097596  0.51710397
  1.3091981  -0.794822   -0.941566    2.118898   -0.25817403 -1.56324
 -1.524036   -1.432606    0.86529195  0.77651     1.881622   -2.3493962
  2.571094    1.0102     -0.4724779   0.607508    0.25869802 -0.567204
 -1.7232959   0.74415994  1.4256021  -0.28691    -0.440658    2.2387419
  1.122296   -3.43879     0.67959005  0.375432    1.2798339  -0.37496006
  1.6833639  -1.670962    2.128966    3.687076   -0.91951007 -2.1757839
 -2.2475681   0.65004194 -1.7010899  -0.733986    1.5404841  -1.6160141
 -1.0516961  -0.15690804 -0.639652    0.25005    -0.73500395  1.109742
  1.336534    0.25475606  0.7314541   1.7899139   0.519452   -1.9129101
  1.3037081  -0.51005596  0.45006004 -0.71008396  1.0627159   0.97045594
 -0.01583601 -1.2306681   1.788076    0.8323299   0.30150002 -1.2375339
  2.2816021   2.0378      2.055402   -0.39765996  3.1218038  -3.102972
 -1.2324921   0.025878   -0.332764    0.699394    0.15485807  3.669178
 -0.948758    1.4091219   0.16853997  1.3492379  -2.218882    0.38312787
 -1.8471901  -0.08227999  0.544992    0.729838    1.604858    0.118646
 -1.669142    1.171668    0.75185597  3.999028    4.34091     0.562482
  1.056758    0.340338   -1.7518181  -1.4048661   2.21893     0.10200602
  2.066402    1.391242    0.40250197 -1.0075519   1.543224    0.589744
 -0.61925    -0.559312  ]