[[-1.55089847  0.93266857  0.09298857  0.78948857  0.89859145  1.27602714
   0.65203142  2.48761736 -3.50844002  0.27556287  0.90017709  2.26677423
  -0.46487428 -2.23226145  1.45086585  0.73543998 -0.78666711  0.67291722
  -1.51557992  2.56124861  1.27366011  1.68146144 -0.29615007  0.04223858
   0.81529284 -0.34322714  0.15782997  2.77781585  1.03330433 -3.35342853
   1.02054849 -0.41037573 -0.74235143  0.11491143  5.08467994  0.56388143
  -0.62147858  1.04281148 -2.37056146  0.87878709 -0.7561057  -0.73848569
   0.25906568 -1.75387147  1.41217572  0.35808718 -0.04193715 -0.64165998
  -0.40815573  0.42839425  1.50819288 -0.91526144  1.43500284  1.44957144
  -1.52946289  2.15070575 -0.13172716 -0.75881288  2.07188858  0.46285857
   0.59055287  1.81171431  0.51120286 -2.14169577 -0.18214141  0.53689713
  -0.94212716  0.79674288  1.20281432 -0.60059286  0.90041004 -2.31828281
   1.72419003  1.59943005  0.90134995  0.76173569  1.37385585  1.5784014
  -0.15486859  0.22070858 -1.2243057  -0.1006628   0.2545571  -2.12560129
  -0.48160858  1.93158007 -1.19779715  0.86243146  0.73452996  0.07609575
   1.39894273  0.67693571 -1.10336412  1.55680285  1.13117426 -0.77006146
  -0.17793143  0.0295114   2.27670152  0.68524861  1.09734712 -2.94308138
   2.16796994 -0.29443427 -0.52772856  0.07155282 -0.77062716 -0.36644144
  -1.85467572  2.26100567  1.58933721 -0.4697086  -1.42181431  1.63941567
   0.95993576 -3.14359719  1.02991857  0.18796287  0.59954861 -1.18688576
   2.4940943  -1.03410582  1.50094863  1.39854704  0.18136711 -2.65617868
  -1.52961708  0.92601565 -2.13636003 -1.41073142  2.11575852 -0.44517
  -2.21823856  0.77503426 -0.7097529  -0.30505713 -0.62840853  0.04179143
   1.56861995 -0.7304086   0.62866289  0.64312714 -0.1392357  -2.76742734
   2.89786857  1.07558145  0.01260144 -0.10312285  1.23669858 -0.02638427
  -0.47249716 -2.07578424  1.54919561 -0.71574008 -0.08049003  0.54646431
   2.2220899   1.45602582  2.19557142 -0.13149142  1.56432433 -2.29060711
  -0.78941575  0.06454857  0.32686999  1.04838286  1.16902007  1.44519437
  -0.83706995  1.49802719 -0.25676287  0.75627145 -1.97976729  1.75204992
   1.08744427 -0.73504709 -0.48470427  0.18243284  1.2237515  -0.24908429
  -2.63098431  0.97292568 -0.77056001  3.65025289  4.39704132 -0.07713002
  -2.12997287  0.95630862 -1.01761716 -2.2795714   1.72189713 -0.11874996
   2.6062502  -0.07348861  2.90710558 -0.42465     0.61501719  1.49541426
   0.04482426 -0.12194998]]