[ 1.2024832   2.0369666   0.9659567   3.3184803  -1.3399434  -0.3641633
 -0.25955     0.9516633  -1.4608101   2.1260965  -0.0396233   1.9042965
  0.61142    -2.4146202   1.2929467   0.06075672 -0.9039733   1.2489667
 -5.1770196   3.2612102   2.0677898   4.875137   -1.8911333   1.0031234
  0.69649667  2.0860434  -2.7386532   2.2795632  -1.2950968   0.39044
  0.60509664 -5.0495496  -1.8242568   1.23674     2.3500633   2.3227031
  1.9528633   2.1063797  -3.4138134   1.2268467  -3.3480666  -1.4766599
 -0.47945333  1.8671598   1.6729034   0.67842    -0.88664335 -1.2868867
  0.35131994 -0.23050334  2.5693834  -0.05757667  0.08765332  3.3527768
  1.28545     2.7403834  -0.57807666 -1.6891432   2.0613267   1.04923
  0.82705665  1.2498966  -1.2484666  -2.8906567   0.28196666 -0.71410996
 -0.3351067  -0.21745332  1.0500699   0.78008     1.4179335  -0.45454332
 -0.08539665  2.5739799  -0.6428266   1.2901467  -0.73979664  1.7662932
 -3.3997133  -1.3470899   0.02431995 -1.4399366  -1.8736166  -1.02009
  2.8611534   2.97419    -0.19438331  1.7294668   0.56309     0.31128004
  3.5047932   0.31287336  1.8209767  -0.8596633  -0.45167997 -0.91333
  2.0368865  -4.5417     -2.0393665   3.0396202   1.2534567  -2.5794666
 -0.17773671  1.6693865   0.75771666  1.0802366   1.5794934   4.086283
 -2.63011     2.6564264   0.8099633  -3.9441335  -1.8653532   0.5113867
  4.308083   -1.4240032   1.3087667   2.5859067  -1.75414    -3.6034834
  1.85559    -1.5469365   1.5066732   1.38521     0.20157997  1.1957467
 -4.87758     0.58878     0.63858    -4.513744    1.25017    -2.2051733
  1.38978    -1.7632666   1.0233432   3.7843068   0.7105267  -0.60258335
  2.7337368  -1.0338401  -1.5250467   2.2104833   0.18620665 -3.5961034
  3.24987    -2.1866734  -0.40719    -1.5014067   1.3343667  -0.34940338
 -0.3720667  -2.0046732   1.6639833  -0.02799662 -0.23383339  3.07042
  1.7290932   4.6539598   3.7627265   0.8773667   3.0000298  -3.3234131
 -1.2293566  -1.6786467   1.9677134   1.3707533   3.1741867   1.6052233
 -1.4648166  -0.68174666  0.60887337  2.2332733  -1.34069    -3.7829704
  2.9163368  -1.4576434   1.2641634  -1.1094533  -0.0148267  -1.8364834
 -2.6240733   2.0338833  -2.36318    -0.80065674  6.0813637   1.2800001
 -3.3135536   0.5968366   0.26081663 -1.7971001   3.03325    -0.15866001
  2.01349    -1.6599935   2.52125     1.4787167   1.6590468   0.4292433
 -1.8729501   0.78321   ]