[ 0.25506398  0.9308399  -0.621488    0.01656997  2.359468   -1.004974
  0.817396    2.3830922  -3.71326     0.426078    1.2967479   1.946594
 -0.872688   -3.615294    0.805662    0.3598     -0.84412396 -0.785252
 -0.25660998  2.338052    1.0646662   2.8052702  -1.187906    0.07119012
 -0.41636795 -0.30021802  2.47881     1.623608   -0.00561801 -3.186648
  0.10234997 -2.317202   -1.954566    0.92784005  4.1493196   0.77799404
 -1.8720678  -0.16494195 -2.0065262   0.17456    -2.624382    0.5235239
  1.1973541  -1.3979919   3.561032    0.73654205 -2.642898   -1.1841019
 -1.3477539  -1.0251061   1.1392119  -0.602194    0.297104    3.5848079
 -0.931824    3.15099    -2.28616    -0.11404999  1.6747739   0.81702006
 -1.215044    3.1151798   1.6423839  -3.535176   -1.013662    1.280772
  0.39202404  1.12279    -0.95698214  1.040664    0.74341595 -1.6485859
  1.6874559  -0.6336     -1.3836     -0.10611002  0.21462199  0.07106604
 -1.04068    -2.231508   -1.9725158   0.267182   -1.199626   -2.65617
  0.767628    1.94678    -1.199068   -0.99437     0.32454398  1.3532261
  0.338504    1.174472    2.766498    0.95348394  1.479388    1.248544
 -0.89125407 -0.27873203  0.67693603  1.3836119  -1.5075662  -0.50417805
  2.471674    0.10607998  2.895286    0.80788195 -3.899442    1.0472219
 -2.521642    1.050716   -0.46465808 -0.42832202 -2.946456    0.44138202
  0.22416604 -2.5737681   1.7787279  -0.65662795  1.0125221  -0.52431405
  3.0977101  -0.819884    0.83382     0.52112    -1.7293739  -2.9406638
  0.34284407 -1.6111943  -2.0329242  -2.551024    1.3815839  -1.39237
 -1.18125     2.263136   -1.0902001   0.67722     0.24207005 -1.005978
  1.5600299  -1.222876   -0.717574    1.5324621   0.52486604 -1.156688
  0.87967795  0.91162205  0.6364259   0.03635798  1.927028   -1.1714079
 -1.2811241  -1.9279579   1.8673799  -0.07450195 -1.4634941   1.812574
  2.252708    0.22073798  1.9743698   0.18016791  2.0824862  -2.637928
  1.6254221   0.24861202  0.46658796  0.05906599  0.93184406  2.0367503
 -2.03364     1.0460001   0.12477203  1.71809    -0.72652     0.773718
  0.47819796  0.564606   -0.27213594  1.6464341   0.44356003 -1.0232221
 -3.095142    2.6983342  -2.69601     2.34662     2.8847601  -0.23867598
 -0.9459141   1.4813182   0.67755604 -1.125842    1.6384739  -0.82568395
  2.151512   -2.094974    0.89203393  1.930612    0.941888    0.31443197
  0.680344    0.310554  ]