[-3.4566429e-02  9.7461998e-01 -4.2014625e-02  6.6248399e-01
  1.1559173e+00  4.7955862e-01  5.6935567e-01  1.2631284e-01
 -1.7510601e+00  2.9464814e-01  9.3827254e-01  1.1620595e+00
 -7.3842394e-01 -2.6986206e+00 -1.1465751e-01 -1.1847467e-01
 -1.4258823e+00 -8.0164003e-01 -1.7801781e+00  1.1481884e+00
  3.4344536e-01  2.1472895e+00 -1.0456085e+00  9.7647853e-02
  5.2197516e-02 -1.5714091e+00  9.8565787e-01  2.2754345e+00
 -4.0335149e-01 -8.3710200e-01  4.0175825e-01 -8.4247887e-01
 -2.5706106e-01  2.4944897e-01  3.0713658e+00  1.4868429e+00
 -1.3618191e+00  5.7834470e-01 -1.6064202e+00  4.0725788e-01
 -2.7834477e+00 -4.6915606e-01  1.6544527e+00 -4.1142210e-01
  1.3877535e+00  1.0750803e+00 -5.7652891e-01 -4.4586506e-01
  5.8994108e-01  8.9330208e-01  9.5627755e-01 -3.3679605e-01
 -3.4655860e-01  1.8622750e+00 -5.3412575e-01  1.9595118e+00
 -1.7314430e-01  4.9561712e-01  5.1530212e-01  1.6186525e+00
 -1.6689636e-02  1.3784571e+00  1.2163249e+00 -1.3680512e+00
  1.0905755e+00  1.7010248e-01  2.2223106e-01  1.3216075e+00
  6.8275356e-01 -6.4253038e-01  1.1948111e+00 -1.0080913e+00
  1.0620697e+00  1.3958189e+00 -1.1467587e+00  7.9199713e-01
  9.7893041e-01  7.3426324e-01 -1.7921493e+00 -1.6402532e-01
 -1.0759271e+00 -6.0234964e-01 -6.6714859e-01 -1.4554374e+00
  6.4708889e-01  2.3401489e+00 -5.6699926e-01  1.0968436e+00
  2.8769535e-01  5.6007707e-01  9.8260963e-01  8.2642823e-01
  8.1880957e-01 -4.6684954e-02  1.8586250e-01 -4.0364531e-01
 -7.1668828e-01 -2.8952315e-01 -2.7351931e-01  9.0949905e-01
  5.6249863e-01 -1.9433587e+00  2.3745148e+00  8.2166320e-01
 -9.0006419e-02  3.3603072e-01 -2.0900321e-01  3.6394283e-01
 -1.7494056e+00  2.0139198e+00  6.9370610e-01 -1.8064591e+00
 -1.4305182e+00  6.3541156e-01  6.4201641e-01 -1.9955252e+00
  1.7606924e-01  6.0585541e-01 -1.2383753e-01  4.5439219e-03
  1.3642834e+00 -1.7122558e+00  1.3349432e+00  1.4198626e+00
 -5.7464999e-01 -1.5832354e+00 -1.5122234e+00  7.8111805e-02
 -2.1264461e-01 -9.0120822e-01 -1.7388429e-01 -1.3147694e+00
 -5.8058679e-01  2.4023540e-01 -4.8757818e-01 -3.4510070e-01
 -8.3266783e-01  6.9679064e-01  1.0277339e+00 -2.4968891e-01
 -1.3812928e-01  1.5650017e+00  9.0440178e-01 -1.5562207e+00
  1.2980362e+00 -6.8297070e-01  3.5210818e-01 -1.5617540e+00
  1.9550552e+00 -6.7819662e-02 -3.6832616e-01 -8.9214134e-01
  9.6903688e-01  4.3937322e-01  5.3290345e-02 -1.2520571e-01
  1.0808021e+00  2.1210916e+00  1.4052705e+00 -1.3410563e-03
  1.6951369e+00 -1.2172924e+00 -3.9582568e-01 -6.5907431e-01
 -1.2309251e-01  1.4292213e-01  1.0243288e+00  2.9604936e+00
 -6.9896561e-01  1.4693235e+00  4.5736256e-01  1.6419696e+00
 -1.0578992e+00 -1.2634590e+00 -3.9714178e-01 -4.0043637e-01
 -2.0388785e-01  6.3661325e-01  1.0908589e+00 -9.5361114e-02
 -2.6773562e+00  1.4003017e+00 -9.9415934e-01  1.4324764e+00
  2.6766160e+00  6.6462463e-01 -7.0455569e-01  6.2265319e-01
  7.2456610e-01 -5.2098215e-01  1.8360142e+00 -7.5466797e-02
  1.6981361e+00  6.7271751e-01  2.4518571e+00 -4.5786029e-01
  1.2598936e-02  4.3026289e-01 -6.9491291e-01  4.5240897e-01]