[-0.49453437  0.32024443  0.00834887  2.03761     1.1284189   0.21164776
  2.1877742  -0.30311552 -2.9378424  -0.6206477   1.2865177   1.2047089
 -1.56921    -2.8478935  -0.4420867  -0.1470156  -2.305939    0.33533332
 -1.6793799   1.8385644   0.32451442  3.0543988  -0.7209333   0.15686333
  0.07323669 -1.3353522  -0.13618112  2.6579332  -0.47587335 -2.1680443
  1.2859979   0.23470333 -0.18301557 -0.68298554  3.5637      2.847389
 -2.5387197   0.55144    -2.1866412   0.21284671 -1.805221   -1.4023745
  3.3492577  -2.3128734   1.9797579   1.0778679  -0.1514511  -0.52394223
  0.96309555  1.6016157   1.4585601  -0.40716225  2.1130743   1.2868234
 -0.6577678   2.0938     -0.9926833   0.3330722   1.5713187   1.9740386
  0.82491785  1.3189801   0.3608855  -2.2146533   1.2143788   0.5497444
  0.2583455   1.8239034   0.24667889 -1.5817945   1.2322489  -1.6192232
 -0.04232218  2.2036536  -1.4497366   1.3558412   2.567318   -0.0179011
 -1.1907578  -0.5039446  -1.4622568  -1.1309611  -0.92819667 -1.9321289
  0.31034112  1.9871134  -1.1121123   0.5218289   0.8600645   1.276668
  2.2271745   0.30431667  0.50192887  0.7683633   1.0896589   0.08699332
 -1.1660489  -0.84287107  0.86919     0.63316554  0.6890956  -0.86964893
  2.0946634   1.0982878   0.28690666  0.46622336 -0.32835    -0.6863722
 -2.9422057   3.7821436   1.985739   -1.3972944  -0.5477867   2.2079868
  1.4929578  -2.8124611   0.58018774  0.40268445 -0.22687663  0.00983111
  1.8534366  -2.3075366   0.5888944   3.0831466   1.1728255  -2.36532
 -1.5441978  -0.05905337 -0.65855557 -1.6313645   0.8906344  -0.6266345
  0.05343779  0.7524033  -1.4854723  -1.2024088  -0.32279     0.96279454
  3.4690678  -1.0223255  -0.35333553  1.96561     0.01616445 -3.0984755
  2.3348246  -0.11443892  1.0566602  -1.0115478   2.0760908  -0.66854
 -1.141191   -0.49767786  0.5649011   0.8150766  -0.5586811   0.8066211
  1.7588811   2.4019732   0.69218785  0.34683117  1.489149   -2.60544
 -1.7290589   0.10739667 -0.37460768  1.1249633   1.2264566   3.381688
 -0.57365775  1.4596555   1.0255268   2.3287666  -1.2158712  -0.5971
 -1.3621457  -0.9456689  -0.8332622   0.7239488   0.7738733  -0.3293889
 -2.631099    2.1645188  -1.1042068   2.6124513   3.6822968   0.6603077
 -1.2807288   0.20340669  1.0588777   0.11886774  1.580449    0.47125447
  2.2355454   1.5450311   4.1043034  -0.80728006  0.1300333   0.34121552
 -1.0077678  -0.5624044 ]