[[-5.71785975e-01  1.39749298e+00  2.04325008e-01  7.64308023e-01
   6.72999954e-01  1.02325697e+00  1.16277008e+00  3.21910000e-01
  -1.79351330e+00  1.18122101e+00  1.04497089e+00  1.50341511e+00
  -1.34239588e+00 -3.22643623e+00  3.95032024e-01  4.51486015e-01
  -1.69462986e+00 -1.39255600e+00 -1.08476601e+00  1.41755810e+00
   7.71406937e-01  2.80011292e+00 -9.39713001e-01 -1.08796301e+00
  -6.36800051e-02 -1.86790905e+00  1.10791492e+00  2.69640503e+00
  -1.26112499e+00 -1.06143999e+00  3.01793003e-01 -7.29588985e-01
  -3.68263984e-01 -1.42781007e-01  3.15978889e+00  2.00197716e+00
  -1.44550600e+00  6.77794027e-01 -1.30119495e+00 -3.77014017e-01
  -1.85505123e+00 -1.68791199e+00  1.44680395e+00 -1.32593989e-01
   9.30196953e-01  7.47489071e-01 -8.68662071e-01 -2.75201011e-01
   1.08048611e+00  1.93151021e-01  1.15293808e+00 -6.73488998e-01
   4.25063992e-01  2.00117588e+00 -1.12640600e+00  9.06447029e-01
  -3.08279991e-02  6.17784023e-01  1.29077196e+00  1.60889091e+00
  -4.47961998e-01  9.29567051e-01  8.78921986e-01 -1.55278893e+00
   5.27612019e-01  4.43910331e-02  1.57513022e-01  7.27397013e-01
   1.82840002e-01 -9.49868965e-01  1.82470207e+00 -1.03135900e+00
   1.29344006e+00  1.44882278e+00 -2.61520309e+00  4.69309998e-01
   1.75290813e+00  2.20845985e-01 -1.93928413e+00  2.88544965e-01
  -7.02895021e-01 -1.77730989e-01 -7.17146015e-01 -7.93408966e-01
   3.12897968e-01  3.20630608e+00 -7.71914005e-01  1.11459293e+00
   6.99929047e-01  5.71679020e-01  2.70476007e-01 -1.16082978e-01
   5.78455019e-01 -2.48407960e-01  7.33260036e-02 -1.00112410e+00
  -5.49891043e-01 -1.45824969e-01  1.94347000e-01  1.33764591e+00
   1.08964500e+00 -1.72223301e+00  2.86281586e+00  4.53399837e-02
   4.38915014e-01  8.47397041e-01 -2.93997025e-01  1.90171993e-01
  -2.20935898e+00  2.52816010e+00  1.19550695e+00 -1.66110783e+00
  -1.77112503e+00  9.55047989e-01  1.16802692e+00 -2.55406475e+00
   1.21476583e+00  9.59853935e-01 -2.67965031e-01 -3.87603998e-01
   2.64750404e+00 -3.53151398e+00  1.93017597e+00  7.86851025e-01
  -1.22338495e+00 -2.33390198e+00 -1.89603176e+00 -6.05745029e-01
  -6.42562962e-01 -1.33801804e+00  1.02200308e+00 -8.35004044e-01
   4.92965031e-01  7.02606058e-01 -1.10931005e+00  9.72146988e-01
  -3.49326038e-01  1.04210701e+00  1.42985897e+00  5.93595982e-01
  -6.00600243e-02  7.29585028e-01  4.71870041e-01 -1.57186308e+00
   1.98895702e+00 -1.14465103e+00  9.67698097e-03 -1.58542099e+00
   2.34257698e+00 -6.97374344e-06 -8.04125977e-01 -1.59265394e+00
   1.68309498e+00  4.69130993e-01  6.64703250e-03 -5.01609993e-01
   1.77701111e+00  2.01915016e+00  1.40998707e+00 -3.71917033e-01
   2.01676807e+00 -2.03602905e+00 -5.94655037e-01 -1.21590004e+00
  -3.68745971e-01 -1.73503160e-03  3.38489008e-01  3.35464401e+00
  -5.42034054e-01  6.77572012e-01  7.33264971e-01  6.49060965e-01
  -1.38365803e+00 -7.56627989e-01  3.65890002e-01 -1.03753996e-01
   2.05315018e-01  5.98323011e-01  1.04962406e+00  1.57332003e-01
  -2.90206699e+00  1.33997803e+00 -1.74890041e-01  1.72502098e+00
   3.15718193e+00  8.05927944e-01 -1.64697704e+00  6.18917990e-01
   6.91390991e-01 -1.05183105e+00  1.01196003e+00 -7.08865023e-01
   1.91075096e+00  1.38459015e-01  2.16194496e+00  9.06890094e-02
   9.66578960e-01  9.38230991e-01 -1.73199997e+00 -1.43378997e-01]]