[-0.88365    -0.545475   -0.23163751  0.13245249  1.7957575   0.74313504
  1.0169775   1.3809025  -2.10143     2.5939777  -0.3843825   5.3854175
 -0.83325    -0.9089924  -0.36209995 -1.062605   -1.00682     1.4702551
 -1.5012624   1.5429375   2.657535    0.49894506  1.2519124   0.33969748
 -0.23675498  0.13043499  1.5783248   2.04327     0.82587755 -1.1856074
 -2.6430976  -0.4512575   0.67740256 -0.07702999 -0.62377     0.66289496
 -0.12778246  0.3886825  -0.2663775   0.8605925  -1.4819651  -0.50788254
  1.7359077  -0.04081002  0.5756149  -0.07172251 -0.96131    -1.922995
 -1.214615    2.0411475   1.7040925  -0.72019243  0.02042502  1.78122
 -0.50431746  1.1626376  -1.2985201  -1.27087    -0.484805    1.1874876
 -0.7523225   1.4390174   0.59741    -1.3571749   2.321285    0.38433
 -0.3788825   1.9356024   0.530945   -0.34655756  2.819115   -0.13946003
 -0.27551752  0.68945754  0.9376525   1.90359     2.269615    1.4301524
 -0.66217744  1.2507849   0.11935754 -0.828685   -3.1573424  -1.2386374
  0.29062     3.7268202  -2.41236    -1.184545    2.7832375   1.2933475
  2.265325   -1.6085299  -0.1744775  -1.34177     0.95870495  1.3054849
  0.7944075  -1.6360124   0.79381496  3.8767724   1.43239    -0.7113876
  1.0627326   0.85002255  1.6800225  -0.821615   -1.0733826   0.23782255
 -0.9024675   3.707285    2.2079077  -2.948225   -0.44214487  3.49443
  0.9787425  -1.9867976   2.4277575   0.96529996 -1.193885   -1.3551774
  2.02704    -0.04606001  1.5259324   3.3684301  -1.319495   -4.1471996
 -0.30899    -4.23402     0.397075   -0.674955    0.81935    -1.726525
  0.45522246 -1.88714    -0.84868     0.19891751  1.2609475   0.8403525
  4.8985972   0.8064425   0.6838925  -0.6460925   1.1664025  -3.418775
  2.6089826  -1.166295   -1.074015   -2.0353727   0.20801997 -1.2620449
 -1.417975   -2.5235448   2.0795949   2.38869    -0.9217701  -2.5181124
  2.0171676   1.2176676   3.0161374  -3.6721876   2.1978426  -3.254485
  0.5053426  -1.2119726   1.684375   -0.00935745  1.2206725   3.0386302
 -2.3312175   0.47850263  1.5486326  -0.0446225  -1.7413275  -0.18345499
  0.94902253 -0.28149754 -0.96182996 -1.6160551   4.0753975   1.0253975
 -3.2881274  -0.06042002 -1.651025    1.9966875   1.764795    2.3651226
 -1.6115124   1.063795    0.7237775  -1.1043949   2.5313776  -0.0175975
  1.6736101  -0.03329745  4.4516125  -1.2490026   0.26919505  1.4341425
 -0.24300252 -0.58812505]