[[-0.01942735  0.55914236 -0.04884867  0.88882986  1.40607602  0.60073912
   0.7648397   0.25143955 -1.9906128   0.0474903   0.46691426  1.7781775
  -0.8901394  -2.41656117  0.41070736 -0.09636781 -0.67464677 -0.84085736
  -1.4227469   1.54335719 -0.16408235  2.29919502 -1.00852339 -0.42065483
  -0.30806132 -0.63132649  0.91909998  1.90560573 -0.06104515 -1.27998868
   0.45583721 -1.13122733 -0.20352206  0.00312014  2.00877457  1.90603721
  -1.80289162 -0.07516013 -0.85033589 -0.30350176 -2.09205383 -0.66321515
   1.49502617 -0.7294403   0.77112661  1.16623736 -0.58260853 -0.94793235
   0.35079632  1.22072118  0.86890397  0.64102708  0.31981148  0.94936854
  -0.86562603  0.79739031 -0.64333236  1.08788633  0.55356647  1.47462441
  -0.53322514  1.39967618 -0.05797192 -1.56259488  0.51072676  0.79395676
   0.17430824  0.45659442  0.41571162  0.15851529  1.27340353 -0.68705251
   0.53225721  0.78056192 -1.8875197   0.82005102  0.89055442  0.13967235
  -1.0820216  -0.36298765  0.63676353 -0.69570499 -0.35629471 -1.38923164
   0.60131454  2.01032368 -0.98145397  0.45092601  0.65957986  0.9417575
   0.4678453   0.22096028  0.43732868 -0.15549015 -0.16609205 -0.23015589
  -1.03470385 -0.61427663 -0.60199942  0.50189368  0.5922075  -1.35791867
   2.41988219  0.76307545  0.60361265  0.42419633 -0.23512647  0.01099778
  -0.92851971  1.5087888   0.48230529 -1.256445   -1.16898133  1.16801175
   0.37687472 -1.51714897  0.8258803   0.03051764  0.04197309  0.51789293
   1.3653366  -0.98902898  1.48330427  1.36199734 -0.57530308 -1.34707925
  -0.66592572 -0.05560353  0.25727779 -1.33511514  0.20356661 -1.18163766
  -0.67371837  0.50808631 -0.19503221  0.75136044 -0.53481441  1.0942344
   0.80146309 -0.04389176  0.25488603  1.45952236  0.1474894  -2.01443252
  -0.03774707 -1.36667899  0.46154675 -1.53150602  1.29996426  0.12218309
  -0.53551191 -0.77937793  0.36601808  0.55541367 -0.3567097   0.43402927
   1.01129103  1.44348486  1.81008883 -0.34857455  2.01867222 -1.17101471
  -0.40333117 -0.05057089  0.01681324 -0.31668544  0.1583125   2.7573228
  -0.99007426  0.98252618  0.48621059  1.46534634 -0.65733    -0.5251347
   0.50188883  0.12201249 -0.21321176  1.29903558  0.92078411 -0.16939221
  -2.25346659  1.59835089 -0.34237133  1.34054428  2.58928515  0.09244618
  -0.68514161  1.11492044  0.40832339 -0.21539588  1.36871693  0.19421896
   1.00806633  0.75759617  0.49819498  0.22308765  0.41955015  0.69847631
   0.29041749  0.51985706]]