[[-0.28410535  0.42930538 -1.36416308  0.06564769  1.96765926 -0.06951228
   0.88588309 -0.3623069  -1.02436077  0.04679925  0.0862515   1.24644078
  -1.18855309 -3.22957463 -0.27734997 -1.57813693 -0.00975385 -0.55591917
  -2.05790001  1.05998002 -0.87805615  2.05071923 -1.41908233 -0.58251306
   0.48794077 -1.13560078  1.4163608   2.37163377 -0.49530923 -0.04733923
   1.40923004 -1.11746922 -0.73549231  0.46458001  2.62581542  1.48671154
  -1.74411928  0.07885309 -0.63633     0.49120153 -1.59160846 -0.6023377
   2.07725302  0.20931693  1.27678233  1.31429924 -0.49704229 -1.1077346
   1.20525079  1.85950768  0.49074769  1.31105154 -0.34546925  1.32115308
  -0.65958463  1.63556303 -0.66165312  1.20134003  0.27852537  1.08176842
  -1.3437123   1.78455385  0.35779999 -1.85005693  1.32729005  0.33811153
   0.93126229  0.61981617  0.7674677   0.6151923   1.3181531  -0.39315924
   1.30779923  2.16284767 -1.62046768  0.76410152  1.42368001 -0.12132306
  -2.6403715  -0.20393231  0.78565611 -1.2720154   0.40779612 -0.74397701
   0.89650153  3.37578149 -1.63367152  1.90243693  1.38093773  1.02114695
   0.58041842 -0.17764765  1.15315073 -1.12245155  0.01630771 -0.13803768
  -1.55076234 -0.92821155 -0.89553078  0.20484388  1.48531383 -3.0344915
   2.55777695  1.69773921  2.0173546   0.23998076 -0.77622921  0.5358108
  -1.19319612  0.82613541  0.11202922 -1.45633694 -1.21137923  0.52399075
   0.21669232 -1.80945077  0.66477154 -0.59938007  1.30518768 -0.37667152
   0.51956156 -1.60805772  1.6043469   2.17225153 -1.87374078 -0.82884695
  -1.65920689 -0.72767693  0.47295073 -1.15580078  0.2435777  -1.57735158
  -0.82903385  0.6129946  -0.13316926  0.96596611 -1.37457232  1.61233615
   0.77688006  0.5870577   0.42740921  1.21969388  0.8514646  -1.28810845
   1.06875311 -1.45616303  1.01246846 -3.46822465  1.05846616  0.73493075
  -0.20817228 -1.1221692   1.35318384  1.37268458  0.3886454   0.12960922
   0.27285463  2.80102464  1.20963152 -0.29786459  2.94562688 -0.81910773
  -1.10251768 -1.40050304 -0.53132923 -0.65594     0.40964846  2.99611539
  -1.52561847  0.29324925  0.64883539  1.02779388 -1.22506537 -1.48946388
  -0.15299309 -0.01427926 -0.31636692  1.2064838   1.39955922 -0.53502614
  -2.43121692  1.95532844 -1.14703618  1.83969693  2.55219847  0.48729152
   0.36936846  0.33693385  0.83695001  0.07196075  1.59817378 -0.08150001
   1.48698537  1.4314508   0.60822152  0.48350309  1.1287238   0.50948458
  -0.03016616  0.55741924]]