[-0.18293442  0.7907525  -0.38753593  0.73874277  0.31716648  0.20555964
  0.59317076 -0.17549196 -1.3848045   0.5677786   0.07288819  1.4876544
 -0.7549071  -1.6810886  -0.29861674 -0.04636749 -1.0097448  -0.44952095
 -1.4477663   1.0998253   0.27288422  1.5166194  -0.5619343   0.11337692
 -0.53171015 -0.764955    0.77421206  1.7619373  -0.4102426  -0.79411536
  0.37253448 -0.77817756 -0.46956703 -0.453601    1.7396184   1.0526835
 -1.1690137   0.1803354  -1.3355788  -0.17621237 -1.1142963  -0.5359716
  0.80458045 -0.5538104   0.26078498  0.7173906  -1.1406609  -0.7053729
  0.39775327  0.55130213  0.52557737  0.30300158  0.0603785   0.88302827
 -0.7132795   1.0402278  -0.37290332  0.30210122  0.1427262   1.1682395
 -0.46544454  1.0352081   0.61044604 -0.5587912   0.38453305  0.29058868
  0.28144336  0.38912258  0.73663336  0.04234331  1.2787566  -0.8146186
  0.49423754  0.75714195 -1.3414044   0.91071975  0.7833044   0.4759959
 -0.7536253   0.6258608  -0.44431826 -0.7435594  -0.46108884 -0.9778816
  0.11017828  1.7124734  -0.90262634  0.7198791   0.506616    0.7792209
  0.62834305  0.03076009  0.29810074  0.13929911  0.15168568 -0.56220865
 -0.7303635  -0.5317494  -0.45549735  0.39023697  0.45764798 -1.508835
  1.2906822   1.0103725   0.21395569  0.28664538 -0.02162639 -0.1671134
 -1.1922178   1.4138856   0.37202594 -0.8786078  -1.0375026   0.6163106
  0.35891956 -1.2612262   0.0976904   0.5407285   0.0673076  -0.5060904
  0.93354577 -1.068533    1.2815518   1.4040277  -0.56842154 -1.3820641
 -1.0902417  -0.438251   -0.10579789 -0.5688608   0.9162971  -1.0137143
 -0.9440571   0.77699083 -0.50916654  0.5095868  -0.70245653  0.90617234
  0.37177503  0.7291278  -0.03473378  0.6814003   0.57616556 -1.4330432
  1.5821031  -0.6245954   0.0935738  -1.2504495   0.65792686  0.0669919
  0.31403714 -0.67522734  0.78668404  0.45473784  0.1271421  -0.28255883
  1.1130294   1.0160377   1.2249175  -0.4937025   1.464168   -1.7537898
  0.0271392  -0.44833472  0.15420513  0.31926045  0.04439008  2.305786
 -0.78883743  1.1726713   0.66560155  0.5641945  -1.1292701  -0.56852156
 -0.27181786  0.28490585 -0.36168343  0.44198686  0.9696792  -0.44810522
 -1.9828482   1.0747919  -0.56231284  1.5016075   2.260293    0.09167269
 -0.22026919  0.80062693 -0.16718069 -0.06326538  1.2113804  -0.22365688
  0.74466795  0.40721196  1.166824   -0.02032931  0.3767337   0.4406564
 -0.0351016  -0.19654895]