[[-4.68170945e-01  9.09934956e-01 -3.28371633e-02  7.02835120e-01
   7.86715663e-01  2.62564252e-01  2.05581024e-01 -1.85222678e-01
  -1.30598125e+00  8.83254885e-01  5.55864322e-01  1.11577269e+00
  -9.64707242e-01 -2.24711985e+00 -2.20190153e-01 -4.24764396e-03
  -7.45601021e-01 -3.41444242e-01 -1.38305227e+00  1.14616015e+00
  -2.29144836e-02  1.65048992e+00 -6.74801028e-01  2.83878426e-01
  -6.08028185e-01 -8.81834808e-01  9.48238342e-01  1.64667014e+00
  -2.67836613e-01 -3.97550476e-01  4.85899062e-01 -5.22317002e-01
  -7.41191339e-01  1.53937943e-01  1.51191150e+00  1.33545678e+00
  -5.29217716e-01  1.79126930e-01 -1.24524686e+00  3.65735201e-01
  -1.19935466e+00 -4.64990639e-01  1.33894305e+00 -2.19073620e-01
   6.42902837e-01  6.83078582e-01 -6.50740392e-01 -6.33311887e-01
  -2.75308271e-01  5.95861964e-01  2.95154798e-01  8.14969306e-02
  -1.19740785e-01  1.17845308e+00 -3.07786075e-01  1.04160912e+00
  -3.31345904e-01  7.61451902e-01  2.42838976e-01  1.35758990e+00
  -2.09441023e-01  1.06366637e+00  6.86981340e-01 -5.27294236e-01
   6.34451809e-01  1.80880235e-01  5.82293700e-01  5.99546694e-01
   7.70092292e-01  8.76221140e-03  1.24254040e+00 -1.10091276e+00
   1.00340511e+00  1.13346992e+00 -1.35171829e+00  4.04159854e-01
   7.02413550e-01  7.08246388e-01 -1.23178890e+00 -1.41266891e-02
  -5.93520473e-01 -8.79053062e-01  1.14122751e-01 -9.32971971e-01
   1.15651348e-01  1.79688150e+00 -1.03955243e+00  1.13911740e+00
   9.48367625e-01  5.77696611e-01  1.85577128e-02  5.58928976e-01
   4.54556217e-01 -2.04117320e-01  1.19367004e-01 -6.67862130e-01
  -5.96560952e-01 -4.92597793e-01 -3.42474255e-01  3.96308104e-01
   1.00385576e+00 -1.36870818e+00  1.51294362e+00  1.18122102e+00
   4.77605347e-01  5.77164569e-01  3.64044949e-02  3.93987240e-01
  -7.79718347e-01  1.13201985e+00 -1.78457958e-01 -1.16502000e+00
  -1.02086031e+00  8.53966382e-01  8.22422925e-01 -1.65747680e+00
   2.02708983e-03  5.88259373e-01  9.67062237e-02 -2.47665900e-01
   1.01310314e+00 -1.30696300e+00  1.20070023e+00  1.32853906e+00
  -9.32649754e-01 -1.28378283e+00 -1.09143173e+00 -7.37155353e-01
   1.50493544e-01 -7.18671813e-01  5.89787639e-01 -9.14169282e-01
  -8.36309047e-01  2.76278104e-01 -5.73271118e-01  6.92438883e-01
  -1.03381889e+00  1.39264928e+00  9.35634882e-01  9.00896626e-01
   8.00923574e-02  1.48203678e+00  7.49518270e-01 -1.27534930e+00
   9.07403392e-01 -4.67813547e-01  2.88370631e-01 -1.12992181e+00
   6.39427711e-01 -3.65761574e-01 -2.82739676e-01 -1.16005078e+00
   1.34080213e+00  4.64369759e-01  9.46137002e-02 -1.97969053e-01
   6.18976850e-01  7.48862429e-01  1.18876157e+00 -2.94997083e-01
   1.54929435e+00 -1.55491575e+00 -2.37581724e-01 -5.27987878e-01
   2.71825434e-01  1.27820472e-01  8.56304019e-01  2.70997227e+00
  -5.27410782e-01  5.43386848e-01  9.79260616e-02  6.34784807e-01
  -8.34402908e-01 -1.23634687e+00 -2.06890167e-01 -2.12189522e-01
  -2.28078741e-01  3.83283227e-01  7.39490939e-01  5.76167645e-02
  -2.24103730e+00  1.02570756e+00 -1.04367922e+00  1.01721023e+00
   2.03733795e+00  3.31614094e-01 -1.15840400e-01  6.86111182e-01
   8.46643304e-02  4.77390465e-02  1.30282188e+00 -1.79611021e-01
   8.89873948e-01 -2.89969208e-02  9.42146472e-01  3.41940163e-01
   6.64181973e-02  2.76341878e-01 -9.16397156e-01  4.95530755e-02]]