[-0.49443823  0.5933179  -0.52691084  0.43390176  0.88480085  0.39200774
  0.6036551  -0.13368385 -0.908467    0.4430588   0.51523435  2.1754649
 -1.767719   -2.51375     0.24642487  0.06374821 -0.898815   -0.4915436
 -1.6411483   1.7022635  -0.42274848  2.2495549  -0.62359405  0.23685922
 -0.4651874  -0.99524915  1.5333288   1.7455634  -0.56516576 -1.0835295
  0.6222735  -0.7955502  -0.31636593 -0.311951    2.8550563   1.3712099
 -1.5167582   0.14262387 -1.1824411  -0.25823128 -2.624758   -1.0526344
  1.6007249  -0.6620851   0.62086946  0.7922238  -0.61335516 -0.43117568
  0.2918541   0.8475737   0.14362718 -0.09438152  0.44555384  1.6943656
 -0.8837608   1.3130293  -0.75803715  0.62527996  0.5681892   1.4951257
  0.13740177  1.5728089   0.31525818 -1.1885809   0.3644123   0.7088115
  0.59866774  0.5616029   0.0057243  -0.44070563  1.5338705  -1.299764
  0.8193596   1.1658338  -1.5413623   1.3708237   1.59347     0.27712053
 -1.5064332  -0.30003977 -0.2015579  -1.1392294  -0.20422688 -0.9507437
  0.6298971   2.5720928  -0.8907527   1.4381815   1.2247775   0.83194584
  0.9477429   0.4718698   0.5700636   0.0535223  -0.0550569  -0.3063915
 -0.63444877 -0.9376386  -0.39739123  1.298274    0.84850293 -2.1630974
  2.833672    0.91486865  0.43289307  0.42738512 -0.31372163  0.36182305
 -1.7883579   1.5410402   0.591432   -1.433723   -1.1004156   1.256665
  0.7469241  -1.5496386   0.4691017   1.2755133   0.74587345  0.79871875
  1.6136951  -1.5729477   1.8068302   1.0590178  -0.5927436  -1.4757055
 -1.453986   -0.31246433 -0.28760618 -0.67500585  0.36545178 -1.1153853
 -0.7970387   0.7027628   0.04513638  0.55528307 -0.6479308   1.0774632
  0.57999754 -0.5634259  -0.16299284  1.2828995   0.85392827 -0.93135303
  0.598421   -0.8150749   0.7214373  -2.005387    1.3258573   0.2717987
 -0.05534897 -1.037895    0.43881026  0.71538174 -0.54580384  0.06517307
  1.4217114   1.9787335   1.6000439  -0.6028969   2.2043128  -1.8400184
 -0.7983228  -0.74671996 -0.0310018  -0.0191641   0.21840203  3.2718785
 -1.4576732   0.57556874  0.66088873  1.7409916  -1.1586107  -1.3206757
  0.41732466 -0.79741454 -0.6470443   0.7335166   0.7394057   0.24503975
 -2.6012404   1.705933   -0.5403242   2.0872285   3.4782457   0.4846067
 -1.1461254   0.40503612  0.37389383 -0.20013641  1.0898608  -0.5279825
  1.5722259   1.0244268   1.4645929   0.1960026   0.45570153  1.0201988
 -0.4652359   0.31065643]