[[-0.45610323  0.64599063 -0.45088071  0.80891312  1.13282177  0.16602851
   0.59828932  0.33095174 -1.5441348   0.44718629  0.51350297  2.04377247
  -0.95347981 -2.2699256   0.1998322   0.05087008 -0.49774159 -0.14918011
  -1.48894119  1.47910305  0.25915561  2.19690931 -1.0542017  -0.10598198
  -0.88057394 -0.60476638  0.39569451  2.39645893 -0.27420104 -0.79391849
   0.400366   -0.89312571 -0.24927081 -0.08825322  2.08183041  1.25292087
  -1.30192117  0.42280111 -1.88882994  0.60432218 -1.6322906  -0.79602632
   1.16371495 -0.78569471  1.08724213  0.78624514 -0.46752485 -0.55263778
   0.06648153  0.75611851  0.96227437  0.36177539 -0.33144278  1.03428274
  -0.90524435  1.62449526 -0.45209848  0.49034887  0.62411947  1.59577188
   0.17795313  1.00987992  0.5939997  -1.51436194  0.8602836   0.73596615
   0.04839007  1.10791331  0.42808639 -0.02661495  1.04854854 -0.72514162
   0.81170064  1.52229386 -1.52052928  0.88531568  0.9676302   0.70997514
  -1.33289945 -0.5553737  -0.36312162 -0.68452517 -0.60097706 -1.14253582
   0.264444    1.95351203 -1.15561183  0.65238715  0.57412693  0.66432065
   1.02508447  0.7700256   0.68884153  0.10926648  0.35481929  0.06841541
  -0.53549821 -0.4393326   0.1374119   0.57733618  0.6321108  -1.54219639
   1.95828834  0.8710267   0.62967954  0.5130701  -0.85059551  0.2432636
  -1.61818454  1.96899648  0.54221038 -1.46295622 -1.56512535  1.07670089
   0.84229564 -2.05369365  0.67914863  0.53677893 -0.13237048  0.14508249
   1.17677396 -1.579579    1.439877    1.55857586 -0.80153766 -2.0133223
  -1.30161536 -0.06282523 -0.23706456 -1.26172244  0.38599732 -0.40306496
  -0.63700516  0.3440625  -0.37033388  0.18112359 -0.58243158  0.93514788
   1.22425585 -0.23044407  0.42507847  1.35333311  0.70520822 -1.8481593
   1.18422045 -0.326918    0.6519345  -1.59318616  0.92497696  0.36365975
  -0.15387698 -0.8361402   1.02473934  0.95890883  0.31695584  0.27024407
   1.32337649  1.49394461  1.13063414 -0.31343421  1.84321404 -1.79397729
  -0.52689207 -0.63178469  0.17714848  0.46300782  0.130342    2.85804576
  -0.7772954   0.53129648  0.53153768  1.13998216 -0.78975915 -1.35142286
   0.39075247 -0.2183601  -0.84897798  1.25581473  1.64695683  0.47171705
  -2.29186945  1.37768866 -0.88734878  1.84686214  2.56054117  0.64757753
  -0.73520247  0.86071514  0.50629264 -0.33700039  1.01305013  0.12451779
   1.37070789  0.71899733  1.49483703 -0.12774706  0.46058381  0.59027552
  -0.49324132  0.14682277]]