[[-2.60519324e-01  5.61975310e-01 -6.23907542e-02  6.35280254e-01
   8.10316206e-01  4.06013536e-01  5.33028820e-01 -1.96515954e-02
  -9.80073285e-01  3.18788902e-01  4.93083780e-01  1.13666319e+00
  -6.49576899e-01 -1.63119755e+00  2.21547150e-02  4.70694049e-02
  -6.69664358e-01 -3.10498319e-01 -1.20189890e+00  9.24594384e-01
   1.12417392e-01  1.54859580e+00 -5.60936306e-01  1.03608578e-01
  -3.92362776e-01 -6.88105879e-01  3.90245963e-01  1.54108908e+00
  -2.59113529e-01 -7.09229334e-01  3.47077979e-01 -2.86841933e-01
  -2.56725203e-01 -1.02504703e-01  1.62577521e+00  1.05334446e+00
  -7.71562271e-01  3.45804707e-01 -8.81925790e-01  2.80187309e-01
  -1.19840513e+00 -6.37417902e-01  1.10621965e+00 -3.87443450e-01
   7.26604616e-01  8.46693623e-01 -5.22261680e-01 -4.15328153e-01
   2.95490497e-01  5.89236802e-01  5.80213523e-01  1.61683447e-01
   2.94823614e-01  6.67859584e-01 -5.12694456e-01  8.98321599e-01
  -1.01056729e-01  3.06096307e-01  3.46271430e-01  1.26060068e+00
  -2.20747564e-01  5.06459752e-01  3.72582947e-01 -6.90714789e-01
   3.54220258e-01  4.13233532e-01  2.84477142e-01  6.53557403e-01
   5.23119156e-01 -3.11088572e-01  1.02679092e+00 -8.24848408e-01
   6.04919578e-01  8.34769741e-01 -1.17773506e+00  6.30800254e-01
   9.97429576e-01  5.47168499e-01 -9.97184960e-01 -5.35260276e-03
  -1.59270085e-01 -5.64328819e-01 -1.41213869e-01 -1.04586680e+00
   4.65532093e-01  1.36462966e+00 -5.33636466e-01  5.99126799e-01
   7.54419084e-01  7.44673527e-01  4.20875291e-01  2.64179580e-01
   4.37566798e-01 -1.53780655e-02  3.41992367e-02 -3.89505045e-01
  -8.42538320e-01 -4.37017817e-01 -3.04656304e-02  5.43642691e-01
   4.61871176e-01 -1.17502169e+00  1.53024580e+00  6.07551680e-01
   1.33345382e-01  4.86448497e-01 -7.44314290e-02 -2.41423530e-02
  -1.33324068e+00  1.46839059e+00  3.66846300e-01 -9.93086142e-01
  -8.27592020e-01  6.66150249e-01  5.35144796e-01 -1.22968991e+00
   2.89671428e-01  4.03026721e-01  1.51780085e-01 -8.27044501e-02
   8.79124465e-01 -9.22698410e-01  1.18276127e+00  1.08529807e+00
  -3.14026895e-01 -1.32609007e+00 -9.91027474e-01 -3.04675298e-01
  -3.25696044e-01 -8.24191351e-01  3.72052191e-01 -8.41648312e-01
  -4.94051843e-01  4.92702691e-01 -2.30215969e-01  9.46866339e-02
  -5.26069326e-01  7.22401683e-01  6.47586798e-01  1.35144281e-01
  -1.42653616e-01  8.44914202e-01  4.05265210e-01 -1.02929799e+00
   1.13213656e+00 -4.25790177e-01  1.21224287e-01 -1.13988218e+00
   8.58839919e-01 -2.42852524e-01  2.82380670e-02 -1.40160833e-01
   4.58713031e-01  5.55499497e-01 -1.23412348e-01  1.25051122e-03
   1.01218865e+00  1.23037824e+00  7.29569741e-01 -2.27999242e-01
   1.38181083e+00 -1.38206706e+00 -3.60411426e-01 -3.89027065e-01
  -1.34040423e-01  1.26779580e-01  1.81081935e-01  2.02562510e+00
  -7.90844373e-01  6.66007059e-01  4.54507402e-01  7.29053776e-01
  -8.84802614e-01 -5.73496217e-01 -1.15814966e-01 -9.56816796e-02
  -1.85011740e-02  6.87403792e-01  5.70609333e-01 -1.66859664e-01
  -1.64444286e+00  8.15541767e-01 -4.11823365e-01  9.35602775e-01
   1.96451108e+00  2.85351345e-01 -4.67131855e-01  4.38317655e-01
   4.09740389e-02 -3.85567144e-01  1.15123707e+00 -2.39272522e-01
   1.23668883e+00  5.75430080e-01  1.19566579e+00  1.30096635e-02
   4.01985886e-01  3.01746294e-01 -5.15910327e-01 -2.09406559e-01]]