[[-0.24048954  0.69369224 -0.03085986  0.24535098  0.5659065   0.13387033
   0.31992151 -0.09670099 -0.93282916  0.33268342  0.36293533  1.06585914
  -0.57139263 -1.29030007 -0.08652658 -0.0624625  -0.5850731  -0.34417382
  -0.83783585  0.72906914  0.09950381  1.01391861 -0.40078454  0.09129724
  -0.45130658 -0.48914144  0.45214776  1.11883191 -0.4644471  -0.26205572
   0.0197694  -0.23115842 -0.29655546 -0.11669145  1.05817592  0.61681058
  -0.56598408  0.17710612 -0.96196493  0.03819738 -0.98174895 -0.49305619
   0.85228224 -0.23979329  0.26405974  0.54903764 -0.6312719  -0.55428566
   0.1981623   0.34217546  0.44730954  0.19680572  0.11183276  0.51048533
  -0.4376806   0.34068183 -0.13565184  0.18495401  0.27271578  1.01352257
  -0.12794152  0.69943486  0.43672947 -0.64489632  0.41605427  0.22714875
   0.21763474  0.22599027  0.42758855 -0.10008763  0.68088453 -0.66253717
   0.50281125  0.51002671 -0.88987092  0.43752921  0.67645934  0.50194553
  -0.66707599  0.22315217 -0.2767254  -0.37879303 -0.25550901 -0.54900526
   0.27046342  1.26799625 -0.91896954  0.53779349  0.29343664  0.51064553
   0.13063829  0.1581921   0.22832499  0.0578473   0.08741474 -0.41139783
  -0.25058612 -0.63695316 -0.34145934  0.53454079  0.56156033 -0.88028112
   1.01235704  0.54873006  0.19375645  0.21773204 -0.00313921  0.02447645
  -0.75319446  1.08908447  0.14603605 -0.88407777 -0.52181435  0.49991776
   0.33753895 -0.96895703 -0.06067921  0.39718961 -0.11221822 -0.01423934
   0.50228796 -0.69510435  1.00123389  0.71927276 -0.26256329 -0.94726678
  -0.63214059 -0.18157204 -0.20801435 -0.50268691  0.55479138 -0.91258546
  -0.37736329  0.32186007 -0.23873757  0.50141651 -0.2519146   0.56209059
   0.4500906   0.59867071 -0.21302434  0.69474073  0.56220032 -0.71636224
   1.0971752  -0.34100744  0.05041901 -0.92348671  0.56515705 -0.10473796
   0.13383592 -0.51469532  0.4285927   0.36322026  0.02384796 -0.13844401
   0.65705704  0.68173611  0.75202685 -0.17290421  0.85709507 -1.16138143
  -0.13345881 -0.25508829  0.22041651  0.05719907  0.26471356  1.55467381
  -0.36606428  0.64780501  0.27567684  0.4193002  -0.39786283 -0.60157264
  -0.08925007 -0.23608329 -0.09936257  0.15708802  0.70374336 -0.11694815
  -1.23527499  0.53714533 -0.3772823   0.79079789  1.44599091  0.15379698
  -0.19315421  0.52846309  0.03644704 -0.2123523   0.68259401 -0.00992204
   0.66183672  0.10931289  1.03083486 -0.11529277  0.18690388  0.24607796
  -0.27324862  0.01690809]]