[-0.09719859  0.42933998 -0.69010633  0.2737814   2.0210664   0.41956708
  1.5381385  -0.621865   -2.0889037   0.81600934  0.48269075  2.1071792
 -1.3444287  -3.1149178   0.11755072  0.6629035  -1.2444848  -0.13601778
 -2.3498323   1.6222608   0.37253433  2.8170447  -1.5234821   0.72253567
 -0.60855424 -0.7017521   2.0407937   3.1541142  -1.5775621  -1.2981806
  1.043725   -1.0380871  -0.45080927  0.82997423  3.284682    1.9706192
 -1.491663    0.25913003 -1.4637557   0.95746565 -3.1149418  -0.8463585
  2.750358   -0.50900143  0.2763536   1.2083422  -1.1928328  -0.65218925
 -0.04456358  1.487372    0.7675987   0.3909014   0.2995307   2.554512
 -0.9575186   1.5293163  -0.01695291 -0.09288498  1.3391435   2.2676713
 -0.28865215  0.6130949   1.2223736  -1.6215495   1.0675229   0.6680071
  0.9889364   1.0990207   0.00903713 -0.59622717  0.636705   -2.4447157
  1.0816271   1.4921249  -2.3331788   0.84119207  2.202188    0.06374285
 -1.7158873  -1.29772     0.2004507  -1.104815   -0.2150314  -1.1221064
  0.1558764   2.1266015  -0.6135678   1.018955    0.8117771   0.6682715
  0.428575    0.91173136  0.58952993 -0.1861657   0.7123193  -0.07379073
 -1.0370729  -0.73814     0.6546736   1.284635    0.29842424 -2.8358858
  2.817665    0.39514643  1.3334779   1.3957721  -1.1049249   0.5089928
 -1.9995686   2.1762187   0.8161244  -0.9699829  -1.3807379   0.7579471
  0.7697771  -1.5747306   0.43211144  0.8138407   0.77964795  0.29812786
  1.6976023  -2.314033    2.136653    1.8969965  -1.5073557  -1.3798393
 -1.9329536  -1.2113057  -0.60774714 -1.4353378   0.71956855 -1.9626579
 -0.29863784  1.0616186   0.12149574  0.22884782 -1.5228688   0.4225457
  1.2170743   0.06115713  0.4149178   1.5659363   0.8215242  -1.4439722
  1.0223873  -1.1119987   1.1284721  -3.3863733   1.3837851   0.12386928
 -0.84987146 -2.3580823   0.66786927  0.19610429 -0.2195972   0.67926294
  1.501985    2.3100705   1.8190771  -0.18333283  3.6659591  -2.4066463
 -0.39535642 -0.9781757   0.03547502  0.03136218  0.2550914   3.3778267
 -1.3125514   0.18052074  0.22959498  2.509077   -1.0813649  -1.649792
  0.5077122   0.02534    -0.07484572  1.5501622   0.7672593  -0.47768572
 -3.4669013   1.7574893  -0.7265864   1.6397392   3.8760045   0.6107443
 -1.021625    0.7856886   0.9736728  -0.59622496  1.1529493  -0.60823286
  1.4913727   1.1905693   1.5929037   0.66500425  0.31597498 -0.59981555
 -0.59503925  0.69987714]