[-4.5024666e-01  5.5428779e-01 -8.8011330e-01  4.4203445e-01
  1.4078565e+00 -3.5273321e-02  6.3620114e-01 -4.9315894e-01
 -2.1321568e+00  6.8020451e-01  1.1568177e+00  2.1523232e+00
 -6.5755105e-01 -2.6583502e+00 -3.0194998e-01 -3.3277002e-01
 -1.4410256e+00 -6.5549219e-01 -1.4821845e+00  9.0725106e-01
  3.6840105e-01  3.1493967e+00 -7.7886450e-01  4.6404001e-01
 -1.0161045e+00 -8.5254002e-01  1.2954834e+00  2.7813654e+00
 -4.8261774e-01 -1.1155221e+00 -6.2385544e-02 -7.8342116e-01
 -1.0635512e+00  3.7814340e-01  3.7163675e+00  2.2854047e+00
 -1.9160835e+00  1.2348278e+00 -1.3444858e+00  1.2649699e+00
 -2.4820511e+00 -1.0384579e+00  3.0549498e+00 -3.4398222e-01
  9.7947109e-01  1.0937067e+00 -2.9684329e-01 -5.8473998e-01
  2.8262001e-01  1.2680178e+00  8.9210880e-01  6.4846009e-01
  9.1568880e-02  1.4183778e+00 -1.0930800e+00  1.4925020e+00
 -5.3565776e-01  7.5172448e-01  1.2833822e+00  2.1421621e+00
 -6.7261666e-01  7.6184779e-01  2.1798234e+00 -9.8432773e-01
  1.6315145e+00  8.5535556e-01  5.6652665e-01  7.0138001e-01
  4.1963223e-01  4.6244461e-02  7.9953545e-01 -1.8732190e+00
  4.1031110e-01  2.2634211e+00 -2.4539366e+00  1.0227332e+00
  1.9087410e+00  3.2419661e-01 -2.7914546e+00 -3.6575553e-01
  3.3284223e-01 -6.4444232e-01  2.2461218e-01 -1.0243878e+00
  5.8585334e-01  2.9269044e+00 -1.8111844e+00  1.0329289e+00
  1.0208856e+00  6.3372338e-01  1.2921968e+00  1.8679887e-01
  3.1929660e-01 -2.4294445e-01 -4.8261099e-02 -1.0234411e+00
 -1.4195800e+00 -1.0263057e+00  9.3314491e-02  1.7268334e-01
  7.2599447e-01 -2.3880711e+00  3.3991678e+00  1.2867622e+00
  1.2922434e+00  1.0260789e+00 -7.6990777e-01  5.2464448e-02
 -2.6174901e+00  2.4650068e+00  6.4409894e-01 -1.1021544e+00
 -1.3981680e+00  1.0240356e+00  3.6650217e-01 -2.6585889e+00
  5.4799223e-01 -1.9102450e-01  2.9715109e-01 -7.9597443e-01
  1.1561311e+00 -1.6341079e+00  1.4751565e+00  1.9510111e+00
 -8.0945224e-01 -1.8377310e+00 -1.5014999e+00 -8.1963325e-01
  5.1114219e-01 -1.4519701e+00  2.2238332e-01 -2.0790944e+00
 -6.3218778e-01  7.1787560e-01 -4.4012558e-01  2.3554558e-01
 -1.3442245e+00  1.0108179e+00  1.6744611e+00 -1.9680335e-01
  3.3624437e-02  1.6982210e+00  1.1414266e+00 -1.9854957e+00
  9.7073871e-01 -6.6571778e-01  5.8074784e-01 -2.8844099e+00
  7.8496116e-01  5.9166443e-01  3.5001004e-01 -1.6965110e+00
  1.0839067e+00  3.5188992e-03 -4.7105223e-01  6.8367225e-01
  1.4105690e+00  2.3177156e+00  1.1396722e+00  3.7242779e-01
  2.8964734e+00 -2.6552176e+00 -7.8381562e-01 -9.8433560e-01
 -8.0159110e-01  8.3444554e-01  5.8531106e-01  2.9809496e+00
 -1.3026844e+00  4.6439779e-01  1.4512178e+00  6.1506230e-01
 -1.2584523e+00 -2.4203598e+00  2.4267554e-01 -5.4331332e-01
 -8.3167106e-01  1.2616724e+00  1.3790421e+00 -5.2774781e-01
 -2.9584379e+00  2.6157100e+00 -1.1763022e+00  1.3294244e+00
  2.8319864e+00  3.7241778e-01  7.5787997e-01  5.4036885e-01
  1.6017532e+00  5.0111336e-01  1.6836200e+00 -5.7692665e-01
  2.2634335e+00  9.1621661e-01  1.3702934e+00 -3.6971092e-02
  4.1167668e-01 -3.5510886e-01 -1.3078744e+00  2.2762558e-01]