[-0.596194    0.43052664  0.25565758  0.2976038   0.8434017   0.04943221
  1.1139354  -0.01240822 -1.9762018   0.28144833  0.77534205  1.7617809
 -1.0391383  -2.7760267   0.46502078 -0.16933024 -1.051085   -0.34065843
 -1.1531186   1.3178334   0.14206862  2.2131438  -0.8790455  -0.4410022
 -0.3641362  -0.6858543   1.5570722   2.3769004  -0.29418522 -1.0197976
  0.1276696  -0.5686916  -1.4344358  -0.03853798  3.244219    1.9084065
 -1.401911    0.48143426 -1.206676   -0.0804344  -2.9717963  -0.59043956
  1.5333022  -0.8964558   0.9379466   1.1997943  -0.4881496  -0.53742576
  0.20413998  1.449198    0.55191064  0.03466938  0.7425222   1.7428731
 -0.50542617  1.6475182  -0.66910195  0.5598526   0.91332763  1.8532994
 -0.8021994   0.75873303  0.51441836 -1.4305836   0.9211638   0.4609114
 -0.0890692   0.75194085  0.566774   -0.2802292   1.3654474  -0.8205896
  0.8480844   1.1947205  -1.5053366   0.6056334   1.0254785   0.36186585
 -1.313917   -0.6053675   0.734971   -1.008415   -0.32728264 -1.4880824
  0.29436156  2.5637689  -0.8003763   0.8388489   0.92799026  0.8009128
  0.6299438   0.61523116  0.1128252  -0.856978    0.6433088  -0.28038982
 -0.5491458  -0.74013114 -0.6620513   0.94226944  1.3071856  -1.9374286
  2.5495749   0.6365923   0.97663635  0.7816627  -0.6967038   0.02300998
 -1.1007293   1.7013884   0.40315282 -1.4147726  -1.0086657   0.294971
  0.75746155 -2.078746    0.13152118  0.293903   -0.01713502 -0.26018217
  2.240686   -1.3103031   1.7424883   1.3479217  -0.81880045 -1.026032
 -1.2921512  -0.5979292  -0.2500244  -1.506285    0.31900504 -2.0317042
 -0.8844672   0.19895601  0.06838302  0.5890384  -0.72180676  0.5549013
  1.5327109   0.25174886  0.13287197  1.4673395   0.80957466 -1.022908
  0.95044404 -1.2454739   0.0384382  -2.059812    1.0826834  -0.6958172
 -0.563217   -1.3508346   1.0794109   0.7968221  -0.28943637  0.05505221
  1.0429629   1.909574    1.4144272  -0.3016687   2.3024836  -1.5584729
 -0.19985503 -1.0488722   0.20795579  0.0871224   0.45613468  3.0236883
 -0.8867657   0.870921    0.49780044  1.6558124  -0.5269656  -1.5393817
 -0.03604923 -0.2615716   0.010238    0.44219875  1.124213    0.23247139
 -2.5787323   1.324001   -0.46107852  1.9030337   2.9829135   0.6287432
 -1.1161711   0.667919    0.20224178 -1.0893071   1.296049    0.21182358
  1.3773901   1.0768474   1.3503374   0.2180096   0.80962366  0.693783
 -0.9312826   0.40730068]