[-0.54053557  0.5159255  -0.15562555  0.42564437  1.5909933   0.48230997
  0.70849556  1.6302533  -1.6336056   0.57487553 -0.60687435  1.1145633
 -0.71965337 -3.125557   -0.18088661 -1.2846446  -0.42464337  0.2214467
 -2.6888323   2.7368276   0.15476775  2.027888   -0.9907979   0.24478221
 -1.2156733  -0.6223377   0.6372967   3.0489202  -0.20792553 -1.8191812
  0.7372978   0.12490884 -1.86554     0.4341      2.0566854   0.03099775
 -2.7036533   0.96271443 -2.3275611  -0.8271867  -2.4138703  -1.2487278
  1.2270554  -0.98388875  1.2138354   1.5856545  -2.4493647  -0.929929
 -0.02358884  1.5610833   1.4319456  -0.20223002 -0.18273109  2.2020788
 -0.8223577   1.7924012   1.5202355   0.60518     1.7605901   1.047861
 -1.2062522   1.4622421   0.03649116 -1.9471422  -0.9155123   0.41659558
  0.04947449  0.07106336  0.36229444  0.12342779  2.461247   -0.26807556
  0.7622111   2.0934577  -1.8561823   1.2154078   0.9423866   0.7038611
  0.00665557 -0.16919115  0.6942122  -0.72010326 -0.87805104 -2.8401194
  0.29643336  1.3351467  -1.4857246   0.7314979   0.37323222  0.01127109
  1.2588954   0.56664     0.8885344  -1.0123955  -0.23679    -1.11827
 -1.7311635  -1.0202689   0.98289     1.5396667   2.1565056  -1.9689465
  2.571159    1.8372244   0.7406456   0.86725336 -0.01770327  0.03911
 -1.4319211   0.7603255   0.18180442 -2.5426931  -1.7211444   0.61449337
 -0.71212554 -1.8909321  -0.25124997 -0.18979771  0.5213244  -0.7296389
  1.5816779  -0.9549889   1.5071455   2.0791779  -1.9838134  -2.0148997
 -1.53027    -0.17859332  0.7357633  -0.9819566   0.0777367  -0.6438589
 -3.123828    1.22808    -0.4522144  -0.47085777 -1.1732144   2.1247444
  2.0657034  -0.21700999  0.39877224  1.0404488   1.0993311  -2.489929
  0.7134544   0.00401998  1.1346421  -2.1712246  -0.17478222 -0.45368895
 -1.1887534  -1.9099388   0.48591226  1.8577766  -0.35873446  0.37010893
  2.3069978   1.2205688   2.1596668  -1.5015079   2.7673733  -2.146929
 -0.12386555  0.44212002  0.25997776  0.57731223 -0.5594844   3.1520288
 -1.2751123   1.7760032   0.73289555  1.33949    -0.28334337 -0.9511867
  1.2343078  -0.65211225 -0.20904446  1.9457334   2.4331677  -0.3114678
 -2.0637956   1.0836889  -0.40116328  2.6935377   3.387351    1.3252445
 -0.44074553  0.98151326 -0.69241554 -0.06537667  2.6427467  -0.8647289
  1.7466676   2.6632335   2.1870878  -0.4339822   0.46466774  2.0158556
 -0.9488366   0.35429674]