[[-3.46758915e-01  3.40787394e-01 -1.85042061e-01  9.13966571e-01
   6.75041094e-01  1.24512050e-01  7.03898215e-01  3.73708156e-02
  -1.11799043e+00  4.59702882e-01  4.08771368e-01  1.37586234e+00
  -9.89737810e-01 -1.79133753e+00  3.58104131e-02 -2.41131919e-01
  -7.11371353e-01 -4.52694397e-01 -1.36440204e+00  9.30543837e-01
  -3.01569455e-01  1.67949029e+00 -8.37569999e-01 -2.73692876e-01
  -2.93154652e-01 -8.32472611e-01  1.01427685e+00  1.89118712e+00
  -5.28804062e-02 -7.97756441e-01  3.21287938e-01 -4.39495490e-01
  -2.55331927e-01 -1.07186577e-01  1.81259234e+00  1.14708753e+00
  -1.12961781e+00  3.12121770e-01 -9.79545488e-01  2.13204522e-01
  -1.36433576e+00 -7.65994520e-01  1.21060932e+00 -4.71272739e-01
   6.34780005e-01  9.33657522e-01 -5.53970001e-01 -4.58592884e-01
   9.30632931e-02  8.36291506e-01  5.25516578e-01  4.58702068e-01
  -1.60015473e-01  1.35264231e+00 -9.04554386e-01  1.18445096e+00
  -2.44424349e-03  5.27068903e-01  4.19483691e-01  1.08646631e+00
  -2.13396987e-01  1.12771547e+00  3.84938221e-01 -1.17866246e+00
   6.88964112e-01  4.51741100e-01  4.07487667e-01  8.31580276e-01
   4.79091917e-01  2.21496994e-01  6.54461236e-01 -6.72389734e-01
   8.05705482e-01  1.07331888e+00 -9.39975629e-01  8.19591505e-01
   9.55606846e-01  2.82937396e-01 -1.08223891e+00 -3.21614384e-01
  -1.96730553e-01 -7.86773842e-01 -5.49679458e-02 -1.06655562e+00
   1.45619025e-01  1.99467368e+00 -9.74382175e-01  9.24971503e-01
   1.61403005e-01  5.96785894e-01  9.90738635e-01  6.84286315e-01
   4.75347523e-01  2.22716028e-01  7.51233080e-03 -1.85738486e-01
  -5.54404786e-01 -7.39052073e-01 -6.07605889e-01  8.45143294e-01
   5.54562746e-01 -1.44953273e+00  1.91013219e+00  9.67908487e-01
   4.80201372e-01  7.17699743e-01 -3.38652602e-01  5.59746505e-02
  -1.42624097e+00  1.36269149e+00  2.21855611e-01 -9.46713289e-01
  -8.39858912e-01  9.40956297e-01  4.57746990e-01 -1.56776151e+00
  -5.07178086e-03  2.42069855e-01  1.58846585e-02  8.24172638e-02
   1.01353164e+00 -9.50161098e-01  1.29017109e+00  1.34381426e+00
  -1.05163807e+00 -1.50328193e+00 -1.14286560e+00 -6.03724657e-01
   3.75280868e-02 -4.55137530e-01  2.77948768e-01 -9.65104803e-01
  -6.57276713e-01  2.79362609e-01  7.20904029e-02  6.50466433e-01
  -7.87390969e-01  1.19413644e+00  1.43406479e+00 -8.77543789e-02
   1.74855203e-01  1.20695685e+00  7.56715614e-01 -1.49459794e+00
   1.04127041e+00 -3.93741502e-01  3.76266844e-01 -1.50687467e+00
   1.29230985e+00 -8.48379520e-02  1.19516989e-01 -8.72950677e-01
   5.56661094e-01  6.43886025e-01 -1.81827394e-01  5.69667169e-02
   9.29954790e-01  1.49305878e+00  9.21835471e-01 -1.91775060e-01
   1.73104629e+00 -1.39185357e+00 -4.75362880e-01 -5.73638216e-01
   3.40145186e-02 -5.19506441e-03  2.17534932e-01  2.44194065e+00
  -8.78611098e-01  4.30229995e-01  2.92609455e-01  9.67236864e-01
  -7.82764397e-01 -9.64254812e-01  4.40453565e-01  7.03268455e-02
  -3.12233292e-01  8.08340425e-01  1.03185299e+00 -7.80016304e-02
  -1.58152466e+00  1.45506479e+00 -6.42513966e-01  1.09210234e+00
   2.51703150e+00  5.00859592e-01 -8.61156178e-02  8.04912054e-01
   1.02927823e-01 -3.85573415e-01  1.28697712e+00  2.27035194e-01
   1.05529836e+00  5.54447392e-01  1.05890821e+00 -3.44962750e-01
   3.52827940e-01  5.60930013e-01 -1.34870817e-01 -7.37115015e-02]]