[[-0.11919084  0.01819499  0.15989277  0.59304113  0.30416554 -0.03650195
   0.33585694 -0.05019472 -0.77187918  0.2326797   0.15175917  0.50759808
  -0.15940806 -1.19193333  0.19336945  0.23912918 -0.39131249  0.22794139
  -0.58576527  0.514605   -0.06749863  0.5613889  -0.35174389  0.0658764
  -0.44101221 -0.5141261   0.00518195  0.57315361  0.20773304 -0.34135224
   0.1749736  -0.10693694 -0.28732805  0.1214289   1.3470228   0.41909472
  -0.35771498  0.17543    -0.23305446  0.36377942 -0.50677641 -0.33637222
   0.51774279 -0.38477471  0.24021972  0.23156417 -0.22211278  0.02414417
  -0.47227111  0.41823083  0.20700389  0.29532002 -0.17469667  0.7224775
  -0.26492611  0.74364804 -0.10162583  0.36271582  0.47980723  0.58543778
  -0.17113416  0.48942112  0.1435289  -0.43901748  0.06180416  0.3125875
   0.01923195  0.34747666  0.57640363 -0.12523139  0.45365113 -0.45579222
   0.58988362  0.76156832 -0.7690511   0.50612222  0.30257387  0.19238748
  -0.21950832 -0.29624138 -0.13900612 -0.09938583  0.02850138 -0.43931416
   0.24215999  0.55250637 -0.15256945  0.39865721  0.21924889  0.08512583
   0.28549834  0.71349611 -0.15664193 -0.20332777  0.05586556 -0.30889695
  -0.01109696 -0.07051778  0.1235211  -0.03895083  0.61011392 -0.49875387
   0.43489084  0.47867723  0.15410501  0.02178    -0.03526444 -0.08416166
  -0.44176251  0.62211886  0.02935527 -0.3092486  -0.3347275   0.10721304
   0.23425055 -0.73657725  0.20854167  0.26607945 -0.33410445  0.24466778
   0.37474331 -0.79323971  0.51884303  0.6938875   0.01796083 -0.52249305
  -0.5441811  -0.08445723 -0.22623585 -0.63230195  0.17278138 -0.55374474
  -0.39353862  0.18122725 -0.32963862 -0.02121474 -0.21404612  0.10731111
   0.76324109 -0.54684639  0.08019556  0.49409248  0.11504473 -0.82696751
   0.6433186  -0.27316501 -0.01994111 -0.50385113  0.55782361  0.05484361
  -0.17941029 -0.28946722  0.40090222  0.06774471  0.19840056  0.35273556
   0.62796697  0.95318472  0.49986276 -0.18728361  0.79544636 -0.85141137
  -0.34841223  0.04061889  0.07878388  0.16950028  0.29717362  1.03744776
  -0.29008332  0.17303944  0.28236389  0.35304472 -0.33800389 -0.33764139
   0.27976527 -0.13400583 -0.00373445  0.32081387  0.43431056 -0.03275001
  -0.76205835  0.11496222 -0.37457612  0.68955198  0.93118946  0.11076861
  -0.08604888  0.37797444  0.50852362 -0.06176056  0.38035556  0.03387361
   0.41348806  0.45566499  0.44306468 -0.07992528  0.00899361  0.22773444
  -0.09114306  0.1712475 ]]