[-1.44796714e-01  7.66737521e-01  1.04469843e-01  6.73581779e-01
  9.20219719e-01  2.80288160e-01  7.72356570e-01 -4.30393726e-01
 -1.54563594e+00  2.84028471e-01  6.45521343e-01  1.47839952e+00
 -1.18430328e+00 -2.09045982e+00 -1.85146570e-01 -4.42673892e-01
 -9.14373755e-01 -4.21610266e-01 -1.81143570e+00  9.20084059e-01
 -5.28908908e-01  2.08155537e+00 -9.58983600e-01  1.80729851e-01
 -4.27117616e-01 -8.12275827e-01  1.51016259e+00  2.20104408e+00
 -1.56290635e-01 -5.98470271e-01  1.35183024e+00 -9.14527416e-01
 -5.03656149e-01 -3.99158806e-01  2.69283366e+00  2.14514327e+00
 -1.12361312e+00  1.94096804e-01 -1.26677513e+00  1.50565758e-01
 -1.75977123e+00 -6.62687480e-01  1.37152696e+00 -9.95051488e-02
  1.01198065e+00  1.31719124e+00 -4.74847168e-01 -7.21589327e-01
  2.34399661e-02  7.94454575e-01  7.17701716e-03  5.99009991e-01
 -4.25520599e-01  1.34654725e+00 -7.30305672e-01  1.53129280e+00
 -6.46134555e-01  8.06039512e-01 -1.36364862e-01  1.42383945e+00
 -6.49859607e-01  1.44299304e+00  3.32585424e-01 -1.62634730e-01
  1.74264818e-01  4.27979380e-01  9.54903781e-01  6.44762576e-01
  3.22039664e-01 -4.64437455e-02  1.16480911e+00 -1.33096921e+00
  1.05881834e+00  1.27796960e+00 -1.81128955e+00  6.38730645e-01
  1.46703660e+00  7.05631375e-02 -7.80447364e-01  8.35845992e-02
  1.84474230e-01 -9.91844118e-01 -2.19129547e-02 -6.32917762e-01
  5.34687757e-01  2.19088745e+00 -8.48698080e-01  1.23309875e+00
  1.32636321e+00  1.15920663e+00  8.54534864e-01  9.46383238e-01
  8.54754090e-01  2.48810738e-01  2.17269719e-01 -3.69261563e-01
 -7.13509798e-01 -4.36341465e-01 -4.61186856e-01  3.34614724e-01
  1.00115561e+00 -1.49053836e+00  2.37431860e+00  1.16263855e+00
  9.77282345e-01  1.30908942e+00 -9.72767323e-02  1.70900822e-01
 -1.15520179e+00  5.15863776e-01  1.17563456e-01 -1.26148427e+00
 -8.22644711e-01  5.77627778e-01  4.26994830e-01 -1.60523415e+00
  9.92682725e-02  2.76238054e-01  8.38579059e-01  4.67743337e-01
  1.58973920e+00 -1.47138035e+00  1.94602633e+00  1.00972176e+00
 -1.28365958e+00 -1.93249464e+00 -1.08227646e+00 -2.02534184e-01
 -4.49648738e-01 -1.07087934e+00  4.59538102e-01 -1.38509870e+00
 -8.55180323e-01  7.09526300e-01  1.95443928e-02  8.10927689e-01
 -3.72913212e-01  1.04959142e+00  5.10885239e-01  9.90626097e-01
  1.70455456e-01  1.51744258e+00  8.98232937e-01 -7.96237409e-01
  1.32378757e+00 -1.07007372e+00  3.65576088e-01 -1.87373865e+00
  1.64380312e+00  3.90598364e-02 -1.13305315e-01 -8.06639075e-01
  6.46338403e-01  7.57890344e-01  3.28468442e-01 -2.21322477e-01
  8.28809977e-01  1.82858968e+00  1.52483571e+00 -5.93305528e-01
  2.45962143e+00 -1.69389093e+00 -7.28434384e-01 -7.80883253e-01
  9.23428684e-04  1.28478140e-01  3.93863410e-01  2.62120795e+00
 -5.79012334e-01  3.59954864e-01  6.18101299e-01  1.59046519e+00
 -5.74023902e-01 -1.16146278e+00 -1.29869550e-01 -3.79283160e-01
  3.96379501e-01  5.58201313e-01  1.91986725e-01 -4.32436526e-01
 -2.58554077e+00  1.61282992e+00 -1.28088117e-01  1.93206573e+00
  2.84345269e+00  6.72809601e-01 -1.38173848e-01  6.29189849e-01
  1.41374543e-01 -4.10763144e-01  1.08825445e+00 -2.96340764e-01
  1.51644194e+00  8.38055789e-01  8.34024906e-01  1.51438892e-01
  6.07472301e-01  8.02815318e-01 -8.67344618e-01 -3.73269022e-02]