[-1.0045325   0.57054    -0.32811254  1.167085    0.5035175  -0.36943245
  1.9655149   0.59804624 -0.93204     0.7141413   1.7042298   3.49057
 -1.3920774  -3.0967114   0.71797884 -1.6690427   0.02632499 -0.7208875
 -1.4755714   1.9106861  -1.36549     3.4117527  -1.14361    -0.283115
  0.3953263   0.41451874  1.1511462   2.9363937  -0.34389877 -1.3810112
 -0.07653627 -1.2621926  -0.9481938  -1.2111225   2.2582388   1.4953824
 -0.3920412  -0.9885237  -1.4713801   1.2604412  -2.5578113  -1.4734324
  1.9054339  -0.55500877  0.6483525   1.4709337   0.484245   -0.5310738
  0.37989002  0.88930243  0.00619625 -0.6995212   0.4942338   1.9562573
 -0.82095003  2.0153673  -0.40066248  0.60353005 -0.06662634  1.3563249
 -0.21436745  1.01219     0.8334975  -1.74184     1.9037362   1.1792914
  0.32725126  2.0105913   0.08903624 -1.1405101   0.8976025  -0.33514377
  1.61036     0.89241374 -1.9436812   2.9096088   1.7222862  -0.74059504
 -1.4496738  -1.7291338  -0.18511748 -2.1741     -0.26316506 -0.99575496
  0.12092246  2.68192    -0.78382766  1.4506288   1.9069862   0.54488003
  0.569705   -1.435565    0.16276881 -1.1167513   0.38704124  0.5043299
 -1.4985275  -1.0207001   0.6219087   0.32362378 -0.13961498 -2.0602589
  1.5123376   1.97693     2.7286775   2.4211874  -1.2698625  -0.47727498
 -1.5423687   2.469655    0.6836562  -0.77576375 -1.0451212   0.84749866
  0.7579988  -2.5314314  -0.06021375  0.9045476   1.6959662  -0.16150248
  1.5520674  -1.9241335   1.7850199   0.81101245 -1.1667252  -2.4005077
 -2.4588385  -0.94443375 -1.9775362  -3.3484826   0.7239499  -0.4633475
 -0.68052876 -0.312975    0.67151254  0.49258128 -0.4047375   1.3497051
  1.1085361  -0.96734244  0.19103372  2.0437913   0.9718499  -1.695565
  0.44079006 -1.6155199   1.6713912  -3.1951737   1.0484875  -0.71755636
  0.01722002 -2.5064487   2.4834461   0.35087502 -0.7359975   0.93253624
  0.3204375   1.5749613   1.8328676   1.026465    3.7616112  -1.64634
  0.2706437  -0.6673324   0.98687243 -0.8738813  -0.08055374  3.2854216
 -1.4511149  -0.25978875  0.70859873  2.33918     0.17086378 -1.3801211
  0.6336875  -1.2942624  -1.4324825   2.3017263   0.29974633  1.0841175
 -1.5685474   2.2393212  -1.15034     2.8251314   2.03611     2.1287386
 -0.8398375   0.434165   -0.07480377  0.15199876  1.2425276  -0.06885874
 -0.05686493  0.44574752  0.66841626 -0.27591628  0.9065163   0.39849746
 -1.1959773  -0.10469002]