[[ 7.49819994e-01 -8.81789982e-01 -1.63036489e+00 -1.39860004e-01
   7.01054990e-01  2.23140001e-01  6.09685004e-01 -6.96265042e-01
   3.19265008e-01  8.92735004e-01  2.57025003e-01  4.24995005e-01
  -7.14370012e-01 -1.90391493e+00  1.05302000e+00 -9.36169982e-01
  -8.79440010e-01 -2.33223486e+00 -3.22369993e-01  1.33570504e+00
  -1.46419501e+00  1.71908498e+00  1.13500003e-03 -4.88644987e-01
  -2.71690011e-01 -4.99365002e-01  1.53896999e+00  9.30865049e-01
   1.87415004e-01 -2.60439992e-01 -2.06864998e-01  8.02574992e-01
  -4.95119989e-01  9.18219984e-01  2.03070998e+00  5.51599979e-01
  -2.25869513e+00  4.29220021e-01  1.91956997e+00 -2.39799991e-01
  -3.76800013e+00 -5.48074961e-01  1.09449494e+00 -8.31959963e-01
   9.71379995e-01  7.29759991e-01 -1.33221006e+00 -2.33816004e+00
  -1.60080504e+00  2.07128501e+00  4.06984985e-01 -1.90099999e-02
  -3.76800001e-01  1.50360000e+00  8.25744987e-01  4.33824986e-01
  -1.07347500e+00  9.12275016e-01  1.08430004e+00  1.20699000e+00
  -1.29236507e+00  5.17565012e-01 -1.47000000e-01 -1.96923995e+00
  -5.65594971e-01  6.91299960e-02  6.04764998e-01 -1.68395013e-01
   2.96609998e-01  6.01740003e-01  1.73696506e+00 -1.58105016e-01
  -4.60139990e-01 -2.50445008e-01 -4.14279997e-01  6.20905042e-01
   7.93645024e-01 -1.83716512e+00  7.12300017e-02 -2.07542992e+00
   5.16300023e-01  5.38935006e-01  6.32790029e-01 -1.30774999e+00
  -2.25130007e-01  2.06636000e+00 -1.35601509e+00  3.81439984e-01
   1.80763006e+00 -3.27880025e-01  1.25872004e+00 -1.27684996e-01
   6.33390009e-01 -4.46429998e-01 -1.30549997e-01 -1.11694999e-01
  -2.38806510e+00 -1.85686004e+00 -6.19915009e-01  5.78550026e-02
   1.23879504e+00 -8.89709949e-01  1.08881497e+00  5.44794977e-01
   9.05000046e-02 -6.29500002e-02  6.24125004e-01 -3.43784988e-01
  -5.27644992e-01  8.37355018e-01  1.45085001e+00 -2.80575007e-01
  -4.95525002e-01  4.14475024e-01  3.46210003e-01 -1.52197003e+00
  -6.16114974e-01  1.26081002e+00 -7.70375013e-01  1.62018001e+00
   3.16410017e+00 -1.38999510e+00  2.06738496e+00  5.88225007e-01
  -2.56789982e-01 -1.48055002e-01 -1.73493004e+00  1.10065997e+00
  -1.84115008e-01 -1.79626000e+00 -1.24664998e+00 -8.83639991e-01
  -6.67495012e-01 -3.49839985e-01  4.82234985e-01 -5.45184970e-01
  -1.77500010e-01  1.23767996e+00  5.73599994e-01  7.15359986e-01
   6.55760050e-01 -7.17625022e-01 -7.71730006e-01 -2.88619995e-01
   4.56894994e-01  1.54875994e+00  1.21980004e-01 -1.17455995e+00
   2.82045007e-01  7.26459980e-01 -1.13874006e+00  1.37055010e-01
  -3.60105008e-01  5.02449989e-01 -4.33840007e-01  2.00081015e+00
   1.04768002e+00  7.10325003e-01  8.71549994e-02  9.72244978e-01
   1.28194499e+00 -1.33300006e+00 -8.76114964e-01 -1.69102001e+00
  -2.67637992e+00  9.77545023e-01 -3.67049992e-01  1.49738002e+00
   2.85705000e-01 -3.57969999e-01  5.19389987e-01  2.91156507e+00
  -3.69085014e-01 -3.16763020e+00  8.14059973e-01 -1.41225505e+00
   1.16365001e-01  1.83651996e+00  1.03165996e+00 -1.61745012e-01
  -1.86366010e+00  1.63383496e+00  1.44115996e+00  1.73645496e+00
   2.31296992e+00  1.36163497e+00 -5.13899997e-02  1.60992992e+00
  -1.14900008e-01 -1.22987008e+00  2.79089987e-01 -4.28945005e-01
   1.11215496e+00  2.57299519e+00 -3.34024996e-01 -1.15886998e+00
  -8.71905029e-01  1.98708999e+00  1.78005993e+00  5.73055029e-01]]