[-1.8528875  -0.4694575   0.065205    0.98788506  2.1435199  -0.7163725
  2.1880798   0.1409725  -1.0597275  -0.1098475  -0.21927752  1.5803175
 -2.82335    -1.6812427   0.09769005  1.2674274  -1.5759649   1.0149
 -0.9759126   2.1964827  -0.34088248  2.3089976   0.222045    1.3758875
 -0.227135   -0.4577375   0.7334725   3.563245    1.157495   -1.5464425
  0.37202248  0.0760475   0.50929505  0.50455993  3.5289576   2.7654
 -1.8022852   2.0611975  -2.51087     0.76166    -3.6692824  -1.00841
  1.9452474  -2.5780425   1.6495675   0.6624     -1.15062    -0.2133025
 -0.33278245  2.5203624   3.2693026   1.4663525   2.6004376   0.47410756
 -0.45984     2.119295    0.10203252 -0.04866751  3.0781026   2.9486399
 -0.21741003  0.5863375   1.15824    -1.53315    -0.18450755  0.95175004
  0.16655752  1.334725    0.6459101  -0.01042999  2.50771    -1.941965
  1.8004401   1.6615776  -1.2965624   2.5303674   1.5597501   0.37764254
  0.03388245 -0.27564248 -1.2368325  -2.3331776  -0.899025   -1.996565
  0.08607003  3.163555   -1.9543024   1.1647      0.26656002  0.7573625
  0.9506725   0.18702748 -0.2811025   0.77379245  0.52017254 -0.9068501
 -3.3883502  -0.2425125   0.06724751  1.124085    1.6728125  -1.471015
  2.062805   -0.21670002 -0.9957075  -0.8160325   0.17486003  1.4074426
 -2.6656451   3.0736675   1.4484675  -1.1742649  -2.5984101   2.0224524
  0.8986375  -2.9740825   1.066285    1.7429674   0.84392494 -0.5011375
  3.2444425   0.18511242  2.360825    3.1640048   0.43719256 -3.2865949
 -1.2612675  -0.5884076  -0.87579757 -2.28398     0.94383    -1.6444576
 -1.999095   -1.85123    -1.1716626  -1.382145   -0.3240375   0.9052324
  1.5092925   0.5600475  -0.3066925   0.52181244  1.588555   -2.776265
  1.3291775  -0.82615256  0.0125075  -0.22618249  0.7922725   2.65935
  0.554865   -0.19521502  1.7420452   1.100275   -1.3640075   0.06661753
  3.572095    2.4042      0.4606275  -0.38595748  1.8775774  -4.2241774
 -1.2426825  -1.6452601  -0.11470498  1.6092626   0.4258825   3.6418772
 -0.58358     1.9624851   0.60378     1.3457849  -1.276545   -0.5057075
  1.0719826  -0.7014425  -1.7725      0.3433775   1.4996275   0.37136748
 -3.216635    1.21914    -1.48706     3.499115    4.339205    0.2932275
 -2.2215202  -0.5061025  -0.7509849  -1.872025    2.8861876   0.6088875
  0.97686     1.2048775   3.2547624  -1.2684474  -0.823005   -0.7666875
  0.01451254 -0.99766743]