[[-8.65493753e-01  1.33003001e+00 -3.68690060e-01  1.41142994e+00
   1.46874251e+00  2.46000007e-01  1.37405622e+00 -2.72042476e-01
  -2.30132497e+00  9.25325105e-02  7.68473763e-01  1.23269745e+00
  -6.18098728e-01 -1.72891750e+00  5.93125038e-02  5.15216243e-01
  -6.20406226e-01 -1.68064978e-01 -1.77658496e+00  1.96137255e+00
  -2.81637311e-02  2.27669506e+00 -1.04887252e+00  6.88399971e-02
  -1.08384375e+00 -1.95492506e+00  9.60423769e-01  2.58315498e+00
  -9.49744508e-03 -5.60207512e-01  9.36039973e-01 -5.66463757e-01
  -6.07492495e-01  4.21712622e-02  2.94850759e+00  1.44391374e+00
  -1.93516253e+00  2.45598737e-01 -1.32115752e+00  4.09146249e-01
  -1.51348620e+00 -1.22213756e+00  1.20855249e+00 -1.31164998e+00
   8.38511260e-01  1.56415373e+00 -9.18641247e-01 -2.15852510e-01
   4.84060004e-01  8.02905019e-01 -1.98352452e-01 -5.85281219e-01
  -7.03012608e-02  1.84197630e+00 -8.26962480e-01  1.04549372e+00
  -4.79250215e-03  9.09712650e-02  7.35238753e-01  2.25051501e+00
   1.50953749e-01  1.09559752e+00  2.07525156e-02 -1.51107002e+00
   7.19932519e-01  1.27061248e-01  7.25895014e-01  3.10487516e-01
   7.87752464e-01 -9.87965003e-01  9.73761242e-01 -1.40009753e+00
  -1.85958747e-01  1.52354129e+00 -2.01612006e+00  1.21891251e+00
   9.70609984e-01  1.07610749e+00  1.10462569e-02  7.31026247e-01
  -2.67784961e-01 -1.44257621e+00  5.22898763e-01 -1.47245372e+00
   7.40887523e-02  1.75097127e+00 -7.29906246e-01  1.48289874e+00
   1.63864128e+00  1.49285001e-01  9.19588767e-01  7.11652510e-01
  -3.83387506e-02  2.62278756e-01 -6.32921260e-01 -4.58387136e-02
  -8.82842526e-01 -6.04136236e-01 -2.55831273e-01  6.90169990e-01
   8.35624995e-01 -2.53367124e+00  1.29985875e+00  1.44420871e+00
   1.10242499e-01  1.20872252e+00  5.24411268e-01 -3.23217504e-01
  -1.99561121e+00  2.67507495e+00 -2.69376114e-03 -1.46170254e+00
  -1.47819871e+00  5.23323740e-01  1.43556624e+00 -1.24885372e+00
   4.41337451e-02  5.44027500e-01 -7.75097493e-01  2.81537505e-01
   8.05124972e-01 -1.67898243e+00  1.41515622e+00  1.27707999e+00
  -6.14931274e-01 -1.18808751e+00 -1.14369500e+00 -9.50924993e-01
  -2.50296250e-01 -1.74863751e+00  9.27402481e-01 -1.16400873e+00
  -7.88052513e-01  6.56961270e-01 -4.67870006e-01 -5.52357487e-01
  -1.35883121e+00  1.60893120e+00  1.20187376e+00  5.49026236e-01
   1.23162661e-02  1.83282624e+00  1.12444251e+00 -8.25112503e-01
   1.64625000e+00 -4.63247493e-01  4.24611250e-01 -2.33006747e+00
   1.72786498e+00 -3.06967506e-01 -2.93460034e-01 -6.65082481e-01
  -7.55512603e-02  3.08178745e-01  5.13763767e-01  4.08997497e-01
   1.03267998e+00  1.39388125e+00  1.42547491e-01 -4.59057502e-01
   1.52739628e+00 -3.03740627e+00 -7.71414995e-01 -8.76731265e-01
  -1.20541252e-01 -4.80262302e-02 -2.21437458e-02  2.23012248e+00
  -6.95089986e-01  9.25797507e-01  2.79016268e-01  1.28136001e+00
  -2.11520123e+00 -9.00521263e-01 -4.94525209e-02 -9.46751226e-01
  -7.31293729e-01  1.69455875e+00  5.72774997e-01 -4.93138768e-01
  -2.04192743e+00  7.40618764e-01  2.27549784e-02  1.44732873e+00
   3.29530135e+00  5.05379997e-01 -8.97781268e-01  6.48687503e-01
   4.25666235e-01 -2.14109987e-01  1.86741266e-01 -6.86578762e-01
   1.99760124e+00  9.59375054e-02  6.31092489e-01 -3.26564994e-01
   3.11886258e-01  8.41918759e-01 -9.39083733e-01 -3.89438745e-01]]