[[-1.23890003e+00 -3.59470010e-01  1.94103340e-01  5.43829997e-01
  -1.35066668e-01 -1.18030002e-01  3.52143327e-01 -6.89523300e-01
  -8.92776648e-01 -4.31810021e-01  3.60933344e-01  1.39923000e+00
  -1.04675674e+00 -6.02426688e-01 -8.45433374e-02  6.17876649e-01
  -1.00270995e+00  8.79503250e-01 -1.26172662e+00  1.09098999e+00
  -1.85329994e-01  1.82968998e+00  5.21513303e-01 -2.10529983e-01
  -1.05153998e+00 -3.83173307e-01 -9.08373276e-01  1.62934669e+00
  -5.56890011e-01 -2.40193327e-01 -5.55046638e-01  1.05004994e+00
   1.38903340e-01  4.96726672e-01  9.31699991e-01  1.33890661e+00
  -5.80353340e-01 -2.59513338e-01 -1.74563662e+00 -2.93666683e-03
  -7.02673356e-01  9.87653335e-01  4.24250007e-01 -1.47501326e+00
   1.02976998e+00  1.09766658e+00 -8.38900010e-02  5.75333337e-02
   5.87733338e-02  3.93180013e-01  9.45970058e-01 -2.59026666e-01
   8.98853302e-01  5.33633331e-02 -4.03326670e-01  8.01813364e-01
  -8.45436653e-01  7.05199987e-02  1.60444323e+00  1.51116006e+00
  -1.07767995e+00 -3.97600015e-01 -9.35343266e-01 -7.28636662e-01
   1.35569668e+00  2.19563345e-01 -7.51706680e-01 -3.25960000e-01
  -1.23322336e+00  2.77156651e-01  1.44472996e+00 -1.06204335e+00
   1.07416995e+00  5.69859982e-01  2.06176658e-01  1.59747664e+00
  -1.00979002e+00 -2.68100003e-01  2.99446662e-01  5.78863303e-01
  -6.77683353e-01 -7.04600016e-01 -8.63846620e-01  7.00473309e-01
   1.02470668e+00  9.66140032e-01  4.06996648e-01  1.03147999e+00
   1.08233330e-02  1.34641997e+00  2.70633350e-02 -2.47846663e-01
   1.14843339e-01 -1.23333661e+00  1.51923339e-01  2.29136666e-01
  -8.70189985e-01 -7.59166718e-01 -3.11593334e-01 -6.51533365e-01
  -1.35023336e-01 -4.27479982e-01  1.07178998e+00  6.97563330e-01
  -7.56173293e-01  5.11499991e-02  6.10546668e-01  4.20203368e-01
  -1.33155338e+00  3.57716640e-01  4.29156661e-01 -2.86296646e-01
  -1.23303334e+00  1.21300002e-01  1.16615335e+00 -5.41740020e-01
   5.89643319e-01  1.57425340e+00  8.39000046e-02 -1.60076666e+00
   1.58502992e+00 -1.42396669e-01 -5.98256667e-01  7.52593358e-01
   6.07366641e-01 -9.05936639e-01 -1.03848664e+00  3.45493317e-01
  -5.55396676e-01 -8.72843345e-01 -5.98870039e-01 -6.86416705e-01
  -1.63394992e+00 -1.16272998e+00 -6.59143329e-01 -4.81400013e-01
   4.27323341e-01  7.13423332e-01  4.08006668e-01  5.82110008e-01
   3.94263347e-01 -2.58926670e-01  1.06301665e+00 -5.88490009e-01
  -4.79766687e-01 -1.26435669e+00 -1.57429993e-01 -8.18783363e-01
   1.38375330e+00  4.60060000e-01  7.37466663e-02 -3.58989994e-01
   1.06824001e+00  1.89969997e-01 -6.67956670e-01  4.71940001e-01
   6.22323354e-01  1.05592998e+00  1.13845666e+00  2.75773327e-01
   5.11076649e-01 -9.45203304e-01  4.12226677e-01 -5.80919981e-01
   5.18553336e-01  3.08133344e-01 -1.83823327e-01  2.18032662e+00
  -2.76003321e-01  5.86103360e-01  4.99300013e-02 -1.23408667e+00
  -9.56406673e-01 -3.44423334e-01  6.93256696e-01 -1.92309995e-01
  -4.11723336e-01  1.25661675e+00  7.88400024e-02  1.22040669e+00
  -1.56082662e+00  3.25936675e-01  6.35866721e-02  4.45913315e-01
   8.74463320e-01  1.16838662e+00 -3.18849659e+00  5.18759966e-01
  -4.11369999e-01 -4.04463331e-01  1.47150000e-01  8.00366650e-02
   7.75623322e-01  2.71323323e-01  9.50883309e-01  5.91386636e-01
  -1.70163333e-01  1.60595004e+00 -1.19005672e+00 -6.77843332e-01]]