[[-5.19270001e-01  1.05552859e+00  6.30677140e-01  1.90204569e+00
   2.59590857e+00 -1.49412832e-01  1.76830281e+00 -1.34747126e-01
  -2.20454000e+00  7.56430013e-01  7.67100032e-01  1.14359428e+00
  -9.23744321e-01 -3.01252426e+00  1.64345720e-01 -7.29955758e-01
  -1.01695000e+00  8.67491450e-01 -1.80689139e+00  8.61008606e-01
  -1.21734305e-01  1.74878000e+00 -1.88307858e+00 -7.73042589e-02
   1.69214289e-01 -8.55617134e-01  6.06410001e-01  2.54917289e+00
  -3.91172858e-01 -2.41890013e-01  8.37820029e-01 -1.39278715e+00
   3.29427208e-03 -2.07778557e-01  2.87089428e+00  1.86169997e+00
  -1.54261860e+00  9.25030029e-01 -1.29903000e+00  2.30630002e-01
  -3.16348422e+00 -2.93217127e-01  2.31445282e+00 -5.26695707e-01
   1.09668572e+00  2.02460141e+00  3.95069974e-01 -5.67160044e-01
   1.09060149e+00  1.83065425e+00  7.00109988e-01 -6.57722835e-01
   6.94695744e-01  2.42339861e+00 -1.26893006e+00  8.31054313e-01
  -3.11551404e-01  8.07069998e-01  1.24758861e+00  3.16075570e+00
  -6.26767167e-01  1.42887574e+00  6.58108549e-01 -1.84267718e+00
   5.90541416e-01  5.43349998e-01  7.63812848e-01  1.08114006e+00
  -5.06885775e-02 -6.90421415e-01  1.81340428e+00 -2.37219434e+00
   9.69417112e-01  2.58737860e+00 -2.11993289e+00  1.34395285e+00
   2.77590716e+00  1.14366431e+00 -1.57611287e+00  8.11201453e-01
  -9.50131401e-01 -1.75498284e+00 -3.64050001e-01 -1.09589857e+00
   3.71724281e-01  2.98366577e+00 -9.17729995e-01  1.04172572e+00
   1.65538866e+00  1.65871001e+00 -5.91069989e-01  1.23484714e+00
   2.96748593e-01  6.57025720e-01 -2.44655722e-01 -4.31254295e-01
  -1.35017146e+00 -1.08785738e-01 -1.26128569e+00  1.09690286e+00
   1.60475284e+00 -1.49365855e+00  2.37991855e+00  9.17545702e-01
   1.40762140e+00 -5.49371392e-01  8.45142886e-01  5.25058546e-01
  -2.01644999e+00  2.44646136e+00  1.07841283e+00 -1.06159137e+00
  -1.04487574e+00  9.30711406e-01  4.61105715e-01 -2.74684285e+00
   9.18057136e-01  5.52645737e-01  5.27471432e-01  5.97048598e-01
   1.12151145e+00 -3.33547279e+00  1.54360999e+00  4.96198578e-01
  -1.17981997e+00 -1.42461286e+00 -1.24354997e+00 -1.83509995e-01
  -2.37107168e-01 -1.34847715e+00  9.38581435e-01 -1.03556285e+00
   1.65924304e-01  2.12336286e+00 -8.28419990e-01  1.78872819e-01
  -4.52209949e-01  1.43827430e+00  6.36754300e-01  2.47032851e-01
  -7.34357238e-02  1.43637141e+00  1.40817716e+00 -1.77559719e+00
   1.36414572e+00 -8.34908575e-01  7.05300000e-02 -2.38227143e+00
   1.97540141e+00 -6.28705714e-01  1.46125738e-01  1.11900313e-02
   5.38871408e-01  1.02055142e+00  1.84857139e-01 -8.47895695e-01
   1.09566573e+00  2.80636430e+00  4.41041418e-01 -1.30350284e+00
   2.10524721e+00 -1.50853147e+00 -4.33620010e-01 -3.39531447e-01
   1.19286776e-03  6.46672866e-01  1.31890145e+00  2.79441852e+00
  -1.10048592e-01  3.43562858e-01  4.97842793e-02  1.89459431e+00
  -1.45192713e+00 -1.47701859e+00 -6.91997579e-03  3.94047137e-01
   5.95448559e-01  1.79374141e+00  9.76475716e-01 -5.25024269e-01
  -3.07368568e+00  1.39187427e+00 -8.05165717e-01  2.06170002e+00
   2.99540155e+00 -2.70857130e-02 -1.34628427e+00  6.81225746e-01
   5.35544263e-01 -2.67454301e-01  1.65661575e+00 -8.94532885e-01
   2.00283713e+00  4.88191413e-01  1.03375284e+00  4.20310007e-01
   7.25334295e-01  1.40503286e+00 -8.30075724e-01 -7.86957145e-02]]