[-0.35205752  0.51764005 -0.2047925   2.3205      1.5024176  -1.1833975
  1.3672426   0.59428746 -3.4312348   3.197775   -0.12538004  1.0844626
 -0.96214247 -3.6566324   0.62918496 -1.81352    -2.54736     0.64151746
 -1.6709626   1.9968425   1.0104425   2.4810925  -0.87565994  0.9527575
 -0.09079248 -2.3236873   1.6394751   3.6907175  -1.1744     -2.86167
  0.21884507  0.7924025  -0.14355999 -1.7713375   1.3949527  -0.29773253
 -3.16271     0.21717244 -0.966195   -1.52045    -0.65382755 -0.19203246
  1.8761101  -3.107105    1.5572226   0.32420492  1.29412    -0.8961
 -1.1137224   0.5753575   1.794765    0.12717748  0.5827675   1.66215
 -0.04965753  1.9675975  -0.14782748  2.25833     1.8405275   1.0255702
 -2.16058     1.5397649   1.2034974  -2.7528448  -1.6325724   1.2526325
 -0.05223     1.2026374  -1.5519326  -1.2775625   1.8740674   1.7396126
 -0.10115251  0.84912    -1.00583     1.1988475   0.19526994 -0.83000505
 -0.5071     -2.83085     0.02175748 -0.5239625  -0.724145   -4.119158
 -1.7184      4.56752    -1.0756476   1.3795625   0.8522725   1.0559876
 -0.55466247  1.5399975  -0.6399925   1.882885    0.64436495 -0.09844998
 -0.09022248 -0.35809255 -0.85067743  1.89195    -0.44522    -3.1587877
  2.0714      0.30973256 -0.64681005 -0.5110225  -0.832675   -0.442585
 -2.275125    1.8150024   0.993315   -1.39115    -1.8797002   0.7762225
  1.8620675  -1.2459      0.7138249   0.65482247 -1.696305    1.05355
  3.0037825  -2.22176     1.57655     1.4728875  -1.9784776  -1.9390076
 -1.3654674  -0.2574475  -2.120115   -1.905675    0.52457    -3.239775
 -0.52368    -0.070395   -0.13252497 -0.4257925  -1.18259    -0.7793525
  1.3994025  -0.34769747  1.96958     1.31278     1.42925    -1.7183502
  2.3921826   1.1350625   1.06654     0.88484496 -0.07618748  0.02233499
 -1.7581824  -2.04315     0.459605    0.86443     1.0404525   0.988655
  1.8364723   1.5267699   2.277715   -0.2925225   3.7258198  -3.0766678
 -1.33283     0.10830249  0.148265    0.56524247  1.285105    3.1388001
 -1.9128801   0.4715775   0.51394504  1.40848    -0.26394004 -0.5425225
 -0.2083925   0.3945575  -1.225085    2.86908     1.320965    0.5456425
 -2.966785    2.3844552  -1.7745775   2.68187     2.2463498   0.66409236
 -2.14799     2.5323126  -0.43864495 -1.4635149   0.3222226   0.7414874
  2.4674773  -0.62556237  2.1537874   0.441535    1.21553     0.84028506
  0.09214003 -1.2312875 ]