[[ 0.30570666  0.87066499 -0.16749499  1.34735503  1.71433326  0.44126168
   0.32572666  0.23433834 -1.76662838  0.21924167  0.72268832  2.14031664
  -0.78670329 -2.21615668 -0.03526002 -0.529425   -1.32971159 -0.00913166
  -1.98724669  1.41496341  0.70634336  1.30805671 -1.59648331 -0.141545
  -1.13123498 -0.58846331  0.43875165  2.07334334 -0.08220836 -1.27609504
   0.16399835 -0.63887333  0.24804165  0.04832498  2.66375168  1.60741674
  -1.14130338  0.64773167 -0.74471665 -0.36753333 -3.26709662 -0.39978835
   2.69998002 -1.70375338  0.80604833  2.16745838 -0.69203999 -0.54940335
   0.42126166  0.70987329  0.59564831  0.41104664  0.65374996  0.48635832
  -1.53327     1.82826501 -0.51961497  1.25985497  0.35272501  2.78030312
  -1.50584175  0.28235668  0.77308999 -1.51519831  1.44904162  0.94870337
   1.54524505  1.60774003  0.74992166 -1.40315174  0.95476337 -1.18918839
   1.9259667   1.96979169 -2.16491175  2.02995507  1.7951267  -0.26607666
  -2.24181844 -0.51742663  0.58881501 -1.8166333  -0.10540834 -0.10212668
   1.1592716   2.89906494 -0.90759338  0.95586332  0.94912167  0.76891663
   0.120835    0.68383833  0.44391002  0.63121667 -0.65397833 -1.01288336
  -1.32992005 -0.80498502 -0.89893834  0.93026834  1.75745833 -2.02188663
   2.71445     0.48955668  0.91620499  0.57018667  0.24539166 -0.10680665
  -0.80734664  1.85438168  1.82545501 -2.10464996 -0.82615336 -0.03261998
   1.5416616  -2.10304499  0.17311164  0.07079669  0.47589668 -0.40231499
   1.35847167 -2.08460335  2.59443483  0.49116997 -0.17529997 -1.78316663
  -2.8519634  -0.00633335 -0.71357665 -1.58643007  0.81284666 -1.14093335
  -0.11659999  0.45467834 -0.28130836  0.49950002 -0.86133169  1.2919233
   0.81607169 -0.00449502 -0.06729832  1.97986172  0.57749494 -1.49259333
   1.64715834 -0.25128667  0.66377501 -2.84217497  1.45430826 -0.2771967
  -0.00656334  0.48237171  0.21811998  0.90866    -0.63387502  0.13574497
  -0.27911502  2.12118332  1.26035835 -0.22709165  4.13779513 -1.02514667
  -1.10695837  0.01674161 -0.09904836 -0.64363     0.3190984   3.9696548
  -0.39266341  0.32547667  0.97301506  1.40243165 -0.89047496 -2.24697002
   0.01598833  0.66184166  0.38632831  0.16688834  0.42200503  0.68947165
  -1.83305995  1.76665332  0.44835165  1.86577004  3.10205503  0.01243828
  -1.7402967  -0.24511166  0.2159934  -0.68581333  0.86077664 -1.0559333
   1.30590664  0.6108567   1.91842329 -0.65536836  0.91083997  1.11297504
  -0.88862834  0.84209837]]