[-1.2980884  -0.81703293 -0.66013855  1.0492857   0.78918564  1.6328328
  1.7036171   0.3271699  -1.6441686   0.9006401   0.8819786   3.6186397
 -2.686987   -2.66252     0.7511258   2.841636   -2.230346   -1.0740215
 -2.8237545   2.57507    -0.14810291  2.3375914   0.23394285  0.24649428
 -0.91867286  1.1383158   1.6249359   1.3007486  -1.0625257  -1.6434184
  0.6104571  -1.1175201   0.16872855 -0.35588855  3.7584684   1.9151028
 -0.33542708  1.2398984  -0.2628985   0.31157    -3.8360486  -0.40191004
  3.3404942   0.12846717  1.9045514   1.0648686   0.3392729  -0.14330284
 -1.2827799   1.5256258   1.2244227  -1.3447272   0.9253129   1.3418113
  0.14523718  2.26334     0.5087171   0.42420715  0.3880985   2.8968198
  1.8384473   2.0411956   1.2799785  -1.6997929   0.26544994  1.1748171
  1.3629258   1.0939342   0.04394712 -0.09253713  0.36820146 -0.9568171
  1.2390572   1.4787015  -2.4088957   1.1634542   1.6540657  -0.07861715
 -2.2798629  -2.6817114   1.1045885  -1.8288229   0.11260141 -1.3961556
 -0.45322996 -0.56214    -0.17783006  0.46607712 -0.4894171   1.3095458
  2.3348515   0.25705427 -0.7179171  -0.74496144 -0.35028568  0.25804856
 -0.6963414  -0.7603272   0.54075575 -0.65411717  1.2826899  -2.7212684
  2.7737787  -0.07836713 -0.06055003  1.6108729  -1.7110958  -0.12644424
 -2.7701669   1.1297257   2.108647   -0.39593428  0.31340572 -0.0497429
  0.8975772  -0.95972997 -0.8362215   0.19360144  0.1856886   0.3327457
  3.018013   -1.6572301   1.4146299   2.1619043  -0.01926289 -2.7884445
 -0.5226914  -0.66168296 -0.13345143 -2.6644783   1.175723   -0.5161457
  0.10019855  0.14376572  0.2125614   0.6727543  -0.9718414   1.2493299
  1.8067571  -1.3329985   0.81877     1.1168886   1.2010915  -1.7674085
 -0.08781    -2.1840785   0.50497574 -2.3359756   1.7939072   1.0167929
 -0.10623423 -2.1193757   0.5923857   0.06580571  0.09463282  1.4694759
  2.5076458   1.8410943   1.6192257  -1.0215315   3.4171088  -2.7343287
 -1.2300001  -0.5073285   0.3620943   0.3965129   0.03365002  2.7044456
 -1.404257    0.02058714  0.85824573  3.0909228  -2.4016685  -1.7915242
  0.9428257  -0.47353867 -1.3847215   1.5626029  -0.09631138 -0.7285986
 -3.4665744   1.8507087  -0.83354145  2.0809586   4.06536     0.6365357
 -0.7001886   1.3136145  -0.37100717  1.6217015   0.83984715  0.16709869
 -0.16324857  2.1218998   2.0404885   0.3970628   0.46147147 -0.8688315
  0.04834713  0.80744153]