[-1.059348    0.553042   -0.42477003  0.806544    1.279595    0.187316
  1.1265241   0.24585104 -1.8925841   0.79779     0.98075694  1.5500212
 -1.134704   -1.8088169  -0.59976697 -1.026873   -1.3170521  -1.050524
 -1.435277    0.79390097 -0.241208    1.879616   -1.14665    -0.133372
 -0.519075   -1.585204    1.055292    2.090441    0.2698     -1.0769551
  0.17553702 -0.19810101 -0.660041   -0.02348301  1.765393    1.206603
 -0.903571    0.414128   -1.8141791   0.04346101 -1.6303298  -0.81016195
  1.7578061  -0.21283403  1.204526    1.189824   -0.608219   -0.257649
 -1.046088    0.293009    1.2005202  -0.21591799  0.23950598  0.80070895
 -0.365908    0.86618596 -0.65615803  0.48277402  0.415512    1.9488602
 -0.276048    0.923872    0.10355197 -0.5855      1.3637182   0.522538
  0.60553706  1.509637    1.445873   -0.25988498  0.75479805 -1.832009
  1.6105759   1.007002   -1.488148    1.8740511   0.63754594  0.27467698
 -1.061233   -0.43088803 -0.11500299 -1.1369709  -0.30473298 -0.85085696
  0.80414695  1.794809   -1.4273491   1.263333    1.1371341   0.71045905
  0.85828507  0.06248598  0.18730198 -0.37891102  0.530192   -0.758969
 -1.8834131  -0.40918    -0.08356804  0.91238004 -0.01478398 -1.1801181
  1.9155432   1.5542201   0.80243796 -0.139438   -0.279632   -0.8629559
 -1.946089    1.8706299   0.825747   -1.052215   -1.2346051   1.1617361
  1.430219   -1.9775841   0.562221    1.7791611   0.55495495 -0.490518
  1.324686   -1.6456089   1.453491    1.6944599  -0.34499192 -1.086303
 -1.104153   -1.3611462  -0.53576696 -0.9195709   1.0880638  -0.8761711
 -1.250342   -0.02563899 -0.547114   -0.11468703 -0.64961594  0.965973
  1.273684    0.51561797 -0.539063    1.8606659   0.974594   -1.2079821
  1.69933    -0.40426597  0.065576   -0.90276605  0.963328   -0.46561804
  0.04705601 -0.561137    1.7353852   0.624817   -0.12190799 -0.36480403
  1.2731941   1.6326059   0.33376402 -0.45229498  1.646974   -2.229147
 -0.37785402 -1.0772679   0.48028904 -0.08593503 -0.12821898  3.1417217
 -0.868533    1.158035    0.673112    1.28635    -1.203041   -1.5948671
 -0.145388    0.01554495 -0.501363    0.12041996  0.43720502  0.19643
 -2.133313    1.328769   -0.47828197  1.475765    2.31543     0.11825901
  0.04767704  0.58174     0.04063902  0.00912099  1.495827   -0.690701
  0.29338002  0.22023802  1.816831   -0.10274599 -0.511316   -0.21720603
 -0.529984   -0.344675  ]