[[-0.20825226  0.08942685  0.25580342  1.27043253  0.7323599   0.49843387
   0.92962863  0.140329   -0.81084216  0.00992838  0.64566756  1.4479066
  -1.43671298 -1.96921729  0.00390117  0.19076892 -1.754589   -0.18770153
  -0.80008703  1.4555991  -0.09361929  1.52795045 -0.21923945 -0.22305729
  -0.60886819 -0.6838009   0.57789684  1.67337495 -0.07581748 -1.46720287
   0.6816591  -0.32860918 -0.734061   -0.04925017  2.30820678  1.33172199
  -1.18050658  0.22084532 -0.97258181 -0.11300397 -1.69819614 -0.43108216
   1.65349485 -1.15309909  0.82055766  1.00217686 -0.65632631 -0.83006009
   0.0218809   1.59036163  0.4928709   0.11454307  0.37656451  0.75929703
  -0.04740505  1.51757666 -0.03935568  0.39347702  0.8210301   1.36489467
   0.03754513  0.81596378  0.18847117 -1.11878838  0.40896793  0.50723046
  -0.15730325  0.37278226  0.61495965 -0.21959108  1.64058098 -0.53845414
   1.04686459  1.59860485 -1.11610802  1.3340327   1.36683757  0.36121414
  -1.13409774 -0.2182283   0.13346928 -0.92274172 -0.53121126 -0.97180352
   0.22103126  1.28852703 -0.51210423  0.20259134  0.38621441  0.68407991
   0.64687334  0.81935785  0.16183478  0.14371154 -0.1056819  -0.44337442
  -0.42476441 -0.7761391  -0.03981008  0.37804234  1.45760252 -1.61551812
   2.10378233  0.83022018 -0.12424352  0.14425703 -0.47613162  0.54083117
  -1.07633044  1.20709866  0.69322189 -0.98635766 -0.79102864  0.77634767
   0.59740486 -1.25213576 -0.22062325  0.25151423 -0.32033802  0.72143181
   1.6453482  -1.3070164   1.65951847  1.58095252 -0.34069045 -1.83005397
  -0.78699504  0.00569667 -0.48067126 -0.77385486  0.47659064 -0.81175396
  -0.38426163  0.39304172  0.33731811  0.40653928 -0.24381378  0.49165198
   1.04358145 -0.05088027  0.05844891  1.10860937  0.46578432 -1.30921668
   0.68783315 -0.98897478  0.43442586 -0.91568676  1.38777919  0.29156603
  -0.87389693 -0.95290297  0.99569053  0.41567153 -0.25158838  0.28364649
   1.26466541  1.68034574  0.89564819 -0.05758882  1.45334766 -2.08613242
  -0.41496235 -0.49185035  0.09672415  0.1293335   0.44077098  2.74976144
  -0.78924785  0.23049298  0.02646197  1.3146255  -0.88718207 -0.58245731
   0.43243396 -0.36674072 -0.38484415  1.05529153  0.88762169  0.16636801
  -2.38847017  1.09000892 -0.99875145  1.26457433  2.53089252 -0.10060306
  -1.02145632  1.42300812  0.6467146  -0.77967233  1.00910596  0.20598738
   0.99340641  0.85432423  1.30998956 -0.18819037  0.38309504  0.41072919
  -0.27393495  0.39822604]]