[[-0.23388715  0.04210795  0.24175947  1.26484598  0.78249767  0.54883473
   0.84365562  0.11298777 -0.81502143  0.07085267  0.61245884  1.59988269
  -1.37904196 -2.12834285  0.13109143  0.109125   -1.66412919 -0.17006554
  -0.83124303  1.55566062 -0.08927777  1.72381286 -0.36775767 -0.23753258
  -0.65967437 -0.87905375  0.49232848  1.65429991  0.02212143 -1.38932472
   0.61928767 -0.41306276 -0.76560037 -0.13603455  2.43354564  1.42634285
  -1.17801947  0.24407991 -1.07874357 -0.08945643 -1.7203351  -0.4708049
   1.74278866 -1.04166857  0.69227322  0.9854325  -0.67362019 -0.75731152
   0.0922183   1.49966679  0.4762383   0.12787367  0.48560813  0.81875384
  -0.13136554  1.41205213 -0.04284135  0.45982643  0.78049616  1.37215454
   0.0444557   0.82156527  0.23245857 -1.09787687  0.36336045  0.52360617
  -0.06808161  0.44660599  0.59820465 -0.16716483  1.80543508 -0.69389856
   1.13777679  1.6658831  -1.12654223  1.31295044  1.43080625  0.2381192
  -1.32684277 -0.24653287  0.1847283  -0.88958858 -0.53381777 -1.07573875
   0.24774393  1.21152394 -0.60611152  0.29131017  0.30806749  0.49803268
   0.70409616  0.82820322  0.06259179  0.07561162 -0.11387081 -0.42060108
  -0.36834242 -0.87713571 -0.03505428  0.44877392  1.48219205 -1.7343793
   2.05675865  0.98089633 -0.10288706  0.26334375 -0.48377249  0.40749321
  -1.22897045  1.26601171  0.67025697 -1.00746446 -0.92667813  0.81503814
   0.66864276 -1.28320678 -0.15042536  0.34558375 -0.31251144  0.72556473
   1.65445241 -1.40213188  1.75903018  1.65681553 -0.44336598 -1.92167356
  -0.71279428 -0.04486474 -0.34618598 -0.87681294  0.42437036 -0.87103804
  -0.49643465  0.47770394  0.46123384  0.27738161 -0.25910071  0.661135
   1.09866385 -0.10159526  0.14721963  1.21764447  0.43707518 -1.21428259
   0.65143714 -1.00612286  0.51443795 -1.03778463  1.38975322  0.35660848
  -0.82875668 -0.94781018  0.94149848  0.41985607 -0.18601259  0.31812187
   1.21928071  1.63262998  0.96733214 -0.0053625   1.50904761 -2.14613749
  -0.40920242 -0.58966927  0.10754009  0.09664419  0.4371849   2.90759847
  -0.67597251  0.31339313  0.05840152  1.36930474 -0.97297813 -0.56803867
   0.44098098 -0.33755268 -0.51671268  1.00087473  0.93555213  0.05753188
  -2.29262223  1.12302483 -1.14338252  1.35823589  2.70205177 -0.09540304
  -1.07926868  1.32956339  0.61235    -0.75123972  1.0930867   0.18694062
   1.10448752  0.87040813  1.40049759 -0.31873001  0.37994233  0.53907848
  -0.35967072  0.47989492]]