[[-6.82090006e-01  4.84431134e-01 -1.59215916e-01  6.38387946e-01
   6.99421353e-01  4.38045702e-02  7.30192491e-01  2.61969097e-01
  -1.41482592e+00  3.86459016e-02  4.24654107e-01  9.11426129e-01
  -4.52816816e-01 -1.69580228e+00  6.97542711e-01  4.52394781e-01
  -1.09889682e+00  7.10965682e-01 -7.82757739e-01  1.36481316e+00
   6.00120003e-01  1.52720141e+00 -3.51066596e-01 -5.89681518e-03
  -8.00995371e-02 -4.19837498e-01  1.45244781e-01  1.38505818e+00
  -2.50825677e-01 -1.03403231e+00  8.94812056e-01 -6.32289548e-01
  -2.16627492e-01  1.14765453e-01  1.93276822e+00  6.54783868e-01
  -6.96105210e-01  8.27010893e-01 -1.65234205e+00  1.20056372e-01
  -1.16276248e+00 -5.94460662e-01  8.50985468e-01 -7.67642035e-01
   9.47908857e-01  4.45854786e-01  1.26564320e-01 -5.26917702e-01
   8.85988503e-02  6.49881115e-01  7.59300921e-01 -3.71937739e-01
   4.26461317e-02  1.16738500e+00 -3.17865913e-01  1.38963343e+00
  -2.93738520e-02 -8.99177234e-02  5.95878625e-01  1.21301208e+00
  -2.22116125e-01  1.14848910e+00  2.66578641e-01 -9.07452523e-01
   3.95538161e-01  6.11924089e-01  1.74577056e-01  6.36262964e-01
   6.63862265e-01 -3.80325470e-01  9.75779321e-01 -7.12964313e-01
   6.69074330e-01  6.31980468e-01 -6.44429554e-01  6.44176585e-01
   6.37185246e-01  3.08614324e-01 -5.51310900e-01 -1.78999533e-01
  -2.98208179e-01 -5.17977963e-01 -5.33752474e-01 -1.10148728e+00
   3.92218188e-01  1.39100753e+00 -8.04005664e-01  6.89125020e-01
   4.39209097e-01  4.22338634e-01  1.04361723e+00  6.84685913e-01
  -9.63479560e-02  2.36302043e-01  2.38445005e-01 -2.99211121e-01
  -5.11443640e-01 -3.22855898e-01  4.40141589e-01  7.86279557e-01
   5.38497497e-01 -1.10651318e+00  1.28811773e+00  1.53128872e-01
   1.09986371e-01  1.81839090e-01 -1.40172945e-01  1.13407724e-01
  -1.23804592e+00  1.60427317e+00  7.66199348e-01 -6.05709983e-01
  -4.14788651e-01  7.83335896e-01  3.22820231e-01 -2.21262203e+00
   3.38437030e-01  4.58493635e-01  4.24644523e-01 -7.24683999e-02
   1.14683388e+00 -1.08276751e+00  8.64412726e-01  8.71196352e-01
  -4.75577965e-01 -2.13532025e+00 -1.25950137e+00  1.97956706e-02
  -2.25491374e-01 -8.19015215e-01  7.42094774e-01 -6.64892951e-01
  -8.08849534e-01  4.95312730e-01 -1.56020454e-01 -1.50075219e-01
  -2.28252968e-01  7.62981830e-01  1.25736138e+00  8.68190927e-02
   7.33581724e-02  7.41715902e-01  1.80812288e-01 -1.42573908e+00
   1.23479614e+00  1.37259304e-01  2.50795013e-01 -1.00270977e+00
   1.07085908e+00  3.55718185e-02 -2.45979087e-01 -5.17595522e-02
   1.18266594e-01  8.48313860e-01  6.66750654e-03  3.41349330e-01
   1.56669910e+00  1.34586772e+00  1.04989159e+00 -3.06018399e-01
   1.07249251e+00 -1.23551683e+00 -5.88029333e-01  1.40362478e-03
  -2.39559091e-01  7.72336345e-01  3.98537735e-01  1.63088113e+00
  -6.34149771e-01  9.67709570e-01  4.66833160e-01  9.70794553e-01
  -1.10998979e+00 -5.18007043e-01  5.04669995e-01 -3.67977963e-01
  -9.37040991e-02  1.99431132e-01  8.89055227e-01 -2.07712263e-01
  -1.37117724e+00  8.55423182e-01 -5.48571865e-01  1.26612023e+00
   2.78260251e+00  2.71755467e-01 -8.49117982e-01  5.52702963e-01
  -5.43845611e-02 -2.98825925e-01  8.97395434e-01 -1.15793637e-01
   1.12740502e+00  5.57607975e-01  1.72866337e+00 -5.30611135e-01
   3.42461820e-01  3.92669773e-01 -2.41194320e-01 -1.59573172e-01]]