[-0.8711662   0.4443337   0.22583815  1.873403    0.7410656  -0.40459493
  1.5576764   0.6394931  -1.6761775   0.95520496  0.6787169   1.7838656
 -0.87983996 -1.5481869  -0.04127624 -0.19623749 -1.6632293  -0.78428745
 -1.6037444   1.2350755  -0.03183062  2.1527574  -0.6057613  -0.96027136
 -0.12426999 -0.9835594   0.22088313  2.9377933   0.02285063 -0.55481935
  1.1302843  -1.2246963  -1.1551387  -0.42971     2.6963475   2.0723069
 -1.2140237   0.6639719  -1.2864568  -0.169505   -2.3717523  -0.53695
  1.4280214  -0.11179253  1.6922055   1.02178    -0.6771731  -1.6567662
 -0.14457247  0.90783995  1.0018712   0.5276656   0.34513372  1.5122445
 -1.0571069   2.015525    0.35513496  0.42328683  1.1349007   0.9341362
 -0.4765      2.368408   -0.71373934 -0.91759634  0.8221251   0.91467935
 -0.40399498  0.31944814 -0.39705187  0.47352377  0.7907238  -0.8845963
  0.8285125   1.4661013  -1.1362244   0.21083063  1.4998463   0.54514384
 -0.88969    -0.14724061 -0.10817126 -0.7312262  -0.47609565 -2.7382278
  0.17928937  2.385338   -0.6485787   0.55838     0.6079525   0.6795175
  1.8883706  -0.23522438  0.0470569   0.7873088   2.186339   -0.5889826
 -0.13416564  0.52741754  0.07192814  0.7013468   0.66100377 -0.7994674
  2.572603    0.5289694   1.0822285  -0.06657127 -1.2164725   0.65832436
 -1.74761     1.5480292   0.5045812  -1.7697932  -1.2137394   0.791892
  1.0457569  -2.1191475   0.8431469  -0.3858868  -0.31702256 -0.74267316
  1.3055171  -1.5218294   0.69130003  2.3577929  -0.32190245 -2.2214155
 -0.43877375  0.14659439  0.09551999 -0.960685   -0.40019497 -0.30424872
 -0.1702825   0.4620187  -1.2130269   0.31426373 -1.1227124   0.9490844
  1.9909619   0.12605871 -0.17477319 -0.2981056  -0.0953925  -2.5235658
  1.4063469  -0.9461631  -0.00769685 -1.2475312   1.1331582   0.65660566
 -0.65843624 -1.3124552   0.13968937  0.57777816  0.31447813  0.29843685
  1.9321225   0.7389525   1.7118587  -0.91434187  1.2895263  -1.3034369
 -0.6013275  -0.07447686 -1.1053443   1.0972569   1.0358343   3.81087
 -1.1219275   2.0615106   0.23286754  1.3123431  -0.98153996 -0.03512374
 -0.00857314  0.09322064 -0.8898901   1.6787205   2.903252    0.30885065
 -2.3533099   0.87205637 -0.64306253  2.0954747   2.5302894  -0.07749125
  0.16210374  1.5510786   0.19563371  0.8258849   0.706105    0.6083175
  0.8062661   1.3257006   1.343463    0.28965688  1.7528712   0.68597376
 -0.8427613  -0.13152997]