[-0.3706338   0.0673775  -0.30839455  1.0423638   1.189983    0.18728751
  1.1332575  -0.36609253 -1.8983512   1.053728    1.3353395   1.9285078
 -1.1674554  -2.4052136   0.09860709  0.03565166 -1.7618341  -0.7919263
 -1.2685505   1.143065   -0.08439875  1.9681915  -0.37205207 -0.03726665
 -0.3699404  -0.9799645   1.1637355   2.0627644  -0.46604744 -0.80249363
  1.0315684  -0.6340308  -0.76100874 -0.8660342   2.4856505   2.0190094
 -1.1322123   0.7437946  -1.1929437   0.25965208 -1.8237745  -0.81317806
  2.0420384  -0.02960458  0.64832044  0.9143312  -0.7021151  -0.92571926
 -0.23074834  0.39869705  0.7095189   0.27062878  0.02761457  1.2087517
 -0.8146958   1.6438924   0.23496832 -0.00802333  0.99078506  1.665193
 -0.30132294  1.3445035   0.7176058  -0.47517928  0.7333645   0.7161703
  0.36352208  0.2551192   0.41210756  0.03680253  0.86412376 -1.3810984
  1.0747968   1.22879    -1.4885191   0.58129954  1.2294916   0.40477252
 -1.2835313   0.20904624 -0.19665289 -0.8028334  -0.40959287 -1.9972059
  0.7511204   0.96007204 -0.6709741   0.7771413   1.1734017   0.5208679
  1.0650196   0.265215   -0.02414249  0.5505758   0.695455   -0.687743
 -0.97447497 -0.6486204   0.13060372  0.0721275   1.3351812  -1.5447696
  2.4926105   0.7531044   0.79247123  0.6706958  -0.7839121   0.5101308
 -1.60951     1.5113498   0.27009127 -2.1742365  -1.0735984   0.5364321
  0.43195918 -1.5072166   0.8803167  -0.01038043  0.10528749 -0.38587537
  0.8752942  -1.2012933   1.4314213   1.2890533  -0.29146627 -1.7093774
 -0.832822   -0.4245763  -0.1722325  -0.9116779   0.07234452 -1.1315945
 -0.50693     0.617125   -1.0763263   0.9074028  -0.84914875  0.49103656
  1.166243    0.5173454  -0.6486421   0.7261889   0.5285949  -1.7602005
  1.767759   -0.8517575  -0.02767248 -1.834253    1.1935691  -0.00852793
  0.0417054  -1.1915609   0.65619916 -0.36525497 -0.18380834  0.39436755
  1.4802984   1.7518187   1.0477749  -0.27942625  2.023874   -1.8088633
 -0.4282117  -0.50960416 -0.27326128 -0.08281585  0.10647085  3.2895777
 -0.9577783   1.6011938   0.19152494  1.2003366  -1.3006305  -0.4614513
  0.02509622 -0.16084495 -0.03950083  0.4674059   1.2342182  -0.07510085
 -2.7295568   0.72243804 -0.6825592   1.8041204   3.425739   -0.03365416
  0.11789956  0.6219825   0.08883286 -0.5645346   0.58428663 -0.13364293
  0.8896396   0.7821204   1.3724295   0.59815246  0.46062663  0.7818079
 -0.95378876 -0.26854336]