[-4.10504192e-01  1.27806664e+00 -1.77959159e-01  1.50109005e+00
  1.28492677e+00  1.04827011e+00  1.86837065e+00 -4.51117516e-01
 -2.40259767e+00  4.24088359e-01  9.18992519e-01  2.06647253e+00
 -1.63552821e+00 -2.52629733e+00 -4.44250852e-01  2.65237480e-01
 -1.06076574e+00 -9.31002378e-01 -2.30362010e+00  1.55930662e+00
 -1.70542493e-01  2.91016936e+00 -1.09053493e+00 -2.32216671e-01
 -5.07009089e-01 -1.85571945e+00  1.18646574e+00  2.62304091e+00
 -9.89661694e-01 -1.25501239e+00  1.68623006e+00 -1.26783669e+00
 -5.39508462e-02 -4.54886675e-01  2.85105920e+00  1.52971828e+00
 -1.11623991e+00  8.26984167e-01 -1.45389259e+00  1.64295837e-01
 -2.72593307e+00  1.04507484e-01  2.53818345e+00 -3.82927507e-01
  9.20559168e-01  1.77185309e+00 -1.75113404e+00 -7.57760823e-01
  1.00448585e+00  1.18211830e+00  1.29848182e+00  5.26728332e-01
  4.53518271e-01  9.88331735e-01 -1.19559252e+00  1.16853845e+00
 -1.17667474e-01  6.66780770e-01  7.88819969e-01  1.77718592e+00
 -4.22880769e-01  1.80365837e+00  2.44262516e-01 -1.89964914e+00
  4.77799982e-01  4.55917478e-01  7.68944085e-01  6.96171701e-01
  8.70419264e-01 -1.88351676e-01  1.65497339e+00 -1.33643591e+00
  1.08328497e+00  1.38783324e+00 -1.47637904e+00  1.54068911e+00
  2.04836178e+00  1.21357417e+00 -1.32741654e+00  2.27648303e-01
 -1.21739495e+00 -8.55282485e-01 -5.93334198e-01 -1.20170081e+00
  4.25431639e-01  2.24796748e+00 -1.17459500e+00  1.95397329e+00
  8.25824261e-01  7.49504268e-01  1.18353748e+00  3.56148362e-01
  1.56373501e+00 -6.51920080e-01  3.18688303e-01 -6.07463360e-01
 -1.92182243e+00 -7.67900884e-01 -2.52381593e-01  7.44996607e-01
  9.31680024e-01 -1.81745780e+00  3.57394147e+00  1.14394677e+00
  1.72211647e-01  4.61944193e-01 -5.79997897e-04 -3.27983350e-01
 -2.77268505e+00  2.69692230e+00  1.78181171e+00 -1.43662930e+00
 -9.81898308e-01  1.62686908e+00  1.24862003e+00 -2.25428486e+00
  4.06130880e-01  3.96300048e-01  3.62959117e-01  6.05897546e-01
  2.08623672e+00 -2.04968667e+00  2.34423566e+00  2.42477250e+00
 -5.70520818e-01 -1.81184733e+00 -1.24311256e+00 -7.20401585e-01
 -7.20934212e-01 -5.35714984e-01  1.25310755e+00 -1.43337822e+00
 -9.72437561e-01  1.52903926e+00 -1.00654924e+00 -3.43006700e-01
 -5.99794149e-01  8.76774251e-01  1.01138413e+00  1.00299990e+00
 -7.03171670e-01  1.98850095e+00  3.92173290e-01 -2.05027676e+00
  2.00394416e+00 -9.72946644e-01 -7.08200112e-02 -1.85835421e+00
  1.72744477e+00  1.88232753e-02  7.82808065e-02 -5.14958315e-02
  9.85234201e-01  5.87690890e-01  1.28672495e-01 -6.10200822e-01
  1.56158912e+00  2.45295835e+00  8.15457523e-01 -4.38426644e-01
  2.14395070e+00 -1.83725321e+00 -8.28162491e-01 -3.54294986e-01
 -3.23166639e-01  8.14926624e-01  9.86825049e-01  4.26638746e+00
 -7.39514172e-01  8.82165909e-01  1.10270667e+00  1.31705487e+00
 -1.27213991e+00 -8.91858339e-01 -7.85700023e-01 -4.64974165e-01
 -4.45696682e-01  6.41611636e-01  5.82021654e-01  1.03804998e-01
 -2.63714194e+00  1.54288483e+00 -5.38916588e-02  1.84874737e+00
  3.06863403e+00  3.48483324e-01 -2.81139195e-01  1.93027556e-01
  4.59342480e-01 -7.79683664e-02  2.03399324e+00  1.53944984e-01
  1.87577248e+00  9.38434184e-01  1.50170743e+00 -4.39176679e-01
 -3.43464166e-01  6.05921626e-01 -1.19146907e+00  2.05359176e-01]