[-0.48844135  1.532858    0.03778868  0.8882894   1.5266732   0.3725114
  0.35388    -0.446558   -1.8165047   1.0913028   0.93301266  2.1771708
 -0.9986667  -3.2026012  -0.26669267  0.757178   -1.7683567  -0.01742268
 -1.7947278   1.4243515   0.27110732  2.318652   -0.9594047  -0.01340334
 -0.77810794 -1.3102139   1.3874767   2.9608421   0.20405068 -1.6502786
  1.1242447  -0.61346203 -0.38380662 -0.22335468  1.865006    1.237884
 -1.877026    0.45038858 -2.1520073   0.43324798 -2.098704   -1.745096
  2.090562   -0.25860336  1.0821307   1.5186     -0.9724966  -1.0885221
  0.04721797  0.74384063  0.54027534  0.09291399 -0.44707805  1.5841347
 -1.0757754   1.6296539  -1.0093727   0.8647887   1.2648679   1.8966653
 -0.47205266  0.95109063  0.44790736 -1.3931429   0.649028    0.634238
  1.2725226   1.203024    0.9785227  -0.9150266   1.5029753  -1.7363493
  1.5390453   1.5617907  -1.4378848   1.6769733   0.5961141   1.020002
 -1.6953434  -0.34647065 -0.67999536 -0.7053333  -0.20404    -1.9703027
  1.052796    2.09248    -0.82084197  1.9244806   0.8229886   1.1458473
  0.7441687   0.93439996  1.3914953   0.08829602 -0.28698137 -0.32779402
 -0.9747113  -0.33464205 -0.45884869  0.9980128   1.7505059  -1.7708201
  2.2383838   0.7604214   0.54126936  1.2627125  -0.10084333 -0.704174
 -1.7003021   2.1523993  -0.09616669 -0.818814   -1.2626913   1.6524467
  0.32934803 -1.7791415   0.29892337  0.58604866  0.95348793  0.9561613
  1.3670594  -2.5154867   1.1710573   1.1671778  -0.4963513  -2.6459582
 -1.2813066  -0.40580875 -0.7636386  -0.995254    1.3260168  -1.8038166
 -1.0579107   0.3791947   0.16061    -0.37938136 -1.720164    0.86397934
  1.4295213   0.538682    0.11224003  1.3551687   1.5682768  -1.7456151
  1.4012446  -0.8994654   0.5560907  -2.4004133   2.5361154   0.9898426
 -0.80225676 -0.43462735  0.18072397  1.042522    0.13734601 -0.3782593
  1.1663114   2.1625178   1.202452   -0.850296    2.7876065  -1.82574
 -1.4459869  -0.29588932 -0.15409733  0.6973013   0.26054198  3.448304
 -1.3169253   0.80709803  0.87073004  0.772394   -0.97069126 -1.7199426
  0.6414526  -0.04002272  0.17688866  0.51220673  0.96583265  0.77261394
 -2.5121133   1.8084706   0.29068     1.3150926   3.4002466   0.44849867
 -0.9825714   1.0888555   1.1694885  -0.08841068  1.197784   -1.0513647
  1.2127273   0.87427866  1.8311595   0.32719132  0.7410726   0.28800067
 -0.99463135  0.24650198]