[[-0.42496198  0.42792099 -0.57793901  1.51971656  1.41639896  0.59887001
   1.4861575  -0.335821   -2.03596551  0.89532151  0.59412751  1.88871203
  -1.39005948 -2.06728904  0.089685   -0.1125995  -1.222789   -0.74920798
  -1.77713653  1.0420915  -0.2999915   1.87474905 -0.99864553  0.53319899
  -0.6608485  -0.82806448 -0.33502249  3.32451313 -0.24557201 -1.70374402
  -0.49782503 -0.033793   -1.34791699 -0.28859247  2.51944958  1.76045399
  -0.76337653  0.18620751 -2.46802607 -0.15193852 -3.05944146 -1.11530503
   1.75316353  0.2571025   1.06015948  1.30324198 -0.99714699 -1.41653801
   0.08373301  1.11437202  0.97545045  0.31935699 -0.03235699  1.95081446
  -0.4722055   1.9435921   0.218473   -0.4216395   0.18324251  1.92436948
  -0.61583102  1.12046997  1.06516147 -0.72349399  1.24437398  1.19494251
  -0.008409    0.76906699 -0.23642652 -0.2380635   1.725915   -0.76373952
   0.90081552  0.86369497 -2.15692005  1.32268747  1.6087075   0.74315452
  -2.15293007 -0.65043001 -0.3252865  -2.04830997 -0.79468145 -2.44674349
   1.01147648  2.63415457 -0.49788399  1.17889751  1.20798154 -0.014114
   0.74327752  0.888415   -0.22254748 -0.25401849  0.57908999 -1.15215054
  -1.06978102 -0.88243849 -0.26016302  0.85007749  0.55038952 -1.35316
   1.88112296  1.43142249  0.94856805  0.149846   -0.96976305  0.59160653
  -2.34017904  1.76090305  0.32791903 -1.76978304 -2.24014848  0.94437001
   1.23166994 -2.23750053  0.58620249  0.27161996 -0.61457553 -0.17109702
   1.03455442 -1.5539015   1.96384248  2.213512   -0.770746   -2.88961254
  -1.65095098 -1.12193352 -0.35870001 -0.88573853  0.27926054 -1.5489655
  -0.09964149  0.70326348 -0.46315051  0.65239451 -1.06710898  2.57691599
   0.8434415  -0.335543    0.05348953  1.55338101  1.3711435  -1.62645151
   2.38127736 -1.32833454  0.44112149 -2.49397949  1.84279497  0.77735001
   0.38096301 -1.42008695  1.48937849  2.00067446  0.48287102 -0.01755151
   1.19063346  2.207318    0.76193101 -0.61457849  1.76826546 -2.45958553
  -1.33628558 -0.90652304 -0.21554947  0.6470815  -0.05220802  4.37497599
  -0.61823752  1.43679299  1.100754    1.0422935  -0.433175   -1.42025
  -0.19000399 -0.06984699 -0.77097745  0.26340599  2.43521546  0.82037097
  -2.47993506  0.808374   -1.44900252  2.43238447  2.80000646  0.762032
  -0.177352    1.83255199  0.04045698 -0.95405901  1.03535599  0.66257598
   1.5142415   0.867698    1.43601998 -0.380601    0.63916149  0.37443648
  -0.61822496  0.15314401]]