[-0.4921648   0.6691586  -0.3756662   1.4147718   1.6826437   0.7553443
  0.8849976  -0.2564657  -2.0383892   0.37772956  0.8941862   2.194524
 -1.3617285  -3.0131192   0.50104386 -0.10113151 -0.34702954 -0.9471106
 -1.6051534   1.5899343   0.0904019   2.2087421  -1.6305559  -0.04184998
 -0.4597305  -0.9732467   0.13813189  3.110171   -0.5699467  -1.3035246
  0.02297425 -0.50019    -0.7118966  -0.32336432  3.1662107   2.2940516
 -1.644334    0.16957526 -2.1966887  -0.29597002 -3.074978   -1.7033834
  2.0340672  -0.08871002  0.72389805  1.337586   -1.1930901  -0.51847523
  0.3684957   1.5608306   0.960108   -0.35487667  0.3744838   2.1809978
 -1.0362161   1.9359576  -0.5376095   0.26231474  0.21415333  1.9452723
 -0.03568335  1.0038071   1.1796687  -0.97223854  1.0164305   1.3418386
  0.13111906  0.86300987 -0.58352995 -0.4833205   1.6543152  -1.1051972
  1.0372976   1.952141   -1.7262571   1.2464762   1.900984    0.33413044
 -1.9646492   0.06690429 -0.40851334 -1.7144248  -0.36214283 -1.9770375
  1.1170272   2.8283226  -1.0830858   1.3958534   1.7471269   0.71364474
  0.8751186   0.7814066   0.9643647  -0.23778188  0.15770951 -0.7625034
 -0.8434325  -0.6218581  -0.4759857   0.5294076   0.925522   -2.045312
  3.0042975   1.286008    0.9370695   0.55272096 -1.2813224   0.38210955
 -2.051304    2.524161    0.28045908 -1.8072608  -1.9240545   1.6066526
  0.6972629  -2.1342816   0.75692147  0.34460953 -0.6797704  -0.31958097
  1.3306525  -1.8216833   2.15815     1.8828739  -0.49533662 -2.3440526
 -2.0602727  -0.90686905 -0.2646091  -1.359758    0.51179713 -1.1814076
 -0.22020006  0.6898924  -0.98591805  0.80613    -0.60170573  1.5737634
  1.3734705   0.15102714  0.01828236  1.728734    1.0586423  -1.685997
  1.9699106  -0.8317214   0.62846863 -2.3446703   1.4111662   0.1537824
  0.25948948 -1.5682338   1.2382377   1.0568953   0.10586572 -0.1255314
  1.5337448   2.726373    1.83809    -0.29940575  2.5188806  -2.4419048
 -0.6093024  -0.90805626 -0.30555478 -0.06733619  0.597749    3.6764584
 -1.049561    1.1862402   1.2655724   1.9155614  -1.4995753  -1.3373324
  0.61803657 -0.8324514  -0.47578856  1.0338485   1.7875078   0.13969718
 -3.0031028   1.0559175  -0.7288872   1.9848224   2.8588834   0.42561525
 -0.8526309   0.8943076   0.9206014  -1.3428729   0.84536797 -0.27268663
  2.1303105   0.9443748   1.5958284   0.28888193  0.5585561   0.50962096
 -1.1981558   0.52513295]