[-0.42313635  0.63170636  0.02085047  0.97941375  1.4198099   0.54787135
  0.553505    0.04260682 -2.093928    0.03338405  0.42385772  1.764352
 -0.9575422  -3.2532637   0.03715866 -0.63887906 -1.0209132  -0.49503812
 -2.044516    1.6361126   0.32256     2.540037   -1.3507199  -0.1660368
  0.13467409 -1.1140476   1.4300188   2.6044972  -0.00827592 -1.3890725
  1.0066638  -0.9559317  -0.8090628  -0.2089491   3.875659    1.0443226
 -2.3037605  -0.43317726 -1.6947918  -0.1173282  -2.0018513  -1.4979881
  1.2619474  -0.8332274   0.8757859   1.6915269  -0.16336961 -0.83990216
  0.91935956  1.1484637   0.05858735 -0.02914362 -0.39155817  1.6644868
 -1.061695    1.8335693   0.41232955  0.6987355   0.26144683  1.9870675
 -0.14135638  1.3444438   0.6108213  -1.1322484   0.6699477  -0.13171135
  0.60163677  1.114519   -0.05860137  0.13289547  1.6548533  -1.4942386
  1.2627074   1.9749703  -1.9674191   1.2556523   1.0148295  -0.22314315
 -1.542645    0.15387505 -0.00962549 -1.3761872  -0.5286508  -1.5525901
  1.0586928   2.5724223  -0.7141309   1.2124377   1.2960454   0.7683704
 -0.01563999  0.38205588  0.5012291  -0.05329818 -0.3151909  -0.0419573
 -1.1728851  -0.41187638 -0.95182264  0.63414955  1.355776   -2.338667
  2.3318784   1.1273695   1.1685286   1.2513984  -0.13559732  0.05710001
 -1.4990478   1.2726154   1.1421613  -2.3742945  -1.0134736   0.5532232
  0.5428627  -1.465446    0.8122032   0.3047996   0.59544414  1.0186696
  1.2056364  -1.802354    2.265375    0.95907587 -0.6628854  -1.7864007
 -1.8117747  -0.06062458 -0.24347362 -1.1738092   0.1538559  -1.4559555
 -1.3074094   0.6076217   0.1421909   0.56329274 -0.5595172   1.507816
  0.9022068   0.00518994  0.1436909   1.4208201   0.9624708  -1.4754046
  1.7448158  -1.0270404   0.49584502 -2.979081    1.9104621  -0.04853998
 -0.44299728 -0.56309676  0.2898859   0.96232134 -0.07331314  0.2663605
  1.2149037   3.2566698   0.6344336   0.10515272  2.5901463  -1.8291583
 -0.72467095 -0.7457519  -0.26839    -0.5960845   0.11887002  3.211067
 -0.70879364  0.22340502  0.85902864  1.6205719  -0.87811095 -0.6247277
  0.8160246   0.20925544  0.5641218   1.0481045   1.0886077  -0.03030231
 -1.9570404   1.54193    -0.3403491   1.5055604   3.810792    1.0411724
 -0.69185597  1.2404172   0.16210365 -0.3188946   1.6222312  -0.04574503
  2.163244    1.2996141   1.6360112  -0.4581854   0.8023064   0.73537505
 -0.9321941   0.10347095]