[-0.15423621  0.15862626 -0.75882035  1.2940067   1.2423471   0.45566618
  1.1892945  -0.39595124 -1.3081486   0.32344794  0.8674634   2.0305388
 -1.0585667  -2.0941484   0.43485752 -0.15522787 -1.0488788  -0.8701985
 -1.8030562   1.3427702   0.33874872  1.9009047  -0.9106641  -0.14426959
 -0.5426     -0.8142216   0.8902979   2.8666909  -0.36343172 -1.2827159
  0.4010775  -0.31720248 -0.7276328   0.07861916  2.922273    1.6365408
 -1.3751092   0.30200586 -2.3235304  -0.12556334 -2.4867768  -1.0513166
  1.5947996   0.07076418  1.295302    0.97370595 -0.6318454  -0.8964551
 -0.45488873  0.72943044  1.1957413   0.01988082  0.30043668  1.7741512
 -0.04942875  1.6696979  -0.18133748  0.18741752  0.59009707  1.6724726
  0.06877749  1.2784566   0.5891592  -1.1507958   1.07504     0.9557833
  0.44481003  0.66020334  0.01983586 -0.28036     1.5232042  -0.67288876
  0.15894629  1.2012805  -1.3766316   0.8437237   1.6577215   0.44763622
 -1.9254375   0.02723794 -0.0607358  -0.95645    -0.4166225  -1.7734028
  1.0442082   2.4618843  -0.71702045  1.2153176   1.2103567   0.16904835
  1.4039901   0.42629752 -0.26555207  0.20521544  0.35643458 -0.30533168
 -0.9949725  -0.4645704  -0.52955705  0.4322709   0.5035104  -1.5607053
  2.2547596   0.9042959   1.2638737   0.9286742  -0.29604667  0.04664918
 -1.819613    1.8951739   0.7471833  -1.3525845  -1.3370618   1.1357217
  0.8512802  -1.9672985   0.33132622  0.525887   -0.5179204   0.36126164
  1.0302562  -1.5844903   1.8271304   1.906514   -0.49264884 -1.9078842
 -1.3119787  -0.3155112  -0.84712166 -1.1937901   0.30916834 -1.2199842
 -0.05562085  0.40221417 -0.59361124 -0.00651293 -0.4152967   1.3978337
  1.167665    0.09330416 -0.40444914  1.344603    0.45944086 -1.1993276
  1.6159323  -1.1918263   0.22145669 -1.3185012   1.8254509   0.25913164
  0.18648541 -1.4950858   1.0184121   0.95696425 -0.1750542   0.3645029
  1.3101463   1.8429737   1.1250945  -0.14826126  1.923051   -1.6390933
 -1.5257916  -1.1228198  -0.6401795   0.29833832  0.3474271   3.372009
 -0.7173229   0.96086925  0.72061753  1.7022233  -0.5157066  -1.041032
  0.09253916 -0.45081    -0.78180915  0.7883787   1.7182375   0.33845505
 -2.8353395   1.2808737  -0.6405784   2.10293     2.456321    1.0036379
 -0.85203415  0.805248    1.2650145  -0.6970684   0.57788163 -0.3587079
  1.788484    0.99906206  1.7608665  -0.19588584  0.29961     0.52747506
 -1.0697029   0.46289206]