[-5.26833832e-01  1.48376107e+00 -1.11035645e-01  1.17591274e+00
  1.99285829e+00  1.40979517e+00  1.60312796e+00 -2.32272878e-01
 -2.15625095e+00  3.87234777e-01  5.69102407e-01  1.82858562e+00
 -1.18184948e+00 -2.94367194e+00 -2.63075203e-01 -5.20648658e-01
 -1.68464065e+00 -5.17777562e-01 -2.04591608e+00  1.30272245e+00
  5.40300488e-01  2.54686546e+00 -1.34245276e+00 -3.78088534e-01
 -2.28175238e-01 -1.27398598e+00  2.68564761e-01  3.21764636e+00
 -5.93399942e-01 -1.65249503e+00  5.62389493e-01 -9.03492332e-01
 -8.13971043e-01  2.25356176e-01  3.65135264e+00  2.17600536e+00
 -1.75063539e+00  5.87760448e-01 -2.08944011e+00 -6.75334275e-01
 -3.56441712e+00 -7.97500968e-01  2.14723563e+00 -1.10413432e+00
  1.58285415e+00  1.19936240e+00 -8.96935225e-01 -8.86123836e-01
  4.63348567e-01  9.88653839e-01  9.36797559e-01  1.27204776e-01
  5.43780029e-01  1.34609056e+00 -7.59135187e-01  2.03684425e+00
  1.12710021e-01  4.12715286e-01  9.92673218e-01  2.05353284e+00
 -4.04379040e-01  1.28535676e+00  1.08350527e+00 -1.28594565e+00
  9.10314858e-01  1.03902912e+00  8.80448580e-01  9.59932208e-01
  6.98936224e-01 -1.15006244e+00  2.45276451e+00 -1.79027379e+00
  8.76158118e-01  1.63017023e+00 -2.23867321e+00  1.05584705e+00
  1.81955850e+00  5.50564706e-01 -2.39479899e+00  1.89023361e-01
 -5.32446682e-01 -1.41723526e+00 -5.70656121e-01 -1.27075291e+00
  1.27495146e+00  2.56837940e+00 -5.70142925e-01  1.43871129e+00
  1.49671233e+00  7.00200438e-01  1.25780845e+00  7.77790964e-01
  3.52879971e-01  4.93124053e-02  3.51897597e-01 -3.90909277e-02
 -1.55990291e+00 -6.59660995e-01 -2.82142907e-01  1.49297392e+00
  4.21778083e-01 -2.59125090e+00  3.26869535e+00  9.34340775e-01
  6.17324173e-01  3.60488087e-01 -8.02764110e-03  7.92904291e-03
 -2.12467599e+00  2.73164320e+00  1.07107091e+00 -1.82406211e+00
 -1.83787858e+00  1.31277239e+00  1.02932096e+00 -1.90250182e+00
  1.01760924e-01  4.92257625e-01 -1.10418580e-01  5.20433262e-02
  1.37654674e+00 -1.60487807e+00  2.23890758e+00  2.17145395e+00
 -7.10426688e-01 -2.50678968e+00 -1.61650109e+00 -2.25590523e-02
 -5.54014683e-01 -7.57701993e-01  1.19900799e+00 -1.98065925e+00
 -7.22220480e-01  9.22569454e-01 -1.23805247e-01  1.34471893e-01
 -6.41289055e-01  1.65290797e+00  7.81171918e-01  5.44757545e-01
 -5.29618621e-01  1.59273696e+00  7.41027117e-01 -1.53538656e+00
  1.70766854e+00 -1.21058762e+00  1.44879520e-01 -1.84458578e+00
  2.02141762e+00  1.40483782e-01  3.48935187e-01 -6.51910484e-01
  7.18635738e-01  6.72744274e-01 -3.31250459e-01 -9.18882489e-01
  1.37302804e+00  2.74552989e+00  1.25888240e+00 -2.87487149e-01
  1.79860902e+00 -1.67992616e+00 -9.62551475e-01 -7.21629560e-01
  4.99595225e-01  3.48291934e-01 -1.77710899e-03  3.89894676e+00
 -1.24575496e+00  1.40961194e+00  1.15083671e+00  8.69509399e-01
 -9.76790845e-01 -1.42031956e+00  3.44127595e-01 -2.57751912e-01
 -1.85623839e-02  8.72975767e-01  8.12329590e-01  2.55530447e-01
 -3.31409240e+00  1.00448203e+00 -5.12830913e-01  1.98704386e+00
  3.15776396e+00  8.11719596e-01 -1.36083627e+00  1.14208698e+00
  8.82736206e-01 -8.85799110e-01  1.96011484e+00  3.30711454e-01
  1.43921673e+00  8.84588540e-01  2.62090015e+00  9.16475058e-03
  6.07921481e-01  6.95860445e-01 -1.10417414e+00  2.21815750e-01]