[-0.3049638   0.4390724   0.11499964  1.1437078   1.5492917   0.767071
  1.0967748  -0.19353004 -1.5133314   0.1852079   1.028769    1.4382721
 -1.3572608  -2.6507604   0.09022172 -0.2908407  -1.3511096  -0.42040035
 -1.620251    1.2740966  -0.40462306  2.3103135  -0.58633906  0.03243482
 -0.20004559 -1.1030182   0.4106545   2.3545794  -0.231369   -1.4502805
  0.38242486 -0.44588524 -0.30959517 -0.22455417  2.5065722   1.2627472
 -1.2667717   0.61129683 -1.3158752  -0.08067311 -2.570007   -0.9137823
  1.9744273  -0.7099724   1.3786064   1.6281345  -0.5457421  -1.2065924
  0.2922786   1.3504077   1.1261916  -0.12241624  0.48498446  1.5307586
 -0.30446967  1.130352    0.22061034 -0.00522031  0.67705655  1.5666552
 -0.30090618  1.3262837   0.3443786  -1.4074252   0.8016314  -0.01601862
  0.73461837  0.9165952  -0.22912656 -0.01260589  1.3804193  -1.0036645
  1.0343182   1.21789    -1.4106667   1.2301224   1.2829429   0.42138618
 -1.8800838   0.10221934 -0.09464446 -1.2765641  -0.5716561  -1.6173985
  0.7190886   2.0420952  -0.8802175   1.4549549   0.6754621   0.6294596
  0.9844417   0.43419415  0.16994618  0.05084965  0.48114735 -0.51480794
 -1.334162   -0.4321314  -0.33030555  0.86857104  0.7077121  -1.6845152
  2.5281515   0.80564374  0.91439146  0.22495726 -0.04399689  0.18365896
 -2.159797    1.9658183   0.91450065 -1.3331014  -1.1718206   0.9108261
  1.033622   -2.0618367   0.2749572   0.37055174 -0.05989965 -0.22390552
  1.5082766  -1.4591674   1.836027    1.606378   -0.54238343 -1.868512
 -1.4237344  -0.4423431  -0.27456552 -1.0283412   0.6935086  -1.0898745
 -0.44953477  0.67478067 -0.8258452   0.4658696  -0.6770393   1.0058683
  0.9109093   0.48707035 -0.5082427   1.2111069   0.79536825 -1.0081573
  1.5741308  -1.0156553   0.77065635 -2.0365398   1.7849252   0.11238725
 -0.43851382 -0.69511414  1.1198659   1.205141   -0.36537895 -0.42236617
  1.21526     2.0283442   0.85929275 -0.34077105  1.9208763  -1.4941976
 -0.8883883  -0.92374533 -0.18617104  0.29770547  0.6149579   3.3776932
 -0.84184474  0.94623667  0.63825935  0.8005914  -1.0100442  -1.2205751
  0.57167554 -0.42099342 -0.2937214   0.0487562   0.8858682  -0.14179379
 -2.4773867   1.505124   -0.335829    1.8324829   2.8187606   0.7232583
 -0.62024003  0.14531896  0.7081707  -0.38515174  1.4399937   0.00716138
  1.2890053   1.0799618   1.904546   -0.06090898  0.589952    0.44516623
 -0.76751035 -0.02110137]