[ 0.21911748  0.3822945   0.051672    1.7283837   1.518118    0.76100004
  1.1307155  -0.03658154 -1.9542351   0.55381596  1.1767626   1.6788685
 -0.74613607 -2.5680997   0.48393354 -0.05726201 -0.8438045  -0.50430006
 -2.255996    1.3712566  -0.11530749  3.079981   -1.509926   -0.31725153
 -0.4577965  -1.3371904   0.7927634   2.6135917  -0.657211   -1.340307
  1.1184753  -0.63184005 -1.191645    0.0788845   2.9640381   1.3597409
 -1.1776776   0.3226455  -1.267911    0.02713053 -1.8729426  -0.630754
  2.00711    -0.6410045   0.74013555  1.3765174  -1.213799   -1.0073065
  0.18574551  0.802746    1.104243    0.28745452  0.49960193  1.695818
 -0.77999556  1.3034594  -0.33131948  0.6469105   0.50488305  1.547808
  0.04971949  1.1723504   0.17042199 -1.2152566   0.66358155  0.38592952
  0.32845902  1.5835834   0.15619601 -0.683746    1.1535561  -1.4477224
  0.71129     1.5584152  -1.116146    1.1884711   1.3662751   0.73557705
 -1.6432701  -0.51344395 -0.77653605 -1.4920775  -0.120366   -1.7840464
  0.77197     2.4013186  -0.77833396  0.92816544  1.7485332   0.7866969
  1.9486614   0.2457765   0.6853491  -0.48837298  0.25420696 -0.05593051
 -1.8822666  -0.7023629  -0.38041645  0.36763197  0.75547254 -1.4913551
  2.2088103   1.6289791   0.5108511   0.91561204 -0.5559589   0.8046055
 -2.0312161   1.54443     0.8385566  -1.9394486  -1.4270755   1.0709059
  1.1868186  -1.8263454   0.45782146  0.493756    0.7663004  -0.26771355
  1.045043   -0.7790935   1.7380005   1.7470134  -0.34758347 -1.6130604
 -0.9081335  -0.09217551 -0.060582   -1.1262574  -0.2006435  -1.5981367
 -0.74630415  1.1425455  -0.6363845   0.63747054 -0.025428    1.5316875
  1.5405179   0.46052808  0.09926999  1.0118821   0.4360195  -1.0009054
  1.9137318  -0.8532664   0.3623115  -1.8301399   1.3601811   0.06194104
 -0.2586825  -0.12008943  0.4315695   1.1537915   0.62181103  0.27942
  1.6136135   1.977664    1.4741591  -0.1627125   2.0365975  -2.3747194
 -1.0142491  -0.7034885  -1.348412    0.4844715   0.77900696  3.9123025
 -0.8220705   0.9175804   1.063655    2.0181527  -1.4374491  -0.61774546
 -0.10250801 -0.47932696  0.31140846  0.64236003  1.2396389   0.04538852
 -2.3889902   1.890115   -0.788647    1.8053885   2.7248845   0.05153049
 -0.45372304  0.671224    0.64794505  0.36421955  1.6920906  -0.08651849
  1.976725    0.352051    1.7928059   0.19446953 -0.36003155 -0.12311999
 -1.2409345  -0.16977198]