[-0.317157    1.1268973  -0.8076204   1.1302058   1.3291286   0.7556095
  0.72976434 -0.45985952 -1.5065608   1.1033673   0.5224396   1.2844818
 -0.99314964 -1.898843   -0.34760043 -0.03785351 -1.4210716  -0.02194303
 -1.8711269   1.103027    0.5562735   2.1462774  -0.36798522  0.33191088
 -0.3709648  -0.7417139   0.84962     2.4424906  -0.66559523 -1.2008275
  0.17086083 -0.8018313  -0.8128395   0.03115567  2.332247    1.5218587
 -1.7695118   0.33287087 -1.7268875  -0.09341086 -1.7997649  -1.0042827
  1.5876799  -0.39906606  0.8666038   1.0675291  -0.95589876 -0.8137587
  0.09367696  0.7203831   1.1712493   0.04119697  0.21883434  1.057281
 -0.9889191   1.2460377  -0.15010609  0.31671438  0.8866173   1.769446
 -0.17923044  0.88640136  0.8249239  -1.1019948   0.50093955  0.28949782
  0.08853132  0.3080261   0.38591784 -0.6792073   1.087596   -1.2430927
  0.575367    1.4867179  -1.3681027   1.3945426   1.4312012   1.2189934
 -1.2376721   0.27817523 -0.54602605 -1.322564   -0.63006175 -1.3698695
  0.6772291   2.0541165  -1.3768104   1.642556    1.4645234   0.8909887
  0.8815433   0.36960223  0.39519387 -0.17835698 -0.05350697 -0.9451979
 -1.2185     -0.7711357  -0.24979262  0.8818779   0.21309958 -2.0849993
  1.7168229   1.2825392   0.46285     0.6011922  -0.21794261  0.06121869
 -1.980339    2.3593938   0.59416693 -2.0943205  -1.4411217   1.557926
  1.3123397  -1.8372083   0.5776578   0.62224257 -0.4251252  -0.23935175
  1.3599318  -1.0446173   1.7913945   1.8766534  -0.55822134 -1.8445237
 -1.6154569  -0.80095476 -0.3137422  -0.97956216  0.75585604 -1.4867113
 -0.4625831   0.69097704 -0.49964696  0.39263266 -0.33777958  1.3531256
  1.4921304   0.36962655 -0.4844513   1.1132482   0.67617136 -1.624474
  1.8656884  -0.7737338   0.46912393 -1.4133797   1.1368748   0.1488178
  0.58728176 -0.6815421   0.9305988   1.0649031   0.44130784  0.45605868
  0.93018824  1.9364274   1.0669979  -0.12935214  1.6661923  -2.197279
 -0.8669749  -0.9017674  -0.21376611  0.33692655  0.35301915  3.402446
 -0.67121965  1.3243809   0.19715393  1.1502379  -1.2104     -1.1680362
 -0.27483782 -0.2752448   0.15944697  0.25705954  1.1093198   0.08800086
 -2.4947796   1.1565919  -0.46176952  1.7431078   2.8472426   0.24724914
 -0.6099696   0.42990696  0.08229349 -0.2858822   1.2289335  -0.15174912
  1.5918809   0.05081916  1.4530505   0.37746182 -0.5790709   0.34009528
 -0.5529278  -0.3364765 ]