[[-3.61640589e-01  2.23401181e-01 -6.40795905e-01  8.44268236e-01
   1.67725763e+00  2.52694119e-01  1.53522470e+00 -3.32098817e-01
  -1.60669646e+00  1.04529507e-02  7.82670040e-01  9.91734096e-01
  -3.97418822e-01 -1.94401177e+00  4.16558797e-01  4.55305269e-01
  -9.03374725e-01 -3.59761764e-01 -1.43258706e+00  5.14389985e-01
   1.14301187e-01  1.82427881e+00 -5.69321781e-01 -6.68321758e-01
  -2.58098830e-01 -7.00599383e-01  9.98947094e-02  2.52787526e+00
  -4.29647232e-02 -9.33445892e-01  1.48054062e+00 -5.57342931e-01
  -2.37959399e-01  3.40362352e-01  2.49867710e+00  1.47131822e+00
  -1.20814177e+00  3.30616451e-01 -1.25217356e+00 -3.03437664e-01
  -2.05864410e+00 -8.61042924e-01  1.39303887e+00 -4.06549424e-01
   1.34444700e+00  6.16981156e-01 -2.85818209e-01 -7.04075878e-01
  -4.35579989e-01  1.35848701e+00  1.24136355e+00  1.19484721e-01
   4.30970757e-02  2.07553178e+00 -1.43238821e-01  1.63558882e+00
   3.66590630e-01  7.26417715e-02  7.23964740e-01  1.86253115e+00
  -1.64312353e-01  1.23663528e+00  2.00262369e-01 -1.13836883e+00
   7.58176468e-01  2.08708834e-01  1.43031779e-01  9.72500018e-01
   6.71488169e-02 -6.32300603e-01  5.39520014e-01 -1.14225282e-01
   5.57716486e-01  1.29406407e+00 -1.45244823e+00  1.24358118e+00
   1.28501118e+00  3.10393558e-01 -1.68086415e+00 -6.65525886e-01
  -3.09588265e-02 -9.93678259e-01  3.09205897e-01 -1.61988415e+00
   1.49804939e+00  1.93414121e+00 -1.12772119e+00  1.03206648e+00
   8.06369379e-01  2.26765520e-03  8.91667061e-01  3.81458717e-02
   4.45111902e-02 -2.69782210e-02  5.61185910e-01 -3.20730008e-01
  -8.16900026e-01 -3.34000149e-02 -7.06571777e-01  8.49312383e-01
  -1.14452909e-02 -8.77885286e-01  1.44044708e+00  1.36816765e+00
   8.05977657e-01  3.38063545e-01  8.10105939e-02  2.76630594e-01
  -1.35963414e+00  1.70404410e+00  4.17495880e-01 -1.24557702e+00
  -1.63188885e+00  7.54681747e-01  4.01981799e-01 -1.64481235e+00
   9.33448266e-01  8.84056437e-01  3.42774093e-01  2.40997658e-01
   1.12036410e+00 -1.40305705e+00  1.43693470e+00  1.24548588e+00
  -1.00470295e+00 -1.23797117e+00 -1.38612412e+00 -1.51468242e-01
   1.24061772e-01 -1.46450115e+00  7.62082549e-02 -1.04587765e+00
  -5.07924136e-01 -2.25237051e-01 -2.23329406e-01  4.37999894e-02
  -3.30326485e-01  9.54555268e-01  1.24453181e+00 -3.80803523e-01
   7.76329416e-01  1.03961466e+00  4.63671193e-01 -1.14076468e+00
   9.32820545e-01 -6.72674106e-01  1.16976482e-01 -1.39625230e+00
   1.74145586e+00  1.27008824e-01 -8.12786456e-01 -1.35402999e+00
   1.52268849e-01  4.01255310e-01  2.53919403e-01  8.94812354e-01
   1.95479474e+00  7.02789408e-01  4.78962935e-01 -4.47035298e-01
   1.58640823e+00 -1.52907468e+00 -7.41002952e-01 -9.26169406e-01
  -7.11266485e-01  5.07057039e-01 -1.73433533e-01  2.84010292e+00
  -4.07458249e-01  1.39114762e+00  6.68980609e-01  1.21326470e+00
  -5.56989411e-01 -1.12388764e+00  8.38847066e-01 -6.86059417e-01
  -5.74137060e-01  4.57547658e-01  2.27474645e+00  6.32057558e-03
  -1.76169945e+00  9.92495332e-01 -9.33772371e-01  1.89316818e+00
   2.71597479e+00  1.13756354e+00 -2.60598251e-01  1.37836823e+00
   9.25192321e-01 -3.47718854e-01  1.36549466e+00  9.24386461e-01
   1.65363944e+00  1.33945707e+00  1.53635175e+00 -1.98072346e-01
   3.10647111e-02  6.62457062e-01 -3.24214697e-01  5.38403543e-01]]