[-0.59392464  0.86620206 -1.0509654   0.9224733   1.1053693   0.42344004
  0.36248    -0.28156197 -1.9644209   1.3080653   0.44403735  2.2772386
 -0.36606264 -3.0178921   0.35194936 -0.7829121  -1.6750054  -1.3016521
 -2.052532    1.4774612   0.44718733  2.754947   -0.78202534  0.2871807
 -0.68243134 -1.2805519   1.1003848   2.5500004  -0.42664737 -1.1537154
  0.39760667 -0.48180595 -1.1704179  -0.01465066  2.4956017   2.245775
 -1.841604    0.7883374  -2.0787094  -0.09884934 -2.0034788  -0.9798593
  1.4735541   0.06999666  0.89806587  1.298874   -1.3088132  -1.208756
 -0.30785868  1.1284293   1.4136373  -0.14123465 -0.23559135  1.7023422
 -0.7824407   1.6789494  -0.48777533  0.84469527  0.3195747   2.1286352
 -0.10996334  0.96361744  0.19065067 -1.2796109   1.530056    0.79733664
  0.252662    0.8431507   0.42381334 -0.22863397  1.2104048  -1.4485128
  0.12715803  1.8651214  -1.7728994   1.5137413   1.5739174   1.404864
 -1.719254    0.00647198 -0.16087934 -1.153856   -0.56359667 -1.65798
  1.607294    2.1868253  -0.88182265  1.3932114   1.9362664   0.42472604
  1.5754781   0.06926803  0.33853266 -0.3831273   0.12114134 -1.0620881
 -1.4810688  -0.6556086  -0.32149202  0.65446734  0.22948    -2.5319922
  1.722428    1.4421891   0.7364987   1.0411153  -0.6383107   0.101814
 -2.2094207   2.162826    0.87871456 -1.9183096  -1.2435498   2.0538065
  1.3242873  -1.7259426   0.4297227   0.77756476 -0.11032806 -0.08725068
  0.87933534 -0.67171794  2.236076    1.9843353  -0.44022995 -1.1118306
 -1.2155321  -1.0154827   0.13266467 -0.88194346  0.19656    -1.6188487
 -0.81409466  0.76305395 -0.36159265  0.56782734 -0.18487467  1.5690173
  1.1205081   0.16974202  0.29267672  0.9867007   0.29655737 -2.097072
  1.3114715  -0.3970453   0.5818953  -2.249566    1.1621053   0.19656862
  0.19993933 -1.0817946   0.78379864  1.1300147   0.45685396 -0.09745062
  1.3058927   2.6376047   0.96097744 -0.52221733  2.6417987  -2.4212995
 -0.8909393  -0.80846137 -0.50801873  0.4839373   0.10491002  3.1736953
 -0.748256    1.1878207   1.3243287   1.7925186  -1.1446726  -0.5899868
 -0.24482132 -0.74731195  0.29975334  0.7516493   1.5829567  -0.0604567
 -2.6863458   1.2694781  -0.7364286   2.0895545   3.359989    0.13620132
 -0.34169865  0.35576928  0.14918467 -0.4614927   1.144956   -0.2054206
  2.0034053   0.5426627   1.570132    0.5415133  -0.572522    0.5490247
 -0.86179334  0.21230735]