[-0.32453373  0.6596507  -0.12897627  1.399665    1.2714399   0.28658623
  1.5606451  -0.45426443 -1.9781549   1.154055    1.3986719   2.2173076
 -0.6700062  -2.9096127  -0.23211373 -0.66289943 -2.4323082  -1.1358557
 -1.7402107   1.4893563   0.29531685  3.0715332  -1.348288   -0.37022686
 -0.4668706  -1.4718906   0.81018126  2.6625469  -0.3471938  -1.0170144
  1.4244506  -0.99736446 -1.0237094  -0.6067319   2.1299374   2.5923474
 -0.80875254  0.93000877 -1.8288969  -0.09570125 -1.8968213  -1.0852005
  2.0072868  -0.7467538   0.75375056  1.2357867  -1.0100832  -1.2976964
  0.5682212   0.20847186  1.0671088   0.46817124  0.26821816  0.86775565
 -1.1745807   1.450585   -0.42707002  0.88218313  0.55846125  1.801142
 -0.09716875  1.7242703   0.5537356  -0.70412624  0.55314434  1.1011724
  0.5119975   1.0523119   0.6461163  -0.05587689  0.95197934 -1.6837006
  0.85360134  1.2177393  -1.6873007   0.66600746  1.5518221   1.1259831
 -0.95504934  0.5688219  -0.7364207  -1.3847164  -0.7390013  -2.2522955
  1.3958981   2.522905   -1.001945    1.082795    1.4116962   0.75052744
  1.4018419  -0.16642499  0.32272938  0.84781754  1.0465568  -0.659585
 -0.93967015 -0.4566994  -0.04266313  0.9303612   0.7459413  -1.3858321
  2.7787356   0.49840063  0.08587126  1.3591294  -0.64434993  0.4324675
 -2.3362749   1.8949217   1.0361694  -2.3867776  -0.6253974   1.0808656
  0.7093406  -2.3794272   0.57581055  0.45678502  0.41855872 -0.7123431
  1.0718938  -1.1888226   1.1318957   2.4269261   0.01947688 -1.9834211
 -0.6494268  -0.5708337  -0.3763225  -0.6060594   0.74475956 -1.152178
 -0.79134005  1.018803   -1.3372006   0.3545169  -0.7799594   1.1348523
  1.5757037   1.3604763  -0.7287425   0.7155824  -0.35988998 -2.1516364
  2.0025125  -0.181205   -0.22611499 -1.8074517   1.1807369  -0.5932994
 -0.35528505 -0.84840757  0.8727744   0.4886219   0.15830258 -0.48639378
  1.3498794   1.9542233   1.7604256  -0.6961519   2.0819507  -2.377623
 -0.02651314 -0.6546037   0.08204502  0.60547125  0.33672374  3.8071094
 -0.60247433  1.9653357   0.58798444  1.2828468  -1.6422119   0.30783123
 -0.5706325   0.29071435  0.07673247  0.4492138   1.1036263  -0.56800133
 -2.8521426   1.6024313  -0.28807878  1.7684176   3.2585342  -0.17424189
 -0.30675685  0.8817357  -0.15998437 -0.09188563  1.2712787   0.38873875
  1.2436126   0.7071657   2.238107    0.32171005  0.0766831   0.14944625
 -2.03565    -0.25431687]