[-1.13826215e-01  7.19797492e-01 -4.01643723e-01  1.69756627e+00
  1.40480113e+00  1.02734756e+00  1.07029128e+00 -2.36716241e-01
 -1.92834508e+00 -6.93075135e-02  2.67835021e-01  1.53910494e+00
 -1.35008740e+00 -1.91958737e+00  5.09750843e-03 -9.67914939e-01
 -6.80365026e-01  5.21247566e-01 -8.80427539e-01  1.16736996e+00
  2.89075002e-02  3.29966712e+00 -1.11077118e+00 -5.39888740e-01
 -4.41127539e-01  2.49767467e-01  4.35021281e-01  1.78867233e+00
 -1.14453995e+00 -1.33806503e+00  5.14922500e-01 -1.42804995e-01
 -2.54552484e-01 -1.68321222e-01  1.91897738e+00  1.83165240e+00
 -1.46007133e+00  8.75943780e-01 -1.33872867e+00  4.33031231e-01
 -2.13384867e+00  2.01712400e-02  2.48760009e+00 -5.14592528e-01
  8.44357610e-01  1.27642250e+00 -1.63686395e+00 -5.38418770e-01
  2.25210011e-01  9.76590097e-01  1.59941363e+00 -7.19136238e-01
  9.55162525e-01  9.47588742e-01 -1.62023878e+00  2.59429002e+00
  2.64740050e-01  1.32462382e-02  1.52353752e+00  1.58592129e+00
 -1.60566628e+00  2.47515008e-01  8.93663764e-01 -8.75885010e-01
 -9.44812745e-02  1.77991891e+00  1.02526748e+00  1.27191007e+00
  6.16727471e-01 -7.81565011e-01  1.21480632e+00 -2.19208646e+00
  7.74921179e-01  7.67866254e-01 -1.72211766e+00  1.81491995e+00
  1.44005513e+00  6.14325255e-02 -7.45742559e-01 -3.24973762e-01
  1.59150064e-02 -2.18298483e+00 -9.84276235e-01 -1.15219498e+00
  2.96623766e-01  1.47611511e+00 -1.17563879e+00  2.18019247e+00
  2.18037891e+00  2.16607618e+00  1.08107877e+00  9.19812769e-02
  7.46508837e-01  4.33150083e-02 -2.43457496e-01  5.99662066e-02
 -2.15623140e+00 -3.31653744e-01 -3.06188732e-01  3.88882488e-01
  4.41462547e-02 -2.65236378e+00  2.60536861e+00  1.67823875e+00
  3.13764989e-01  6.37051284e-01  3.97901237e-01 -8.08549821e-02
 -2.94865370e+00  3.19386625e+00  9.77934897e-01 -1.81681371e+00
 -1.58173621e+00  1.90709615e+00  1.30450630e+00 -2.67351007e+00
  3.58241796e-03  5.89464962e-01  4.91071254e-01  3.37846309e-01
  9.51528788e-01 -1.13075376e+00  1.35396504e+00  2.05055499e+00
 -8.63507450e-01 -1.85021007e+00 -1.07929873e+00 -8.93083751e-01
 -8.77255082e-01 -8.22835028e-01  1.01946366e+00 -1.65564871e+00
 -5.16037464e-01  1.78101301e-01 -3.97967517e-01  6.99512362e-02
 -6.93507493e-01  9.33828771e-01  2.52400231e+00  9.85923767e-01
 -4.60701287e-01  5.57861269e-01  3.39683712e-01 -1.42240250e+00
  1.71491241e+00 -2.74372101e-03  1.37017488e-01 -1.93322635e+00
  2.62299895e+00 -1.18116267e-01  8.20816278e-01  2.19283774e-01
  1.97908616e+00  1.05465877e+00 -2.66094983e-01 -8.88195038e-01
  1.51060009e+00  2.80914021e+00  9.75468755e-01 -8.56962562e-01
  1.53542125e+00 -1.95973992e+00 -9.71107483e-01 -7.98457384e-01
  6.97287500e-01  8.12668741e-01  4.61608738e-01  3.73612881e+00
 -1.09558260e+00  5.63017428e-01  1.29166877e+00  2.13690138e+00
 -1.75682259e+00 -2.25495625e+00 -3.98131281e-01  3.59245002e-01
  6.80282474e-01  1.14203632e+00  5.76881170e-01  2.70046264e-01
 -2.67753267e+00  1.91559756e+00 -5.68494916e-01  2.42537141e+00
  2.98122740e+00  1.03511870e+00  1.38428673e-01  1.45816237e-01
 -8.05433691e-01 -1.89851254e-01  2.26263475e+00  5.82862496e-01
  7.70941257e-01  7.06683815e-01  1.27829766e+00 -1.86563760e-01
 -6.14033759e-01  6.80736303e-01 -1.42582506e-01  6.31458759e-01]