[-5.39183974e-01  5.11354983e-01  2.76159942e-02  9.44831073e-01
  1.00553191e+00  3.11935008e-01  7.28100955e-01 -2.55839974e-01
 -2.03554606e+00  5.97707987e-01  1.04812598e+00  1.02899003e+00
 -6.65804029e-01 -2.56026411e+00  2.17327997e-01 -4.22499001e-01
 -4.98556048e-01 -1.06890991e-01 -9.80914950e-01  2.65019000e-01
 -5.86444020e-01  2.18019104e+00 -7.03069985e-01  7.83923984e-01
 -5.20109907e-02 -1.17877209e+00  6.05291009e-01  1.91254497e+00
 -2.30654985e-01 -9.02263999e-01  5.94411969e-01  2.54355013e-01
 -9.08894897e-01  6.96370155e-02  1.90587485e+00  1.92456090e+00
 -9.15938020e-01  5.38877010e-01 -8.18764031e-01  9.22219098e-01
 -2.01887798e+00 -5.56464076e-01  1.95217991e+00 -4.43459988e-01
  2.33461946e-01  8.45287979e-01 -1.11372399e+00 -1.00141799e+00
  5.18720031e-01  8.84872079e-01  1.08086085e+00 -1.73278019e-01
  1.29174709e+00  1.18929100e+00 -1.02789593e+00  1.33179200e+00
 -5.63860163e-02  5.00425994e-01  9.01301980e-01  1.49146199e+00
 -7.72554040e-01  5.82586944e-01  8.88680145e-02 -1.00077403e+00
  3.99442017e-01  9.21617985e-01  2.02780012e-02  1.08717299e+00
  5.52560031e-01 -1.09031998e-01  1.58001208e+00 -7.84842968e-01
  3.75247002e-01  1.30190897e+00 -1.98989904e+00  1.12368798e+00
  1.62589991e+00  5.66832006e-01 -1.45372105e+00 -8.15899391e-03
 -4.75966036e-01 -1.91964912e+00 -3.43326986e-01 -1.38698888e+00
  6.93841994e-01  1.80143201e+00 -8.71487975e-01  6.60219014e-01
  1.47475505e+00  4.20481026e-01  5.98954022e-01  5.86472034e-01
  9.46039021e-01  2.20130086e-02  6.52552009e-01 -1.14860797e+00
 -1.39778805e+00 -9.23595071e-01  4.99610990e-01  6.66828990e-01
  1.30447197e+00 -2.22876883e+00  2.66148806e+00  1.64012885e+00
  1.98091030e-01 -6.18697982e-03 -9.52429920e-02 -2.90582001e-01
 -1.46451402e+00  2.19928885e+00  1.12367404e+00 -1.22167695e+00
 -6.74980998e-01  8.27721953e-01  6.62680030e-01 -1.42810404e+00
  6.27750993e-01  1.00498006e-01  1.66529641e-02 -5.11714995e-01
  1.42841411e+00 -1.11728597e+00  1.71532023e+00  2.01979208e+00
 -4.97817993e-01 -1.67324901e+00 -1.30603385e+00 -4.37494993e-01
 -5.77484012e-01 -5.52845001e-01  1.23737502e+00 -9.14366066e-01
 -5.85111976e-01  1.72414088e+00 -4.06392008e-01  5.05956054e-01
 -6.82854056e-01  9.81112957e-01  1.37886596e+00  2.51172990e-01
  1.09809842e-02  6.31511033e-01  4.58786011e-01 -1.63279986e+00
  1.15032208e+00 -5.44325948e-01 -2.49583006e-01 -1.81098199e+00
  1.85625482e+00  3.03809997e-02  2.00059965e-01 -1.53924018e-01
  9.77013946e-01  1.24853984e-01  1.58871010e-01 -9.09799933e-01
  9.36385989e-01  1.92686713e+00  4.48655039e-01 -4.43919003e-01
  1.68411195e+00 -1.57914901e+00 -9.26654994e-01  1.47271007e-01
  7.71008432e-04  3.17157030e-01  3.15398008e-01  2.64824629e+00
 -1.06580400e+00  9.39157128e-01  1.12255907e+00  1.06763506e+00
 -1.76151979e+00 -9.92279887e-01  4.24278021e-01 -3.40452015e-01
  7.82099925e-03  4.28142965e-01  2.88977981e-01  3.82919796e-02
 -2.73320103e+00  8.63023937e-01 -1.24746704e+00  1.50327694e+00
  2.65722203e+00  2.28190988e-01 -4.17739004e-01  5.16576946e-01
  2.96235949e-01 -8.34191978e-01  1.40591598e+00  1.98256984e-01
  1.00553203e+00  1.07263696e+00  1.03917098e+00 -2.95377016e-01
 -1.74383000e-01  3.03121030e-01 -5.99123001e-01  5.23416042e-01]