[ 0.665855    0.5384125  -0.67370504  1.0758101   1.3601125   0.4786675
  1.195865    0.27849498 -2.257885   -0.444335    2.590415    1.8659027
 -2.2266276  -1.8381176  -0.23304002  0.80631    -2.5718899  -0.43665248
 -2.5891652   2.009805   -0.19307251  4.352762   -0.7473749   0.2627
 -0.359585   -1.0276725   2.1518426   3.0370173   1.2107775  -1.3244075
  1.8774      0.06759001  0.04143751  0.3171525   3.2159674   2.4802225
 -1.8854724   0.374755   -1.2647      0.04532251 -2.7143626   1.9961275
  2.2665424  -1.30187     1.802235    1.4009075  -1.050745    0.8008525
 -0.38188002  1.8773899   0.61938     0.081985    0.13080497  1.960495
 -0.35471502  1.0403075  -0.47078493 -0.07435751  2.1847577   2.8866024
 -0.65690506  1.0851225   0.250805   -1.2020376   0.9946825   1.1376225
  1.99699     0.96784747  1.61428     1.3143325   0.80206    -3.088195
 -1.2165499   2.0339775  -1.0768725   3.08214     1.1858374   1.5157375
 -0.82632494 -1.262225    0.71371496 -1.1996     -1.2831925  -1.5865026
  0.7754275   1.2492225  -1.0525374   2.380415    2.28544     0.859485
  1.7919549  -0.5954776   0.59924495  0.67123246  0.4763925  -1.12298
 -2.9376426  -0.99236256  1.399075   -0.4738775   1.1960675  -0.908915
  3.1365376   1.3037975   0.94011986  1.2114425  -0.16458501 -0.42913502
 -3.95837     4.526965    2.1552424  -1.199595   -0.75855005  1.53694
  1.16169    -2.7668352   0.2469475   0.85288006  0.6565475   1.0707824
  2.3223176  -1.672865    1.2297674   0.8794     -0.52370495 -1.3946201
 -1.03558     0.754265   -1.5680301  -0.64576495 -0.80170256 -1.594975
 -1.4037526   1.4277825  -0.22966754 -1.2406151  -0.45756745 -0.5566775
  1.7376723  -1.138685   -0.69349504  1.0853724  -0.28897005 -2.2907076
  2.633365   -0.193485    1.5747901  -2.6157675   1.5965574  -0.10563502
 -0.34762502  0.51981246  1.0762676   0.79778254 -0.0101775   0.380475
  0.503       3.0615897  -1.0002325  -1.2867699   2.55054    -4.572775
 -1.1180326  -0.59305    -1.1704199   1.239955   -1.1283624   3.870605
 -1.603205    0.62419     1.819195    3.25324    -2.0001001  -1.5149525
  0.29770252 -2.5685475   2.0816824   1.1679599  -0.86115247  1.8071551
 -2.498965    3.2888575  -1.27342     4.071785    4.7364397   0.88312745
  0.65238255 -0.4750225  -0.44331253  1.76585     1.3799424  -1.502085
  2.4578223   1.758955    2.0096498  -1.0333201  -1.2267375   0.43063003
  0.7885125   0.49141496]