[-0.41822353  0.6200977  -0.295402    1.3158383   1.5225177   0.33748996
  1.6904773   0.44324157 -2.5579126   0.3993708   0.85911745  2.4526932
 -1.0043073  -2.402255   -0.45162004  0.12232036 -0.82011163 -0.1506896
 -1.875632    1.5503631  -0.21762498  2.7301352  -0.58777195 -0.14857921
 -0.6055961  -0.5195704   0.4876166   2.4193544  -0.2020173  -1.7570364
  0.40116918 -0.5780519  -0.64563346 -0.4754781   2.7217798   1.9147328
 -1.8983269   0.46464965 -1.9650236   0.07559849 -2.7133317  -0.73678154
  2.1779482  -1.3976238   1.4642917   1.9632087  -1.0302827  -0.84647375
  0.23283154  0.85899967  1.1201123  -0.45167193  0.9252626   1.1673739
 -1.1367987   1.168076   -0.22281922 -0.3422807   1.2090331   1.9011781
 -0.40341848  0.94584304  0.5691403  -1.4101088   0.8504147   0.9557346
  0.83388734  1.0436434   0.35127002  0.11464115  1.8015498  -1.5024545
  0.4474303   1.3007011  -1.7950622   1.3489385   1.9760945   0.4879449
 -2.0478125  -0.30318537 -0.5947315  -1.4789861  -1.2287784  -1.290055
  1.0552583   2.432242   -0.9999023   1.0330466   0.94323975  0.7992947
  1.2071426  -0.25484693  0.6617539   0.40762618  0.49191764 -1.0817922
 -1.56179    -0.7337977  -0.16466464  0.94678307  0.9418793  -1.4707946
  2.685702    1.5227228   0.6676747   0.07410771  0.01829809 -0.3793158
 -2.4489906   2.9127173   1.5663695  -1.363514   -2.026435    1.7030989
  1.7247071  -2.350227    0.5000938   0.705465   -0.6593993  -0.11641002
  0.7563076  -1.8504342   1.9592509   2.0615404   0.3352     -2.0496013
 -2.0212235  -0.6816235  -0.12095617 -0.8198264   1.1212108  -1.461384
 -1.0122197   0.8421812  -1.5287747  -0.5060365  -0.43283656  0.80271345
  1.37661     0.3600896  -0.78166264  1.4601942   1.0790946  -2.1148772
  1.6058652  -0.53700006  0.5576458  -1.944907    1.3944353   0.34318307
 -0.19230762 -0.3534927   0.98181194  0.5047962  -0.59141576  0.18612613
  1.8370818   1.8340486   0.36074576 -0.79010457  2.475016   -2.9588168
 -0.8150284  -0.52969766 -0.8126415  -0.05984729  0.34673303  3.6225955
 -1.2973397   1.6324297   0.5072596   1.3683484  -1.338319   -0.71150655
 -0.31629276 -0.3239223  -0.7788799   0.67879957  0.9924222  -0.09990191
 -2.653979    1.571638   -0.89872617  2.1584058   3.0490212   0.7759057
 -0.09919692  0.71276563  0.6946531  -0.05931116  1.2871511  -0.58946157
  1.3248312   1.1725603   2.1941798  -0.65268964 -0.37728277  0.35273615
 -0.68450534  0.07601846]