[-0.24680501  0.04418499 -0.7497575   1.4918625   2.091515    0.51731503
  2.9494927   0.50271    -2.5690126  -1.6114174   0.09759507  1.2068574
 -0.396425   -4.2410326  -2.10831    -0.805405   -1.5055226   0.03575255
 -2.167305    1.332015    0.5853125   5.001345   -0.6401975   1.0749977
 -1.5412124  -0.800995    1.136775    1.316975   -0.5437075  -2.97035
  1.413825   -0.85584503 -0.95037997  0.9973325   0.66589     1.8812726
 -1.8110424   3.57836    -2.124085    0.50146496 -0.9276575  -1.2315524
  3.6920424  -2.5049026   2.0014277   1.8922201  -1.4386176   0.63803744
 -0.40430498  0.76268756  1.8462926  -0.4703051   0.60654     1.4350724
 -3.5620174   2.2383075  -0.29063252  1.3744826   1.419715    1.6071401
  0.26897502  2.7652802  -0.39517003 -1.315305    0.43139496 -0.35925245
  1.0339825   0.6857474   0.7713625   0.5197125   0.09157249 -3.11927
  0.4612975   0.67445    -2.0149674   3.43605     0.824635   -0.42543
 -0.08721498 -0.265235   -0.67640996 -0.7944625  -0.7187225  -2.1013525
  0.7438074   1.161145   -1.09722     1.32565    -0.98959243 -0.25156
  2.8774424   0.39040005 -0.42469     0.59370756  0.8353225  -0.71758497
 -0.7435225  -0.66927     1.2534     -0.27974498  0.4295     -0.889435
  2.8788753   3.0655427   1.1831075   1.168715   -1.41832     1.308165
 -2.2888975   2.0147152   0.44429004 -1.11861    -0.88921255  2.9354675
 -0.36339998 -2.6927776   0.979915   -1.4882874   1.5094526   0.40762752
  2.11266    -2.40696     2.176865    2.5835924  -0.47045243 -2.1981676
 -0.887905    0.49535996  0.5264725  -1.6978974   0.7811125   0.34445
 -2.498445    0.9190625  -0.48354754 -2.16353    -1.2518276   2.030575
  5.538985   -1.182615   -0.5657375   1.7685776   0.77071756 -1.7588251
  2.4715424   1.1012601   1.27081    -1.763985    0.4014575  -0.279005
 -0.4869725  -1.1716624   2.8825426   0.86337     0.6675775   1.5293674
  0.70984745  1.9223175   0.345375   -1.2253176   2.323705   -4.9949603
 -2.9539626   0.99819994 -1.1517324   0.52820504 -0.4069125   2.7005725
 -1.1915876   0.64441496  0.72799003  0.26845002 -1.34393    -1.35124
  0.61658484 -0.7038549  -1.9434924   1.04195     0.85173005 -0.3108875
 -4.5204525   3.4201674   1.5149524   2.3060725   3.7408876   0.19310495
  1.6976227   1.150765    0.31371     1.0840249   2.73462     0.21610504
  0.83243     0.6874075   4.520303   -0.6361275   0.10603496  0.33827502
 -1.7297025  -0.5590075 ]