[ 1.9337699e-01  1.5035012e+00  7.3393488e-01  1.2830130e+00
  1.0623460e+00  1.1830531e+00  1.8497406e-01  1.1206931e+00
 -2.2730792e+00 -1.7528501e-01  1.3811750e+00  2.1169438e+00
 -5.0082493e-01 -3.5046711e+00  8.7737590e-01 -1.1692951e+00
 -1.0737301e+00  4.3460900e-01 -2.3134460e+00  2.5568349e+00
 -5.0682300e-01  2.8428826e+00 -1.8199409e+00  2.6892200e-01
 -6.6205800e-01 -9.7567606e-01  9.0384209e-01  2.8425310e+00
 -3.5594600e-01 -8.8242912e-01  1.1691210e+00 -1.0098939e+00
  5.8849014e-02  1.4571410e+00  3.8500659e+00  2.1473269e+00
 -1.7312860e+00 -6.8686984e-02 -8.6092603e-01  1.1816800e-01
 -2.2850609e+00 -5.7749999e-01  2.6657372e+00 -3.4296599e-01
  7.5254089e-01  1.3978260e+00 -5.9164101e-01 -7.9327393e-01
  7.1415102e-01  1.3508619e+00  1.4359410e+00  1.2599890e+00
 -4.9657696e-01  2.1209772e+00 -1.1900480e+00  1.3449271e+00
 -4.8067600e-01  8.3643609e-01  1.0672859e+00  2.3047612e+00
 -6.0104597e-01  4.7927698e-01  1.2497001e+00 -2.3271141e+00
  3.7727001e-01  1.3435301e-01 -2.9447889e-02  1.3553189e+00
  5.7452899e-01 -4.3215695e-01  4.4738603e-01 -7.5752991e-01
  3.9780697e-01  1.8676748e+00 -2.8740211e+00  1.2462021e+00
  1.6037079e+00 -5.6189936e-02 -2.1805742e+00 -5.1478994e-01
 -4.8616201e-01 -1.1647431e+00  2.1598101e-01 -1.2010119e+00
  7.8185296e-01  2.6464870e+00 -5.6229204e-01  8.1882095e-01
  2.3744080e+00  1.2134249e+00  6.8237698e-01 -2.8568903e-01
  1.8948780e+00 -9.5081794e-01 -7.0801795e-01 -9.7690600e-01
 -1.8765192e+00 -1.9394850e+00 -1.1595320e+00  5.9904206e-01
  1.7530130e+00 -2.9141757e+00  3.2011750e+00  1.2093159e+00
  5.1638001e-01  8.2228500e-01  3.7905592e-01  9.1216791e-01
 -2.0700569e+00  2.7560534e+00  9.4674093e-01 -2.0990996e+00
 -1.2140610e+00  9.6450406e-01  4.0969500e-01 -2.6549370e+00
  1.1564859e+00  1.7726481e+00  1.2167028e+00 -5.4088026e-02
  2.7822611e+00 -2.7644873e+00  1.8501980e+00  9.7629297e-01
 -9.8922598e-01 -1.3086810e+00 -2.1859317e+00 -1.8389699e-01
  1.3020352e-03 -2.2912588e+00 -3.9014998e-01 -1.1478699e+00
 -6.5430295e-01  9.1675699e-01  8.4271401e-01  1.5435678e+00
 -8.4548396e-01  9.9185503e-01  1.7344099e+00  9.8570980e-02
  1.3389897e-01  2.0188279e+00  6.4144909e-01 -8.7687606e-01
  1.8484209e+00 -1.6272831e+00 -7.7091306e-01 -2.6144681e+00
  2.3246469e+00 -1.9300581e-04 -4.9473795e-01 -4.8825097e-01
  8.7657487e-01  2.2407098e-01  4.9038297e-01  6.5074903e-01
  1.5753000e+00  2.5530410e+00  8.4495497e-01  5.2903396e-01
  3.4129879e+00 -2.4738030e+00 -1.2355320e+00 -5.5865496e-01
 -8.3796993e-02 -2.9626995e-01  1.0607549e+00  3.2890067e+00
 -1.5508769e+00  1.1042349e+00  9.4528091e-01  1.6916380e+00
 -1.0308321e+00 -4.1438705e-01 -2.0307700e-01 -9.7438395e-01
  6.1698198e-01  9.7560805e-01  1.0701590e+00  2.0258701e-01
 -3.2676620e+00  1.6331689e+00 -4.0663901e-01  1.8101809e+00
  3.5968881e+00  6.5071797e-01 -1.3361040e+00  6.0929710e-01
  8.0669707e-01 -1.0069299e-01  2.3062787e+00 -5.6998700e-01
  2.2637432e+00  1.5280979e+00  1.5886672e+00  4.8736200e-01
  1.3496410e+00  6.4684802e-01 -1.7780880e+00 -7.9668954e-02]