[[ 1.04597378 -0.85946748  1.89841121 -0.1934625   1.47906874  0.03938126
   0.87500752 -0.47418377 -1.0226613  -1.18492502  1.12365122  2.85663122
  -0.75303376 -2.8306799   0.93807876 -1.14816248 -0.64449622 -1.13453498
  -3.0736275   3.68711632 -0.89580631  1.76688255 -0.86823122  1.20294752
   1.70350622  0.08300124 -0.78694124  2.28235124  0.82870249 -1.94765504
   0.37192002 -1.32638003 -2.13549748  0.11807251  1.47067125  2.41177499
  -1.12404878  0.82501249  1.95205875 -0.72636005 -1.20987497  0.00864001
   0.14052001  0.06845996  1.62034503  0.60965876  0.47032248 -0.21572499
  -0.49388     2.20245254 -0.03796624  1.10334504  0.30815374  1.03226875
  -0.19682373  1.30078757 -0.56728747  1.50087122 -0.11689628  1.93753875
   0.27337253  1.73142125 -0.32044376  0.38682377  0.1341912   2.08318379
   0.92326251  0.27845626  2.79623752 -0.93699875  2.68273243 -0.01982748
   0.33226125  0.44484876 -1.01578621  0.80495249  0.55127127 -1.38004246
  -1.15525378 -2.35659003 -1.28358876 -1.09967379 -0.25826626 -0.17686125
   0.86062124  2.20272251 -1.34432502  0.90536122  1.30236376  0.9052325
   0.50610877  1.16312382  0.09100755 -0.40726747 -2.09519876 -0.247555
  -0.73518753  0.239385   -1.57690623  0.46700244  1.18287375 -0.77292749
   2.67935629 -0.080265    2.64590746  1.14150754 -1.67749627  0.48690125
  -1.18030629  1.54663125  1.08138631  0.37875997 -1.19198254  1.56730874
   0.74703253 -2.42625494  1.07166999  0.91741874 -0.26374998  0.42173501
   3.45418376 -1.57093501  2.28581508  2.94389004 -0.12702632 -1.10814001
  -2.4380862  -1.17635119  0.38492002 -1.74435622  0.28236376 -2.94111503
  -2.09303999  0.22461499  1.64347     0.20756998 -2.42519872 -0.48534754
   2.29054752  1.27437877  0.90401874  2.29076374  1.70418122 -2.6482987
  -0.46899374 -3.37385125  1.16023881 -0.72971624  0.26656378 -0.95789001
  -0.48645368 -1.70096502  0.08816871 -1.21031495  0.31617247  3.21375245
   0.08785246  0.5716025   1.76825373 -2.51037255  2.76458376 -0.06261499
   0.79951125 -0.81389999 -1.1071525  -0.81531001  0.99465747  2.81563115
  -1.18907376  1.97838375  0.31599875  1.85779497  1.1245225  -0.7738312
  -1.66882123  1.48151619 -0.59008746  2.71756364  1.32398255  1.03227
  -2.91692127  0.96494497 -0.96518377  2.55003865  2.59878127  0.5961813
  -1.97916871  0.09737874 -0.32769127 -1.24172878 -0.64909752  2.67822252
   1.78653745 -0.86850129  0.01469873 -0.84904745 -3.2314437   0.47337752
   1.69981372  2.55983624]]