[-0.6244175   1.6254975  -1.193785    1.5880826   1.617105    0.16229004
  1.29529    -0.26972994 -1.8095125   0.98875254 -0.07101247  1.8571875
 -1.4638175  -2.66663    -0.62303     0.6320275  -1.212795    0.04255748
 -1.17678     1.26133     0.85542     2.0717325  -1.5940175  -0.14689004
 -0.70765    -1.5971775   1.4812427   1.94138    -1.44046    -2.270155
  1.2778549  -1.0638801  -0.83052254 -0.37731     3.82566     2.0587401
 -2.2391574   1.128165   -1.7995551   0.48255    -1.6075451  -1.3551301
  2.77922    -1.9985101   0.5939525   1.6804225  -1.1041075  -0.02199504
 -0.87444746  1.1432226   2.0309477   0.59456754  0.56256497  1.3347726
 -1.3651824   2.749165    0.77185243 -0.61635     2.05704     1.6229074
 -0.244335    1.2406051   0.89769495 -1.1563851   0.70466006  1.1801275
 -0.28430998  1.17075     0.84888256 -0.9308175   1.75699    -1.5373474
  0.66329753  2.3043375  -2.8070126   2.11064     0.79236996  0.85388744
 -0.98541    -0.09015501  0.11506248 -0.574355   -0.75617254 -1.277705
  1.701195    2.84305    -2.65738     2.36553     0.8321475   1.4395299
 -0.09227756  2.2197275  -0.323485   -0.16854998 -0.5573425  -1.8926824
 -1.9624426  -0.4176925  -1.5674125   1.2918252   0.743225   -2.4247124
  2.8089602   1.0051025   0.43059504 -0.45569003 -0.3064925  -0.59557253
 -2.939055    3.6760077   0.5775725  -1.5828124  -1.1786151   2.0316374
  2.245655   -3.682855   -0.016765    0.70881     0.47413996 -0.3366325
  1.5358226  -2.795165    1.9356475   1.7614801  -0.75767004 -2.698175
 -1.9924449  -1.1323825  -0.37300503 -0.7983725   1.72716    -1.432295
 -0.319875    0.6433275  -1.7308074  -0.27257004 -1.047145    1.707445
  2.27227     1.8953074  -1.066765    1.140085    1.735535   -2.751415
  2.2019224  -0.04293253 -0.37237749 -2.3278852   2.01447    -0.35114998
  0.09408751 -1.5820299   1.2023826   0.0438775   0.01489002 -0.15364748
  3.0565453   2.5177925   2.0553923   0.41169253  1.1388975  -3.0474725
 -0.28701    -0.6103375   0.21739247  1.2189076  -0.06355751  3.174605
 -0.8115001   2.08548     0.65915     1.2254951  -2.0278301  -1.842355
 -0.04087999 -0.17319247 -0.28120005  0.5031025   1.0460399  -0.45845246
 -3.0804825   1.8279124  -1.215185    1.5593574   4.336622    0.80502
 -0.6119275   0.37443507  0.34080502 -1.0275251   2.78925    -0.19229251
  1.847595    0.9555875   2.8252778  -0.6851951   0.22117749  1.209975
 -1.7851775   0.10082751]