[-0.8559833   1.1857101   2.0550632   1.6430501  -0.44353     1.2272533
  2.5799367   0.00759663 -2.22112    -1.63548     1.3467733   2.32676
 -1.6909199  -3.7129402   1.1430067  -2.7610066  -0.46703663 -0.14344335
  1.02549     2.0797765   1.24801     3.7265804  -0.73047334  0.43741998
  1.1909801  -0.5903966   1.1529467   3.0441668   0.4099033  -1.3764868
  0.00720332 -1.5397835   0.42797002  0.6449067   4.74112     1.82783
 -1.7475933   0.42470336 -1.58458     0.42342663 -3.2986066   1.15951
  3.6378334   0.34070334  0.15907665  0.80931    -0.3497566  -2.9305668
  0.2841833   0.59107333  0.7355499  -0.80421     1.2223201   1.26823
 -2.0457268   3.524293   -1.3731266   0.5569734   2.14974     1.4297833
 -1.5548934   2.2702568   0.25746334 -1.30815     1.4806666   0.4317967
 -1.1185267   1.8399967   0.33203003 -2.23619     0.7197234  -1.0060833
  1.45686     2.2988002  -2.8200665   2.9885967   1.2632934   0.7592166
 -0.86716676 -1.7865199   0.17095669 -3.7250397   0.90823007 -0.93350667
 -0.46625665  2.3146234   1.0687798   1.7452799   1.1054168   1.0563834
  0.86887    -1.4220501   0.34833336 -1.7060267   1.5890933  -0.03853671
  0.07116333 -0.4240667  -1.3434833  -0.14394334  2.1478264  -3.4013798
  1.8673266   0.6892934   1.5176467   1.4902967  -0.16224335  0.85889
 -2.7550166   3.6504934   1.2966733  -0.87207    -1.51415    -0.17441334
  0.33792996 -3.0251033  -0.6497934  -0.40281996  0.6154167   1.9609898
  4.734604   -2.7357066  -0.6776734  -0.58687    -1.9077133  -2.5413334
 -4.3632536  -0.12714    -0.8461934  -2.731427    2.8037233  -2.42078
  0.7352367  -0.9233734   0.7591433   1.43233     0.6061867   2.24619
  0.95611334 -1.2390734  -1.4822868   1.9497867   0.2899767  -1.51641
  1.3597699  -3.7086766  -0.01788998 -1.2575567   1.1350733  -3.60013
 -0.8681734  -1.7692467   0.32114664 -1.2492733  -1.2396767  -0.93909335
  0.11013001  1.2276702   1.8185334  -0.13867998  4.0238466  -1.8047034
  1.2302033   0.51237005  1.4096667   1.3131534   0.28612664  4.3012967
  0.65813667  1.3807033   0.97076994  1.5141834  -0.2631267  -2.13252
  0.72416997 -0.42735004  0.38016668 -0.28889     0.79214334  1.0525366
 -3.6356099   1.0811567  -0.43691668  3.7420797   3.2756531   1.4255067
 -1.8630633   0.90543336  1.6350433  -0.27452663  0.03279336 -0.01603334
  0.6449567   0.2213667   1.7037867  -0.31078336  2.83133     1.34307
 -1.74263     1.4299568 ]