[ 0.12419999 -0.47766674  0.22676337  1.49758    -0.05816001  1.5696234
  0.20927668  0.66728663 -0.20188661 -0.08555666 -0.49136665  0.7551
 -1.1369667  -2.2050965   1.8638067  -1.9881865   0.0608     -1.6111101
 -3.0828533   1.2934667  -0.75107     2.9008598  -1.1326866  -1.1286234
 -0.43876997 -1.8481766   1.7287434   1.3200334   0.75292665  1.1383966
  0.28160998  1.6103134  -0.33353332  0.30426666  2.5282967   1.0093067
 -0.5555133   0.10460337  0.14362669 -1.9147967  -0.45222333  0.23641999
  1.33738    -0.12509668  0.03414003  0.9999266  -0.9293633  -2.1621165
  0.5000167   0.5330166  -0.26871     0.5811767  -0.67190665  1.5421001
  0.46228004 -0.13155667 -0.48591664  2.9253266   1.1426567  -0.16267999
 -0.42305335  0.42814675  0.25825    -1.8035635   0.6573834  -0.94789
  0.4169866   0.48088    -0.32949668  1.2636167   0.79804    -0.8530133
  0.6183867   2.6721933  -1.9380766   1.28213     1.5427066   1.1459833
 -0.50953    -0.36974    -0.12839     0.7007467   1.7082968  -1.0228133
  1.5498633   0.97898674  0.35837004 -0.5276      0.49082997  0.95086336
  0.6815367   1.0348333  -0.02358333 -0.67703325 -0.0420833   0.5453133
 -1.9942068  -1.5801767  -0.18003996 -0.09234333  1.45546    -2.4547367
  1.8460332   2.9067333  -0.93586     0.73658663  0.74613667  0.7945967
 -0.7793367  -1.1895733   2.2457666   0.46938    -1.44584     0.7857333
 -0.88488334 -0.5072767  -0.28198993  0.25798666 -0.02568     1.5229667
  2.5333366   0.43205     2.5378933   1.8111767  -1.67709    -1.2313167
  0.20517999 -0.5407367  -2.3149598  -2.17873    -2.29445    -1.3857199
 -2.0944834   1.2096766   1.12138     0.33602667 -1.8854065   1.3421601
  2.67484    -0.70153666  1.6574835   1.8515967   0.39820668  0.8028934
  0.16882996 -0.75111     1.2639333  -1.8715967   1.8429867   0.04712333
 -0.6149466  -0.46034333  1.0083133  -0.9963534  -1.0249033   1.9917933
 -0.00830332  2.5520666   1.1467034   1.4853101   2.2667067  -2.3071969
 -0.5405033   0.37778005  0.42144665 -0.18508334 -0.6446266   2.0449035
 -1.2999     -1.5733266   0.06429335  2.0221667  -1.6417133   0.8225934
 -1.2223533  -0.6622533  -0.03229666  1.17067     0.8200667  -1.4877367
 -1.7547702   1.16476     0.19326003  2.284767    4.1619      0.97308
  0.01223997  0.5871767  -1.2642566   1.0664567   1.0876933  -1.1004667
  1.3138633   1.3664099   0.7454934  -0.56432664  0.34024     2.2018802
  0.22597997  0.21428335]