[[-1.07438330e+00 -8.37433438e-02 -9.05900101e-02  1.53980005e+00
   6.78793371e-01 -1.02153321e-01  1.60996334e+00  9.69486674e-01
  -1.20163670e+00 -1.81054659e+00  1.39128339e+00  1.01958001e+00
  -1.16877669e+00 -2.76464001e+00 -3.82879992e-01 -2.55803367e-01
  -2.01194676e+00 -9.12383298e-01 -2.15666326e+00  1.77037332e+00
   1.14663994e+00  2.47291327e+00 -7.57093310e-01 -1.96250002e-01
  -4.02623296e-01 -9.71203347e-01  2.20106681e-01  7.07949996e-01
   6.54246666e-01 -1.53288342e+00  1.11869671e+00  6.64476693e-01
  -6.52959983e-01  2.96276649e-01  1.95301660e+00  1.80984338e+00
  -8.70603323e-01  1.30039334e+00 -9.96400048e-01 -2.93930014e-01
  -3.50756645e-01 -1.85230989e+00  2.49185658e+00 -1.72409673e+00
   2.28952344e+00  2.00502682e+00  3.16333398e-03 -5.23503304e-01
  -3.96006664e-01  7.13220000e-01  1.16831003e+00 -1.29831670e+00
   9.54579999e-01  1.86789989e-01 -1.20082001e+00  1.51704335e+00
  -1.00779668e+00  2.77736664e-01  7.33036757e-01  3.52403363e-01
   1.29555333e+00  2.18083337e+00 -4.90796685e-01 -1.61839994e+00
   5.99573334e-01  4.21500206e-02  1.03916655e-01  1.75542327e+00
   1.06821996e+00 -6.14800056e-02 -4.27586675e-01 -2.25368341e+00
   1.08818332e+00  4.67360010e-01 -6.34350002e-01  2.37863676e+00
   6.78903302e-01 -7.47846683e-01 -1.91416661e-01  5.07343332e-01
  -1.88570333e+00 -1.47916333e+00 -1.75133999e+00 -2.03380998e+00
   7.24996646e-01  1.45228330e+00 -4.81936653e-01  8.06667407e-03
  -4.72730001e-01  6.88643376e-01  2.47617650e+00 -7.44026661e-01
  -3.57466737e-02  1.60470668e+00  1.21692663e+00 -2.65993347e-01
  -4.65990007e-01 -1.07997670e+00  4.73923360e-01 -1.24079982e-01
   2.76150008e-01 -8.43293349e-01  1.62558333e+00  1.26629674e+00
  -1.08589997e-01  1.32011672e+00 -6.82293336e-01 -8.14643343e-01
  -1.68955334e+00  2.65173348e+00  2.04240664e+00 -7.75949995e-01
  -9.78166660e-02  1.02648671e+00  1.04830334e+00 -1.49748333e+00
   4.73186652e-01  1.17694664e+00  5.43306688e-01  3.83736690e-01
   1.32393003e+00 -1.57857333e+00  1.24415002e+00  2.01227005e+00
   5.64973334e-01 -1.90384007e+00 -8.13896736e-01 -1.78513368e-01
  -3.56340011e-01 -1.07392999e+00  7.44463344e-01  2.68780008e-01
  -9.01349982e-01  5.00560015e-01 -6.02316717e-01 -1.17096998e+00
   9.10866708e-02  1.89222006e+00  3.24023994e+00 -4.80110010e-01
  -1.29692671e+00  1.87611000e+00  5.74790080e-01 -1.84260329e+00
   2.54145002e+00  5.84143281e-01  1.06873339e+00 -6.53033296e-01
   1.76983333e+00 -3.67196679e-01 -4.97396688e-01 -6.95666671e-03
   9.07676667e-01  1.15754669e+00 -1.91429993e-01  6.07706626e-01
   8.87496630e-01  1.89095004e+00 -5.32179986e-01  7.83199867e-02
  -1.99133356e-02 -2.93086338e+00 -2.15111009e+00  2.30246663e-01
  -1.42153996e+00  6.26553322e-01  1.64133330e-01  1.85176333e+00
   4.34566339e-02  1.14967998e+00 -6.77033332e-02  1.39660003e+00
  -7.44770015e-01 -6.92459971e-01 -1.72002339e+00 -1.31306648e-01
  -5.25460005e-01 -3.89470021e-01  8.77373377e-01 -5.21849984e-01
  -2.24474994e+00  1.84911327e+00 -1.39193331e-01  1.05836332e+00
   3.25900006e+00  6.88209968e-01  2.48336713e-01  9.91796652e-01
   3.81076674e-01  8.18039996e-01  1.54231008e+00  2.73646712e-01
   8.82936706e-01  5.25010029e-01  4.01727343e+00 -1.99606335e+00
  -8.83593341e-01  9.27333037e-02 -7.60280017e-01 -4.10586635e-01]]