[-0.5650799   0.462735    0.39700496  0.23606002 -3.235995   -2.40768
  2.38916     1.058085   -3.1789002  -0.22278997  2.382445   -1.1696401
 -1.708305   -1.30454     0.39874    -1.334615    0.72044504  2.558165
  1.3967551   2.0452652   0.86175     2.594105   -0.479845   -0.89871985
 -1.229295   -0.718155   -1.32882     2.955065   -0.07989    -0.82288504
  1.8558651  -0.346955   -1.7801051  -0.31077504  1.175945    0.822735
 -4.71622     1.9720951  -0.40358508  0.84397995 -2.201955    3.119405
 -1.3809401  -3.145355    1.23127     2.645345    0.93527496 -1.2169249
 -2.285125    0.9538749   3.7044501   0.50335497  1.770455    1.53485
 -0.221145    2.1170301  -2.690155    1.0881649   1.9704299   2.44246
 -0.05524999 -0.17992002  1.0851048   0.59018517  1.631055    2.9218497
 -0.87389994  1.7921901   0.7222449  -3.32401    -0.867455    1.0993949
 -2.22114     2.2418401  -0.50960004  1.98867     0.9160949  -0.8345
 -0.66023505 -4.2673697   0.52521     2.59939    -0.10351499 -0.733415
 -2.67936     0.97649    -1.883815   -1.54949    -1.0356201   1.796735
  4.816535   -1.8577051  -0.667805   -0.24773997  2.76826     0.73880005
 -1.8884549   0.15635997  2.14248     1.548475   -1.6142399  -1.409765
  3.741825    1.3892651   2.6377351   2.436795   -1.82424     1.23774
 -2.6903     -0.06316996 -2.57804    -1.54492    -0.62687     0.98399496
  1.6173701  -4.085945    0.009575   -1.82161    -0.80253005  0.08664
  2.6891851   0.15957999  1.2778249   3.51128    -1.2427449  -0.963425
 -1.6487501   0.11330998  0.75741005 -1.895595   -1.2260249  -1.796715
 -0.654935    2.24208     2.16363     0.97607505  0.32242     0.61717
  5.2778254   1.1017749  -0.062325   -1.1904349  -1.85988    -0.584905
 -1.4393101  -0.17229499 -2.669795   -0.94197506  0.4650451   0.02536002
 -2.5130599  -1.30049    -0.027765    2.21213    -0.06616002  3.186235
  2.600625    0.60503     2.5225751  -0.52137995  3.45891    -0.663945
 -0.29532     0.91846013 -2.7729      2.464135    0.465265   -0.854235
 -1.626375   -2.26111     3.175305    1.9411051  -3.1997552  -2.98919
  1.807875   -0.960205   -0.22824508  1.975065    3.2150102   2.574925
 -3.31959     1.6708801  -2.28488     1.79611     2.962855    0.51944995
  3.4212198   1.6565999  -0.74095    -1.0114399   1.5104599  -0.939535
  1.35112     2.970665   -1.1436      0.474375    0.07793498  2.09396
 -0.09632     2.587635  ]