[[-0.86226153  0.73905432  0.11910568  0.67989595  0.89973433  0.14940038
   0.52143186 -0.05046708 -1.39868696  0.60507755  0.71362371  1.57225041
  -0.73918332 -2.09819663 -0.32053404 -0.0726919  -1.08513308 -0.22904606
  -1.41263675  1.46834751  0.37666127  1.94359067 -0.58431404  0.15892912
  -0.61597909 -0.62766953  0.86671276  1.72298668 -0.24864275 -0.61723072
   0.84250292 -0.76139974 -0.25845174  0.06011974  2.14027578  1.42179641
  -0.97023628  0.31000086 -1.30238585  0.19661798 -1.76621565 -0.6990192
   1.09959079 -0.37575638  0.79216686  0.88550432 -0.50446571 -0.49141445
  -0.06168608  0.6461047   0.56041001  0.67342639 -0.07954811  0.89940784
  -0.71482917  1.71941156 -0.38124887  0.44820186  0.22740318  1.2785433
  -0.47207189  0.84521636  0.73417702 -1.01243873  0.59438414  0.50762056
   0.53330463  0.80923201  0.59244696  0.03763405  1.12957929 -1.04997996
   0.88854082  1.01523951 -1.42188987  0.69981675  1.43160297  0.5725623
  -0.8550866  -0.19676783 -0.17751391 -1.03544645 -0.64171306 -1.42494328
   0.40283027  1.80239323 -0.93028628  1.11950074  1.09335966  0.57354419
   0.56907962  0.59162905  0.7459898   0.36922424  0.02699773 -0.42588794
  -0.3887262  -0.50895365 -0.06802065  0.54691425  1.20282354 -1.77767402
   2.01949939  0.89501748  0.6647441   0.72623806 -0.48572499  0.19418303
  -1.30453676  1.44598386  0.47348749 -1.3123229  -0.76273342  1.28706223
   0.37270295 -1.71132537  0.56855227  0.51417432  0.44481746  0.08166847
   1.16003228 -1.30034375  1.33379068  1.31876961 -0.77314684 -1.62793203
  -0.802796   -0.15772166 -0.19249188 -1.0384036   0.67535141 -1.24650526
  -0.68796619  0.54840877 -0.30869187  0.13307443 -0.88853099  1.21269022
   1.22951728  0.21238971  0.50139021  1.04635068  0.83831237 -1.47539208
   1.65477032 -0.48686453  0.46593899 -1.77851317  1.01122411  0.03725736
  -0.18799873 -0.68401427  0.45615879  0.52808778  0.21157681 -0.02444568
   0.79553552  1.44320844  1.06390832 -0.53360648  2.05085358 -1.30601085
  -0.62513455 -0.38130997  0.09940836  0.35109492  0.27513947  2.53031972
  -0.71068159  0.8796641   0.40123004  1.04867449 -0.86846846 -1.05743142
   0.12850948 -0.34735196 -0.26333886  0.91060802  1.0918159   0.01966115
  -2.04547518  1.57105457 -0.34331876  1.41939158  2.43935576  0.67982322
  -0.41219421  0.80911021  0.19443989 -0.10126647  1.13187956 -0.09143405
   1.16267527  0.84124202  1.22980478 -0.03585668  0.79383011  0.3375553
  -0.35493222  0.05958569]]