[-1.0588287e+00 -2.9004630e-01 -4.7495872e-01  5.4793125e-01
  2.2391262e+00 -2.7561504e-01  1.2660862e+00  2.9590374e-01
 -2.5033038e+00  3.3335987e-01  7.0795006e-01  1.3299851e+00
 -7.1403122e-01 -2.3747623e+00 -2.8686377e-01  1.0049250e-01
 -1.1621550e+00 -1.2138754e-01 -1.4791050e+00  8.0996001e-01
 -8.2592255e-01  2.8547125e+00 -1.0183399e+00 -3.5525751e-01
 -1.1339238e+00 -7.8740871e-01  1.1730638e+00  3.6292300e+00
 -1.3671350e+00 -1.8347626e+00  7.0243382e-01 -1.5529726e+00
 -9.2563874e-01  5.0626004e-01  2.7705727e+00  2.1629312e+00
 -1.4326488e+00  4.9497250e-01 -1.7755098e+00 -1.9603629e-01
 -3.7556088e+00 -9.5518994e-01  1.9146425e+00  6.2244380e-01
  8.9641249e-01  1.1632799e+00 -1.0512487e+00  9.0697002e-01
  1.1878049e+00  1.0939500e+00  1.3110812e+00  1.1910688e+00
 -4.8986256e-02  2.2468724e+00 -1.7960489e+00  2.4908414e+00
 -1.9930875e-01 -5.4474497e-01  2.1516488e+00  3.0414710e+00
 -2.3985624e-01  7.8865755e-01  1.3904370e-01 -2.2018287e+00
  1.5934337e+00  4.8002625e-01  2.5804120e-01  3.9566123e-01
 -4.4590753e-01 -9.9512118e-01  1.0694013e+00 -5.4409254e-01
  4.9533248e-01  1.6157676e+00 -2.6932125e+00  5.9171623e-01
  2.3475938e+00 -2.6102126e-01 -2.6898372e-01 -1.2995225e+00
 -9.5178783e-02 -9.2292130e-01 -8.3584625e-01 -1.3555663e+00
  8.9250124e-01  2.3950601e+00 -3.9746505e-01  1.4138900e+00
 -6.8039256e-01  7.8457505e-02  1.2829412e+00  7.3200203e-03
  9.4475746e-01  9.3041873e-01  4.3365628e-01  1.5938118e-01
 -5.4964626e-01 -8.7386507e-01  8.8474745e-01  1.4014325e+00
  8.9780247e-01 -3.1060877e-01  2.8943226e+00  1.2684225e+00
  5.3361750e-01  2.0147524e+00 -2.0864575e+00 -7.5807504e-02
 -3.0255613e+00  2.5954714e+00 -1.6653880e-01 -3.0096714e+00
 -2.1376550e+00  7.7357376e-01  1.6306288e+00 -2.2512901e+00
  5.7793885e-01 -7.8074947e-02  2.8819123e-01  8.2962662e-03
  2.9407887e+00 -2.6068912e+00  1.3547938e+00  1.6886300e+00
 -1.1933037e+00 -2.5421362e+00 -1.1355988e+00 -1.3821424e+00
  1.9349247e-01 -2.0541549e+00  9.7977376e-01 -2.5514627e+00
 -9.2371130e-01  9.1336250e-01 -5.9254634e-01 -1.6272376e-01
 -9.3234754e-01  1.1233073e+00  2.2867351e+00  1.3326752e-01
 -8.8424754e-01  1.6729200e+00  7.2348881e-01  1.4616251e-01
  1.9168988e+00 -4.4472751e-01  5.0125122e-03 -8.1491876e-01
  2.1718338e+00 -1.5962748e-01  1.7592746e-01  7.9106227e-02
  1.8063062e+00  1.1779677e+00 -7.0216507e-01  5.1872003e-01
 -3.0217367e-01  1.1249737e+00  7.6237869e-01 -8.7034005e-01
  3.8155603e+00 -2.4786913e+00 -2.2657529e-02 -1.7899999e-01
  1.5660627e-01 -1.2957370e-01  5.9135878e-01  3.6541386e+00
 -8.7822872e-01  1.0075474e+00  4.3492001e-01  1.3616400e+00
 -2.9992425e+00 -1.4250401e+00  6.4213991e-01  5.9372544e-02
 -3.7344378e-01  4.3459752e-01  2.0003500e+00 -3.5357124e-01
 -3.1650324e+00  1.4900389e+00 -8.1953621e-01  2.8166578e+00
  3.7043366e+00  6.7494369e-01  7.9377741e-04  4.8532754e-01
  1.2286712e+00  4.9403128e-01  1.9721326e+00 -1.1808725e-02
  1.9495751e+00 -9.3973786e-02  1.1245176e+00  1.5811200e+00
  1.6654975e+00  1.3301064e+00 -1.3169250e+00 -2.2748119e-01]