[[-0.42039296 -0.10712944 -0.99232351  0.76630866  0.3988116   0.60731945
   0.88987081 -0.15031539 -1.94442459  0.43663324  0.13841109  2.3631211
  -0.0873646  -1.36044326  0.22902299 -0.13483272 -1.458523    0.54177947
  -1.49988002  1.34172893 -0.01949595  2.42028758 -0.30531865  0.4954308
  -0.91007459 -1.36124595  0.71270403  2.4172795  -0.25547001 -0.85477702
   1.49851217 -0.55234513 -0.71323893 -0.08303244  2.14034029  1.02592457
  -1.29517405 -0.1256335  -1.63861867  0.11901299 -2.19469295 -0.49180893
   1.36000785 -1.27137812  1.09316649  0.90752434 -1.18646405 -0.80731838
   0.28895189  0.30424838  0.51914188  0.3572335   0.28198378  1.42867596
  -0.95106542  1.29873674 -0.60052516  0.4709919   1.09267676  1.23202351
  -0.90703677  1.44293593  0.78868135 -1.07217673  0.41147406  0.78860082
  -0.24180107  0.48598567  1.45102189 -0.84112676  1.04260513 -0.43522188
   1.10335784  1.50171163 -1.36724405  1.02052593  1.40510622  0.98424894
  -0.91486058 -0.69063243 -0.89576297 -1.25799867 -1.11419379 -1.22917324
   0.40167458  2.5295203  -1.35939296  0.54269677 -0.08039025  1.4637808
   0.41622001 -0.43133565  0.55883784  0.38769215  0.29388134  0.27985111
  -0.5724446  -0.72919135  0.00807297  0.85067404  0.9543727  -1.46647839
   1.71892944  1.52939109  0.45085218  0.3889308  -0.80989568 -0.13955379
  -1.44268215  1.59663516  0.36559782 -1.25855812 -2.08396865  0.62209893
   0.22148217 -2.66811327  0.71195891  0.58995729 -0.05292677 -0.11678569
   1.6697965  -1.33242432  1.24465972  1.91263    -0.99700216 -2.53942699
  -1.0040116  -0.57749161  0.98880568 -1.72994648  0.76886027 -1.12742351
  -0.9095327   1.02495354 -0.70727459  0.09786622 -0.57996894  1.22159675
   1.39380649  1.0823281   0.08132243  1.29601839  0.7709762  -1.98109593
   0.96006538 -0.20309703 -0.12685457 -1.40338786  2.00384355  0.09197514
  -0.51755027 -1.0524481   1.52758731  0.76286324  0.26076783  0.81432516
   1.78456245  1.76831351  1.71050592 -0.14660812  1.91913618 -2.19341593
  -0.39599217 -0.50104704 -0.25673731 -0.34990298  0.75086973  2.81581162
  -0.7659808   1.74841623  0.34865243  1.06595947 -1.04630892 -1.21999378
   0.70966647 -0.1082454  -0.33105568  0.84894596  1.56791106 -0.18260161
  -2.07176756  1.41008109 -1.53130351  1.74439352  2.56609484  0.47774243
  -0.05461703  1.25722595  0.3237873   0.00308594  1.46868944 -0.04313648
   1.85756433  0.32074243  2.15705998 -0.35134488  0.4336316   0.0955965
  -0.60194406 -0.51255676]]