[-0.82898724  0.0344714  -0.717207    1.8124219   1.6153319  -1.1155696
  1.1084757   0.8900176  -1.4703219   0.37723294 -0.26811954  2.2334876
 -0.7811847  -2.6716068   0.00404528  0.9047233  -1.2181352   0.94938195
 -1.1795847   1.2953709   0.26072815  2.6669452  -0.80348235  0.5245976
 -0.7254847  -1.1625814   0.08993951  2.339449   -0.32263714 -1.3441064
  1.2608191  -0.8179604  -1.4640677   0.49978098  2.5801086   1.1124024
 -1.2439266   0.744569   -1.4804686   0.00369855 -1.7850192  -0.35316667
  2.2832112  -0.620371    0.8357333   1.0134058  -0.72822666  0.9497171
 -0.6268147   1.2940176   0.7432333   0.6963258   0.06203192  1.734305
 -1.2892987   2.311629    0.26980767  0.35046855  0.9559791   1.0621814
  0.19013569  1.1632509   0.22931616 -1.3026319   1.2220161   0.600571
  0.78749204  0.6053781   1.493239    0.5631562   1.8186677  -0.9243733
  0.6771966   1.4840585  -1.2572343   2.1957996   1.6701771  -0.27898097
 -1.0333272  -1.0464948  -0.17801002 -1.1556643  -1.1136719  -1.4364228
  0.31591952  3.0153272  -0.79885465 -0.30462041 -0.6481017   0.53473675
  1.6357048  -0.14166854  0.8483861   0.8173081   0.63460994 -0.95436716
 -0.95245    -0.6328395   1.1360681   0.00821668  0.99787605 -1.3589262
  1.8921582   1.3677944   1.2129127   1.8237677  -1.5100424   0.27081046
 -1.8544312   1.7990959  -0.7023805  -0.9813458  -1.1710918   0.9201738
  1.061003   -2.674287    0.22220857  0.2504134   0.28930622  0.39802995
  1.6908491  -1.5281105   1.498683    2.6556044  -1.0810995  -2.256843
 -0.42136523 -0.60758847  0.40840477 -1.8650957   0.92370826 -1.9705311
 -0.9593619   1.003874   -0.58930194 -0.23303759 -0.35505337  1.6931132
  1.6128962  -0.64731854 -0.16078103  1.567648    1.0079795  -1.8825537
  2.06718     0.43619573  0.5136747  -1.6290325   1.588417    0.03003947
 -1.250001   -0.883282    0.64344436  0.8158725  -0.30320713  1.0250618
  0.91384053  2.205827    1.1977445  -0.7473714   2.6971698  -2.49179
 -1.7520016  -0.3893957  -0.3193433   0.25297624  0.31204712  2.8874073
 -0.779741    0.11170384  0.47468948  1.0496286  -1.2557085  -1.3143452
  1.5431747  -0.5822133  -0.5433171   1.8156104   0.99501956 -0.5036843
 -2.8057563   2.071494   -1.2705206   1.6982644   3.1555786   0.8498433
  0.6389876   1.4617784   0.22401571  0.22762668  1.6651032   0.63502955
  2.2394927   1.554778    2.2146623   0.600281    0.28953284  1.28842
 -0.2583638  -0.50494385]