[[ 0.167824    0.01522603 -0.61959848  1.0415215   0.6353115   0.14698597
   0.76485852  0.346724   -1.16263852  0.4430905   0.45285753  1.49073896
  -0.61711549 -1.94784656  0.72021699 -0.43048401 -0.479483   -0.33167952
  -0.81070955  1.09834203 -0.47047051  1.50860004 -0.58100698 -0.36106197
  -0.46071702 -0.73751448 -0.04427952  1.45657751 -0.18359252 -0.43838702
   0.60293299 -0.42414947 -0.34936799  0.717861    2.18855448  1.57049496
  -0.61192101  0.51978551  0.32212402  0.2700705  -2.12384702 -1.00032894
   1.84461252 -0.41364351  0.57996402  1.19797004 -0.55307447 -0.34538395
  -0.27539151  1.19589899  0.59393851  0.73921099  0.40967601  1.42016709
  -0.40958847  0.72062551 -0.37452849  0.664311    0.80263399  1.21583843
  -0.15201199  0.2136855   0.55480999 -1.29291155  0.76649195  0.720293
  -0.12493999  0.53425149  0.60835049  0.21831749  0.88987104 -0.71395953
   0.82801949  1.07496342 -1.5697806   0.60051746  1.06925454  0.256383
  -1.33018393  0.21599555 -0.45974003 -1.00574101 -0.10906352 -0.57941599
  -0.07115853  1.38536098 -0.613079    0.41417053  0.92391356  0.71240654
   0.1754935  -0.11483601  0.98828952 -0.15915802  0.25502998  0.0646055
  -0.06103747 -0.98804251 -0.72097101  0.0025925   1.77196698 -0.93087501
   1.77542446  1.55207386  0.60798901  0.64804801 -0.42888854  0.24207202
  -0.4179205   0.75095999 -0.025225   -1.24873099 -0.95549347  0.14238753
  -0.04945249 -0.85270897  0.77323098  0.44507099  0.333665    0.3587
   1.45873853 -1.4868915   0.89538051  1.37521608 -0.7600765  -1.82719147
  -0.05750999 -0.28531251  0.32938448 -1.72926197  0.30839103 -0.54539845
  -0.42261096  0.16853051 -0.03404848  1.16272447 -0.3680545   0.66670855
   1.185666    0.0405425   0.50317797  0.86095851  0.30739751 -0.410281
   0.63754151 -0.2540135  -0.39020899 -1.46805099  1.62911845  0.17435799
  -0.86002846 -0.6598245   0.79964153  0.2333885  -0.05768799  0.06194696
   0.83359198  1.93117561  0.36998949 -0.14697901  1.93087248 -1.27792147
  -0.45088952 -0.591077   -0.38743999  0.00655199  0.85306349  2.04360056
  -0.11446301 -0.544653   -0.05624347  1.28929456 -0.59683254 -0.79554855
  -0.07370049  0.48396795 -0.04066151  0.83420702  0.51126201 -0.10964647
  -1.92462011  0.78587151 -0.40985802  1.1154385   2.16647152  0.30370702
  -0.66747905  1.25712854  0.46544951  0.0074895   1.56810298  0.58405403
   1.23469452  1.51195848  0.400567    0.36573103  0.66736702  0.57610555
  -0.2906325  -0.338157  ]]