[-8.64558280e-01  1.40423679e+00  3.98234993e-01  6.93414986e-01
  2.05192995e+00 -3.51994902e-01  1.57958329e+00 -5.80216706e-01
 -8.62161636e-01 -1.95689833e+00 -1.71841636e-01  1.31650507e+00
 -2.07903340e-01 -1.69110680e+00  7.30683327e-01  5.82616627e-01
 -1.70273495e+00 -9.93515849e-02 -1.25885320e+00  1.46699333e+00
  9.76034939e-01  1.37195003e+00 -9.28049907e-02 -1.13709497e+00
 -3.99856657e-01 -1.29986823e+00 -2.92684972e-01  2.30643487e+00
  1.49191633e-01 -1.58259678e+00  1.13854837e+00 -2.66741663e-01
 -5.41440010e-01  1.98444963e-01  3.49608874e+00  1.61918652e+00
 -1.58576167e+00  1.49669492e+00 -2.99024677e+00 -7.97906697e-01
 -3.13572025e+00 -1.26893342e+00  2.52986479e+00 -1.03479660e+00
  2.12840486e+00  1.46089840e+00 -1.14370000e+00 -4.57084984e-01
  1.46911666e-01  2.66711354e+00  1.71946335e+00  6.85618401e-01
  8.16255093e-01  1.57827997e+00 -5.79323351e-01  2.18622327e+00
  1.74230024e-01 -6.91043377e-01  2.28524661e+00  2.52485180e+00
 -5.12226641e-01  1.01881993e+00  2.14131653e-01 -2.53480315e+00
  1.76922321e+00 -2.99550090e-02  3.48256677e-01  8.23756695e-01
  2.34084964e-01 -2.63943344e-01  1.51489830e+00 -2.97338307e-01
  9.93959904e-01  1.98060167e+00 -1.35631835e+00  4.64344978e-01
  1.56370509e+00  9.12501384e-03 -8.93743336e-01 -7.14505017e-01
 -7.42874920e-01 -2.28898835e+00 -8.26073349e-01 -1.45339012e+00
  3.39421630e-01  1.04224670e+00 -1.59281504e+00 -3.30903322e-01
  2.63083372e-02  1.27919987e-01  2.36216831e+00  2.53826648e-01
  1.67782009e+00  9.70826626e-01 -4.47604984e-01  1.35354328e+00
 -7.35575020e-01 -2.70278305e-01  4.02850002e-01  3.04440051e-01
  8.23255062e-01 -9.92298305e-01  3.13598347e+00  8.10959816e-01
  1.46396506e+00 -2.63236672e-01  9.82503127e-03  3.51730019e-01
 -2.71993160e+00  1.96707642e+00  1.20224975e-01 -2.29518676e+00
 -2.30807018e+00  2.20969510e+00 -2.16908336e-01 -1.80292511e+00
  1.07239163e+00  3.51099968e-01  5.68583421e-02  5.06518304e-01
  1.26778662e+00 -1.90625656e+00  7.92358339e-01  1.62513983e+00
 -3.01046640e-01 -2.94024849e+00 -2.05329156e+00 -1.49384975e-01
 -6.94980085e-01 -1.23565996e+00 -9.11549702e-02 -4.52640027e-01
 -1.93050072e-01  2.36530006e-01 -1.06038499e+00  4.89950068e-02
 -3.95500034e-01  1.25251341e+00  2.74910831e+00 -1.63544846e+00
 -6.25075042e-01  1.56976330e+00  3.60998511e-03 -1.50583839e+00
  2.00247359e+00 -6.68468297e-01  7.34133303e-01 -1.00908494e+00
  2.32043314e+00  4.69935030e-01 -1.57775497e+00 -9.18904960e-01
  3.09608310e-01 -2.77349949e-02  8.65526676e-01  1.95059168e+00
  2.56515169e+00  2.56695342e+00 -2.15716675e-01  1.26588315e-01
  1.26786172e+00 -2.59183335e+00 -2.07782006e+00 -2.81909972e-01
 -2.11273313e-01  5.85951626e-01  9.87920046e-01  3.65342689e+00
 -9.17176723e-01  1.24827826e+00 -2.27671698e-01  7.71119893e-01
 -1.51271820e+00 -5.67069948e-01 -4.55083281e-01  5.31813383e-01
 -7.71741688e-01  8.99004996e-01  2.86725014e-01 -5.81066608e-02
 -1.00464666e+00  4.80638355e-01 -1.19765174e+00  1.84013999e+00
  4.62673330e+00  1.33019999e-01 -1.39840508e+00  1.25616837e+00
 -1.46663353e-01 -5.41189969e-01  1.51235831e+00  1.24550331e+00
  2.72027993e+00  2.08823514e+00  2.51006007e+00 -5.73149979e-01
  6.73855007e-01  7.60279953e-01  1.00538170e+00  1.50633410e-01]