[[-0.58398547  0.46555546 -0.55652908  0.1569973   0.52945726  0.08903999
   0.53598544  0.6093836  -0.88269001 -0.50842363  0.16647728  2.13722819
  -0.18612454 -2.29438276  1.42935822  0.63827182 -0.37721546 -0.50988911
  -1.35977731  1.61567912  0.47456819  1.80813268 -0.69991184 -0.48096727
  -0.08404     0.45586091  1.12600088  2.59742266 -0.18689909 -0.31392276
   1.33020542 -0.10989546 -0.71407002 -0.08012362  1.94172454  0.76459547
  -0.76621367  0.33030454 -1.66184364  0.54604726 -1.21260817 -0.43680366
   0.94785182 -0.20947908  1.78362545  1.0030718   0.42769364 -0.2155591
  -0.0379      0.30509909 -0.58936552 -0.62008365 -0.34033545  1.68358272
  -0.61706088  1.04409452  0.02606363 -0.22231546  0.18067181  2.18351544
  -0.27548091  0.87970726  0.25102545 -1.3101145   0.95847453  0.46460454
   1.12999366  1.52625179  0.60639184 -0.0507609   0.69279181 -0.73562907
  -0.18921092  1.54749084 -0.39023272  1.37061006  1.45658004  0.54357818
  -1.13512639 -0.58230276 -0.56346361 -0.91512818 -0.62563639 -0.49586093
   0.49059911  2.46016999 -0.41157998  1.16741905  1.29675997  0.92678819
   0.89361726 -0.54463183  0.85711547  0.17517275  0.27165546 -0.04517726
   0.78627088 -0.78749452 -0.30286905  0.38440362  1.28710276 -0.66336454
   1.63616186  0.86134451  1.36153361  0.43375363 -0.49236638  0.25704816
  -0.83216549  1.22968819  0.77446    -0.96320091 -1.56616456 -0.65405817
   0.05825727 -1.46522726  0.93991998  0.45828002  1.30952912  0.64908997
   0.57722453 -0.25297635  0.69269728  0.78074092 -0.51727819 -0.94189002
  -0.97634726 -0.28887363 -0.66354271 -1.56209636  0.63650908 -0.88481452
  -0.90848181 -0.15782818  0.36265363 -0.71210637 -0.44228271  0.4170509
   0.74607906 -0.11879454  0.35645367  1.22099909 -0.18150181 -0.71320183
   1.06027545 -0.55251542 -0.02812544 -0.84771908  0.71204728  0.95996364
  -0.20659182 -1.06613274  0.73334816 -0.2827891   0.50931547  1.38443636
   0.97338725  1.57079816  1.68467273 -0.14885275  1.26865637 -0.4585209
  -0.62874725 -0.10596273 -0.34022909  0.45967453  1.02641543  1.81364818
  -0.59159001  0.10110456 -0.02477999  0.94135183 -0.41094909 -0.54097908
   0.36559544 -0.22277729 -0.25096908  0.57653453  0.64379455  0.11646001
  -1.26342005  0.67006547 -0.75811817  1.86151817  2.38258635  0.43398091
  -1.38853182  0.96796999  0.02620456  0.29459366  2.02914276  0.6974991
   1.6514991   0.29298546  1.37966822  0.07100727  0.42089727  0.00990181
  -0.73799364  0.19192909]]