[[-0.00936666  1.13093977 -0.18114666  0.88625427  0.4148939  -0.10963276
   0.5299461   0.05390183 -1.54331359  1.15666087  0.11760788  2.64374612
  -0.68668276 -1.8449463  -0.42904634 -0.43271209 -1.07654325  0.06620879
  -0.7739678   1.28507854  0.54663514  1.57237761 -0.19564725 -0.02097971
  -0.79246515 -1.13957895  1.1873012   1.93571117 -0.36157061 -0.72487204
   0.18472727 -0.19196816 -0.91829598  0.25704094  1.72222946  1.11970497
  -0.82840821 -0.44275302 -1.21545181  0.20947999 -1.32868328 -1.09755633
   1.0369285  -0.62131487  0.60615876  0.95926914 -0.33750515 -0.58353966
  -0.26684087  0.58779305 -0.18812426  0.19587788 -0.80332215  1.54171682
  -0.7670454   0.91604418 -0.44006727  0.06409273  0.78912583  0.61527
  -0.84515973  1.42360948  0.39459849 -1.17075577  0.31833539  0.86281332
  -0.13924365  0.43164696  0.83893606  0.1374809   2.36006751 -0.05676573
   0.27670185  0.75752912 -0.36546637  0.9964072   1.28046603  0.58363368
  -1.1313988  -0.76795791 -0.2268109  -0.58193941 -0.57962823 -1.34661741
   0.9114606   2.79459029 -1.29416882  0.53453058  0.52719697  0.22419277
   1.02638566 -0.06211939  1.18924453  0.13509179  0.69677584 -0.74605854
   0.25727358 -0.76883184 -0.13507818  1.11926246  0.86749675 -1.59109068
   1.76737191  0.90632034  1.25061058  0.55872154 -0.02193942  0.06122332
  -1.20709313  1.21975063  0.17461031 -0.89556474 -0.83237269  0.28745457
   0.08593272 -1.65138815  1.16510521  0.18989029  0.11305246 -0.14617151
   1.93420718 -1.35458919  1.28404341  2.02488499 -0.97519363 -2.02063914
  -0.64169393 -0.87765157  0.56856065 -1.39693854  0.63966604 -1.52522631
  -0.62373148  0.73221154 -0.76019907  0.82806242 -0.2590103   1.43653251
   1.33793357  0.16086391  0.29341909  1.14778668  0.8047073  -1.69068715
   1.06567149 -0.40307062  0.25157365 -1.53731914  1.03527477 -0.04817637
  -0.47619968 -1.76136545  1.30876621  0.87166238  0.46244106  0.36114729
   1.34591033  1.25890188  1.62789827 -0.64737055  1.52958851 -1.59476607
  -0.1932164  -0.45555819  0.30440182  0.08040815  0.37943088  2.35385395
  -0.07570608  0.65642299  0.34520606  1.02767321 -0.82487454 -1.1459015
   0.79110604  0.249333   -0.52417332  0.82562847  2.08527628  0.04196972
  -1.95720355  0.83427456  0.06642483  1.47280035  2.29703002  0.97982853
  -0.64995452  1.07860298  0.63591204  0.33610815  1.0185273   0.49518336
   1.39988667  1.0362517   1.15588049 -0.09724848  0.82963622  1.14097605
  -0.85768338 -0.04024605]]