[-0.31415394  1.0647553  -0.43043643  1.1815407   1.5072272   0.2158186
  1.2549762  -0.15984784 -1.3786075   0.73394996  0.80758387  2.2257748
 -0.941854   -2.013314    0.29804072  0.34574565 -0.16903965  0.22053215
 -1.6691521   1.3887066  -0.03988179  2.4745767  -1.0003806   0.24086967
 -0.83972067 -0.5391843   0.71597815  3.101059   -1.0701108  -0.6872807
  0.5179621  -0.6603532  -0.24794568  0.10958891  1.7937835   2.6042247
 -1.4033319  -0.29345614 -1.8970379   0.22889893 -2.142795   -1.1379372
  2.308204   -0.12430112  0.70113534  1.1721357  -1.0410272  -0.00586002
  0.6796363   0.60144424  0.7003889   0.42254177  0.00634858  1.2254275
 -1.4664376   0.5347211  -0.84884626 -0.67506355  0.93131644  0.9857362
 -0.12029999  0.9852524   0.67375153 -1.1585358   0.7205022   1.0006421
  0.89540434  0.6576804   0.5779185  -0.67132646  1.1443866  -0.64854175
  0.08217569  1.2030342  -1.018729    0.97377914  1.1296711   0.26116785
 -2.1279156  -0.72864044 -0.7087404  -0.77236575 -0.8629551  -0.6186343
  0.84492356  3.0774708  -0.5668417   0.9454542   0.6780278   1.1689739
  0.6485589  -0.09614642  1.4138848   0.05148041 -0.21039107  0.09203071
 -0.86568105 -1.2758547  -0.47366396  0.8925957   0.64679855 -2.3461988
  2.2749476   1.9124806   1.0203335   1.1797321  -0.27971536 -0.00802324
 -2.0565207   2.2857702  -0.04393504 -2.0888832  -1.186586    1.1235771
  0.3924711  -2.6099706   0.70916706  0.18524213  0.11789747  0.31852356
  1.6305791  -1.5102215   1.3988613   2.5302632  -0.6240899  -2.2519
 -0.85310894 -0.7896767   0.5926324  -1.4923208   1.1200321  -1.1952969
 -0.17956284  0.7102747  -0.51636785  0.02612822  0.12007502  0.72045606
  1.5827762   0.3811004   0.02646892  1.3689438   0.86100113 -1.5071671
  1.5016689  -0.3651636   0.39065322 -1.4974382   2.1318102  -0.03993428
 -0.15929683 -0.7097605   1.164945    0.72937065 -0.35941464 -0.27562466
  1.0879047   1.9544002   0.9455037  -0.46756786  2.8400962  -2.350005
  0.04895677 -0.91506964  0.26001966 -0.29765502  0.6754218   3.2323778
 -0.67789036  0.3935      0.47052532  1.0998366  -1.2391838  -1.5118564
  0.86816794 -0.19964072 -0.50693786  1.0058963   1.0638039   0.14506568
 -2.7833614   1.1609615  -0.3953743   1.4653505   2.2171354   0.32410574
 -0.2490625   1.223283    0.28499395 -0.45633215  1.1750097  -0.34202933
  2.0499856   1.4460014   1.1479719  -0.06894394  0.7416633   0.35483786
 -0.5375572  -0.20880283]