[[-0.22225476  1.03228632 -0.55530768  0.70271754  0.78896369 -0.30624523
   0.73914154  0.56892369 -1.7619157   0.68810816  0.80787846  2.26161139
  -0.90175231 -2.84942446  0.07997738  0.10776599 -1.03749602 -0.36575984
  -1.71195445  1.34858615 -0.26652307  2.16570187 -0.58459861 -0.34584276
  -0.81039862 -1.18750155  1.09800016  2.16031816 -0.43586646 -0.63845709
   0.28391431 -0.87073152 -1.22706     0.39907892  2.23536294  1.67722386
  -0.66596293  0.05339447 -1.89417493  0.1188583  -2.23828553 -0.82070139
   2.03853939  0.14495216  0.85062737  1.75842969 -1.37383692 -0.51520432
  -0.2594266   0.94415047  0.32014694  0.47109801  0.38625015  1.48170292
  -0.73280462  1.05759522 -0.04596139  1.06730908  0.3437143   1.02570553
  -0.22206769  1.55005508  0.29472583 -1.1435054   0.74972369  0.69025739
   0.338208    0.65978263  1.25999415  0.27768108  1.8990317  -0.50632337
   1.13794571  1.04588292 -1.49915509  1.00277139  1.61659139  0.28413663
  -1.61059966 -0.25954799 -0.14435091 -0.61740293 -0.22548522 -1.16922554
   0.43250553  2.99509817 -1.3169217   0.79026014  0.89350755  1.0070797
   0.60633124  0.59823139  1.0818486  -0.13321322 -0.0725963  -0.59127
  -0.52100031 -0.31019629 -0.23495339  0.59563785  1.13387954 -1.85249322
   1.86249183  1.15760245  0.89210723  1.43874693 -0.52871462 -0.02159893
  -1.30239063  1.303514   -0.3143777  -1.28707923 -1.65826398  0.95214584
   0.41831539 -1.70131738  0.37809399  0.10910555  0.32102077  0.11574276
   1.3854237  -1.6443746   1.45634353  1.13962076 -1.17940645 -2.27519216
  -0.77560707 -0.80363524 -0.34476154 -1.45812122  0.49196355 -1.33906754
  -0.5543274   0.69539077 -0.21895309  0.52250645 -0.49906492  1.72982523
   1.19837461  0.67148478  0.19511784  2.04399014  0.77439723 -1.55668524
   1.03475061 -0.89801245  0.40434354 -1.5634563   1.57281354  0.06323478
  -0.57200154 -1.61095721  1.56295171  0.73624493  0.27795816  0.1399926
   1.19410385  1.41346784  1.84354585 -0.06079001  2.6528608  -2.01748078
  -0.61980339 -0.92638416  0.25475724 -0.16768047  0.38992707  3.22828908
  -0.89041754  0.70880893  0.55010692  1.01839446 -0.86303892 -1.24552461
  -0.29780015 -0.24112477 -0.59451724  1.32383014  1.4012891  -0.40709107
  -2.72884553  2.12160169 -0.97270064  1.61765508  2.32959722  0.45065785
   0.28852984  1.131518   -0.25979615 -0.08905338  1.55597246  0.14499445
   1.58199045  1.06168523  1.26706169  0.07660847  0.391124    0.86505554
  -0.51005876 -0.07335692]]