[ 0.08644003 -0.703085   -1.529835    1.337105    0.11075     0.5408
  1.84358     1.738505   -0.428825    0.60148     0.32289994 -0.17109504
 -1.53316    -2.042085    2.24584    -1.305505    0.50402004  0.02231501
 -2.156805   -0.36216003 -3.4046698   2.7985902  -1.62675    -1.6053898
 -0.906955   -1.27967    -1.90669     2.92715    -1.416925   -1.2063549
  1.1525501  -0.17010999 -2.31416     1.98259     2.54383     2.6462948
 -0.94718003  1.0636501  -3.1206     -0.261165   -2.498735   -1.4723351
  3.0680451  -1.550085   -0.81417     3.5987852  -1.5985     -2.0204499
 -0.649075    1.27563     1.040895    1.9711051   0.33850992  4.070685
 -0.14716998  1.6222999   0.379045    1.3464298  -0.15025002  0.915715
 -0.36295497 -0.883475   -0.75421    -4.156235    1.8483549   0.58361995
 -0.02941     1.53871     2.932885   -0.323495    2.6988251  -0.66471
  0.93616503  2.7400699  -3.788825    0.359925    1.99247    -0.57025003
 -1.75421    -0.34288    -3.2458498  -3.226225   -0.835075   -2.00491
  1.1155751   2.2897449  -0.69896495  0.94931006  1.8851401   1.81551
  2.105215    2.800335    0.70821     2.394305    0.6554001   1.32227
 -0.26068497  0.20814502 -0.62493    -0.049555    2.12593    -2.059015
  1.89227     4.3745      1.23293     1.17005    -2.7515702   2.95616
 -2.1710548   1.5488299  -2.8933802  -3.199155   -3.83045     0.80665493
  1.8805699  -2.05787     0.54858    -0.14712    -0.18544999  0.17735502
 -0.51064    -2.355365    1.7295699   1.867455   -2.94439    -2.97883
 -1.048925    0.642295    1.431845   -3.1675048   0.15471    -0.99881506
 -0.591185    1.77422     1.56268     2.011355   -0.559925    3.98842
  3.134295    0.76924     0.43287003  1.88368     1.3299     -0.86211
  0.57816505 -0.26907003  0.34785998 -1.371995    3.4827547   2.1558352
 -1.3965499   0.44041002  1.71742     1.2104751   1.4801251   0.63011
  1.116215    4.9372396   0.68136996 -0.647805    3.120135   -2.9417849
 -2.212315   -3.8697302  -1.430475    0.810005    0.13941501  4.176215
  0.37974     0.07153501  0.26911503  2.86306    -0.08209491 -0.47127503
 -0.19233501  1.99315     0.75127506  1.02863     1.651555   -1.2372099
 -2.747795   -0.454005   -0.2266401   2.713115    5.47705     0.57242
 -1.6114249   2.47279    -0.134475   -0.89435     2.871995    3.148385
  3.68297     1.6196151   1.74379     0.26004502  0.85574496  2.198215
 -0.759105   -0.59539497]