[-0.68127453  1.0244027  -0.7384464   1.1091182   1.7863765   0.2304609
  1.2099282   0.40954998 -3.0617704  -0.5106646   1.8334781   1.9056816
 -0.76374364 -2.3147392   0.07938273  0.97710633 -1.244999   -0.3614209
 -1.4611627   1.1932219   0.63412726  3.3889718  -1.0249645   0.87027186
  0.21141182 -0.02411727  0.27908456  3.1024842  -0.47208455 -0.86671007
  0.9897346  -1.4288272  -0.63291913  0.18853727  3.9249132   1.5728418
 -2.11325     0.21129824 -1.3422482   0.30155912 -2.059719   -1.5278572
  2.8219218  -0.43729636  2.283468    1.7631882   0.08100545 -0.33103272
  0.68313366  1.4518782   0.37159452 -0.67328554  0.180001    1.6628517
 -1.4424853   2.4213789  -1.1275544  -0.13184999  1.7340145   2.5836084
 -0.7943754   1.1527245   0.48397818 -1.4886863   1.7261318   0.05733818
  0.7202255   3.289073    1.6465683  -0.7901617   2.4040947  -2.3202937
  1.435892    1.9184853  -1.8820709   1.7311879   2.4532483   0.25439635
 -1.0728455  -0.60270727 -0.6668246  -1.4619435  -1.1773336  -0.9969454
  0.25416362  2.6256082  -1.047598    1.4786072   0.798741    1.40599
  2.136891    0.0518282   1.6209954   0.9080845   0.84447455 -1.0100108
 -0.75660455 -1.2146945  -0.26745182  0.50911546  0.53420365 -1.4514227
  2.8953145   0.32033908  1.7723274   0.5277682  -0.60784644 -0.30948722
 -2.099992    2.0301309   0.9272537  -1.6367999  -1.4910674  -0.09055087
 -0.35134184 -2.7090583   1.9810809   0.98691183  1.1135955   0.8871446
  1.941508   -2.3382952   0.87534356  1.9290253  -1.1933645  -3.639424
 -1.6867837  -0.35990456 -0.15983357 -2.9515648   1.0716447  -1.7739136
 -0.07612815  0.6957419  -1.3180583   0.29127276 -0.5442445   1.8473771
  2.5616229  -0.1895073   0.3538009   1.0601054   0.27625456 -1.1034454
  2.453023   -0.18616733  0.42492092 -2.3003545   2.3651726  -0.10582459
 -1.2399254  -0.82051545  1.1409092   0.70960087 -0.70252633  0.1872828
  1.4831325   2.6259897   1.5087109  -1.1024274   3.2477646  -2.4534514
 -1.1872346  -0.01227636 -0.5798873   0.56055266  1.0411582   3.5261016
 -0.78486365  0.7787373   0.5934164   1.4654355  -0.76517814 -1.3240265
  0.19019367  0.26960546  0.36975095  0.4868727   0.39178914  0.07431548
 -1.5212536   1.1255355   0.29764095  2.3003182   2.5804517   1.0384117
 -1.8329518   1.3947563   1.0479373  -0.21655907  2.2656736   0.8446318
  1.2293128   1.1170646   3.056629   -0.36273363  1.2753863   1.0200772
 -0.99933815  0.1809791 ]