[[-0.49708512  0.93946625 -0.13198258  0.70554997  1.10605274 -0.04600773
   0.46598347  0.14560939 -1.90670617  0.26097794  0.52693242  2.34754414
  -0.90720921 -2.31841684  0.31699229  0.04669773 -0.56806272 -0.03602288
  -0.96770101  1.3496581  -0.04932425  2.65533879 -0.81801334 -0.14688591
  -0.54463081 -0.24372136  0.96110868  2.26059557 -0.6861669  -1.10859943
   0.91691473 -0.74004794 -0.78617116  0.18546787  2.52078201  1.3731594
  -1.14354511  0.08758075 -1.33704323  1.10209636 -1.71586485 -0.89560093
   1.41238951 -0.27959411  1.86201019  1.12275951 -0.70579084 -0.30937333
  -0.10064119  0.75089773  0.15713652  0.09285562 -0.27094623  1.67006518
  -0.86726848  1.60481262 -0.61446564  0.53141207  0.9506084   0.97038335
  -0.65032733  1.2816886   0.29944635 -1.32482274  0.98190204  0.29649317
   0.16346123  1.17099806  1.0223711   0.19223681  1.59459854 -0.95439554
   0.57913778  1.40303765 -1.23551612  1.45271641  1.26477952  0.11467228
  -1.15480026 -0.67017559 -0.56227148 -1.2219912  -0.34044527 -0.86826475
   0.0516571   2.3755898  -1.32864088  0.84485552  0.47840052  1.24578541
   0.94005502  0.40095527  0.60505888  0.0762841  -0.21682137 -0.26182818
  -0.60823567 -0.67352104 -0.19438204  0.71975645  0.85223971 -0.83824907
   1.67441645  0.73095044  0.859803    0.96820023 -0.60766189 -0.04414529
  -1.23494288  1.73479922  0.31033487 -1.13426989 -1.65256792  0.63465158
  -0.08849483 -2.13551183  0.8642155   0.82244898  0.69713602  0.11449619
   1.25458071 -1.67561862  1.48869972  1.63052377 -0.77121984 -1.99370087
  -0.92194324 -0.41272883  0.02059228 -1.69892171  0.25862275 -1.44424453
  -0.77073561  0.49719137 -0.10600696  0.29185589 -1.05082583  1.39774665
   1.10218187  0.49681112  0.26468357  1.80422624  1.01094664 -1.52349533
   0.88247871 -0.47877631  0.56759893 -1.41629242  1.61992808 -0.09557365
  -0.49721879 -1.4791149   1.07823927  0.55184585  0.3046412   0.82946018
   1.46489252  1.63172407  1.99686269 -1.02735029  2.54708154 -1.48916191
  -0.73480286 -1.0344753   0.22084015  0.25547847  0.38389538  2.6369457
  -0.42825472  0.41826061  0.4900174   0.76372309 -0.98906165 -0.71686017
   0.72488855  0.2204242  -0.45502633  1.38739252  1.02738494 -0.81346534
  -2.03273972  1.67924485 -0.96169575  1.7994298   2.68102066  0.1859973
  -0.0216127   0.96934563  0.0373497  -0.37836502  1.36317027  0.59224674
   1.5274523   0.46906047  1.58068227 -0.22410515  0.72352281  0.57569134
  -0.49459217 -0.22489215]]