[-1.3243684   0.7361717   1.9937865   1.9380051   0.56058496 -1.5606233
  0.12968497 -0.04000666 -2.2821      1.2313449   0.9003634   3.3366883
 -0.45258164 -4.1794415  -0.5024783  -0.73643     0.06449666  0.37696502
  1.0765499   1.4739033   0.04468169  2.4082634   0.22828001 -0.8188682
 -1.0928984  -1.4157935   1.8606366   1.0494517  -1.1446251  -0.15878665
 -0.44352832 -0.47494838 -2.0618334   1.28699     1.3830401   1.4142617
 -0.05765335 -0.12997    -2.5642016  -1.0949315  -1.1410251  -2.5929182
  1.13514    -0.9911817   1.2842318   1.0835515  -0.9669234  -1.9526983
 -0.8619316   0.42366335  1.9644051   0.49071336  0.48276004  2.7610233
 -0.85538834  2.7310352  -0.00940998 -0.3073      0.05926831  2.4058368
 -1.0581683   1.9246483  -0.36613497 -1.3875799   0.5190316   0.9162168
 -1.2847534   0.84355     1.1237701  -0.33540168  2.9324617  -0.99301004
  1.6705467   2.970235   -0.41439334  0.11465833  1.91998     0.9312367
 -1.8054417  -0.28915668 -1.0298218  -0.5458883  -0.52326995 -1.8651834
 -0.39186502  3.5288801  -2.251475   -0.42707166  1.8503385  -1.2605966
  0.30198336  1.9670283   0.94340324  2.65114     0.8330466  -0.31361005
  0.48687494 -2.033025    1.6290067   1.8617016   0.47577834 -2.16876
  2.7486382   0.51074505  0.5276666   0.16722329 -1.2653632  -1.0159183
 -0.46976492  1.7299533  -0.7242133  -2.9183083  -1.3697184   0.97286004
 -0.93308    -3.3674335   1.3989934  -0.5338617  -2.0635984  -0.10816991
  1.2274417  -2.3281684   2.2669485   1.8544632  -2.669117   -2.8741114
 -0.18037827 -1.5234848   1.1067334  -1.3579167   1.90371    -2.3907535
 -1.3657001   0.34711167 -0.36178836  0.7144533   0.37703502  1.4216633
  1.5818249   0.6948633   0.21519496  0.634505    1.7556149  -3.2907934
  2.0965898  -0.49460003  2.4449034  -1.6077884   1.29441     0.5384601
  0.21081495 -1.8271599   1.8000617   1.6974034   0.614415    1.0394267
  0.30791512  2.5483735   3.5509064  -0.7806766   2.4738503  -0.21311827
 -0.7813867  -1.3096083   0.749415    1.701245   -0.8422666   4.3314033
 -0.02455335  2.0563233   1.8775116   1.6862234  -0.18123502 -1.2800083
  1.2773983   1.30454     0.13459332  1.1907166   1.8239517   1.9574165
 -2.5712283   0.12785995 -0.7233534   0.91861504  3.6525784   1.1247135
 -1.0207766   1.6401583   0.11886171 -0.13938002  2.0514116   1.2141716
  1.325985    1.6971267   1.5705732  -0.9390333   1.2991034   2.0291684
 -1.1781132   1.1353251 ]