[-0.4398      1.0596505  -0.358818    0.7636365   1.2337998  -0.09889828
  0.631152   -0.01090937 -1.5215322   0.16097915  0.62031686  2.089248
 -0.85815704 -2.632591    0.1466353  -0.10913457 -0.8356815   0.3829383
 -1.5429926   1.4043913   0.17466174  2.7241738  -1.1271639   0.02473222
 -1.0169626  -1.2407264   0.8891093   2.4071054  -0.8377671  -1.0141195
  0.7955214  -0.79345345 -0.6067626   0.03063517  2.4029307   1.7855873
 -1.0904273   0.38209853 -1.8312505   0.5091169  -2.1326714  -1.087364
  1.617142   -0.37568197  0.9006492   1.2134047  -0.76742584 -0.6304111
  0.54282075  0.7621603   0.565407    0.16134684 -0.14914988  1.2110616
 -0.9002046   1.1530503  -0.46421605  0.48870695  0.51511043  1.2524512
 -0.3635817   0.9626025   0.6798933  -1.2475139   0.8147966   0.5368472
  0.5275018   1.1929382   0.8301837   0.0111316   1.4457551  -0.97647464
  0.8055566   1.4814246  -1.5535647   1.1925812   1.351774    0.5210581
 -1.4205921   0.04843897 -0.2720477  -0.96775496 -0.6780896  -1.1711708
  0.9415077   2.3712747  -1.1100744   0.7976469   1.0056349   1.0924559
  0.75042266  0.35622656  0.5946138  -0.02493209  0.01425667 -0.4471161
 -0.29743803 -0.5604075  -0.38335112  0.6776644   0.74206597 -1.638102
  1.7624359   1.2890538   0.6410186   1.1354207  -0.5607483   0.10571638
 -1.471557    1.8703746  -0.00293497 -1.4560692  -1.4396241   1.3861046
  0.3998353  -1.6957674   0.62212396  0.86596376  0.621451    0.20207901
  0.9289805  -1.4931544   1.50469     1.6190302  -0.63009423 -2.201832
 -1.1439466  -0.2832985  -0.05437975 -1.182402    0.6994586  -1.537491
 -0.67643505  0.89964086 -0.3913911   0.5138082  -0.2966392   1.7797309
  1.2736163   0.57983685 -0.02909852  1.3843997   0.7147878  -1.6133845
  1.5993613  -0.35660943  0.23707455 -1.864984    1.6335348   0.16843316
 -0.39201948 -0.7876006   1.0148929   0.7786985   0.7966557  -0.00562629
  1.0882336   1.7270352   1.3345121  -0.49518034  1.9523484  -1.9301225
 -0.6783563  -0.9253961  -0.00950307  0.04970929  0.6506749   2.9202185
 -0.7858606   0.733731    0.6020131   1.119024   -0.91261405 -0.846662
 -0.15207076 -0.07936233 -0.16647062  1.0713243   1.030402   -0.14931667
 -2.6124272   1.1062678  -0.28693664  1.3750925   2.8214085   0.17671187
 -0.00839064  1.2405388   0.1891479  -0.26940957  1.2794626  -0.03329298
  1.7715551   0.65098006  1.1916649   0.06909037  0.44059467  0.17261137
 -0.7970995  -0.34503904]