[[-0.51882715  1.13831755 -0.24037632  1.13400021  1.2080855   0.53665286
   0.10202571  0.45987531 -1.55549571  0.22921673  0.37355021  2.51515122
  -0.98550348 -2.06654858 -0.13288061  0.40191041 -1.21535182  0.03810081
  -1.35392041  1.84806633  0.20831449  2.04271796 -0.71100286 -0.20433122
  -0.83123163 -0.96454612  0.69449225  2.46323713 -0.21156    -1.28388447
   0.5797998  -0.21630448 -0.6189196   0.14527918  2.45273083  1.42946757
  -1.29696551  0.22422081 -2.0811947   0.16235856 -1.8294602  -0.98869407
   1.71145755 -0.81046142  1.2736153   1.11585489 -0.44063631 -0.46953184
   0.10681573  1.32394489  0.58564163  0.20235611 -0.0133039   1.03079673
  -1.28247978  1.36409856 -0.34484326  0.24814286  1.21762306  1.23401102
  -0.7137247   1.00621368  0.51805449 -1.4567347   1.17544225  0.46643592
   0.42957083  1.0645398   0.85853285 -0.31329899  1.82667612 -0.97083754
   1.13155225  1.66583978 -1.11442489  0.98379981  1.21701939  0.37364429
  -1.3505804  -0.2281349   0.05514959 -0.72041655 -0.93596837 -1.46345305
   0.69648612  1.98783348 -0.83572062  0.78032184  0.85877918  0.80378144
   0.41206819  0.6875545   0.69482164  0.35968817  0.00746735 -0.80040408
  -0.59785755 -0.58335082 -0.01146489  0.81397102  1.23427247 -1.52294488
   1.67133345  0.18832979  0.45274346  0.65541674 -0.6188302   0.08360102
  -1.38678655  2.13158754  0.48363591 -1.34548857 -1.70456266  1.01639918
   0.52134837 -1.99968325  0.79088203  0.78842245  0.10155103  0.10509061
   1.42338858 -1.00322388  1.84859204  1.89486102 -0.69320348 -2.64021997
  -1.28193469 -0.36182572 -0.09983877 -1.25341511  1.18648224 -1.10754714
  -0.72563897  0.24365285 -0.44969837  0.06151998 -0.23698082  1.81976939
   1.73529383  0.27935694 -0.08750285  1.01814674  0.99345736 -1.41742347
   1.54475121 -0.38218755  0.87519162 -1.81802349  1.28005244  0.54532531
  -0.25885878 -0.8607506   1.27145102  0.69486103  0.25844959  0.12281041
   0.88606468  1.6830357   0.93403858 -0.77007938  1.91570043 -2.43560102
  -0.60475693 -0.58131553  0.27226672  0.60105021  0.60191716  3.30503326
  -0.47294082  1.07587348  0.28687     1.12289429 -0.75167817 -0.46842245
   0.32066715 -0.04406716 -0.13917634  1.07392899  1.0544045  -0.06215571
  -2.18865244  0.50621326 -0.32667368  1.93405223  3.16646798  0.92238941
  -1.06407532  1.3375441   0.08648429 -0.27023592  1.23817021  0.37979144
   1.70299448  1.14633571  2.294481   -0.42429878  0.41184938  0.01372001
  -0.75329917 -0.47648143]]