[[-1.09117628  0.58020626  0.7870125   0.70687748  0.1610575  -0.25964253
   0.92966247 -0.21458    -0.97494626  1.12624251  1.5450038   2.26463003
  -0.0822537  -2.45709236  0.99329625 -0.00506254 -0.71153251 -0.03582001
  -0.15510623  1.2268225   0.83174501  2.19466749 -0.52534752 -1.02927873
  -0.7164175  -1.66417748  1.42436755  1.39992001  0.04923002  0.05821875
   1.07364129 -1.22991122 -1.01111995  0.42276997  2.63761631  0.39430126
  -1.25073997  0.13833252 -1.66266378 -0.36354001 -0.24307878 -0.85012623
   1.40905372 -0.21406     1.47774626  0.46215126  1.23224745 -0.67585497
  -0.79613248  0.59396877  0.58144248  0.16093748 -0.67780001  1.13963757
  -0.31612125  2.69007514 -0.47829495 -0.73242626 -0.05214871  1.6504375
  -1.50833372  1.91938872  0.47964372 -1.66177626  1.05169376 -0.18576254
   0.07837502  1.71281751  0.92450375  0.32525252  2.38568005 -1.03115746
   1.34332382  1.6110675  -2.21477882  0.97372876  0.5093475   0.5296025
  -2.02926874 -2.59051757 -0.90864252 -0.88397126 -1.09240251 -1.50590253
   0.15011622  2.25790621 -0.49294499  1.28537999  0.75497004  0.23525624
   0.40500753  0.46635371  1.36837249  0.45635128  0.72149626  0.39335501
   1.19224872 -1.56897751  0.53540874  0.19406995  1.10721375 -1.52647376
   1.17531376  1.03767752  0.78393376  1.87655492 -0.58713628 -0.15608124
   0.12869878  1.44836124 -0.19139752 -1.90277625 -2.05252131 -0.85506622
   0.22668875 -2.74574374 -0.60436255  0.83689874 -0.66399377  0.9765312
   1.47316122 -1.17809373  0.85941501  1.8700425  -1.74536131 -2.68032253
  -1.27799243 -1.88996872  0.21316499 -2.44614871 -0.19843254 -0.74111124
  -0.09711375 -1.17566751 -0.48820252  1.37392998 -0.0582      0.42008622
   1.86353499  0.00862625 -0.5538975   0.37071249  0.89952497 -0.64886878
   1.74677123 -0.65757628  1.18875002 -0.82572373  1.48026883  0.08551376
  -0.10261    -2.23169246  0.87861877  0.18216752  0.86021628  1.13030251
   0.49754623  2.70881248  3.48283374 -1.34092247  1.74412373 -1.25909367
  -0.31457625 -1.41136874  1.188565    0.05116377  0.83294381  2.24148372
   0.16735747  0.10409125  0.16878374  1.99990748 -0.61872249 -1.68546383
   0.08241375  0.96969624  0.78665753  0.76540998 -0.01521004 -0.3219975
  -0.80840122  1.6792675  -1.43275996  1.97239622  3.43071622  1.07837377
  -0.90015247  0.31956129  0.89072998 -0.44047374  2.025725    1.49409119
   1.53054628 -0.05709376  1.85411127  0.40820251  0.3428775   0.59236752
  -0.56375496  1.382205  ]]