[[-6.07589241e-01  6.24567628e-01 -3.18877983e-01  6.49907203e-01
   1.40207968e+00 -6.52435596e-01  9.06533666e-01  1.74659581e-01
  -2.01052552e+00 -7.03448248e-02 -4.39627314e-02  1.90737980e+00
  -3.95968403e-01 -2.17182386e+00  2.13426762e-01  1.36056345e-01
  -1.10466358e+00 -7.67572045e-02 -2.04946408e+00  1.43471801e+00
   1.23439183e-01  2.59758990e+00 -5.67475185e-01  3.33363638e-01
  -6.89023561e-01 -9.59036477e-01  4.56521614e-01  2.90847127e+00
  -2.98956420e-01 -1.53612969e+00  8.41837217e-01 -2.27543861e-02
  -8.42787652e-01 -2.23752382e-01  3.15310701e+00  1.63347843e+00
  -1.01954909e+00  1.19214014e+00 -1.59941997e+00  3.56705964e-01
  -1.96695549e+00 -9.30748243e-01  2.26055141e+00 -5.21454344e-01
   1.23280197e+00  1.34898510e+00 -6.58136015e-01 -5.40842431e-01
   2.35693992e-01  1.34851182e+00  6.84211559e-01  2.23947573e-02
   1.84167969e-02  1.34111516e+00 -1.32326084e+00  1.32208443e+00
   3.75155985e-02 -3.88324189e-02  1.98916113e+00  1.72162409e+00
  -2.83719566e-01  1.80339610e-01  3.54302387e-01 -1.83602454e+00
   1.12680363e+00  4.87186813e-01  5.79546404e-01  1.42354060e+00
   3.66447568e-01 -3.01167583e-01  1.06307766e+00 -5.53948359e-01
   6.98285623e-01  2.38769603e+00 -1.82833406e+00  1.13645122e+00
   1.56878240e+00  2.32741990e-01 -1.21123514e+00 -6.64909627e-01
  -6.51264393e-01 -1.50541684e+00 -8.68254396e-01 -1.42182070e+00
   1.02566645e+00  2.39738939e+00 -9.90314131e-01  3.05432777e-01
   1.24954484e+00  7.16515212e-01  1.43226535e+00  3.12755628e-01
   5.20978060e-01  4.14288826e-01  2.72541614e-01 -1.04872633e+00
  -5.70519967e-01 -4.40236394e-01  6.01568432e-01  1.29666326e+00
   9.61155949e-01 -9.20233681e-01  1.85675959e+00  5.24374753e-01
   6.44589545e-01  6.17295237e-01 -5.91754026e-01 -1.18431187e-01
  -1.81530874e+00  2.62010337e+00  9.31383996e-01 -1.85504595e+00
  -1.63160411e+00  1.13311527e+00  8.48109694e-01 -2.35477878e+00
   1.19799871e+00  7.49834096e-01  6.32999206e-01 -3.62082015e-01
   1.80703490e+00 -1.64862897e+00  1.04879242e+00  1.82323412e+00
  -5.91353598e-01 -2.84974828e+00 -1.84607540e+00 -5.13992167e-02
  -2.61826434e-01 -1.61123912e+00  7.52070096e-01 -9.96072817e-01
  -4.84621935e-01  1.37178413e-01 -2.70103195e-01 -3.40141996e-01
   3.89839997e-01  1.63941448e+00  2.25637939e+00 -7.97391927e-02
  -1.12289603e-01  1.50657058e+00  6.98136823e-01 -1.80114041e+00
   1.91740437e+00 -1.50102005e-01  5.96632862e-01 -1.31545841e+00
   1.58820337e+00  2.97358365e-01 -4.25148823e-01 -4.07529583e-01
   9.27743635e-01  1.88195605e-01  5.65027256e-01  5.34347210e-01
   1.67202790e+00  1.78895331e+00  9.42937588e-01 -3.60662094e-01
   2.46662521e+00 -3.03743004e+00 -6.47658899e-01 -4.59179182e-01
  -2.94358401e-01  8.45625178e-01  1.31154452e+00  3.12053772e+00
  -3.83252359e-01  1.04798684e+00  2.09189997e-01  1.12390056e+00
  -1.15072477e+00 -4.42335958e-01  3.29854822e-01 -3.70310022e-01
   3.63641987e-01  7.05172482e-01  5.02946444e-01 -1.99334371e-01
  -2.48577882e+00  9.67391665e-01 -6.32477593e-01  1.79937537e+00
   3.77491499e+00  1.03043071e+00 -1.28948584e+00  1.40532405e+00
   2.97670813e-01 -3.23299990e-01  1.79441962e+00 -2.82192426e-01
   2.87430686e+00  9.89627223e-01  2.37450529e+00 -4.64895992e-01
   2.91430407e-01  4.67615128e-04 -8.71731596e-01 -5.71536349e-01]]