[ 0.02708798  0.83969593  1.04955     1.476305    0.535304    0.624304
  0.27734202 -0.17294697 -2.5464568  -0.164522    1.016668    2.47815
 -0.9887289  -2.2895432   1.7907931   0.44519502 -1.4119619  -0.918286
 -1.1368239   1.3356001  -1.424873    3.512986   -0.77892697 -0.316701
 -0.83508503 -0.80405396  2.049171    1.699988   -0.609635   -1.011145
  1.4242771  -0.24788602  0.07367702  0.26542896  2.9801483   1.887125
 -1.618736    0.701504   -1.053745    0.36896494 -1.1790969  -0.26927802
  2.100842   -1.107972    0.63815     0.9539099  -0.25483403 -1.1119801
  0.32744998  1.654474    0.988562   -0.83269703 -0.20690899  2.1903253
 -0.37644094  1.8464501  -0.57437694 -0.61088     1.325601    2.353117
 -0.48796505  0.98598206 -0.384835   -0.55125     0.367743    0.20804703
  1.004983    1.001702   -0.22256899 -0.32918102  1.041582   -2.557671
  0.46174994  1.2453349  -0.86139095  0.7033731   0.33868104 -0.274004
 -0.51920205 -1.3976829   0.00799102 -0.92111605  0.12857698 -2.076539
 -0.04359801  1.5329429  -0.539893    1.8855419   1.316602    0.19402099
  0.6052381  -0.11974697  0.728704    0.577243   -0.01418701 -0.74648494
 -1.403873   -0.548945   -0.18212399  0.33626097  0.9430019  -2.255208
  2.859524    0.5395811   0.75220597  0.36839706 -0.17546602  1.2534299
 -2.402249    1.4352691   1.0492629  -0.358059   -1.103746    1.515705
  0.420726   -2.3716688  -0.02572802 -0.30239698  1.0108908   0.7151481
  2.3635728  -0.608712    2.4143283   0.10846496 -1.2786299  -1.2736561
 -2.220422    0.52909696 -0.48349896 -1.284481    1.0921849  -2.1396449
 -1.3053781   0.596977    0.14842999  0.57375795 -0.58460003  0.5236811
  0.19290197 -0.10632904  0.793075    2.143528    0.14282498 -1.3131189
  1.8013809  -0.75548     0.16842899 -2.9189677   1.9973209  -0.08679402
 -0.54942703 -1.2172749   1.233142    0.49292102  0.06574301 -0.468855
  0.77494395  2.1406462   1.384965   -0.678563    2.371305   -2.1746879
 -0.384541   -1.609577   -1.3446041   1.355174    0.39744502  1.803047
 -1.307914   -0.070964    0.14747898  1.84587    -1.870095   -1.422634
  0.86894304 -0.9526569   0.32107598  1.0352681   1.179274    0.430499
 -1.7661412   1.1643411   0.84573096  2.382337    4.0800176   0.646278
 -0.9740059   0.39397794  0.060548    0.22692907  0.60467803 -0.52696997
  1.484226    1.6124899   0.12345405 -0.34179807  1.587423    0.50960004
 -0.57287014  0.749411  ]