[[-0.81656968  0.70254562 -0.43633718  0.74307501  0.9940253   0.27348439
   0.39150938 -0.24240497 -1.2404247   0.21960843  0.55589781  1.79214846
  -0.80237938 -2.7406072  -0.4512947   0.05238311 -0.78373592 -0.59639469
  -1.65722813  0.88620938  0.25094282  1.70093749 -1.02267938 -0.35964123
  -0.42217719 -1.03089439  0.69259752  2.27225504 -0.50590814 -0.67689533
   0.5860203  -0.91366717 -0.85799748  0.41074125  2.82483971  2.17189216
  -0.81056627  0.4481322  -1.9441294   0.1350425  -2.16219032 -0.89359189
   1.96607754 -0.1268625   1.03859373  1.17365311 -1.38474406 -0.70668594
  -0.20274155  0.98289531  0.28112782  0.56889156 -0.14182283  1.5592228
  -0.34105094  0.87377092 -0.66322282  0.15720656  0.21551718  1.56620531
  -0.80156344  1.2471472  -0.0104347  -0.26397844  0.24908999  0.5292272
   0.04610093  0.53099813  1.21282843 -0.13474531  1.92625341 -1.04178376
   0.94578093  0.88957593 -1.73275813  0.79124532  1.58757436  0.53060279
  -1.18788032 -0.35205061 -0.0522822  -0.84480282 -0.21163938 -1.28156154
   0.54635812  2.52590595 -1.06790529  0.44413532  0.99118283  0.74015656
   0.44036062  0.34218156  0.75285906  0.39063596 -0.02413967 -0.97916656
  -0.79501656 -0.6083203  -0.64772938  0.84703808  0.91036529 -1.7628997
   1.93657998  1.51298247  1.1444009   1.08139655 -0.75193658  0.31901873
  -1.43151718  1.40833498 -0.70251876 -1.84681969 -1.48061186  0.33299124
   0.75755562 -1.72541122  0.74345656  0.3486053   0.21597531 -0.10873907
   0.84093659 -1.55224406  1.56414188  1.7114219  -1.50155687 -1.43142939
  -1.52632937 -0.84549719  0.66196593 -1.26368844  0.48801531 -1.23265377
  -0.43495032  0.8571269  -0.80066123  0.9687175  -0.61168814  1.50463126
   0.69614967  1.1059403   0.31484189  1.20273564  1.50903189 -1.43779906
   0.96316907 -0.75931188  0.06247719 -1.55809063  1.18260279  0.09248344
  -0.48104781 -1.44177811  1.04524467  0.64327689 -0.09863688  0.24262874
   1.13847251  1.58423123  1.11257716 -0.19710125  2.04140972 -1.94266089
  -0.32835125 -1.1310056   0.23212782 -0.2829425   0.42967124  3.03708284
  -0.34131406  0.74317373  0.64861532  1.14761096 -0.78622656 -1.19617502
   0.36275563  0.19493064 -0.22795594  1.01759314  1.16133343 -0.19060591
  -2.56053811  1.16770436 -0.71472722  1.04259999  2.5962222   0.30882031
   0.12776686  0.76991563 -0.32903593 -0.03317873  1.450525    0.64386561
   1.85751938  0.53543562  1.04333937  0.46019062  0.12615186  0.81423157
  -0.96080559  0.19067157]]