[[-0.44346274  0.35542972 -0.05055864  0.61340272  1.19729195 -0.77832227
   0.75543015  0.86647562 -2.42231666  0.94605758  0.32335772  3.01160043
  -0.96588576 -2.3169935   0.59830682  0.52357453 -0.87864059  0.09191531
  -0.67623241  1.66439607 -0.35233348  3.1493647  -0.70512759  0.63064319
  -1.08587607 -0.59076212  0.40573636  2.36253621 -0.47780667 -1.19502712
   1.19495396 -0.64763741 -1.57413879  0.30431273  2.07772774  1.63630607
  -0.87534516  0.54619485 -1.69536107  0.36508439 -2.37985363 -1.12288379
   1.89704832 -0.8072747   1.32907651  1.04464879 -0.92371789 -0.58583062
  -0.23289863  0.69159832  0.18553229  0.37645121 -0.18440517  1.83776364
  -0.81317562  1.70793848 -0.48944211  0.1637144   1.51356833  0.95903242
  -0.05142257  0.99069713  0.10517013 -1.05654561  0.75014091  0.72654605
   0.47833575  0.6650032   1.21017258  0.644335    2.1543241  -0.83244137
   0.06993484  1.57088289 -1.25238122  1.14843226  1.62233878  0.2601941
  -1.49255698 -1.37446654 -0.4101406  -1.15100849 -0.82698591 -1.60564593
   0.30951608  2.61106151 -1.37342015  0.39020681 -0.04159424  0.95960076
   1.22593061 -0.30729303  1.02131756  0.4900197   0.3310415  -0.62995773
  -0.13748682 -0.91346801  0.17585455  0.66426803  0.60980501 -1.0643406
   2.08993892  1.4527641   0.86871438  1.00727425 -1.01159591  0.1906453
  -1.57080423  1.87698289 -0.12504244 -1.02561364 -1.40463     0.70625803
   0.24106046 -2.36732514  1.2427847   0.3174694   0.66416697 -0.18934075
   1.53036393 -1.41655954  1.46225865  2.18524636 -1.25948954 -2.24074575
  -1.16587818 -0.61044425  0.41151182 -1.74559652  0.80516211 -1.6329044
  -1.27034243  0.87977075 -0.67558667  0.44712712 -0.54651924  1.71770425
   2.06949576 -0.12738106  0.07656319  1.88677954  0.66616196 -2.01460105
   1.43977745 -0.45481423  0.26036773 -1.48334121  1.07110228  0.65474681
  -0.69421166 -0.9519053   1.41548015  0.92866167  0.38477575  0.83441409
   1.32541999  1.49942424  1.79612184 -1.4544603   2.46886305 -1.96547257
  -0.7298809  -0.58300547 -0.33887196 -0.08994287  0.56482711  3.13448621
  -0.86372909  0.72774348  0.78584954  0.82332197 -0.92460335 -1.03724744
   1.48676939  0.11482    -0.39145652  1.88342757  1.52649229 -0.73489925
  -2.39332137  1.84249771 -0.89793062  1.96460121  3.21976196  0.47770045
   0.07503741  1.54084894  0.79847743 -0.05271316  1.75401212  0.89007061
   1.77600771  1.36885942  1.30454591  0.06810167  1.33290182  0.58676319
   0.17895957 -0.18961332]]