[ 2.2599667e-01  6.2017667e-01 -1.1872168e+00  6.7731661e-01
  1.5203600e+00 -1.5342132e+00 -3.2787672e-01  6.4299339e-01
 -2.0877101e+00 -4.0337333e-01  8.2662994e-01  1.2527667e+00
 -1.3152667e+00 -1.0493666e+00  2.4302667e-01 -7.7443671e-01
 -3.1666558e-03 -7.3388004e-01 -3.9462402e+00  1.2833567e+00
 -1.3229500e+00  2.5916767e+00 -2.2805333e+00 -5.3184664e-01
 -2.5956433e+00 -4.1206658e-02  6.3814670e-01  2.7606032e+00
 -7.3709965e-02 -1.8087801e+00  9.0379661e-01  4.2640012e-02
 -1.3895067e+00  1.4772661e-01  3.3125401e+00  1.6266333e+00
 -2.0330434e+00  2.5138667e-01 -1.0797998e-01 -2.9770666e-01
 -2.7884266e+00  4.0445665e-01  3.4423931e+00 -8.8835329e-01
  1.7483100e+00  3.1582596e+00 -2.2189734e+00 -3.0043334e-01
  6.5453254e-02  2.3836333e-01  7.2195333e-01 -7.1833342e-01
  3.3993933e+00 -3.1833997e-01 -7.1678996e-01  1.6665335e+00
 -1.2800533e+00  4.6104002e-01  2.2358835e+00  9.9545002e-01
 -9.3653403e-02  1.8825766e+00  1.4663800e+00 -1.6387501e+00
  6.7190331e-01  8.5617995e-01  1.1077234e+00  1.2734667e+00
  9.8201340e-01  2.3963334e-01  9.6302670e-01 -3.8571668e-01
 -1.3424635e+00  9.7469664e-01 -1.8267698e+00  1.0900866e+00
  3.4925098e+00  6.5248322e-01 -1.1990033e+00 -1.8200766e+00
 -9.1869670e-01 -7.7265328e-01 -2.1487300e+00 -1.9032999e+00
  3.0772999e-01  3.2657700e+00 -4.6814334e-01 -1.5241433e+00
  1.4267200e+00  1.5431633e+00  2.7639568e+00 -1.9870834e+00
  7.0075005e-01  3.2873499e+00  2.0749834e+00 -1.4060534e+00
 -1.5781900e+00 -1.3726567e+00  2.4392994e-01 -7.7066422e-03
  9.2822665e-01 -6.5722662e-01  2.5698934e+00  1.5272268e+00
  3.4059319e-01  3.6800328e-01 -1.1283633e+00 -3.1432331e-01
 -1.7620701e+00  3.2770131e+00  4.1317666e-01 -1.0272100e+00
 -1.1535600e+00  1.0022568e+00  2.8455666e-01 -2.1234531e+00
 -1.6402966e+00  1.4236566e+00  1.3713068e+00 -8.2499899e-02
  1.8101801e+00 -7.8495669e-01  6.4706331e-01  3.4850197e+00
  4.9096665e-01 -2.2080834e+00 -1.9761068e+00  5.3200668e-01
 -1.1630000e+00  5.7212001e-01 -6.5633297e-02  3.0991340e-01
 -1.5204067e+00  2.9605997e-01 -9.2764336e-01  3.8402662e-01
 -2.7122667e-01  1.7885002e+00  2.7994502e+00 -4.0736666e-01
  5.6138998e-01  2.3478665e+00 -1.4956663e-02 -1.7198967e+00
  1.3729000e+00  5.2558661e-01  8.3548659e-01 -1.0596167e+00
  1.6951300e+00 -1.1374367e+00  5.7862997e-01 -8.4263343e-01
  1.4883966e+00  6.0943335e-01  1.5187801e+00  1.3397366e+00
  3.9681003e+00  1.8385000e+00  2.8973701e+00 -1.7786866e+00
  1.9872068e+00 -2.3003199e+00 -1.4355301e+00 -2.1127768e+00
 -1.4070664e-01  1.2436500e+00 -1.1765500e+00  2.2006700e+00
 -2.5461934e+00  1.1469933e+00  3.0972931e+00  2.4958899e+00
 -5.2003664e-01  1.7258668e-01 -1.4763867e+00 -1.7999808e-03
 -1.0281199e+00  1.2655367e+00  1.9968967e+00  2.2033660e-01
 -1.4894633e+00  2.8942068e+00 -1.8658733e+00  2.3969033e+00
  5.8306832e+00  1.4187168e+00  4.3623662e-01  2.3263266e+00
 -9.2505664e-01  2.6399338e-01  3.1766202e+00  2.6781669e-01
  3.9338233e+00  1.3276700e+00  1.4359301e+00  4.3165684e-03
 -3.6820337e-01  9.3586332e-01  9.3273002e-01 -8.7207335e-01]