[-6.47715986e-01  1.10014066e-01  5.99135995e-01  2.33750415e+00
  2.32145214e+00 -1.65874034e-01  1.00627804e+00  2.76601195e+00
 -2.39948010e+00  1.51587993e-01  1.49003196e+00  2.50741386e+00
 -1.36794209e+00 -1.82293200e+00  1.00982797e+00 -1.17672011e-01
 -1.22556400e+00  1.55434012e-01 -3.17099190e+00  1.62486804e+00
  7.03682065e-01  3.72585607e+00  1.17266014e-01 -1.00400412e+00
  1.05429804e+00  1.68108031e-01 -8.87248039e-01  2.66535187e+00
  1.15602398e+00 -1.05417800e+00  1.71213984e+00  2.92344034e-01
 -4.96288002e-01  4.08436000e-01  2.02889800e+00  1.68065798e+00
 -1.68116605e+00  1.04841948e-01 -1.06093407e+00 -3.21489990e-01
 -4.28252029e+00 -8.89385998e-01  3.28025389e+00 -1.03276992e+00
  2.40345407e+00  2.00476408e+00 -1.22619605e+00 -1.74598008e-01
 -7.44827986e-01  3.34544611e+00  1.10852790e+00  5.45191944e-01
  1.27332807e+00  1.61679196e+00 -3.50960016e-01  1.35437799e+00
 -6.24993980e-01 -1.31535196e+00  2.24175596e+00  1.02405000e+00
 -2.86119934e-02  1.51941609e+00  9.63620022e-02 -3.39065027e+00
  1.90638602e+00  1.36218607e+00  1.67169797e+00  1.93296015e+00
 -2.63158023e-01 -1.40219808e+00  9.37273979e-01 -1.45892203e+00
  1.17081201e+00  1.99383390e+00 -9.55965996e-01  1.99501801e+00
  1.33693004e+00  9.05018032e-01 -1.60679591e+00 -1.05823803e+00
 -2.74616033e-01 -1.80431592e+00  5.60920462e-02 -1.41846395e+00
  8.62102151e-01  1.48694813e+00 -4.20679957e-01  3.39999190e-03
  1.08247590e+00  1.87187994e+00  3.02156782e+00  6.35781944e-01
  2.88234025e-01  9.29387927e-01  6.18054032e-01  2.33262017e-01
 -1.37424004e+00  6.03519790e-02  1.02746201e+00  5.13065994e-01
 -8.05831909e-01 -7.86029994e-01  3.06453800e+00  2.20774010e-01
 -2.10410357e-03  1.14108801e+00  1.52051985e-01 -1.18630612e+00
 -3.48661566e+00  3.47062993e+00  1.12703609e+00 -2.82952809e+00
 -8.49692047e-01  2.38391185e+00  6.77598000e-01 -1.93411601e+00
  6.80741966e-01  1.76179814e+00 -1.17411993e-01 -3.63254011e-01
  3.04102778e+00 -1.69581604e+00  1.55866802e+00  3.78761816e+00
 -4.92955983e-01 -5.07472038e-01 -7.39030004e-01 -4.93577898e-01
  8.85894001e-01 -2.42754221e+00  6.94239885e-02 -1.85051215e+00
 -1.82822004e-01 -1.11397982e-01 -1.07902396e+00 -1.16474199e+00
 -1.54448795e+00 -7.67138004e-01  2.80349612e+00 -1.10358989e+00
 -2.58360021e-02  5.12739792e-02  5.52106023e-01 -1.57015193e+00
  1.66413021e+00 -3.16393971e-01  2.04873419e+00 -1.58081388e+00
  2.35040402e+00  1.53334999e+00 -1.72869611e+00 -1.38501573e+00
 -3.54102015e-01  2.41143584e+00 -1.21815002e+00  6.63843989e-01
  2.84314013e+00  2.03557801e+00  4.84319925e-01 -3.09253961e-01
  2.19332409e+00 -3.46738386e+00 -1.80441988e+00 -1.29185796e+00
 -7.89302111e-01  1.28699005e+00  3.96180004e-01  2.94786000e+00
 -3.86315942e-01  2.09661603e+00  9.04260054e-02  3.04470062e-01
 -5.25315940e-01 -1.94815791e+00  9.85017955e-01 -1.42844200e+00
 -1.82921624e+00  9.11589921e-01 -1.66056022e-01  1.95307600e+00
 -3.20079231e+00  1.81148207e+00 -3.32028002e-01  3.45230412e+00
  3.08821225e+00  1.39984596e+00 -1.47680795e+00  1.24685800e+00
  6.74465954e-01 -1.43377975e-01  2.93379402e+00  9.91246045e-01
  2.22583199e+00  2.06804585e+00  3.18536377e+00 -1.55529594e+00
 -1.25344980e+00  9.80549991e-01  2.59845972e-01 -3.01262051e-01]