[[-0.88195725  0.36688274 -0.54847727  0.9443894   0.7145279  -1.42070215
   1.47913756  0.11420002 -1.09078637  1.33791605  0.41668666  2.22751942
  -0.76074332 -2.00244213  0.71842333  0.34946847 -0.71774032 -0.94672607
  -1.25584789  1.59326604 -0.68032515  1.94827998 -0.52162544 -0.45484243
  -0.58473362  0.72219577  1.33946877  2.43857426 -0.92731849  0.16594365
   0.04929394 -0.85799515 -0.61004242  0.47539393  1.90075635  1.24338908
  -1.05794971 -0.41394273 -1.48564727  0.09983392 -1.28102757 -1.1596815
   1.48251969 -0.49890939  1.06244151  0.53773515 -1.10186696  0.01195061
  -0.37408092 -0.28928666 -0.80945968  0.50430971  0.00382242  0.85049968
  -1.08992819  0.29548634 -1.26439454  0.4621682   0.47813152  1.2277009
  -0.74592486  1.59006911  0.97225907 -1.12214544  0.72090971  0.18780787
  -0.04759789  0.7211303   0.63775303  0.02754636  1.22618242 -0.91444365
   1.13046547  0.67927029 -1.36167063  1.10282788  1.55173455 -0.30197728
  -1.2782888  -0.10282576 -0.65706758 -0.66975243 -0.94099151 -0.95808454
   0.10978664  2.89557543 -1.18126426  0.42291726  1.03927758  0.80659304
   1.20172818  0.11173758  1.55766515  0.06715879  0.43112697 -0.43965579
  -0.41740333 -0.41006274 -0.1933503   0.60755423  0.58707877 -1.05998881
   1.8331748   0.88829485  1.34089029  1.6256     -1.30726002  0.59381244
  -0.49257182  0.97245698 -0.7307664  -1.63531666 -0.810027    1.00630029
  -0.25404002 -1.34492938  0.91313331  1.33894907  0.53448726 -0.10213636
   1.4846815  -1.82664244  1.1003488   1.94469335 -1.90400694 -3.10669877
  -0.54597757 -0.92426031  0.39556728 -1.68578788  0.06925576 -1.18768969
  -0.75879029  0.46346849 -1.11821786  1.02430938  0.21222939  1.00903183
   1.51896694  0.63787302  0.43587727  1.60431545  0.64841727 -1.68765573
   0.88749606  0.27109936  0.96211697 -0.77874152  1.95997337  0.10955545
  -1.02177851 -1.55761363  1.2190709   0.46828698  0.24329576  1.14111577
   0.99796574  0.49053697  1.59894758 -0.72316181  2.20596209 -1.05509241
   0.69348243 -0.27821064  0.45378062 -0.44880848  0.41165152  2.2692291
  -1.11650031  0.53010093  0.39520453  1.43845608 -1.14344937 -0.97014697
   0.61454606  0.07747001 -0.59305786  1.3541497   1.40203061 -0.18449272
  -1.96783119  2.0381997  -0.96385394  1.92917031  2.93438452  0.78070879
  -0.26162972  1.61041819 -0.02049939  0.35627878  1.44164693  0.27073395
   1.83135061  1.11528427  0.85752305 -0.10207092  0.7348912   0.03097756
  -0.88767091 -0.33455152]]