[-0.34404632  1.2289805  -0.04197683  0.25247574  1.5607264  -0.17604473
  0.26701474 -0.1487021  -2.1532083   0.24922366  1.069023    2.0982826
 -0.6724073  -2.7638535   0.04975053 -0.33462688 -0.63320154  0.6040416
 -1.5439789   1.5042048  -0.5006084   2.1875231  -0.72024316  0.21218471
 -0.9248179  -1.202983    1.5021726   1.9910375  -0.2569974  -0.7498106
  0.5482673  -0.92811996 -0.9222152  -0.4260516   2.4263508   1.836449
 -1.0052974   1.1147884  -1.511467    0.91474265 -2.926366   -1.5137028
  1.5074979  -0.27679262  1.2265534   1.7685963  -0.35858157 -1.1152005
 -0.03686528  1.7256038   0.04312525  0.82783526  0.11854051  1.14633
 -0.8178142   0.7903764  -0.49348047  0.7640458   0.5545216   0.5389031
 -0.92976207  1.2536147   0.39578685 -1.0220289   1.1249748   0.07909631
  0.36481786  1.3551869   0.7142079   0.05585     2.1735375  -0.1251363
  1.7307322   1.3737912  -1.6012905   0.67119324  1.4670116   0.44346684
 -1.5475838  -0.28525102 -1.0313215  -1.3504453  -0.6326397  -0.8994686
  1.0742369   3.0722675  -0.46102467  1.0242437   1.7169758   1.1392511
 -0.06521684  0.4376005   0.58516425  0.00392209  0.12592947 -0.85533905
 -0.84744436 -0.5932748   0.6753158   1.044336    1.0973227  -1.4949373
  1.7093835   1.5116936   1.3465267   1.5441353   0.3032231   0.46421948
 -0.91700155  1.2202736   0.04319215 -1.0767576  -0.7192095   0.06714005
  0.13103525 -2.2599168   0.28844634 -0.11446048  0.828001    0.46671677
  1.1953837  -0.8370537   2.599707    1.5505968  -1.3538975  -2.7745638
 -0.9955452  -0.4959358  -0.85539204 -1.7734606   0.9448622  -1.1445373
 -0.44884786  0.86068314  0.07929422  1.1978585  -1.227633    1.4772768
  1.1879694   0.28943893  0.31071368  1.8754369   0.8017316  -1.7303191
  1.2144606  -0.48460364  1.0255136  -2.6535618   1.5423      0.11134628
 -0.1549779  -1.1541722   1.2889999   0.9938525   0.17300208  0.52205104
  0.58726424  2.3839867   1.5877311  -0.84242743  2.1642978  -2.4989731
 -0.63069785 -0.9827895   0.3718494  -0.21050946  0.37314686  3.177412
 -0.3976858   0.08353421  0.34797472  1.3558874  -0.7786268  -1.1956506
 -0.09082211  0.452669   -0.1935374   1.5809425   0.9504804  -0.41530105
 -3.268505    1.4205128   0.18874422  1.1411716   3.6822786   0.8585616
 -0.44713154  1.5081336   0.06101789  0.22899944  1.9313694   0.6069884
  1.9522159   1.5377015   0.6683453  -0.19860053  0.8777748   0.60887104
 -0.21715476 -0.5354526 ]