[-0.83888465  1.1543646   0.01347998  0.32702306  1.1945215  -0.09315388
  0.85304695 -0.6364384  -2.1615453   0.22847691  0.8481369   1.6006961
 -0.35787302 -2.3268785   0.2312715  -0.08480848 -1.2138677  -0.52142537
 -1.7439961   2.0318484   0.7369954   1.9376545  -1.2937154   0.39915383
 -0.3982731  -0.47587463  0.8090015   2.642803   -0.69020617 -0.5074931
  0.80003536 -0.2850046  -1.055154    0.01015845  2.4209085   2.3050008
 -1.3227869   1.2717853  -2.3891654  -0.0190523  -1.2575123  -0.8375801
  2.3957956  -0.50593615  1.5473539   1.4424993  -0.7014538  -0.47347465
  0.5375008   0.7516308   0.42552382 -0.3863554   0.24367844  1.1566015
 -1.1808431   1.0990831  -0.4011846  -1.04941     0.53102696  1.7082114
  0.11248922  1.4515554   1.0700446  -0.45945385  0.95352685  0.19192542
  0.6662354   0.2668523   0.61553997 -0.8302299   1.4445739  -2.1288376
  1.4333693   1.3941098  -1.5398055   1.1485884   1.5927099   0.49657154
 -1.8830254  -0.15718235 -0.19060002 -0.5577754  -0.8348493  -1.3122201
  1.7007432   2.346476   -1.5103328   1.2138377   1.3764745   0.2494062
  1.0042869   0.19991156  0.1245608   0.5110015   0.7920023  -1.1358885
 -0.88865006 -0.5219154  -0.44387072  0.6068954   0.9451962  -2.7661562
  1.626784    1.5939891   0.82418454  1.0415992  -0.36065614  0.02176079
 -2.2824578   2.489627    0.21542615 -1.8017278  -1.521111    1.3942622
  0.33991385 -2.2044413   0.40477997  1.3544647   0.22104692 -0.30529463
  1.0702369  -1.525043    1.5954654   1.4794377  -0.68015003 -2.7883108
 -0.8977808  -0.7555384  -0.26869768 -1.4356439   1.2331129  -1.3064792
 -0.7735908   1.2760552  -0.3887354   0.35164377 -0.67754924  1.0076592
  1.9770039   0.5587015   0.15295307  1.1740816   0.50173306 -2.2647333
  1.9144808  -0.08020155  0.64477    -2.871192    1.4978194  -0.23419315
 -0.38567847 -1.1249831   0.40156767 -0.1633077   0.7338969   0.68061614
  1.8977278   1.9977454   1.0847554  -0.20070998  2.1830976  -2.012676
  0.1179354  -0.73491615  0.40336308  0.40120998  0.6140815   3.3574808
 -1.6149668   1.0021039   0.16047463  1.1355591  -1.5113938  -0.84012234
  0.19184306 -0.54227847 -0.09674307  0.56291926  0.90912086 -0.18784921
 -1.7865078   1.2345945  -0.59668314  1.9096725   3.039843    0.19685848
 -0.24873613  0.83101463  0.58127767 -0.5274362   0.7086284  -0.2399723
  2.457931    0.13300918  2.7633817   0.25720695  0.6613907   0.2676062
 -0.9833407  -0.37860388]