[ 0.412146    1.251714    0.8094721   1.0228121   0.82150996 -0.51301587
 -0.31760597 -0.32227197 -2.570854   -0.61209    -1.123722    3.177222
 -0.02879202 -2.5949302  -0.189786   -0.544228   -2.117382   -0.38832805
 -0.828986    1.780884   -0.255036    3.9406238  -0.68569195  1.517958
 -0.336576   -1.21399     1.09646     2.205552   -0.62329197 -0.22387
  1.663656   -0.44246    -0.6285081  -0.26588398  4.38081     2.745744
 -1.5962639  -0.982656   -1.2363418  -0.537292   -2.473166   -1.7034019
  1.306422   -0.089722    1.204134    3.043706   -1.4746459  -0.713476
 -0.04576802  0.85565794 -0.9139779  -0.08039601 -0.9852659   0.869172
 -0.92441595  2.69457    -0.36318603 -0.10690198  1.2469361   1.8210258
 -1.047528    3.0939002  -1.346878   -1.6032162   0.47078595 -0.920846
  0.440188    1.8652941   0.61822003  0.606996    2.919984   -0.96470994
  0.68697995  1.4015261  -2.336974    1.3174759   3.091826   -0.26920006
 -1.343548    0.04652398 -0.58604    -0.925402   -0.610428   -1.087892
  1.0080459   3.873874   -2.120564    1.1631019   1.83798    -0.02120996
  1.579282    0.19624402  1.294788    0.75481206 -0.85032004 -0.53133404
 -0.762412   -0.8056862  -0.50201195  1.86317     1.645478   -2.241786
  2.91912     1.585256    0.16572     1.3402541  -0.160952    1.3038541
 -1.018112    1.4540539   1.910196   -0.784372   -0.359588    1.3008081
 -0.14823003 -1.751704    0.86182004  0.03674405  2.1885679   1.031924
  0.346834   -1.906616    2.742684    2.1499062  -2.613384   -1.9754221
 -2.10675     0.891918   -0.635646   -0.39525804  1.292072   -1.75431
  0.22965002  1.3754941  -1.289644    1.906214   -0.43065     0.909362
  0.33195597  0.17395     0.10428201  2.8939462   0.94473803 -1.067566
  2.2775419  -0.15166607  0.04107008 -2.47045     2.18964     0.08538
 -0.65811795 -1.024958    2.6740658   1.51285    -1.1465719  -0.467938
  2.203046    3.9388764   1.368464   -0.09806204  2.66819    -2.125866
 -1.0637419  -0.75319    -0.492078   -0.22504397 -0.16676     2.7086918
 -2.462242   -0.2803661  -0.11242399  2.78413    -1.301162   -1.256324
  1.2506001   0.18917999 -0.10697404  1.862134    1.027678   -0.00445004
 -2.561864    1.681062   -1.826696    2.0181718   3.61092     0.24432199
 -0.742346    0.9810559  -0.68678004  0.87299     1.16764     0.09807003
  2.8786082   2.03931     1.38349     0.18113     2.180284    0.30760399
 -2.174166    0.16148801]