[[-0.27879162  0.05590324 -0.07213351  0.98220579  0.95858985 -0.75635706
   0.84507593  0.69351046 -1.51593513  0.15046045 -0.16450763  2.64482187
  -0.5156978  -2.54174413  0.5715419  -0.17161912 -0.33015309 -0.06702045
  -0.73375589  1.10653923 -0.5910847   2.61916725 -1.15009116 -0.30026883
  -0.98407898 -0.66901793  1.05957186  2.19753801 -0.21718944 -1.1270297
   0.86741867 -0.57702602 -1.51694593  0.40020876  2.41632549  1.54362587
  -0.8489571  -0.20277384 -1.2697271   0.30225383 -2.63374836 -0.92340306
   1.36379591 -0.50001985  1.38309703  1.65982493 -1.21769718 -0.1607694
  -0.32382909  0.99184386 -0.31508986  0.93761394 -0.44199173  1.56142619
  -0.09497338  1.63106832 -0.76300486  0.79728387  0.84424975  1.40470061
  -0.20541692  1.1849696  -0.25924546 -1.05312648  0.72328884  0.52342456
   0.36967325  0.79731266  0.94921264  0.30181087  1.36190817 -0.7561463
   0.52791927  1.84786739 -1.60869578  1.00152414  1.33345763 -0.47144471
  -1.04442975 -1.12768499  0.41358279 -0.84058555 -0.84735563 -1.62158015
   0.16485546  2.5537475  -1.08209182  0.12864042  0.03300898  0.66713615
   1.47231427  0.05254265  0.96675747  0.31935557  0.3709175  -0.24953839
  -0.1575872  -0.58318482 -0.12567924  0.36509224  0.84121232 -1.4870334
   2.5310731   1.37298392  1.41880497  1.22260896 -1.35480422  0.48106074
  -1.43699716  0.7870163  -0.62787574 -1.31612057 -1.83341841  0.67077518
   0.24388766 -1.61610836  0.82478523  0.1435025   0.9250388   0.69603684
   1.71771291 -1.51622722  1.476574    2.19042164 -1.54338515 -1.51804276
  -0.91392483 -0.40369765  0.47541768 -1.27746351  0.34059967 -1.24771845
  -1.57276667  0.59897925 -0.19212808  0.45541214 -0.52795397  1.67142137
   2.14594151 -0.12393073  0.33707133  1.44462798  0.30588483 -1.48821416
   0.64211634 -0.52579263  0.57348546 -1.28435521  1.14244086  0.39211354
  -0.95783488 -1.19527844  1.43027124  0.97636535  0.64673864  0.88732371
   1.10329559  1.61176022  0.91474104 -1.19077755  2.8609878  -1.67473669
  -0.66906529 -1.36361163 -0.31203485 -0.05744236 -0.13423027  3.30466214
  -0.62714102  0.5518619   0.80894165  1.16254527 -0.84256941 -1.11031114
   1.11973495 -0.07409632 -0.7617049   1.76371178  1.41641938 -0.43656882
  -2.24833559  2.3777255  -0.86453986  2.19431796  2.56172851  0.34439266
  -0.23569765  1.2280926   0.51268193  0.07589104  1.68264248  0.98850094
   1.76521198  1.89061562  0.60455677 -0.03393557  1.14713514  0.8227759
  -0.11344264  0.29317383]]