[ 0.06555303  1.1068269  -0.4839069   0.7979047   1.0662452  -0.6092731
  0.63974464  0.5155377  -1.8342016   0.9267739   0.30425772  2.6871932
 -1.7152609  -1.6353953   0.30171     1.0088476  -1.5966985  -0.4859485
 -1.6609216   1.9854585   0.0217669   1.5120368  -0.47210455 -0.18729152
 -0.19545001 -1.2060815   0.57383305  2.901689    0.3323477  -2.33798
  0.36419773 -0.72453696 -0.8989054   0.13903537  2.591932    2.0890083
 -1.4728862   0.6552085  -1.709059    0.20042846 -2.4696965  -0.8254185
  2.0615423  -0.83314455  0.2931885   2.0996091  -0.6548169  -0.4270638
  0.88718617  1.3966615   1.0165162   0.30489692  0.63410693  1.3910024
 -1.5005553   2.2779436  -1.0506792  -1.0878499   1.3829085   1.8376592
 -1.3351485   1.1337439   0.6508077  -2.3370287   0.5424562   1.0965823
  0.5858831   0.26580614  0.50260854 -0.99906766  1.5766691  -0.4991546
  1.5696561   2.2061286  -0.66710305  1.7272854   1.8732177   0.25168613
 -2.1786084  -0.4231346  -0.43241075 -1.1978077  -0.27084157 -0.9912223
  1.4175808   2.702911   -0.73894536  0.8079992   0.8083839   1.0259869
 -0.06615997  0.43280762  0.87005085 -0.24143225  0.2581977  -1.4976609
 -0.98080444 -0.5124885  -0.49890533  1.2134769   1.7928308  -2.721199
  2.4159563   0.0799223   1.0909078   0.11860998  0.19517158 -0.24057692
 -2.353643    2.8499768   1.5949109  -1.253667   -1.6066916   0.7056854
  0.6261447  -0.7140931   0.8606746   0.5523477  -1.1951224  -0.1842723
  2.3736663  -1.8813539   2.1399853   2.5160432  -1.2359992  -2.3490891
 -2.453396   -0.30393845 -1.0092508  -0.75970703  1.8266768  -1.9071352
 -0.43334767  0.3835454  -0.5005992   0.27421543 -1.5521176   0.76558304
  1.4983016   0.04307308 -0.88509303  1.9367223   0.6591307  -1.9391507
  2.4165769  -1.2865331   1.4571737  -2.2845483   1.5945477   1.0521245
 -0.15657304 -1.6079762   1.1847147   1.0626261  -0.84407234  0.42143244
  2.0400786   1.8128147   1.787423   -0.22762614  2.0350325  -1.5988292
 -0.3211792  -0.9373216  -0.61597073 -0.03386226  0.82752234  3.0859337
 -1.1790708   1.3316747   0.2611323   1.8146977  -1.1183993  -0.8377138
  0.9938631  -0.69750303 -0.84021384  0.47939852  0.6968531   0.9254939
 -2.5512128   1.6943116  -0.6024439   2.2970617   3.2542684   0.23370618
 -2.1227953   1.4557853   0.6634054  -0.5656777   1.9987807  -0.17094153
  2.1722555   0.92991835  2.23671    -0.9750592   0.7846646   0.34466538
 -0.39461997 -0.52911776]