[[-0.58650239  0.85332192 -0.03894666  1.09901017  0.17201476 -0.12225778
   1.5174149   0.74004331 -0.76749873  0.1056408   0.58104317  0.82370635
   0.42413921 -1.11069906 -0.17885619  0.06111317 -0.10290556 -0.10172508
  -0.33620762  1.81460092  0.56024697  1.20936254  0.82091508  0.22408444
  -1.13832968 -0.766927   -0.24602254  0.79324778  0.44991255 -0.1041073
   1.22258096  0.7423911  -0.21524967 -0.55985698  1.34118097  0.47870428
  -0.12299428  0.11019856 -1.19387348  0.04404937 -0.83440906  0.70869618
  -0.6306603   0.26796572  0.50094144  0.90265889 -0.47455047 -1.1964249
  -0.7691154  -1.0174984   0.12976318  0.45764509 -0.09157539  1.55481521
  -0.58448461  0.80571635 -0.34443062  1.18917921  0.88110761  0.48789063
   0.60305015  1.08716557  0.82549857 -0.96965668  0.30633365  0.23768286
   0.00710491  0.75553366  0.44414699  0.4548462   2.19937839 -1.05754031
   0.45557841  0.99861206 -0.06754381 -0.07355493  0.84017093 -0.0478308
  -0.22892224 -2.08604812  0.76260951 -0.5024008  -1.14658873 -0.63153905
   0.29444587  0.95444953 -1.49314507  0.11503143  0.02998128  0.95451666
   0.60868286  0.27013779  0.18435666  0.4679373   0.05836746  0.57833079
  -0.20500731 -0.37421842  0.18401588  1.06230555  1.34991619  0.14234365
   0.09852095  0.59862112  0.48118476  0.99440573 -0.12839079  0.36228445
   0.90508794  0.43002413 -0.02668968 -1.00398318  0.71861716 -0.26134762
   0.03260046 -1.01105428  0.06930699  0.27992984 -0.82324143  0.09357015
   2.01859794  0.3530792   1.1043889   1.33831952 -2.14349299 -1.60829937
  -0.84561285 -0.1077146  -0.5461103  -0.75897841 -0.25200572 -0.57776636
  -0.31481462 -0.52048525  0.72377636  1.26110095  0.02058269  0.31995111
   0.26913159 -0.05954842  0.61265523  0.02705539  0.07617286 -0.80603905
   0.29551587 -0.7151492   0.47185364 -1.07982366  0.26541826 -0.00437047
  -0.64804143 -1.49207095  1.82786683  0.50680649  0.31041904  0.03650493
   1.04669952  1.84093557  2.01453476 -0.15420112  0.30143668 -0.33134699
  -0.08027824 -0.80312682 -0.08977158 -1.20558302  0.53527652  1.59526304
  -0.61523621 -0.02066429 -0.18469745  0.1134227  -0.28625587 -0.78688128
   0.22519207  0.72639556  0.0884219   1.19222637  0.22357032 -1.18169336
  -1.62834207  0.71376587 -0.53406462  1.16282191  1.15425682  1.12966872
   0.28721667 -0.29964317 -0.22246967  0.64367524  0.62913478  0.83337127
   1.28835159  0.61823762 -0.11607492 -0.78653142  0.52419874  0.01129589
  -0.19960492  0.91706985]]