[-4.38058853e-01  1.64147973e-01  3.37926187e-02  5.93063772e-01
  1.08171999e+00 -4.04669076e-01  3.04482337e-02  4.34463531e-01
 -1.91965127e+00  7.70699263e-01  7.36523867e-01  2.58536553e+00
 -5.68846226e-01 -2.73124528e+00  1.08575964e+00 -3.16409945e-01
 -4.89696503e-01  1.60750329e-01 -1.31306064e+00  1.35504925e+00
 -2.75287688e-01  2.77563643e+00 -6.70183182e-01 -2.27402970e-01
 -1.20724154e+00 -7.67513573e-01  5.10706186e-01  2.15275002e+00
 -1.81445241e-01 -5.78423560e-01  9.40814972e-01 -1.09205401e+00
 -1.12015116e+00  7.03732550e-01  2.06392717e+00  1.65807188e+00
 -1.50794005e+00  4.01325105e-03 -8.72952044e-01  4.95033532e-01
 -2.33569431e+00 -1.44724703e+00  1.36466134e+00 -2.53058188e-02
  1.68430614e+00  1.50203001e+00 -4.06655312e-01 -8.57852459e-01
 -3.52553457e-01  6.48134053e-01  5.51018238e-01  4.39981222e-01
 -5.88392675e-01  1.58436894e+00 -3.94873172e-01  1.57108462e+00
 -3.92379686e-02  2.24004686e-01  6.29998744e-01  1.02408624e+00
 -3.61159474e-01  1.84483814e+00 -4.07637060e-01 -1.11402225e+00
  5.27600586e-01  3.67643237e-01  4.94913548e-01  1.36334932e+00
  1.61942863e+00  7.89997578e-01  2.15137768e+00 -5.31765103e-01
  7.43730485e-01  1.72555125e+00 -1.62989652e+00  1.40051436e+00
  1.11514592e+00  2.64158577e-01 -1.62838399e+00 -1.09932387e+00
  2.72549957e-01 -7.78399706e-01 -6.90751791e-01 -1.62738132e+00
  3.48868221e-01  3.07912350e+00 -1.48892295e+00  1.38717747e+00
  1.16928947e+00  8.35305825e-02  5.78903794e-01  5.40875554e-01
  1.04047000e+00  8.50640059e-01  3.74551445e-01 -4.77076471e-01
 -5.47148347e-01 -2.99395889e-01  5.08198917e-01  6.85469449e-01
  6.62459910e-01 -1.16361022e+00  2.11338377e+00  1.65785217e+00
  1.05860937e+00  1.32793486e+00 -6.45267725e-01  7.63710916e-01
 -9.42857623e-01  1.19199622e+00 -2.27844045e-02 -1.74461567e+00
 -1.71643543e+00  7.44660914e-01 -2.16757908e-01 -2.51217866e+00
  8.66759002e-01 -1.77019134e-01  1.10228622e+00 -7.06835240e-02
  1.40705585e+00 -1.03077018e+00  1.60374975e+00  1.90871906e+00
 -1.14094651e+00 -2.98279715e+00 -1.12417436e+00  1.07198820e-01
  2.51227915e-01 -1.90312731e+00  1.43480659e-01 -1.23845792e+00
 -4.93026793e-01  3.94027352e-01 -2.59675086e-03  1.40440428e+00
 -5.24106085e-01  2.01767230e+00  1.40010357e+00  2.17008531e-01
  1.07614362e+00  1.46350110e+00  4.59250301e-01 -1.89750981e+00
  9.41280484e-01 -9.30764675e-01  1.03367782e+00 -2.13099766e+00
  8.57329667e-01  6.16385877e-01 -9.95813489e-01 -1.10481739e+00
  1.51425993e+00  7.73283005e-01  1.18933506e-01  1.33871436e+00
  1.25897646e+00  1.42535114e+00  1.88457620e+00 -7.63899028e-01
  2.61418533e+00 -1.74189711e+00 -1.10330379e+00 -1.36535478e+00
 -7.24908173e-01  2.65320301e-01 -3.38194907e-01  3.04340959e+00
 -4.26496208e-01  6.33094430e-01  9.14011478e-01  1.82824767e+00
 -4.14143801e-01 -2.10477543e+00  2.34277666e-01  2.67138809e-01
  7.56705925e-02  1.91903305e+00  1.74686706e+00  6.00894354e-02
 -2.37432218e+00  2.37728643e+00 -1.39428842e+00  1.40455937e+00
  3.39873099e+00  1.04994786e+00  1.63631767e-01  1.22184265e+00
  4.16692644e-01  6.59055531e-01  1.88171279e+00  6.62093520e-01
  1.86890709e+00  1.42235529e+00  1.00744772e+00 -4.41684961e-01
  8.81334543e-01  7.55914748e-01 -1.71244428e-01 -1.14246786e-01]