[[-1.43919428e-01  7.92549451e-01 -4.33776776e-03  6.71258450e-01
   1.03233523e-02 -4.19403315e-01  5.60533947e-01  6.78028319e-01
  -2.41255252e+00  6.24110010e-01  2.32594967e-01  2.28906271e+00
  -5.44126087e-01 -1.85933071e+00  8.49477768e-01  9.80455875e-02
  -1.15419155e+00  5.23662196e-01 -9.31808896e-01  1.92091073e+00
   9.08362283e-01  2.21556854e+00 -3.11092218e-01  3.01844994e-01
   1.05487790e-01 -7.08712260e-01  1.04830774e+00  1.64946164e+00
   3.89033357e-02 -1.22354836e+00  6.79580000e-01 -2.91725503e-01
  -1.15334882e+00  2.27356699e-01  2.30808216e+00  9.62018331e-01
  -7.74383916e-01  5.54114978e-01 -1.50979710e+00  1.10500940e+00
  -1.67974885e+00 -1.06880951e+00  2.04507828e+00 -8.69049443e-01
   1.21323607e+00  1.20924399e+00 -3.76015531e-01 -9.54526159e-01
  -1.35092788e-01  1.41303391e+00  1.18979115e+00 -6.58438365e-01
   1.01848274e+00  1.75871616e+00 -6.40339851e-01  1.43285211e+00
  -2.43646118e-01 -7.31562720e-01  1.54992655e+00  1.56093046e+00
  -4.72123888e-01  1.63294326e+00  3.75969436e-01 -1.98111237e+00
   3.91428365e-01  7.82141156e-01  3.57104990e-01  1.18914837e+00
   5.90568860e-01 -2.13410563e-01  8.01276737e-01 -1.15964614e+00
   4.64652750e-01  1.66410552e+00 -1.15133497e+00  7.12916692e-01
   2.00282054e+00  7.73718887e-01 -1.15222348e+00 -1.29825009e+00
  -6.78708818e-01 -1.26746220e+00  2.38093932e-01 -1.31569947e+00
   7.42075549e-01  1.98893229e+00 -8.06406551e-01  2.31317812e-01
   1.09580051e+00  5.17820464e-01  1.29387156e+00 -5.34677770e-02
   2.70873308e-01 -1.07516448e-02  4.03153870e-01 -1.19757673e+00
   3.14267768e-01 -9.36124908e-01  7.88997756e-01  1.14298725e+00
   9.11957211e-01 -1.90500111e+00  1.81183094e+00  4.84822273e-01
   9.02980593e-01  1.77103890e-01 -3.03264989e-01  2.51265552e-01
  -2.23014514e+00  2.12594053e+00  8.63850064e-01 -1.60953066e+00
  -9.82626067e-01  9.42243364e-01  1.26514329e+00 -2.11153221e+00
   1.29233159e+00  9.49008200e-01  3.48183870e-01 -9.31655036e-01
   2.15702650e+00 -1.51111232e+00  7.54678938e-01  1.60926649e+00
  -2.19430539e-01 -2.52949121e+00 -1.97683801e+00 -3.91345554e-01
  -3.27827772e-01 -1.78009542e+00  1.29978551e+00 -1.57561334e+00
  -1.09722159e+00  3.98101595e-01 -5.16282717e-01  3.42094448e-01
  -6.14382214e-01  7.77377235e-01  1.42191283e+00 -5.40352768e-01
   2.90387763e-01  1.58600945e+00  2.27853881e-01 -1.72938485e+00
   1.46084828e+00 -7.19974995e-01  2.26954434e-01 -1.52557204e+00
   8.08811188e-01  3.29522159e-02 -4.23082723e-01 -1.73203595e+00
   1.50434452e+00  3.87303909e-01 -4.57733340e-02  9.37996123e-01
   1.86582099e+00  2.29750188e+00  1.61179765e+00 -7.96151691e-01
   1.39740181e+00 -2.15565173e+00 -1.04359733e+00 -3.53838338e-01
  -6.82433181e-02  7.09126155e-01  8.59861109e-01  2.12544356e+00
  -1.04713323e+00  3.80466726e-01  1.33971678e-01  1.52007929e+00
  -1.72377608e+00 -1.79922718e+00  7.48764409e-01 -2.50784450e-01
  -1.83442235e-01  5.78343338e-01  1.52341715e+00  5.51092201e-01
  -2.53450902e+00  9.42270067e-01 -1.41743999e+00  1.57600435e+00
   3.16367658e+00 -4.26094267e-02 -1.39502059e+00  1.03776677e+00
   2.81780958e-03 -7.13494407e-01  8.40980000e-01  2.36320575e-01
   2.23575020e+00  7.21584956e-01  2.39033000e+00 -3.43610975e-02
   4.45302804e-01  1.32974943e+00 -8.03648207e-01  1.84456666e-01]]