[-1.28025532e+00  1.95899308e+00 -2.16943547e-01  1.19585407e+00
  1.64708889e+00  4.99921232e-01  1.19637001e+00  9.16676670e-02
 -2.00011039e+00  7.48617873e-02  2.60653526e-01  2.17908621e+00
 -6.93878770e-01 -2.92104220e+00  1.43434107e-01 -7.76924670e-01
 -2.10851479e+00 -6.12570383e-02 -1.49615765e+00  1.35770285e+00
  4.75663126e-01  3.87568927e+00 -8.55783463e-01  6.07892931e-01
 -6.99983537e-01 -3.50829422e-01  7.73974121e-01  2.65175009e+00
 -1.06916595e+00 -8.50503445e-01  4.53671217e-01 -8.27979386e-01
 -1.09636712e+00 -5.93871176e-01  2.14532185e+00  2.00686765e+00
 -1.28111184e+00 -5.74429184e-02 -1.98591793e+00 -3.76341194e-01
 -2.51874375e+00 -1.46245229e+00  1.62725472e+00 -9.68085349e-01
  1.66760993e+00  1.09591472e+00 -6.95335388e-01 -6.56885803e-01
 -6.51423573e-01  5.43129981e-01  4.39433545e-01  3.15937668e-01
  2.74120599e-01  9.72024560e-01 -8.56910050e-01  1.86245584e+00
  1.46549985e-01 -3.51447128e-02  6.96672916e-01  1.82653117e+00
  3.55950564e-01  1.74854076e+00 -1.69706065e-02 -7.25400031e-01
  1.14200354e+00  1.02715349e+00  4.90102321e-01  1.29770947e+00
  5.81469476e-01 -2.06119418e-01  2.60118723e+00 -1.63295412e+00
  9.10834670e-01  1.22308707e+00 -1.67531288e+00  3.69137675e-01
  2.42236304e+00 -3.38441171e-02 -2.19132924e+00  4.55067575e-01
 -9.79802966e-01 -1.61493015e+00 -8.13254714e-01 -1.95080161e+00
  6.68575823e-01  2.94657111e+00 -1.86102414e+00  8.88637662e-01
  1.21016121e+00  1.37465477e+00  1.33393860e+00 -2.04936415e-01
  1.58612347e+00  9.89723653e-02  3.15268219e-01 -3.97454709e-01
 -1.28299582e+00 -1.15638065e+00 -3.90325278e-01  1.92469180e+00
  1.21137047e+00 -1.87617350e+00  2.23235655e+00  1.70087230e+00
 -1.33162960e-01  1.03373766e+00 -9.39285278e-01  6.32237136e-01
 -2.06837583e+00  2.44748902e+00  8.63298774e-01 -1.41178942e+00
 -1.98252583e+00  1.95475185e+00  3.83889407e-01 -2.20778131e+00
  6.50389314e-01  3.26422900e-01  5.89376986e-01  4.51807648e-01
  6.68394744e-01 -2.01007795e+00  2.67082667e+00  2.74175525e+00
 -7.83923626e-01 -2.50088334e+00 -1.05596709e+00 -1.39792979e-01
  1.75136477e-01 -8.22838843e-01  1.14645290e+00 -1.60603344e+00
 -9.27910507e-01  1.59560585e+00 -9.36597049e-01  8.94779980e-01
 -7.60259032e-02  1.25177753e+00  8.50935221e-01  1.10561840e-01
  1.84870195e-02  1.84325361e+00  1.56567049e+00 -2.26854992e+00
  1.60301876e+00 -7.70188048e-02  5.33129454e-01 -2.42389107e+00
  1.82453275e+00  8.17558765e-02 -5.64099967e-01 -6.34130001e-01
  1.23405242e+00  6.10951185e-01 -5.77391148e-01  2.05334663e-01
  1.03177989e+00  2.73891068e+00  1.24151897e+00 -4.03074086e-01
  2.34483790e+00 -2.52096009e+00 -7.96201289e-01 -7.39478290e-01
  1.28524448e-03 -1.10765874e-01  4.64301765e-01  3.24244022e+00
 -1.38785529e+00  6.74830616e-01  1.14971292e+00  1.90272546e+00
 -1.07289028e+00 -1.35978997e+00  7.85068095e-01 -3.93099934e-02
 -2.95617074e-01  1.48727238e+00  1.53699470e+00 -6.36221170e-01
 -3.62090993e+00  1.65184534e+00 -9.52846527e-01  1.52179945e+00
  3.27957249e+00  3.93458828e-02  2.89603502e-01  1.42406809e+00
  4.95400101e-01  2.96728820e-01  1.42688572e+00  8.50982904e-01
  2.24837041e+00  1.37100053e+00  1.86668515e+00  1.02927655e-01
  8.18579972e-01 -4.01305884e-01 -1.12794685e+00 -2.00220555e-01]