[[-0.58264528  0.43650134 -0.30901676  1.08790541  0.87688821 -0.25568542
   0.9302046   0.49570417 -1.81221086  0.67022622  0.24041353  2.6544177
  -0.4797727  -2.37250752  0.36806984 -0.17007231 -0.863886    0.34897215
  -0.79575325  1.28367636  0.23658203  2.51046036 -1.36578109  0.06123392
  -0.59795905 -0.46841     0.11508825  2.4926235  -0.75137092 -1.03105571
   0.77936312 -1.10526563 -1.04056117 -0.32826355  2.24606526  1.32950106
  -0.66210377  0.49691991 -2.06102114  0.45702054 -1.7103094  -1.19388864
   1.59653035 -0.55283974  1.46250003  1.26195066 -0.63837675 -0.17908973
  -0.43413014  0.92148014  0.55434382  0.64152312 -0.34366217  1.8725403
  -0.87392164  1.79338907 -0.00605878 -0.13389446  1.23350024  1.28370084
  -0.38479217  0.96370037 -0.02497423 -1.13174192  0.36187119  0.80880652
   0.22146787  0.88830379  1.40772462  0.47867432  1.66362765 -0.78041068
   0.78551176  1.62421737 -0.87118189  0.94189717  0.96181567  0.21954839
  -1.19011367 -0.59354851 -0.32030028 -1.01042286 -0.42663446 -1.65821897
   0.52636956  2.55803917 -1.40867316  0.68791797  0.22461014  0.84235888
   0.55635958  0.38111311  0.65696067  0.14085271  0.3395144  -0.70549868
  -0.30600283 -0.90407731 -0.01126445  0.89114149  0.62472905 -1.17241246
   2.03447387  1.46313107  0.81252685  0.52557149 -1.09747202  0.21877838
  -1.42299717  1.39162337 -0.22154015 -1.12149297 -1.31082264  0.67007136
   0.36089675 -2.13950294  1.09965382  0.22918028  0.28329134 -0.20006755
   1.39558075 -1.61952062  1.59298731  2.08574748 -1.50936146 -1.9960033
  -1.30027257 -0.52363472  0.51359636 -2.06197835  0.77215529 -1.20720984
  -1.40823213  0.6639731   0.01674973  0.66781306 -0.87654456  1.40836426
   1.69451661  0.0136681  -0.10263406  1.99376146  0.38397433 -2.06542895
   1.19667585 -0.07054284  0.25596446 -1.28411461  1.1021524   0.52842527
  -0.59193469 -1.58314935  1.32535841  0.81990528  0.61942081  0.6181
   1.13675362  1.61630497  1.59841109 -0.55746448  2.19775966 -2.05845383
  -1.00988842 -0.62893039  0.12118596  0.18165893  0.25376513  2.95237195
  -0.71543661  0.94560956  0.45626726  0.66070596 -1.32564249 -1.03251123
   0.92213092  0.00362918 -0.40702566  1.30991892  1.39298815 -0.3977158
  -2.11813015  1.21272961 -0.66758959  1.97045016  2.76558277  0.3021446
  -0.51451648  1.49475787  0.32511081 -0.58396378  1.79482717  0.6171276
   1.82347146  0.73229945  1.67553593  0.42346096  0.7954693   0.82678568
  -0.10677611 -0.11507797]]