[[-0.46062303  0.99242724 -0.43697908  0.98826923  1.09510313  0.51858976
   1.30868671  0.1234892  -1.65008987  0.45073736  0.3549983   1.66269788
  -0.97784422 -2.45942047  0.07468237 -0.06962842 -0.82298764 -0.38263552
  -1.5507329   1.23356945  0.0826716   2.41070644 -1.10703617 -0.08441264
  -0.94524475 -0.66550592  0.56482751  2.60727524 -0.66248012 -0.83154398
   0.9250551  -0.7494     -0.60151275  0.40056079  2.40224464  2.12328584
  -1.54465765  0.05961591 -1.59724631  0.31667593 -1.92024767 -0.98462685
   1.75779599 -0.60525473  0.99155212  1.51713342 -0.67856406 -0.17774382
   0.03641724  0.99403132  0.44934288  0.83126936  0.10535683  1.37139017
  -0.92302042  1.19904604 -0.37687667  0.46798974  0.58408012  1.81575091
  -0.34405447  0.79801146  0.55428944 -1.04124134  0.65848631  0.81311591
   0.50573553  0.97559605  0.74869998 -0.18282802  1.58660485 -1.06003893
   0.32876738  1.5754954  -1.92627118  1.06987129  1.28958094  0.27351974
  -1.62878222 -0.30073103 -0.45632646 -1.14907564 -0.63932697 -1.66045241
   0.80293488  2.38837382 -1.43091357  0.8877146   1.0345242   0.93222289
   0.79671343  0.25878483  1.12221565  0.06526592  0.19019802 -0.32984512
  -1.04805119 -0.65846502 -0.23555158  0.851462    0.63265539 -1.82329724
   2.17546259  1.32817749  1.13323658  1.11369226 -0.45867578  0.04514908
  -1.59173658  1.98328937  0.24083986 -1.67256355 -1.66382917  1.11391882
   0.21211145 -1.90644396  0.8288904   0.57077672  0.50377879  0.27668237
   1.30071363 -1.93069502  1.72538606  2.15222205 -0.70075434 -2.29355288
  -1.18304501 -1.06513541  0.22706421 -1.34659091  1.03023093 -1.25179054
  -0.74493642  0.69393738 -0.32029473  0.46181578 -0.76391948  1.37309068
   1.22380003  0.32806633  0.07819568  1.57996115  0.98349118 -1.37509462
   1.15421646 -0.59927711  0.52375633 -1.91612724  1.37160034 -0.18597933
  -0.40331199 -0.64481012  1.11444447  0.73190131  0.16566658  0.09775842
   1.31996768  2.17509684  1.29995194 -0.29866999  2.51167456 -2.079282
  -0.5152063  -0.65029802  0.00882395 -0.10489908  0.32629236  3.16527109
  -0.83266829  0.80383633  0.54608304  1.05868542 -0.83908171 -1.17301448
   0.13848894  0.33727632 -0.28010657  1.04887722  1.00005581 -0.1925996
  -2.47683186  1.25375789 -0.72252581  1.77473498  2.90693961  0.92767064
  -0.19375289  1.33084514  0.17578224 -0.01639581  1.33724498 -0.04922118
   1.95938214  0.74954946  1.50266804  0.07553687  0.23551841  0.48678908
  -0.85449169 -0.20688907]]