[-5.3902441e-01  1.3002913e+00 -5.9047318e-01  1.2068462e+00
  7.4063444e-01  5.3631002e-01  1.2053088e+00 -6.5141809e-01
 -1.8807464e+00  3.9780873e-01  9.9429384e-02  1.9691943e+00
 -7.1637118e-01 -2.1461837e+00 -3.5874313e-01 -3.3816999e-01
 -3.5968435e-01  2.2561374e-01 -2.3356276e+00  1.9174917e+00
  3.5498309e-01  2.0872543e+00 -1.7469275e+00 -5.3215373e-01
 -1.0314626e+00 -5.8641005e-01  1.1788244e+00  1.9599122e+00
  3.2388997e-01 -1.4556518e+00  7.7136859e-02 -1.0358931e+00
 -5.1685625e-01  5.9404761e-01  3.1851716e+00  1.7471968e+00
 -1.1417162e+00 -1.6931629e-01 -1.4604650e+00 -3.6725807e-01
 -2.4716463e+00 -2.3817560e-01  1.9166780e+00 -7.5655007e-01
  1.1466305e+00  6.2005872e-01 -1.2598039e+00 -4.6354815e-01
  6.0138144e-02 -1.1969750e-01  1.3086770e+00  3.3363497e-01
 -3.4715942e-01  1.9946992e+00 -1.9535431e+00  1.1684886e+00
 -5.8570439e-01 -4.1911376e-01  1.3388350e+00  1.3924164e+00
 -4.5898685e-01  1.2429256e+00  3.7732935e-01 -1.0434700e+00
  6.4795315e-01  9.4481432e-01  7.9276502e-01  7.4905682e-01
  1.3561817e+00 -4.8831123e-01  4.4524124e-01 -6.9723183e-01
  1.1218756e+00  1.1756043e+00 -1.8900576e+00  1.7182901e+00
  1.3597132e+00  7.5275058e-01 -7.8864247e-01 -1.6514936e-01
 -7.5704437e-01 -9.9954379e-01 -2.2126873e-01 -9.7646731e-01
  7.9958722e-02  2.9549367e+00 -5.4467618e-01  9.9889374e-01
  1.3477688e+00  1.6080980e+00  5.7416683e-01  2.7376819e-01
  1.9062301e+00  4.8998439e-01 -5.4313815e-01 -9.9790871e-01
 -1.1605744e+00 -1.1702093e+00 -3.1433192e-01  8.1846499e-01
  1.5884094e+00 -1.8555337e+00  2.0367110e+00  1.8570787e+00
  2.0089005e-01  1.5013857e+00 -6.4335692e-01 -4.2003563e-01
 -1.5081263e+00  2.3881307e+00  2.7006814e-01 -2.0701745e+00
 -1.7051063e+00  9.2526996e-01  6.2026757e-01 -2.1599431e+00
  1.2796013e+00  4.8131192e-01  1.3116498e+00  2.9835814e-01
  1.2827449e+00 -1.0983949e+00  1.4950594e+00  1.8708270e+00
 -8.6267495e-01 -2.5624251e+00 -8.6746573e-01 -8.1272572e-01
  2.5574750e-01 -1.6033256e+00  1.8515617e-02 -1.9222126e+00
 -1.4107732e+00  1.2969100e+00  4.2995013e-02 -4.1069627e-01
 -1.2280794e+00  1.7066550e+00  1.5524206e+00  8.9357185e-01
  5.2504361e-02  8.2085627e-01  7.8550124e-01 -1.9097694e+00
  2.3437462e+00 -2.0471251e-01  5.7326868e-02 -2.3105781e+00
  2.0251276e+00 -3.5786808e-01  9.8624825e-04 -1.5609214e+00
  6.6875625e-01  5.4425192e-01 -7.5342751e-01  1.3659335e+00
  2.0359488e+00  1.7712325e+00  1.3489308e+00 -5.3603315e-01
  3.2337220e+00 -2.3156204e+00 -5.9743130e-01 -1.1908312e+00
  2.6288563e-01  9.4247460e-02 -2.1907438e-01  3.0094905e+00
 -1.2163200e+00  4.0287811e-01  1.9375876e-01  1.0097613e+00
 -1.2171106e+00 -1.1451375e+00  4.0721506e-01 -7.4075878e-01
 -5.6000002e-02  7.2428250e-01  8.9947510e-01 -5.8129501e-01
 -2.8188305e+00  2.0092337e+00 -7.6447564e-01  2.0044503e+00
  3.1452677e+00  6.7798698e-01 -2.9195997e-01  2.0739314e-01
 -7.9037249e-03 -3.2679123e-01  1.9421360e+00  3.4256250e-01
  2.0510998e+00  7.1802187e-01  1.6967276e+00  8.9847815e-01
  4.7385561e-01  3.2644629e-01 -2.2860248e-01 -9.6544254e-01]