[[-0.07301286  0.84333916 -0.41938914  0.26552915  1.00701201 -0.14183084
   0.56623544  0.84656829 -1.65212601 -0.10062858  0.25639772  1.44601772
  -0.767854   -1.12230314 -0.25884602  0.36724826 -0.65708429  0.21596313
  -0.99644057  1.51914344  0.43110001  1.53158258 -0.44475857  0.13008029
  -0.44457256 -0.84281718  0.62186914  1.54019057 -0.52259485 -0.85278457
   1.15425912 -0.90739629 -0.05908885  0.32740742  2.34865057  0.96512143
  -0.96253745  0.42388171 -1.44395716  1.06802231 -1.79853084 -0.77083085
   0.7551614  -0.97618344  1.22672744  0.87585486 -0.96986712 -0.62754573
  -0.08440313  0.88822972  0.706008   -0.19300913  0.51270398  1.60391372
  -0.37636199  1.52465802 -0.60207485  0.35225998  1.08065973  0.74892459
  -0.75226085  1.19394316  0.55422316 -1.05790543  0.47996772  0.39790656
  -0.04629997  1.33459744  1.01738972 -0.13021401  1.30583542 -0.77368315
   0.33092914  1.09282541 -1.33903313  1.21438802  1.2313457   0.27697258
  -0.98997886 -0.65744228 -0.97556315 -0.56682201  0.05842629 -1.29039142
  -0.08950344  2.30709974 -1.2479557   0.45166972  0.78274515  0.58185202
   0.77262773  0.06799344  0.12319827 -0.02568915  0.39865142 -0.159026
  -0.43735658 -0.24413543  0.21597402  0.71781171  1.45120484 -1.62977599
   1.76552627  0.82607315  0.29034373  0.60996432 -0.39042256 -0.01743941
  -1.49350714  0.99750371  0.25856742 -0.90041913 -1.05453799  0.39094142
   0.50060056 -2.58002287  0.7265057   0.27397058  0.2876703   0.44725284
   1.26290485 -1.63675115  1.67953627  1.21905972 -0.87851942 -2.08142804
  -0.62323599 -0.3457403   0.15766687 -1.73652116  0.72680913 -1.078716
  -0.58718797  0.7399283  -0.03746543 -0.01240599 -0.85108312  1.137558
   0.00585143  0.39342943 -0.11724342  1.60365457  0.68858686 -1.66752344
   0.49270371 -0.05982487  0.29479285 -1.29838085  1.65064541 -0.07614373
  -0.46890115 -0.73773713  0.61500857  0.85509746 -0.16986344  0.38603116
   1.65061856  1.63910513  1.75202573 -0.117786    2.20539456 -1.08037401
  -0.260864   -0.29457028 -0.5371543  -0.01926112  0.38215228  1.93817714
  -1.26619198  0.92458571  0.30836374  0.65463058 -1.70131543 -1.08883659
   0.79103285  0.59039085 -0.20327457  0.81448487  0.62361284 -0.11863373
  -1.76056487  1.49638601 -0.58463114  1.6572694   2.66449117  0.58446372
   0.12992743  0.56331084 -0.20442773 -0.19009625  1.49999714 -0.13507943
   0.99221714  0.181672    1.06865117  0.29049259  0.52309827  0.76488916
  -0.64579057 -0.53956054]]