[-8.53600055e-02 -3.33128035e-01 -1.41291404e+00  1.07947397e+00
  1.57258987e+00 -8.67617965e-01  6.04766011e-01  1.23293996e+00
 -1.16051996e+00  2.62893200e+00 -6.30019754e-02  1.09766603e+00
 -9.34274077e-01 -2.33120584e+00  2.45651793e+00 -4.05024052e-01
 -7.97644019e-01  3.81584018e-01 -2.27772593e+00  3.93446207e+00
  1.24543980e-01  4.07687235e+00 -1.18539000e+00 -1.90078413e+00
  1.92059763e-02 -1.11119986e-01  6.79879934e-02  1.30380189e+00
  7.59736001e-01 -2.65868807e+00  8.14796090e-01  4.89010006e-01
 -6.97479695e-02 -4.18582022e-01  2.78224802e+00  1.71231210e+00
 -6.35176063e-01  1.76084387e+00  4.14705932e-01 -1.12299919e-02
 -3.34419584e+00 -1.69722199e+00  2.87034988e+00 -8.64260018e-01
 -4.00659554e-02  3.36510611e+00 -8.69431973e-01 -1.14257789e+00
 -5.10697961e-01  1.31380010e+00  9.12225902e-01  3.89167964e-01
  1.72001803e+00  1.93690228e+00  4.12158012e-01  1.59919405e+00
  3.74406040e-01  4.29504007e-01  2.89080787e+00  4.79695976e-01
  5.82771957e-01  1.08210015e+00 -6.37221932e-01 -1.74266791e+00
  5.95489979e-01  9.46911991e-01  1.58164406e+00  3.67180020e-01
  1.69229412e+00  7.29483962e-01  1.82092214e+00 -1.06265008e+00
  1.69543421e+00  2.16657996e+00 -1.88230586e+00  1.70968187e+00
 -5.00796020e-01  1.28561199e+00 -1.92581403e+00 -1.33683407e+00
 -2.77083993e-01 -6.73034012e-01 -5.48334002e-01 -2.63046813e+00
  7.85899997e-01  2.01515818e+00 -1.87329602e+00 -1.70154595e+00
  8.27867985e-01  1.60682037e-01  1.47297204e+00 -6.80161953e-01
 -8.88520062e-01  1.12396024e-01 -6.86961949e-01 -7.37833977e-01
 -1.24998808e+00 -1.40789008e+00 -5.70119977e-01 -2.18873787e+00
  1.51114392e+00 -1.08001995e+00  2.92441201e+00  2.62468004e+00
 -1.01590991e+00  2.02024388e+00  6.28204048e-01  1.92043805e+00
 -1.32589793e+00  1.21338391e+00  2.46714592e+00 -5.57924032e-01
 -1.84150004e+00  4.62832034e-01 -2.05621988e-01 -2.41953015e+00
 -6.82886004e-01 -2.82976002e-01 -5.21763980e-01 -1.33437991e-01
  3.56111598e+00 -9.72612023e-01  1.53852999e+00  3.04546976e+00
 -1.68480611e+00 -1.37287009e+00 -5.40425956e-01  3.54125977e-01
 -8.53433967e-01 -3.20401573e+00 -8.26461971e-01 -9.59479988e-01
 -1.32482994e+00 -1.03145802e+00  3.23030055e-01  1.61761999e-01
 -5.32584012e-01  1.70465976e-01  3.41216803e+00 -1.13790810e+00
  1.52567601e+00  2.99105972e-01 -4.86166060e-01 -1.81954002e+00
 -1.08568597e+00 -1.66341990e-01  9.76976037e-01 -1.30026412e+00
  2.81792021e+00  4.94085968e-01 -2.50691581e+00 -1.11339605e+00
  8.12209964e-01 -7.55432010e-01 -1.12415600e+00  1.90250015e+00
  4.91300017e-01  1.62603986e+00  2.72671998e-01  9.05875981e-01
  2.04101014e+00 -3.59477377e+00 -8.07966053e-01 -5.82940042e-01
  7.86747992e-01  9.10997987e-01  5.62168002e-01  4.03930759e+00
 -9.26093936e-01  8.57200660e-03  2.36098006e-01  3.06342411e+00
 -6.80559874e-02 -1.63398993e+00  2.67963976e-01 -1.94614601e+00
  4.14723963e-01  1.34127402e+00 -5.88480160e-02  1.21230197e+00
 -3.56626201e+00  3.18309379e+00 -1.79390788e+00  1.27114606e+00
  4.24046183e+00  1.52461791e+00 -1.92464602e+00  1.70745599e+00
  2.29709578e+00 -1.68259203e+00  1.61431193e+00 -2.11997633e-03
  2.59095192e+00  2.94844794e+00  1.10161185e+00 -6.44554019e-01
 -8.23419929e-01  3.39286000e-01  1.00695990e-01 -3.87968004e-01]