[ 1.98802873e-01  7.08099484e-01 -3.23225677e-01  3.54244828e-01
  1.49465907e+00  2.49677986e-01  6.39049888e-01  9.24656332e-01
 -1.75620770e+00  3.16297978e-01  7.54313111e-01  2.25772047e+00
 -2.47962549e-01 -2.44143629e+00  3.36047709e-01 -1.17554270e-01
 -1.16381168e+00 -1.20602167e+00 -1.74491167e+00  1.64714682e+00
 -1.09709725e-01  2.70958877e+00 -1.27740598e+00 -3.09500217e-01
 -4.66316819e-01 -1.06963885e+00  6.75456524e-01  2.64129829e+00
 -3.14057946e-01 -1.06563127e+00  7.43622005e-01 -8.16625953e-01
 -7.94157386e-01  3.14434886e-01  3.44853616e+00  2.03978539e+00
 -1.82577765e+00  6.62096798e-01 -1.40983379e+00  2.63481677e-01
 -2.18801188e+00 -9.59434807e-01  1.86211264e+00 -4.52305377e-01
  1.06269276e+00  1.31645668e+00 -6.63285673e-01 -1.11254968e-03
  3.42489719e-01  7.10566401e-01  2.69472569e-01 -7.99548253e-02
  5.41000009e-01  1.99992716e+00 -7.85387218e-01  1.56120682e+00
 -1.19616091e+00  7.20406890e-01  7.84866571e-01  1.81886101e+00
 -6.95614576e-01  1.50932932e+00  4.56310838e-01 -1.19644356e+00
  5.54972649e-01  2.03658268e-01  5.02909482e-01  1.23445618e+00
  3.79057705e-01 -4.25476283e-01  1.33676207e+00 -1.45564544e+00
  1.07028019e+00  1.60393965e+00 -2.09607124e+00  1.17293239e+00
  1.82830393e+00  4.89812583e-01 -1.29859126e+00 -7.65943050e-01
  9.45165902e-02 -7.82757044e-01 -4.40339953e-01 -1.05794322e+00
  9.68133628e-01  2.56844401e+00 -1.26776826e+00  1.37139380e+00
  1.32245004e+00  1.08862889e+00  1.24085844e+00  6.90242290e-01
  7.23976791e-01  5.52169383e-01  4.87209439e-01 -1.42968893e-01
 -9.04894710e-01 -8.62608612e-01 -3.43535721e-01  6.62697971e-01
  1.06084287e+00 -1.81392109e+00  2.36400723e+00  1.04090250e+00
  8.97282720e-01  1.32734871e+00 -2.81122029e-01  4.32662703e-02
 -1.37073731e+00  1.93355012e+00  5.36421061e-01 -1.35480702e+00
 -1.27975404e+00  6.99595451e-01  7.58379757e-01 -2.13111305e+00
  1.04359114e+00  7.28923440e-01  2.09219173e-01  6.83758080e-01
  1.36212170e+00 -1.65626585e+00  2.12367368e+00  1.52865791e+00
 -4.22317386e-01 -2.12637448e+00 -6.36578977e-01 -4.00363654e-01
 -2.33697727e-01 -1.91550505e+00  3.41903716e-01 -1.74789393e+00
 -9.87479270e-01  5.98867714e-01 -4.06019948e-02  3.88317138e-01
 -1.05227590e+00  7.99920619e-01  1.37751424e+00 -1.07456274e-01
 -1.97929144e-01  1.70326543e+00  5.80516040e-01 -8.04951191e-01
  1.41663718e+00 -2.51642615e-01  2.45610267e-01 -1.76171052e+00
  1.48527002e+00 -1.85868323e-01 -5.51762342e-01 -1.46677053e+00
  9.14348304e-01  5.77353477e-01  2.43797109e-01  3.96347165e-01
  1.27972829e+00  2.39462662e+00  1.73316348e+00 -6.99081779e-01
  2.62691879e+00 -1.73445809e+00 -4.61419404e-01 -4.69496042e-01
 -4.10384864e-01 -4.42469418e-01  5.05544543e-01  3.30069399e+00
 -6.61917090e-01  2.79716283e-01  9.51386452e-01  1.55844820e+00
 -1.84586096e+00 -1.41505992e+00  3.43251705e-01 -4.05922860e-01
 -2.44898573e-01  6.01590037e-01  6.86586797e-01  1.27724588e-01
 -1.92793429e+00  1.44232285e+00 -4.49128002e-01  1.62641501e+00
  3.30716753e+00  3.40854943e-01 -5.04394293e-01  8.79808247e-01
  2.73133397e-01 -2.73021996e-01  1.58121192e+00  2.85556883e-01
  1.57017350e+00  7.15305090e-01  1.46841300e+00  2.85414547e-01
  4.57288951e-01  4.46562916e-01 -5.85964918e-01  2.35285401e-01]