[[-4.13927409e-01  7.55105215e-01 -1.73261856e-01  1.01397854e+00
   1.21484812e+00  6.80774103e-02  1.12547814e+00 -2.68062797e-02
  -1.85275519e+00  6.15444165e-03  5.07257409e-01  1.81522223e+00
  -6.56408163e-01 -2.02266073e+00  9.30040633e-02  2.96282946e-01
  -1.30766626e+00  7.48925993e-02 -2.12414625e+00  1.42379926e+00
   8.02396652e-01  2.02500964e+00 -1.48596923e+00  4.23038471e-01
  -6.52543699e-01 -1.48553336e+00  4.03554825e-01  2.74150483e+00
  -1.16481604e-03 -1.45833814e+00  8.24250747e-01  7.20907527e-02
  -6.63484400e-01 -2.08411848e-01  3.03929295e+00  1.36098296e+00
  -1.62254999e+00  9.10246666e-01 -2.01052260e+00  4.20702215e-01
  -1.80801663e+00 -1.66813667e+00  2.19992666e+00 -7.86124440e-01
   1.15440481e+00  1.72548964e+00 -9.20200747e-01 -4.57197793e-01
   5.88116289e-01  9.59480716e-01  9.03015560e-01  3.11466676e-02
   7.37915560e-01  1.27086519e+00 -1.00791406e+00  1.51612373e+00
  -2.50774438e-01 -7.52870264e-02  1.44703702e+00  2.11534999e+00
  -3.30475556e-01  8.84604062e-01  4.48816660e-01 -2.10085518e+00
   6.98781461e-01  4.11055185e-01  1.37125552e-01  1.24188407e+00
   6.78347021e-01 -7.65723324e-01  1.59095373e+00 -1.45188742e+00
   6.79113709e-01  1.57192777e+00 -1.59054670e+00  1.14292630e+00
   1.58124076e+00  7.88226300e-01 -1.53719481e+00  1.22884074e-01
  -6.23666305e-01 -6.72503317e-01 -6.97335213e-01 -1.35427440e+00
   5.58471843e-01  2.38126263e+00 -1.05190334e+00  8.91727789e-01
   1.37139742e+00  1.26978298e+00  1.27050223e+00  7.22494819e-01
   7.22164809e-01  4.20900379e-01  5.96223336e-01 -1.00969375e+00
  -8.04927795e-01 -2.57601478e-01  1.62457395e-01  1.28610594e+00
   1.25532928e+00 -1.84577298e+00  2.18928330e+00  8.89985192e-01
   3.87990375e-01  2.62327785e-01 -3.00997035e-01 -1.17698896e-01
  -2.18374220e+00  2.47766633e+00  5.01199613e-01 -1.67501781e+00
  -1.67385700e+00  9.13069997e-01  9.83189624e-01 -2.57700748e+00
   4.89306298e-01  7.87080349e-01  1.71224054e-01  2.04636283e-01
   1.64432332e+00 -2.08240776e+00  1.67975703e+00  1.90203777e+00
  -4.20892205e-01 -2.44419078e+00 -1.63684000e+00 -1.69301104e-01
  -6.57808497e-01 -1.13559554e+00  1.01065593e+00 -1.20413813e+00
  -1.71365177e-01  5.82728526e-01 -7.84357050e-01  7.68129741e-02
  -6.16304820e-01  9.81649645e-01  1.43555036e+00 -1.88097037e-01
  -2.48067411e-01  1.64910739e+00  5.61584806e-01 -1.93798074e+00
   2.12002221e+00 -5.09203783e-02  4.79046309e-01 -1.68177445e+00
   1.60874482e+00  2.19894438e-01 -3.00075180e-01 -6.93636638e-01
   5.64198887e-01  9.21861856e-01 -8.34407272e-02  2.61214837e-01
   1.86088187e+00  2.34985597e+00  5.19744804e-01  9.61907233e-02
   2.25514225e+00 -2.03942771e+00 -7.10207811e-01 -3.65845550e-01
  -1.76508158e-01  5.10217398e-01  8.99279645e-01  3.40862111e+00
  -8.01505202e-01  7.70250002e-01  1.05678122e-01  1.24460261e+00
  -1.75054813e+00 -1.11240816e+00  9.09146287e-01  3.76993335e-01
  -2.40888139e-01  9.05634440e-01  6.86088888e-01  4.51829890e-02
  -2.51752114e+00  1.03891483e+00 -6.84193329e-01  1.91977667e+00
   3.26727850e+00  5.51643700e-01 -1.47468259e+00  1.38933817e+00
   4.84652958e-01 -3.16357031e-01  1.75682515e+00 -2.50383717e-01
   1.99138961e+00  1.46313704e+00  2.50332596e+00 -1.32942964e-01
   3.60736679e-01  3.84342946e-01 -9.70198880e-01 -9.43507382e-01]]