[ 6.93112686e-02  1.28042507e+00 -4.66231257e-01  1.57944882e+00
  1.90547991e+00 -3.59224826e-02  1.72615004e+00  1.33170128e+00
 -2.61804008e+00 -8.30291152e-01  8.45971227e-01  2.34579635e+00
 -6.01921320e-01 -3.47313738e+00  1.65712506e-01  3.51999700e-02
 -2.18608499e+00  5.71940005e-01 -2.00740767e+00  2.48910236e+00
  7.52742529e-01  2.56662750e+00 -9.42826271e-01 -1.58948779e-01
 -6.20758772e-01 -1.01229131e+00 -8.67624938e-01  2.48624992e+00
  4.02937531e-02 -9.99798775e-01  1.14831507e+00 -4.30683732e-01
  4.45824862e-02  2.08628699e-01  3.65495515e+00  2.15622115e+00
 -1.61994255e+00  1.27122748e+00 -1.59887266e+00  3.78002524e-01
 -1.54312491e+00 -1.52839494e+00  2.80501604e+00 -6.68737531e-01
  2.42660999e+00  1.31625998e+00 -1.17245114e+00 -1.90924501e+00
 -1.12326264e-01  3.43770057e-01  1.43788993e+00 -1.57815623e+00
  9.17210042e-01  1.89487493e+00 -1.69064879e+00  1.38759506e+00
  1.58824995e-02  6.81715012e-01  1.84948504e+00  8.57118785e-01
 -7.75132537e-01  1.69336128e+00  9.70262513e-02 -2.83281231e+00
  6.75526261e-01  9.66331244e-01  2.85837650e-02  1.24902630e+00
  4.75143731e-01 -8.52841258e-01  7.70002484e-01 -1.22101498e+00
  1.64579499e+00  9.29286182e-01 -2.22100163e+00  9.58010077e-01
  5.75812519e-01  1.55289745e+00 -1.02089751e+00  4.15325090e-02
 -1.21014380e+00 -9.83241200e-01 -1.43462372e+00 -2.02677107e+00
  6.45166218e-01  2.20451760e+00 -7.85513759e-01 -9.87912565e-02
  1.01235628e+00  1.35127008e+00  1.03468001e+00  1.44550872e+00
  6.89080000e-01  6.42883778e-01  8.81067514e-01 -1.12981009e+00
 -6.53949976e-02 -6.96030080e-01  1.04802752e+00  1.80912524e-01
  2.03055000e+00 -2.39791632e+00  2.56247759e+00  6.89333797e-01
  3.31750512e-03 -3.42741221e-01 -1.22372627e+00  1.48637518e-01
 -1.97468388e+00  3.38572001e+00  1.56784868e+00 -1.04176366e+00
 -1.44105244e+00  1.14534116e+00  1.51209259e+00 -3.13789749e+00
  9.41836238e-01  1.82106242e-01 -9.01986241e-01 -2.00179994e-01
  2.32175374e+00 -1.92684746e+00  1.87147617e+00  1.29416871e+00
 -2.86317468e-01 -3.30940390e+00 -1.32094753e+00  2.92501211e-01
 -1.72221255e+00 -2.18864870e+00  1.01097751e+00 -2.42046252e-01
 -9.30713832e-01  7.47385025e-01 -3.58195007e-01 -1.09216258e-01
  2.66485006e-01  1.81521869e+00  2.29189873e+00 -7.08531260e-01
 -4.55718756e-01  1.75272870e+00  4.78107542e-01 -2.73864388e+00
  3.29204011e+00  3.26208711e-01  3.07007492e-01 -1.33075738e+00
  1.80250871e+00 -4.46124941e-01 -3.72645020e-01 -1.42444122e+00
  1.18887627e+00  5.96002460e-01  1.32762343e-02  4.94624972e-01
  1.84420621e+00  2.16094732e+00  1.04572010e+00  2.62608737e-01
  1.62649250e+00 -2.38561249e+00 -1.26001000e+00  2.68287539e-01
  1.98195010e-01  8.56914997e-01  2.03755760e+00  2.72900367e+00
 -4.01899993e-01  1.77104259e+00 -1.97816297e-01  1.51061869e+00
 -2.23899770e+00 -8.44704986e-01  5.39018750e-01  3.05500627e-03
  7.49093652e-01  1.14792120e+00  8.41906309e-01 -3.12552512e-01
 -1.95698380e+00  9.01402473e-01 -1.49713993e+00  2.35176516e+00
  4.50534010e+00  2.19797477e-01 -1.58480382e+00  9.70172584e-01
  3.30518782e-01 -1.11997998e+00  1.72982502e+00 -2.42091238e-01
  2.09507012e+00  5.65991282e-01  3.34404516e+00 -1.20713127e+00
  3.27312499e-01  3.44573766e-01 -3.26792538e-01 -4.72369999e-01]