[-1.08949     2.4864933   0.68347335  0.51724     3.214163   -0.19646335
  1.8536366  -1.0890466  -2.8911133  -0.76358     0.9315167   2.1908534
 -0.63758004 -2.3583667   0.6987767  -1.0381601  -1.1065733   0.76458335
  0.22973669  1.6006366  -0.26223335  1.1608634  -0.4655966   0.99008673
  1.0778632  -0.7944967   1.3591199   3.5525835  -0.4894733  -1.6448866
  0.06132672 -2.0883334   0.09777009 -0.06381992  4.0486364   1.44336
  0.84094     1.11735    -2.6079433  -0.50184005 -3.9659166  -2.8419168
  2.3166533  -1.5338968   1.4513234   0.5183267  -2.1362433  -1.2291201
  0.8696833   3.3569634   1.0193267   0.6421734   1.8696336   2.7882433
 -1.4474267   2.1262202  -1.4682766   0.30864     2.3073366   2.58525
 -0.75097007  1.2560934   1.0993733  -2.2814968   2.1165135   1.1156234
  2.3354702   1.4775434  -0.21684332 -1.5122067   3.38362    -0.09233335
  0.68788666  1.8969933  -2.06007    -0.08482671  1.9832134   0.83151007
 -1.9086634  -1.7197967  -1.6789099  -3.5440266   0.07453669  0.6049567
 -0.56016     1.1776234  -2.63528    -0.21709335 -0.12669325  0.61083
  1.60054    -0.04001002  3.3612034   0.44472668 -0.11853667  0.25959316
 -1.4662768   0.01695333 -1.2761201  -1.1597866   1.6634401  -2.8042667
  3.03741    -0.8653066   2.8266833   0.15488338  0.5117      0.22628672
 -2.3107467   0.62406     2.1566532  -0.18813    -1.4600033   1.2592033
  0.37206998 -3.1022198   3.9811032  -2.1439333  -1.2278767   0.20777
  2.9615898  -1.6683632   0.9947901   0.44075003  0.09445008 -2.9866168
 -1.9959065  -0.5650367  -1.5013     -3.0992534   0.81873673  0.47054335
  1.0293367   1.3545133  -1.7826034   2.0215333   0.51501995  0.42067996
  2.0688999  -0.46411338  0.9282734   1.74065     0.0512733  -2.3807268
  1.3500032  -1.08399     0.33568332 -2.9668667   2.8055534  -0.17172666
 -1.4646001  -3.4138734   0.72871995  0.7842867  -2.9868834   0.36730996
  0.48416004  3.8517601   2.5152266  -0.9797333   2.8943002  -2.9158165
 -1.97497     1.4894667  -0.24168663  0.9711633   2.2253735   4.3778234
 -0.8574166   1.50697     2.8443      2.6168568  -0.09466013 -1.4089667
  0.43563333  1.6400334  -0.49379334  0.537      -0.37150994  2.1062467
 -1.2197566   1.07012     0.38239667  1.5189233   2.6393368  -0.95995665
 -1.1067901   0.92190003 -0.6532634  -0.15763998  0.24349332 -0.16549666
  2.4650733   1.4255366   1.7694865   0.30445328  0.95592004  2.2992098
  1.0321133   2.8069298 ]