[[-1.03665863e-02  6.81159096e-01 -3.02708379e-02  1.24638922e+00
   1.08596830e+00 -3.98612015e-01  7.30738858e-01  1.79757729e-01
  -1.32335295e+00  8.00162005e-01  2.90372283e-01  2.63945642e+00
  -5.69400852e-01 -1.77775446e+00  1.07800300e-01  6.69353931e-01
  -1.43326700e+00 -3.72996283e-01 -1.13540626e+00  1.65040570e+00
  -1.24322566e-01  2.38213360e+00 -3.00698297e-01 -3.33655184e-01
  -7.24141142e-01 -1.28426688e+00  8.70523117e-01  2.29675522e+00
  -8.20055800e-01 -1.48970190e+00  6.35445109e-01 -3.97273161e-01
  -1.20776765e+00 -1.29094362e-02  2.22911863e+00  1.46920305e+00
  -1.45793040e+00 -7.28954153e-02 -1.90647044e+00  3.44465588e-02
  -1.61763072e+00 -9.13234246e-01  1.61910477e+00 -7.84750284e-01
   1.00519462e+00  1.29991944e+00 -3.73548814e-01 -6.19801968e-01
  -6.44502878e-02  1.57569697e-01 -4.81342965e-02  4.24511711e-01
  -1.52048554e-02  1.49826792e+00 -1.22526363e+00  1.18716915e+00
   4.80820051e-02  2.99562294e-01  1.26656489e+00  9.58124618e-01
  -4.16018263e-01  1.03025422e+00  8.89691366e-02 -1.20147151e+00
   8.70515106e-01  7.13072142e-01  9.33321648e-01  7.50471103e-01
   1.01132996e+00  1.96665704e-01  1.68522498e+00 -8.56428254e-01
   5.00968335e-01  1.26758979e+00 -1.12986421e+00  8.74448780e-01
   1.08250487e+00 -3.29702312e-01 -1.50432426e+00 -6.67210595e-01
  -9.06325783e-02 -6.89293121e-01 -2.49067964e-01 -1.32991564e+00
   9.00993434e-01  2.48236964e+00 -1.11837949e+00  2.24263654e-01
   1.78415755e-01  6.10523207e-01  4.60489972e-01  5.78870092e-04
   9.71774610e-01  1.07730303e-01  3.41555115e-01 -7.53296297e-01
  -7.86174507e-01 -9.60441429e-01 -2.63849448e-01  6.12749890e-01
   9.96005346e-01 -1.96376766e+00  1.86627832e+00  8.93855240e-01
   9.75917692e-01  1.11701385e+00 -6.25817972e-01 -2.02415916e-01
  -8.95815148e-01  9.84850582e-01  2.71877124e-01 -1.06892664e+00
  -1.39514277e+00  6.35074580e-01  3.91008575e-01 -1.85811664e+00
   8.41891131e-01  3.31449999e-01  2.52197417e-01  3.55595670e-01
   2.03597599e+00 -1.63384397e+00  1.29445534e+00  1.35914748e+00
  -1.06088909e+00 -1.76203622e+00 -5.97303656e-01 -7.91576513e-01
  -4.20381684e-01 -1.53383493e+00  7.19814272e-01 -1.45095894e+00
  -7.43819390e-01  9.32124328e-01 -1.41696285e-01  7.24925880e-02
  -3.96728626e-01  9.33973040e-01  1.32703062e+00  1.59825170e-01
  -4.35071366e-02  2.04073853e+00  6.62574932e-01 -1.39988313e+00
   7.96413413e-01 -3.61219709e-01  4.06690282e-01 -1.86929557e+00
   1.22845002e+00 -7.40001372e-03 -9.42494048e-01 -1.54917137e+00
   9.56837689e-01  5.31317962e-01  1.81126038e-01  7.40025990e-01
   1.60195444e+00  1.67054779e+00  1.32534593e+00 -8.16399274e-01
   2.21276526e+00 -1.68477517e+00 -3.58336845e-01 -1.25169417e-01
  -9.69569939e-03  1.45164008e-01  8.26773930e-01  2.75277514e+00
  -7.97282582e-01  3.47402487e-02  8.38072082e-01  1.28932138e+00
  -5.91712901e-01 -9.07922602e-01  9.95382216e-01  1.49832286e-01
  -8.91185808e-01  1.23897748e+00  1.18045903e+00 -5.86050543e-01
  -1.80487884e+00  1.15293656e+00 -6.37821402e-01  1.48194608e+00
   2.23593409e+00  1.96690576e-01  6.36442636e-02  1.82269602e+00
   2.21574021e-01  3.31367438e-01  1.07509839e+00  1.97031716e-01
   1.84451149e+00  1.59136063e+00  1.21057550e+00  3.59115735e-01
   7.57989965e-01  8.97618109e-01 -5.83565407e-01 -8.68052256e-01]]