[[-0.26179908  0.48183092 -0.15861295  0.68866387  1.38658203  0.83418112
   0.95686275 -0.43437387 -1.61771273  0.14732271  0.75657886  1.68420004
  -0.72375819 -2.2732113   0.14561249 -0.09308181 -1.03950365 -0.20880567
  -1.15065729  1.00826225  0.171315    2.05847862 -0.99198477  0.22947614
  -0.10964339 -1.08978182  1.38659454  2.10077162 -0.48855342 -1.26759479
   1.00254567 -1.07094387 -0.6896275  -0.63882022  2.60944828  1.70372589
  -1.52945456  0.26452932 -1.46655681 -0.01880205 -2.14150593 -1.07397041
   1.45097684 -0.74874091  0.84068247  1.30138045 -0.6707766  -0.51897614
   0.64665819  0.82400089  0.36711523  0.45790273  0.29416205  1.84298859
  -0.83008864  1.49984096 -0.52377501  0.63241296  0.62629204  1.42765499
  -0.52933112  0.99410524  0.24676181 -1.04421639  0.62861999  0.72255705
   0.23447635  0.55199568  0.2410825  -0.52136205  1.46520494 -0.84243999
   1.09217296  1.50305182 -1.70324886  0.88335931  1.3867175   0.3228609
  -1.56397408  0.13567682 -0.13862729 -0.77620501 -0.57227568 -1.04900775
   0.70369407  2.56401999 -0.93244637  1.46373065  0.74778276  0.99151182
   0.23640613  0.37476179  0.66650774 -0.50525158  0.05668773 -0.27251387
  -0.98685705 -0.54763455 -0.52592522  0.75258862  0.33112456 -1.71169547
   2.71657198  0.85052568  0.87806182  0.72978911  0.11251249  0.11931863
  -1.7543461   1.69757747  0.60795999 -0.98652181 -1.29811366  0.65940044
   0.51753614 -1.46579729  0.49799796 -0.04500023  0.4996684   0.42364022
   1.70817023 -1.83097481  2.27389571  1.77863323 -1.10917774 -1.2341625
  -1.56699749  0.08256863 -0.22451431 -1.26359976  0.77547115 -1.56710795
  -0.76418136  0.66630479 -0.36871658  0.40887249 -1.27058047  0.67760024
   0.92822589  0.295905   -0.13063955  1.28279751  0.76018178 -1.43873252
   0.69701228 -1.15765796  0.27504841 -1.75448135  1.12304225  0.04202568
  -0.39434865 -0.71206318  0.78937997  0.8880684  -0.37406024  0.03135615
   1.35403474  2.36362368  1.29238203 -0.14278182  2.58971865 -1.57283022
  -0.65212183 -0.9632584  -0.52056387 -0.18794547  0.59704158  3.24067931
  -0.82529909  0.99327679  0.72147727  1.08229339 -0.81544431 -0.8715484
   0.31729182  0.05423931  0.16334954  0.99235387  1.21517363  0.11780388
  -2.75001291  1.6080966   0.08497204  1.34860909  2.61592809  0.23452432
  -0.89909067  0.98839272  0.21930046 -0.32632886  1.4767157  -0.0090584
   1.40101295  0.96517047  0.57530455  0.34322387  0.33871727  0.62175885
  -0.65066271  0.26221431]]