[-0.28355634  0.5956169  -0.20205674  0.22518532  1.506902   -0.12450108
  0.23485947 -0.25797424 -1.7238306   0.3190279   1.4224827   1.51176
 -0.51846683 -2.510769    0.14347789  0.19510578 -0.91591996  0.50414205
 -1.9643945   0.89980215  0.2933363   3.1972601  -0.5551115  -0.5486631
 -0.62649626 -0.84818697  1.899409    3.1060572  -0.46361217 -0.7771179
  0.7700054  -0.93600583 -1.2763611   0.10024628  3.290112    2.2738132
 -0.93237996 -0.84085107 -1.9944775   0.27904266 -1.932354   -1.5060917
  2.3807163  -0.6282289   1.5060556   0.30034533 -0.12067316 -0.6416736
 -0.02660843  1.4583105   0.7350853   0.02689842 -0.5544432   3.316333
 -0.4809816   1.4578185  -0.01573     0.4914148  -0.03372369  1.9513116
 -0.8017326   2.315653    0.4988374  -1.5292637   0.17087893  0.11604214
  0.9516236   0.78080636  1.4777288  -0.03279208  1.0037478  -0.73852307
  0.86047477  1.0617515  -1.4080656   1.5053685   1.3504419   0.81861204
 -1.4582415  -1.2156721   1.1148696  -1.817069    0.33808896 -0.8670047
  1.8092463   2.8200037  -1.442752    1.8767562   0.3083621   0.988092
  0.5118521   0.6824331   0.3526605  -0.2770126   0.51432115 -1.2104656
  0.24037266  0.47103158 -0.5776769   0.80168957  0.736941   -1.5868694
  1.6544373   1.6864938   1.0983179   1.6828991  -1.2612813  -1.0583105
 -1.6075226   2.1101508  -0.22142209 -2.5533392  -2.241587    1.4219505
  0.29705846 -2.5735033   1.3071167   0.6074216   0.3872074   0.338001
  1.1941242  -0.8452336   1.1224941   1.6286863  -2.5352092  -2.0779912
 -0.648643   -0.13597365  0.4293515  -2.1475036   0.46983    -0.89019316
 -1.6457294   0.82905215 -0.65901107 -0.17847948 -0.02177     1.6462005
  2.046956    0.5888842   1.0899606   1.7426621   1.2475159  -1.0688646
  1.6469043  -0.38426846  0.5349463  -1.4726006   1.6418173   0.82015586
 -1.5067042  -1.8093874   0.21438313  1.4628227   0.41303635  0.9870726
  2.6155694   1.3576174   1.6723835  -1.049999    2.126086   -1.7992983
 -0.8698264  -1.6214678  -0.47547796 -0.41702893  1.0227004   3.9815516
 -0.30318165  1.1558222   1.2107073   1.8363613  -1.9317747  -0.4107826
  0.7752668   0.0504089  -0.8312458   0.69408256  1.9896903  -0.7107027
 -2.2966464   1.8907479  -1.3989722   2.09303     3.7388463   1.2398151
  0.01330736  0.58309364  0.23565418  0.13550366  1.660512    1.8222785
  1.5842263   0.77636737  1.5307226  -0.4854652   1.4820614  -0.11436002
 -1.2107621  -0.31618577]