[[-3.32752210e-01  1.23837603e+00  8.96320409e-02  9.93334261e-01
   1.09651846e+00 -1.99366883e-01  3.80914746e-01 -1.39783153e-01
  -1.34943073e+00  4.66312567e-01  3.19164484e-01  2.54749656e+00
  -1.07359422e+00 -2.08836671e+00  1.13441840e-01  2.80707015e-01
  -9.71965295e-01 -6.32766485e-02 -1.09478124e+00  1.56703989e+00
   7.10893347e-01  1.90601076e+00 -5.89368252e-01 -1.95824812e-01
  -1.11657804e+00 -6.79086012e-01  9.44175985e-01  1.81253476e+00
  -5.14023194e-01 -6.54842743e-01  5.40659446e-01 -6.58656118e-01
  -6.22710913e-01  2.04093167e-01  2.07882132e+00  1.84134564e+00
  -8.20721049e-01  2.93865973e-01 -1.94798218e+00  6.80304854e-01
  -1.82933530e+00 -1.19731685e+00  1.52505292e+00 -5.38640708e-01
   1.23080158e+00  9.03656454e-01 -6.84045079e-01 -7.24953528e-01
  -1.67718154e-02  6.77409632e-01  5.17784258e-01  5.22552618e-01
  -1.84259970e-01  1.35611924e+00 -8.97942656e-01  1.20140866e+00
   8.36605824e-02  3.15835069e-01  6.23987433e-01  7.32206619e-01
  -8.08772509e-01  1.20321848e+00  5.11650510e-01 -1.51816980e+00
   9.55840543e-01  1.13482758e-01  2.22717944e-01  8.15530362e-01
   1.07868896e+00  5.67544423e-02  2.41751152e+00  1.26024819e-01
   1.08111396e+00  1.44130420e+00 -9.51596702e-01  1.11931536e+00
   1.24532571e+00  2.62195532e-01 -1.76880519e+00  3.51279049e-01
  -6.49187863e-01 -1.04127536e+00 -8.15631750e-01 -1.42651240e+00
   4.24929842e-01  2.80605658e+00 -1.35441285e+00  6.40253941e-01
   1.23199756e+00  4.87722423e-01  2.02300284e-02  7.77905432e-01
   6.56337398e-01 -4.49404523e-01  3.48046022e-02 -5.73967057e-01
  -1.15969649e-01 -8.93718345e-01 -4.95419433e-01  1.23546910e+00
   1.06029983e+00 -1.67837749e+00  1.72095157e+00  9.98401355e-01
   6.18896099e-01  2.54550724e-01 -6.33264310e-01  3.95271480e-01
  -1.18976934e+00  1.61531999e+00 -2.46020731e-01 -1.43566946e+00
  -1.23574287e+00  1.13608091e+00  2.40579448e-01 -1.76969931e+00
   1.17087160e+00  4.72728154e-01 -1.14449704e-02 -1.13950544e-01
   1.05713034e+00 -1.17654172e+00  1.76719408e+00  1.98556569e+00
  -9.25799119e-01 -3.03509669e+00 -1.22395046e+00 -4.16967074e-01
  -4.99736865e-02 -1.11452472e+00  5.28595611e-01 -1.13906153e+00
  -4.48055965e-01  1.06376003e+00 -4.12107408e-02  3.59572742e-01
  -1.79247050e-01  1.27790438e+00  9.55150308e-01  1.00686289e+00
  -7.85374117e-04  1.60995078e+00  8.66386699e-01 -2.06990661e+00
   1.24094973e+00 -7.98399427e-01  8.72738578e-01 -1.45269304e+00
   1.56995654e+00  1.08279422e-01 -5.33614605e-01 -9.98667770e-01
   1.43723954e+00  8.09719161e-01  5.69527506e-01  2.72135200e-01
   1.15823139e+00  1.78975483e+00  1.40269508e+00 -4.75029099e-01
   2.01397408e+00 -1.43716397e+00 -2.75677988e-01 -7.69415627e-01
   6.50727923e-01  1.01582981e-01  3.20060213e-01  3.15577504e+00
  -1.12880182e+00  7.42867302e-01  6.78373844e-01  1.00796337e+00
  -7.91742833e-01 -1.15183366e+00  1.57858872e-01 -2.13099822e-01
  -1.83367216e-01  7.25093941e-01  1.34566110e+00 -3.02170757e-01
  -2.71111800e+00  1.08384159e+00 -7.30588248e-01  1.30036292e+00
   2.89834331e+00  4.69481113e-01 -3.98619451e-01  1.52653183e+00
   5.57972226e-02 -7.55347963e-01  2.02509026e+00  1.67388386e-01
   1.89424849e+00  7.72731117e-01  1.57137830e+00 -1.48728493e-01
   7.67802253e-01  5.50927951e-01 -9.04548901e-01 -2.90477229e-01]]