[[-6.38127967e-01  9.15379180e-01  3.74846559e-02  1.05660550e+00
   7.15571768e-01  1.35679459e-01  1.51824657e+00  1.08844193e+00
  -1.46231096e+00  3.10896994e-01  4.09611240e-01  1.37650178e+00
   2.38426428e-01 -1.11006069e+00  1.86459877e-01  1.70231784e-01
  -5.92040819e-01  1.43463017e-01 -7.15902875e-01  1.57781232e+00
   8.03906451e-01  1.86751303e+00  3.00845612e-01  3.70606165e-01
  -8.30411493e-01 -6.96385344e-01 -1.78868423e-02  1.86797263e+00
  -1.44954692e-02 -4.40852872e-01  9.77229172e-01 -3.53251773e-01
  -2.27490408e-01 -2.48424526e-01  1.62052918e+00  6.97076720e-01
  -5.15324104e-01  2.96819183e-01 -1.81633767e+00  2.45359318e-01
  -1.51961464e+00 -2.26586293e-01  3.22787136e-01  9.51688917e-02
   8.40673562e-01  1.05819219e+00 -4.72595751e-01 -8.91707659e-01
  -3.88649175e-01 -3.00094383e-03  6.47921095e-01  5.44853844e-01
  -1.34946719e-01  1.60901849e+00 -6.42101255e-01  1.05830547e+00
   1.07675483e-01  3.55697528e-01  1.18028437e+00  7.79744113e-01
   4.72502606e-01  9.64346440e-01  9.35832869e-01 -1.33453673e+00
   4.87705624e-01  5.50681925e-01  1.14378630e-01  4.92468085e-01
   6.22041919e-01  3.58111369e-01  1.78496303e+00 -9.05008352e-01
   4.43526428e-01  1.22438328e+00 -1.20332879e-01  6.62798909e-01
   9.93655210e-01  9.91717813e-02 -1.02998180e+00 -1.80605646e+00
  -1.27448078e-01 -7.70449581e-01 -1.10283877e+00 -8.76444942e-01
   5.83417667e-01  1.75661550e+00 -1.22029548e+00 -4.97171217e-02
  -9.55247845e-02  1.01934451e+00  1.12156643e+00  2.62076018e-01
   4.49462456e-01  5.71549729e-01  1.30815894e-01 -4.08379709e-02
  -9.55857561e-02 -6.14633840e-01 -4.07378053e-02  7.92559439e-01
   1.27593835e+00 -6.57835458e-01  1.13624356e+00  7.25863162e-01
   7.72383826e-01  6.80261647e-01 -8.34619732e-01  3.99776852e-01
  -1.25794920e-01  1.37852657e+00  2.56481916e-01 -1.52978878e+00
   1.10349331e-01  2.61042880e-01  5.40963835e-01 -1.27544397e+00
   6.22237110e-01  4.19741780e-01 -4.63364409e-02  3.88982111e-02
   1.94753436e+00 -1.49027942e-03  1.10168548e+00  1.63690453e+00
  -1.55652627e+00 -1.93341219e+00 -9.39257950e-01  1.05013178e-03
  -2.77710552e-01 -1.35223206e+00  2.89803287e-01 -7.35003162e-01
  -5.13719178e-01  1.46877123e-01  2.47053564e-01  7.16647800e-01
  -3.93045289e-02  5.71446029e-01  9.88161777e-01 -1.70514518e-01
   1.89405616e-01  7.49732056e-01 -2.96989100e-02 -1.71551507e+00
   8.64017673e-01 -1.11224101e-01  2.66922733e-01 -1.21750575e+00
   6.75139999e-01  1.53355891e-01 -9.60876430e-01 -7.68484796e-01
   1.43010137e+00  4.25591381e-01  6.25944923e-01  3.27535211e-01
   1.19351494e+00  2.09669918e+00  1.55853575e+00 -4.12398631e-01
   6.78555485e-01 -1.63191230e+00 -3.96946577e-01 -5.56423698e-01
  -8.85646551e-02 -8.56133278e-01  6.80848087e-01  2.16908314e+00
  -4.47848915e-01  2.23922217e-01  5.42383579e-02  8.40219588e-01
  -9.01707674e-01 -7.13330142e-01  6.62458494e-01  3.33268576e-02
  -1.70072056e-01  1.06256123e+00  6.12044250e-01 -6.29041648e-01
  -1.91626082e+00  1.04358862e+00 -5.34824247e-01  1.36764875e+00
   2.14028163e+00  4.78635215e-01 -4.97891644e-01  1.93445493e-01
  -1.43623554e-01  4.04313726e-02  9.41406980e-01  7.34878355e-01
   1.98786891e+00  5.97753692e-01  6.02932309e-01 -2.90877394e-01
   8.61902346e-01  1.86385893e-01  5.31543787e-02  5.16443837e-01]]