[[-0.06307171  1.11440837  0.77510002  1.46765502  1.07863833 -0.00371335
   0.47143167  0.21014833 -0.86710002  0.26029832  1.05929     1.69759329
  -0.42619667 -2.24931836  0.84859502 -0.71122671  0.28174164  0.08492999
  -0.08186167  1.51638496 -0.16744332  0.11398167 -0.85042001 -0.5410917
   0.49266832 -1.63089499  0.18934829  1.851005    0.13783167 -1.53134672
  -0.14166165 -1.39394166  0.14387166 -0.10315162  2.08522832  1.57133004
  -1.19059666 -0.30064003 -1.36515499 -0.28986499 -3.00247004 -0.00883998
   2.31124663 -1.19944001  1.43657829  0.71121834 -0.55461997 -0.9519617
   0.16152332  0.91025332  0.43118497 -0.27010833  0.38406001  1.86571
  -0.5019634   1.45909169  1.46347501  0.04148668  0.2385833  -0.17917665
  -0.86171835  0.65101501  0.08953332 -2.49213668  0.41175169 -0.15567831
   0.21476499  1.01893332 -0.33869166 -0.23774501  2.38582677 -0.05723165
   0.24666     1.39389831 -0.99244836  1.31124834 -0.4430617   0.59225001
  -1.45645669 -0.42045832 -0.10956666 -0.20835834  0.42773166 -1.52398664
   0.56182333  1.48863832  0.05239667  0.16731168  0.03199008  1.45324335
   0.85070336  0.298975    1.11995999 -1.07940332  0.11419834 -0.92260335
  -1.06459999  0.05538165 -0.86937835  1.32607164  0.06580335 -1.62522664
   2.67267998  0.70019835  0.34958835  0.87971501  0.21018166 -0.5516433
  -1.58750331  1.85248502  0.2705883  -0.40794002 -0.62344168 -0.52118497
   0.31144999 -2.50655174  1.171225    0.03868167 -1.0011383   0.91016497
   1.77746165 -0.55308335  2.18645837  1.01082504 -1.96096826 -1.49892996
  -0.7499133  -1.02694171 -0.182925   -1.50886166  0.98344335 -0.61008334
  -0.98309668  0.21622505 -0.39548002  1.31111332 -1.94819827 -0.23621666
  -0.20481165 -1.52854498  0.48045003  0.93763336  0.767485   -1.12369667
  -0.02065334 -0.51413666  0.541135   -1.45144832  1.02707163 -0.00432668
  -0.50468168 -0.28778334  0.94911833  0.4187617  -1.02000999  0.26705668
   0.55182334  1.18552168  0.393355   -0.28692832  1.80160671 -0.13203334
   0.04805001  0.69366668 -0.02262835  0.88649663 -0.85797501  3.10369496
  -0.21101334  1.69955836  0.70923834  0.49658667 -0.87404665 -1.551585
   0.458485    0.08332332 -0.649895    0.91171835  1.19927667  0.74839002
  -1.181405    1.49401496 -0.48098663  1.97663335  3.25606505  0.85457667
  -0.79003997  0.92632    -0.29419832 -0.36327669  0.90978664  1.20392999
   0.12041334  1.12185839  1.33611168 -0.51550832  0.22602666  1.37886667
  -0.64087836  0.055465  ]]