[[-6.25254256e-02  1.44630858e-01 -2.33073704e-02  1.00278564e+00
   9.46984252e-01 -1.69318048e-01  2.35762470e-01  6.16065891e-01
  -1.02562329e+00  7.68286305e-01  3.07602793e-01  2.12371866e+00
  -9.24321808e-01 -2.13389493e+00  5.77386887e-01 -3.62616526e-02
  -5.04865729e-01  1.84404101e-01 -1.49282592e+00  1.23707195e+00
   2.73800320e-01  2.48707967e+00 -9.51934634e-01 -2.16065407e-01
  -7.25279656e-01 -1.07595827e+00  1.29220574e+00  2.61837058e+00
  -7.98110042e-02 -9.00622295e-01  5.61323778e-01 -6.67997187e-01
  -4.72304903e-01  4.89750825e-01  2.27955852e+00  1.26515178e+00
  -1.02793902e+00  3.93742302e-01 -1.53249278e+00  5.70245384e-01
  -1.76302836e+00 -5.20431355e-01  1.37458000e+00 -6.79344775e-01
   9.04522098e-01  1.28414200e+00 -5.82553957e-01 -7.81750639e-01
  -3.45135248e-01  8.14268040e-01  2.83780167e-01  4.89457511e-02
   9.07000487e-03  1.63973685e+00 -3.27195940e-01  1.11063687e+00
  -2.48211304e-01  1.39470328e-02  4.19440655e-01  1.24614196e+00
  -1.71432295e-01  1.45811515e+00  3.38017721e-01 -1.24523120e+00
   3.14786217e-01  5.66039360e-01  6.42116196e-01  6.36757697e-01
   7.65874607e-01  3.28813287e-01  9.07992812e-01 -1.26331354e+00
   1.32378001e+00  1.42730394e+00 -1.39121029e+00  1.25222589e+00
   1.03817264e+00  9.32631556e-04 -6.51447577e-01 -7.79635551e-01
   1.81417369e-01 -1.03555738e+00 -5.65520516e-01 -1.39698658e+00
   5.19734438e-01  2.26757230e+00 -9.05565774e-01  7.27569513e-01
   3.96306056e-01  1.19450457e+00  8.75665902e-01  1.31922140e-01
   1.17448444e+00  2.72232781e-01 -1.54061469e-01  4.08281793e-02
  -7.81571483e-01 -6.11659311e-01 -3.67718148e-02  1.64848040e-01
   7.30359155e-01 -1.43349339e+00  2.37873078e+00  1.55852360e+00
   9.20972505e-01  1.49609272e+00 -1.14986734e+00  1.75010154e-01
  -9.86637224e-01  1.23039016e+00 -2.20024099e-01 -1.17341275e+00
  -1.47844705e+00  8.77528478e-01  5.12637543e-01 -2.01678525e+00
  -2.11249686e-01  2.23745591e-01  2.95905889e-01  3.65203277e-01
   1.50612083e+00 -1.24006916e+00  1.99081370e+00  1.26676957e+00
  -8.84974664e-01 -2.46652967e+00 -1.20097000e+00 -7.69161326e-01
   1.11180316e-02 -1.86415919e+00 -3.42660644e-01 -1.10128305e+00
  -9.36402603e-01  1.29053594e-01  3.65132699e-02  4.59322122e-01
  -2.09096666e-02  1.26649763e+00  1.69670903e+00  5.96597420e-01
   2.60430824e-01  1.46848666e+00  7.30430490e-01 -2.01067153e+00
   1.10163111e+00 -7.28869014e-01  2.66981116e-01 -1.96246583e+00
   1.08056032e+00 -8.75168900e-02 -8.42974091e-01 -1.49886035e+00
   1.55130600e+00  9.01179516e-01  2.76291610e-01  8.85004584e-01
   1.28161670e+00  1.35547573e+00  1.46536884e+00 -7.63148711e-01
   2.79077364e+00 -2.40220642e+00 -5.96745255e-01 -8.86463765e-01
   2.65130017e-01  7.65686886e-02  2.10272288e-01  2.73537602e+00
  -5.85016226e-01  3.45616431e-02  1.05682936e+00  1.43426820e+00
  -1.43896480e+00 -9.06672754e-01  1.12695722e-01 -3.44476568e-01
  -2.32978348e-01  1.08067083e+00  1.75279232e+00  2.66242497e-02
  -2.02316275e+00  1.94183214e+00 -8.25779517e-01  1.79287781e+00
   2.88324587e+00  5.65300496e-01  5.06811606e-02  9.63730191e-01
   8.00164124e-03 -1.53007239e-01  9.31386872e-01  1.36418518e-01
   1.37105046e+00  9.30988017e-01  9.27356404e-01  8.11464107e-05
   6.79189824e-01  4.79008347e-01 -4.46570351e-01  2.12205906e-01]]