[ 5.07292509e-01 -6.65840030e-01 -5.70127487e-01  5.89550018e-01
  1.26233256e+00 -3.11312497e-01  1.67602503e+00 -2.31175005e-01
 -1.60387754e+00  8.33135009e-01  2.63375998e+00  3.06018257e+00
 -2.84795523e+00 -1.03334999e+00  1.70404255e+00  1.93740511e+00
 -7.48827457e-01  5.11059999e-01 -6.29242539e-01  1.78437495e+00
 -1.12130249e+00  1.77469742e+00  1.89055252e+00 -2.82118011e+00
  3.76415014e-01 -6.28360033e-01  2.08678484e+00  2.36142993e+00
 -9.46367383e-01 -1.75729752e+00  1.93419242e+00 -4.55599502e-02
  2.40336990e+00 -1.12351501e+00  2.43396735e+00  2.31141758e+00
 -1.56606746e+00  1.87697744e+00 -1.03539503e+00  7.85925388e-02
 -3.19336009e+00 -1.55620754e+00  4.39932495e-01 -7.03125000e-01
  1.02632499e+00  9.91929889e-01  1.19261754e+00  6.91317558e-01
  4.12482440e-01  3.68572521e+00  7.32147515e-01  1.00147247e+00
 -1.01775002e+00  3.09279013e+00  8.35902512e-01  2.45996499e+00
 -4.70382452e-01  3.43889952e-01  3.14525008e-01  3.41999531e-02
 -2.75615263e+00  1.91849756e+00  5.78962505e-01 -1.04035997e+00
 -1.73435998e+00  1.08266246e+00 -1.46555758e+00  2.55498290e-03
 -3.15829992e-01 -5.86687446e-01  2.25036979e+00  3.74255061e-01
  1.32817745e+00  1.14046001e+00  3.24427515e-01  6.12385035e-01
  1.83372498e+00 -6.50677502e-01 -1.16170752e+00  3.63429964e-01
 -4.55362558e-01 -2.15530992e+00 -8.62784982e-01 -2.63701773e+00
  2.17014983e-01  3.57901764e+00 -1.61357236e+00  2.87104273e+00
  1.17846251e+00  4.15324986e-01  5.19689918e-01 -1.56774247e+00
  3.49177539e-01 -3.43800038e-01 -3.18999887e-02 -1.76992750e+00
  6.00792468e-01 -6.90220118e-01 -4.56050038e-02  1.10325003e+00
  4.82215106e-01 -1.63247496e-01  3.38871527e+00  1.10015005e-01
  7.00937510e-01 -1.29282010e+00 -8.70317578e-01 -1.19326735e+00
  7.93737531e-01  1.12321246e+00  8.92662525e-01 -1.86323738e+00
 -6.79042578e-01  1.33003998e+00 -1.86342001e+00 -1.89500499e+00
 -1.66975260e-02 -7.48252124e-03  9.53692496e-01  1.05716252e+00
  3.40311241e+00 -3.12560248e+00  4.56348228e+00  2.53986239e+00
 -2.56768274e+00 -2.20615983e+00 -1.13217998e+00  8.11697483e-01
 -1.94704950e-01 -3.70849752e+00  7.82009959e-01 -1.55487990e+00
 -5.36795080e-01 -1.35718989e+00 -5.92244983e-01  1.26552498e+00
 -2.32002497e+00  1.63397491e-01 -1.02719247e+00 -7.75947571e-01
  1.79870248e+00  1.84637499e+00  1.43339932e-01 -2.18244267e+00
  2.20487535e-01 -1.59226239e+00  1.43169260e+00 -1.61322010e+00
  2.50296259e+00  1.49411249e+00 -9.85682487e-01 -1.96406746e+00
  1.50820756e+00 -4.96797472e-01 -2.78555006e-01  3.31471753e+00
  2.41254497e+00  7.18495131e-01  1.25741744e+00 -6.02012575e-01
  1.69756258e+00 -2.36604738e+00  3.65795016e-01 -2.42347002e+00
 -6.11722589e-01  3.10376740e+00 -1.29952741e+00  2.31495261e+00
 -1.60225761e+00  5.58619976e-01 -5.66699982e-01  3.10254097e-03
 -5.61737478e-01 -1.19621992e+00  1.49023747e+00 -7.27147520e-01
 -1.79850256e+00  7.63047457e-01  2.81923485e+00  8.25262427e-01
 -2.33555222e+00  4.21294987e-01 -2.58835018e-01  3.61990476e+00
  3.18977761e+00 -5.12125015e-01 -1.01380491e+00  2.63150740e+00
 -1.82950050e-02 -3.68004978e-01  9.45239961e-01  1.37190747e+00
  2.06998754e+00  2.60973501e+00 -1.37320495e+00 -1.12076259e+00
  1.20654249e+00  8.54395032e-01 -6.17657423e-01  7.05454946e-01]