[-0.26424527  0.7537132  -1.1458877   0.55127996  1.3534162   0.19668205
  0.69804     0.1672258  -1.5522292   0.17093104  1.2455332   2.0857348
 -1.2046753  -1.8021774  -0.5927794   0.02287946 -1.4590483   0.07666054
 -1.7494569   1.6633558   0.4980184   2.1031833  -0.74873525  0.45036316
 -0.6304784  -0.9364168   0.39387056  2.0538032  -0.06433999 -1.2336477
  0.34882107  0.12389475 -0.41827315 -0.45524526  3.0065603   1.6684561
 -1.8219678   0.57959473 -1.7465515   0.5548321  -2.5412111  -0.9728878
  2.2318053  -0.7537236   0.89279217  1.7073317  -0.8006931  -0.6910874
  0.42214686  0.8963532   0.73433316 -0.27052578  0.4027279   0.7388279
 -1.4130863   2.3031394   0.21553    -0.54380316  1.27413     1.8595256
 -0.7203396   1.374671    0.24582368 -1.2869331   0.75109833  0.5070127
  0.44668108  0.9351942   0.51508415 -0.7097826   0.93642735 -1.5069001
  1.0415905   1.1415507  -1.5293123   1.3657284   1.3633906   0.27012736
 -1.3868952  -0.21987419 -0.4936411  -0.7938121  -0.9319179  -1.3852494
  0.92352426  1.5788527  -1.0397763   1.2175652   1.1408154   0.817609
  1.303317    1.056992    0.5116153   0.89731425  0.15866683 -0.39087585
 -1.1184773  -1.0349696  -0.4721905   0.8280168   0.90002424 -1.52578
  2.114669    1.821692    0.8848089   0.7447305  -0.20401366  0.0421995
 -2.2762547   2.895895    0.65216094 -2.1620562  -1.2456564   1.7955848
  0.3003369  -1.751422    0.0280115   0.01799525  0.5328889   0.7326611
  1.3955289  -1.6225296   2.1172817   1.8354201  -0.09577208 -2.861302
 -1.6902663  -0.4427947  -0.72864836 -1.0209286   0.34889737 -1.6940446
  0.09622211  0.75681156  0.18970788  0.5241611  -0.25801677  1.1548668
  1.8221763  -0.2902074  -0.7892479   1.2104032   0.3882342  -1.6337658
  2.601678   -0.83265215  0.83851206 -2.3539863   1.8632616   0.49307895
  0.01771682  0.59260416  0.9776626   1.0259241   0.18224104  0.37819266
  0.90128577  2.7285764   0.3625268  -0.3672463   2.4661431  -2.3493357
 -1.0637927  -0.56072474 -0.43360686  0.04695422  0.8713694   3.1184752
 -1.3002653   0.7516153   0.91558254  1.6840506  -1.7592928  -1.5134249
  0.17287147 -0.5486873   0.673641    0.3525121   0.29773316  0.5296548
 -2.284194    1.7040733  -0.2414137   1.1720932   3.729772    0.7930531
 -1.240858    0.45404997  0.4474895  -0.45986792  1.22947     0.40692416
  1.7942742   1.1852927   2.6894562  -0.681319    0.51183206  0.43256098
 -0.366471    0.19362994]