[[ 0.3014602   0.71598095 -0.84907944 -0.11174208  0.93674827  0.06321493
   0.13719812 -0.06528037 -1.24748622  0.8518951   0.53832528  2.39867867
  -0.56220527 -1.70124702 -0.13487943 -0.49032285 -0.28193642 -0.6594164
  -1.43976829  1.27753528  0.42713902  2.71852851 -1.3323392   0.28764058
  -1.25648774 -1.11785925  1.40783924  2.2524283  -0.75225927 -0.93118302
   1.32742094 -1.23595413 -0.77548113 -0.17118829  1.8521281   1.67472342
  -1.0933502  -0.44928984 -2.05418418  0.6135151  -1.93497093 -0.66276512
   1.10479981 -0.72079603  0.69171791  1.7188206  -0.90323284 -1.08701434
  -0.06048058  0.40857528  0.21365699  0.1484564  -0.24261829  1.95746503
  -0.33909263  0.8866968  -0.55861583  1.38251755 -0.28134871  1.29654604
  -0.75549698  1.88555489  0.54600073 -0.50712659  0.52637642  0.38463037
   0.49849564  0.33682698  1.98807582  0.09829416  1.31154243 -0.8803036
   0.640543    0.99979829 -1.83741549  1.04522698  0.98318472  0.58656508
  -1.24574019 -0.98587962 -0.45629208 -0.86140358  0.13867603 -0.49483245
  -0.08472453  3.08006572 -1.79037451  1.11047546  0.21837549  1.06625527
   0.19352904 -0.0314251   0.32709927 -0.62714833 -0.34519622 -0.26358378
  -0.49909095 -0.64093585 -0.48024092  0.33070262  0.19711754 -1.73481773
   1.88913645  1.49935304  0.53993114  0.98763401 -0.80142793 -0.07562264
  -1.12310511  0.53178529 -0.46638075 -1.32918224 -2.2341823   0.72892056
  -0.0079617  -2.99222455  0.22994395  0.81113906  0.56262341  0.23666773
   1.27600264 -1.22448753  1.93523151  0.95590303 -1.7365317  -2.08018869
  -1.01156962 -1.04178336  0.55779002 -1.75451093  0.5006532  -1.29626191
  -1.14003454  1.40838133 -0.4928483   1.13525378 -1.08983658  1.65074625
   0.16859641  1.4569517   0.35258944  2.38402755  0.89835912 -1.94724473
   0.57541207 -0.52159605 -0.31827643 -1.36460566  1.26102903 -0.20862341
  -0.24277187 -1.59354355  1.97131921  0.9397817   0.44358961  0.82282509
   1.33499135  0.57252134  2.69202645 -0.36979547  2.5331345  -1.67491547
  -0.85570302 -0.97860735  0.05963925 -0.84936489  0.16744715  2.88611375
  -1.20449942  0.2668817   0.78225886  1.01246304 -0.63969999 -1.74173413
  -0.60457361  0.11596285  0.18792321  0.68224189  1.82592715 -0.56343623
  -2.3818093   1.92710075 -0.69841947  1.84933     2.56698548  0.69613904
   0.42968039  0.23207869 -0.41817208  0.06841077  1.09613793  0.35212772
   1.5098292   0.48903642  0.75989813  0.87237848 -0.07040205  0.85000529
  -0.36277737 -0.45363038]]