[[-0.08850311  0.91116316 -1.27485187  0.85516128  0.51135625 -0.01287565
   0.03739001 -0.0934475  -1.32713311  0.93030686  0.34900373  2.11139124
  -1.26093562 -2.50002313  0.62357001 -0.00458874 -0.525125    0.37173125
  -1.05230748  2.07434187 -0.06064563  2.05612126 -0.2864075  -0.20433188
  -1.42025189 -0.88861876  0.51507566  2.05050497 -0.30191814 -0.80479937
   0.08443623 -1.2104688   0.13232249  0.58215812  2.32328314  1.44244688
  -0.72433561  0.5078381  -1.44963313  1.28819755 -2.44117559 -1.37454245
   1.36218501  0.12030065  0.3869775   1.48499628  0.05778189 -1.12646311
   0.18907063  0.67287186  1.43726881  0.27874624  0.85316126  1.86474878
  -1.16554377  1.95571875 -0.17916437 -0.51954752  0.75219813  0.83134498
  -0.42368689  1.66429938 -0.2907544  -1.83154751  0.08854998  1.0993194
   0.03307063  1.10842124  0.77634376 -0.07337752  1.99471502 -0.26801187
   0.61631749  1.11895433 -1.82533066  1.41876689  1.13262371  1.06078564
  -1.98368625 -0.99170183 -0.18653812 -0.72169316 -1.3847856  -0.91560814
   0.64564     3.54781062 -1.08233441  0.26983818  1.87258441  1.02340942
   0.90656122  0.27885872  0.6447631   0.41588311  0.42515815 -0.92351376
   0.17048938 -0.81861876  0.4831125   1.05540497  1.46864316 -1.85635438
   1.9307512   1.35146372  1.16053939  0.9959456  -0.43434375  0.97365626
  -1.1126275   2.17707247 -0.15500502 -1.13654002 -1.62200501  1.42371063
   0.64176938 -3.16750063  0.74801186  0.13493875 -0.10892127 -0.05345998
   1.20875627 -1.52768185  1.80542     2.07121303 -1.24549622 -2.62572751
  -1.10631687 -0.44637441 -0.77346128 -1.74527935  0.91068685 -0.86913996
   0.0736094   0.22977063 -0.29148502  1.61186436 -0.24344812  1.43985625
   2.12808495  0.86842998 -0.08973062  1.66677316  0.87328186 -1.57458688
   1.83961313 -0.17099246  0.61520938 -2.08423875  1.58511065 -0.17443438
  -0.63830374 -1.60368561  1.32160065  0.97613312 -0.43890626  0.29701067
   0.91169313  1.66595003  2.12979188 -0.03163312  2.02838936 -2.17997872
  -0.70597185 -1.28599249 -0.01501     0.48263876  0.57154438  3.14100873
  -0.3002275   0.68790191  1.0196475   1.91562568 -1.77801996 -1.09146815
  -0.08576378 -0.15526813 -0.60292817  0.06931374  1.51649191  0.62353997
  -2.50322241  1.34812498 -0.48300751  0.86681184  3.38316745  0.63616126
  -0.58577434  0.69834505  0.27148375 -1.31694999  1.88910249  0.87134874
   2.13229566  0.55676748  2.14942063  0.4024525   0.42003563  0.87776748
  -0.50309312  0.25321626]]