[-3.9556327e-01  9.0418440e-01 -1.5982932e-01  7.5854719e-01
  1.4718206e+00 -3.1272933e-01  7.9953814e-01  6.8986994e-01
 -2.1179519e+00  4.9180147e-01  8.5588807e-01  1.6550382e+00
 -1.1066700e+00 -2.7515557e+00  3.3920571e-01 -1.3241315e-01
 -1.4333987e+00 -9.3653783e-02 -1.5753645e+00  1.8400993e+00
 -1.7647667e-01  2.1669095e+00 -6.8280947e-01 -9.9487387e-02
 -7.7853048e-01 -6.6724545e-01  5.4811186e-01  2.5801678e+00
 -2.7162859e-01 -9.3647933e-01  9.2596394e-01 -4.5270580e-01
 -1.3952386e+00  1.9896093e-01  3.1564720e+00  1.7184712e+00
 -1.0351225e+00  6.5827131e-01 -1.4938675e+00  5.3111935e-01
 -2.0663733e+00 -1.0584012e+00  1.6342546e+00 -1.0382646e+00
  1.5961189e+00  1.7484859e+00 -4.2341152e-01 -2.7519277e-01
 -3.9670914e-01  9.0005672e-01  4.2245641e-01  5.2078116e-01
  2.9627639e-01  1.5974729e+00 -6.3870090e-01  1.9891979e+00
  1.7810550e-01  6.5372020e-01  8.8667172e-01  1.0578678e+00
 -5.5163932e-01  1.5272031e+00  3.1629246e-01 -1.6807597e+00
  1.9662139e-01  7.3138368e-01  1.4707795e-01  1.0063242e+00
  1.0892451e+00 -4.8852880e-02  1.9498050e+00 -8.1441551e-01
  1.1357082e+00  1.8358119e+00 -1.3740228e+00  1.8226924e+00
  2.1144774e+00  1.3926618e-01 -1.5798781e+00  8.9658134e-02
 -7.0948476e-01 -8.1743973e-01 -7.6239467e-01 -1.6357332e+00
  6.4696693e-01  2.8603618e+00 -1.0145354e+00  5.2525407e-01
  8.8232964e-01  7.3481220e-01  8.1118566e-01  6.1539167e-01
  9.4022006e-01  2.2235350e-04  4.6315777e-01 -7.4051458e-01
 -5.4945594e-01 -5.4135180e-01  6.8411279e-01  8.1262606e-01
  9.5904434e-01 -1.6499045e+00  2.0722833e+00  9.2818952e-01
  7.7865994e-01  1.1532294e+00 -6.6249257e-01  2.5815573e-01
 -1.5525144e+00  1.3213501e+00  1.4296506e-01 -1.4168277e+00
 -1.7529716e+00  8.2932323e-01  3.7000544e-02 -2.4833274e+00
  5.2345568e-01  4.6269003e-01  5.9856534e-01  4.7393993e-01
  1.8768996e+00 -1.2798831e+00  1.7029248e+00  1.9734156e+00
 -1.4518580e+00 -2.4264567e+00 -9.1859227e-01 -1.5869603e-01
 -8.4179372e-01 -2.0012197e+00  9.0490794e-01 -1.2376207e+00
 -1.0450686e+00  6.8021107e-01 -4.0764865e-01  8.9114964e-01
 -7.1329814e-01  1.3153812e+00  1.3381673e+00  7.6890104e-02
  3.7130585e-01  1.6422079e+00  1.0606431e+00 -1.5001078e+00
  1.6547233e+00 -5.6914729e-01  1.0835761e+00 -1.7224308e+00
  1.7978712e+00  3.1039871e-02 -5.8358508e-01 -5.4019892e-01
  1.1455259e+00  1.1941659e+00  3.8077524e-01  6.4056373e-01
  1.4840485e+00  2.1098590e+00  1.5946126e+00 -6.3703525e-01
  2.6626198e+00 -1.9614400e+00 -9.3760109e-01 -1.0981059e+00
 -2.9048148e-01  1.5430124e-01  5.5059439e-01  2.8123455e+00
 -9.9592507e-01  6.5688521e-01  6.4376289e-01  1.5113457e+00
 -1.0065643e+00 -5.8131707e-01  5.1877224e-01  1.6806385e-01
 -8.8086434e-02  1.3166510e+00  6.9817376e-01 -4.7357658e-01
 -2.8706796e+00  1.5612543e+00 -9.9803078e-01  2.1215286e+00
  3.5189126e+00  9.1282892e-01 -3.2218724e-01  9.2751950e-01
 -5.8937803e-02 -2.7438506e-01  2.1821485e+00  4.1278163e-01
  1.9790536e+00  1.2043984e+00  1.5019649e+00 -3.0265588e-01
  2.8626195e-01  8.0428118e-01 -5.5299163e-01 -2.2049381e-01]