[-6.4176083e-01  1.3141730e+00 -3.7499157e-01  9.1257763e-01
  1.5741076e+00 -6.1191559e-02  6.1402613e-01  4.5720619e-01
 -2.2871809e+00  7.7583379e-01  4.5323771e-01  3.0677741e+00
 -1.6029307e+00 -2.1140664e+00  4.0666860e-02 -3.8995467e-02
 -8.7753224e-01  6.4908087e-01 -2.2544560e+00  2.0392346e+00
 -1.2660383e-01  2.1639247e+00 -3.9148459e-01 -9.2899227e-01
 -3.8764462e-01 -1.1478539e+00  1.2391423e+00  3.6310878e+00
  2.3611464e-01 -1.4026648e+00  1.5194147e+00 -4.8519456e-01
 -6.8533856e-01 -4.0341534e-02  3.6551118e+00  1.7854079e+00
 -1.8604393e+00  4.4903096e-02 -7.9335457e-01 -3.5767382e-01
 -2.2495983e+00 -3.5801154e-01  2.6599491e+00 -3.5128921e-01
  2.3898445e-02  1.6786262e+00 -3.0404383e-01 -5.6351852e-01
  7.1680683e-01  6.8096691e-01  7.4296230e-01 -1.4047152e-01
  2.0119689e-01  1.6231138e+00 -1.4703623e+00  8.8331848e-01
 -4.1598922e-01 -2.1946229e-01  1.9452354e+00  1.6764545e+00
 -1.3080292e+00  6.5921396e-01  1.2080253e+00 -2.0380309e+00
  1.4698786e+00  7.8569543e-01  9.5722079e-01  1.3702163e+00
  1.0668485e+00 -7.0840305e-01  1.3836614e+00 -4.3574768e-01
  6.9023615e-01  2.6719432e+00 -1.4193791e+00  1.7332314e+00
  2.3462739e+00  3.6626303e-01 -1.5450516e+00 -1.3359370e+00
  3.7351692e-01 -7.9241014e-01 -1.8829732e+00 -1.2351837e+00
  1.7665693e+00  2.2283492e+00 -6.6502845e-01  7.0805460e-01
  1.9269555e+00  5.6925774e-01  8.3638930e-01 -7.3469222e-02
  1.1579762e+00  1.0974654e+00  2.7446541e-01 -9.5570838e-01
 -1.3124015e+00 -1.1001246e+00  8.0709928e-01  1.2007731e+00
  1.3450370e+00 -2.4959741e+00  3.0805819e+00  9.0807068e-01
  1.0447115e+00  1.1830800e+00  1.4953843e-03 -4.1242459e-01
 -2.0765309e+00  1.8718492e+00  1.4403532e+00 -1.9924997e+00
 -1.6108530e+00  1.4361577e+00  1.0367715e+00 -2.7005885e+00
  1.1282823e+00  2.0474228e-01  5.6233299e-01  1.0703762e+00
  1.9870276e+00 -1.8846776e+00  2.5410790e+00  1.3321054e+00
 -1.6547854e+00 -2.4232984e+00 -2.1922023e+00 -7.8035831e-01
  5.1669383e-01 -9.8697925e-01  1.9735153e-01 -1.8707778e+00
 -4.4705236e-01  9.9902463e-01 -8.3725929e-01  1.4414766e-01
 -9.2879280e-02  6.6707236e-01  2.1751413e+00  5.0682151e-01
 -1.9008000e-01  1.4852879e+00  2.0623381e-01 -1.1121831e+00
  2.5036485e+00 -2.3031472e-01  1.4679900e+00 -3.1226223e+00
  1.5128347e+00  1.2803382e-01  2.6102267e-02 -7.0179087e-01
  4.7044152e-01  4.7428927e-01  3.4344000e-01  1.7281246e+00
  1.5722700e+00  2.5921099e+00  8.8920224e-01 -9.2069763e-01
  3.3039038e+00 -3.0339205e+00 -8.6280382e-01 -2.5465843e-01
 -3.9817616e-01 -3.3913693e-01  3.2460922e-01  3.8009698e+00
 -7.1898305e-01  3.7433079e-01  1.0905323e+00  1.0858662e+00
 -1.3239070e+00 -1.1373800e+00 -7.0288435e-02 -7.5083309e-01
 -9.4783857e-02  5.4710698e-01  8.7770617e-01  1.0171255e+00
 -2.2052145e+00  1.6251146e+00 -5.3079307e-01  2.2420886e+00
  3.2396822e+00  1.1865577e+00 -1.6337337e+00  9.5258075e-01
 -9.1500282e-03  6.9759846e-01  1.9117546e+00 -6.2648159e-01
  2.1783061e+00  1.7313838e+00  2.1401217e+00 -3.2249922e-01
 -7.1022224e-01  7.9968232e-01 -8.1492460e-01 -6.7661631e-01]