[[ 4.58968019e-01  1.30650020e-01 -1.70634019e-01  6.72039986e-02
  -2.22966003e-01 -5.27205467e-03 -4.69700158e-02  6.72479808e-02
  -1.78244991e+00  1.81721401e+00  1.05755596e+00  1.72211819e+00
  -1.27508202e+00 -2.36967812e+00  3.68246007e-01  7.32306051e-01
   3.81435990e-01 -3.31079984e-01 -2.14776993e+00  1.70950203e+00
   1.84661996e-01  2.48965797e+00 -6.59463978e-01 -4.66671991e-01
  -7.60262012e-01 -1.75221786e+00  1.03669004e+00  2.42064209e+00
   1.84081995e-01  3.31273961e-01  1.13675394e+00 -2.78465986e-01
  -7.82853985e-01  1.05407600e+00  2.65255814e+00  2.01017399e+00
  -1.57536054e-01 -1.44291973e-01 -5.41686010e-01  5.91254044e-01
  -2.16875401e+00 -3.37548018e-01  3.02665806e+00  1.78119659e-02
   1.23478203e+00  3.12405205e+00 -3.51667976e-01 -2.38600063e-01
  -3.99968004e-01  1.23839607e+00  9.91639614e-02  1.33381405e+00
  -7.65718031e-01  2.16129990e+00 -1.09672804e+00  2.23718395e+00
  -1.52952027e-01  1.30347195e+00 -2.46372032e-01  5.55779874e-02
   6.88749981e-01  1.31395597e+00 -2.16517973e-01  2.08911991e-01
  -3.23719978e-01  1.15419745e-02  5.40795994e-01  1.29616003e+00
   9.65110016e-01  1.17808800e+00  2.24438000e+00 -6.51245975e-01
   1.30909595e+00  1.79731998e+00 -5.01900053e-01  1.90364990e+00
   1.08176193e+00  1.59513950e-01 -8.59889984e-01 -1.05956030e-01
  -9.17354012e-01 -6.70277977e-01  6.81074047e-01 -2.54619980e-01
   3.38371992e-01  2.19041214e+00 -1.35552588e+00  3.95171928e-01
   8.73692036e-01  5.30320024e-01 -3.97753978e-01  3.31361961e-01
   1.11685400e+00 -9.41303921e-01 -1.69376621e+00 -5.23920059e-02
  -1.16134405e+00 -4.28634024e-01 -1.21263390e+00  5.68333960e-01
  -3.10640216e-02 -4.63481998e-01  1.33358994e+00  1.66070786e+00
   3.92007995e-01  1.77939939e-01 -1.21404028e-01 -1.05733991e-01
  -1.30846405e+00 -9.20653343e-05 -6.24936008e-01 -1.10555801e+00
  -1.45753603e+00 -3.42966032e-01 -1.46931810e+00 -2.27336998e+00
   2.06195974e-01 -2.62151957e-01  7.39092064e-01 -6.11283970e-01
   1.08197203e+00 -1.50548992e+00  2.27034817e+00  2.16837196e+00
  -1.10108004e+00 -2.18551807e+00 -2.16028805e+00 -7.53408051e-01
  -6.19624043e-01 -2.12040215e+00 -4.17511988e-01  8.81758022e-01
  -2.40740061e-01 -3.02738023e-01  3.00383997e-01  1.58867607e+00
  -5.00447989e-01  1.71194382e+00  2.16322212e+00  3.01551986e-01
   9.49376011e-01  2.75725002e+00  1.94458008e+00 -1.45653801e+00
   8.20711994e-01 -2.03397388e+00 -1.91623986e-01 -2.06050415e+00
   1.47619991e+00 -1.13398004e-01  7.55411959e-01 -1.80572605e+00
   1.84076996e+00  3.36025977e-01  3.08474016e-01  2.41061974e-01
   1.50018206e+00  9.96823978e-01  1.82297592e+00 -7.12362003e-01
   1.35999203e+00 -1.60743217e+00 -1.24876995e+00 -1.73717594e+00
  -8.03349972e-01  4.21649981e-01 -4.72539997e-01  3.33318176e+00
  -3.78812027e-01  1.67126024e-01  1.67886009e+00  4.86829996e-01
   2.16178012e-01 -2.34840794e+00 -3.19441986e-01 -3.85215998e-01
  -2.59611988e-01  1.30266991e+00  1.90581207e+00  1.57791972e-01
  -2.58211994e+00  1.58606596e+00  2.67219973e-01  2.27021999e+00
   2.97832603e+00  1.80766411e+00  1.27843952e-01  9.41522026e-01
   1.10769405e+00 -1.13039007e+00  2.33165607e+00  8.93001938e-01
   1.27451801e+00  8.69090080e-01  4.43536043e-01  6.07606030e-01
   7.56482029e-01  5.93281937e-01  1.28067970e-01  1.38204002e-01]]