[[ 0.10714555  1.08956338 -0.20416648  0.87370041  0.5881604  -0.93341757
   0.66295877  0.39919917 -1.64263446  0.86778892 -0.17910378  2.51528625
  -0.55964298 -1.61344999  0.17246135  0.20663338 -0.7889073   0.28552434
  -0.92603931  1.52574867 -0.1313273   2.65455285 -0.32285989 -0.12660634
  -1.00896406 -0.47175853  0.85672648  1.96866919 -0.75650701 -0.6979519
   0.14894108 -0.34486689 -1.52197473  0.03211851  2.13393919  1.51156258
  -1.24124635  0.03215568 -1.57770894  0.49143458 -2.21506212 -1.21454691
   1.71459701 -0.50116282  1.05948581  0.82416082 -0.33362054 -0.28385715
   0.03008946  0.7058431  -0.3817939   0.13185338 -0.27792339  1.50200041
  -1.00456691  1.23738825  0.08923163  0.45456757  1.16032283  0.54158515
  -0.77706987  1.60376622  0.12420201 -1.21231621  1.1034404   0.24456878
   0.99965011  1.02529636  1.1074046   0.13449041  1.64617839 -0.64536459
   0.60416878  1.43310417 -1.11960689  1.00601663  1.01163526 -0.18675811
  -1.1512284  -0.54063161 -0.52690946 -1.27681499 -0.15117229 -1.04094933
   0.48674107  2.92711095 -1.15687878  0.28437135  0.50688041  1.02559894
   0.80115083  0.04886148  0.93635433  0.17862809 -0.08988487 -0.22242163
  -0.12811311 -0.91640743  0.21671635  0.66538283  0.32645135 -1.30703636
   1.79677186  1.08548379  1.57555794  1.04940149 -0.87936648  0.59076458
  -0.94267649  0.78670986  0.01389296 -0.82028528 -1.28613786  0.4600646
  -0.07529474 -2.01481827  1.18851109  0.1088077   0.32273987  0.21562744
   1.3599746  -0.89388258  1.39708636  1.79528148 -1.24743335 -2.11646079
  -0.19670135 -0.3217031  -0.07426853 -1.75394029  0.35938636 -1.42332557
  -1.04119703  0.78651947  0.10627012  0.38042798 -0.10428989  0.97860634
   0.83389875  0.40385568  0.1338112   1.8046247   0.68278851 -1.90741985
   1.18487041 -0.32520581  0.66541553 -1.57074986  1.44519394 -0.37961527
  -0.98366311 -1.63957512  0.92021729  0.35193473  0.38782582  1.07706015
   1.04371554  1.43212541  1.70035689 -0.91418798  2.23293528 -1.7673358
  -0.28276338 -0.46852731 -0.22817296 -0.35019123  0.08535134  2.0828219
  -0.83296229  0.09368633  0.57545513  0.68395392 -0.61069947 -1.1058819
   1.15967824  0.12925703 -0.30503149  1.10370543  1.22411312 -0.55550243
  -1.94787785  1.25049663 -0.3789792   1.50698621  2.49410251  0.43764621
   0.30800431  1.68100202  0.55440906  0.05961541  1.30323729  0.54826418
   1.95073977  1.17690351  0.98361204  0.19734757  0.69376824  0.69286297
  -0.24538702 -0.17817973]]