[-0.00560333 -0.02206667  0.6672266   0.00769333 -0.18876    -1.74824
  0.17817666  0.48892665  0.33394    -0.6397567  -1.1911433   0.42376003
  0.28678665 -0.49368334  0.6972      0.47590002 -0.8873599   0.3401867
 -0.11602666  1.0335566   0.93849665  1.2832533  -0.73603326 -0.08467334
 -0.44955    -0.19839    -0.07382666  0.34688997  0.5321233  -0.33590332
  0.12374667  1.2900867  -0.6395967   0.68119335  1.1750201   0.28181335
 -0.04383667  1.7044166  -0.6925667   0.02653333 -0.42455998 -1.37559
  1.3626733  -0.85108     1.1454633   1.5395433   0.15726332  0.08205333
  0.03180667  0.8573033   0.20345332 -0.18895668  0.5366834   0.5565133
 -1.0268867   0.73142004  0.8433834   0.61068     1.4643      0.3893467
  0.16591667  0.13823332 -1.08204    -1.5151234   0.93780327 -0.60148335
 -0.37747666  0.52512664  0.62899     0.26253    -0.3054267   0.47954336
  0.98942     0.68206334 -1.0685533  -0.22128665  0.8729     -0.91841
 -0.09312    -0.90067    -0.66404337 -1.6460266  -0.81637335 -0.59731334
 -0.45392334  1.1156567  -0.9161901   0.60947335  0.20958334  0.2642567
  1.55863     1.1521467  -0.16277     1.3516933  -0.6672433   1.0276732
  0.25984666 -0.28874335  0.70475006  0.28221667  0.7236      0.4160967
  0.3296      1.7593498   1.5382267   0.40361333  0.40131333  0.8622567
 -1.3022933   0.65789664 -1.2681067  -1.9032968  -1.8307667   1.1911134
 -0.32148    -0.44396672  1.1059567   0.29861     0.65045     1.2554799
 -0.04235    -0.6985833   0.97803664  0.5956967  -0.45467997 -2.53467
 -0.22075665 -0.6163333  -0.41565335 -0.46335003  0.23581333 -0.41013
  0.40377334 -0.12272333  0.26329002  0.5090367   0.7118333   0.63007003
  2.5845034  -1.08957    -0.44224334  0.76716    -0.5522367   0.11369
  0.99672335  0.77222997  0.91194993 -0.13977     2.6741564   0.35995665
 -0.14844666 -0.17817001  0.31495333 -0.5395233   1.86121     1.9456735
  0.41688332  1.2138633  -0.9254667   0.81374997  0.72568005 -1.8025533
 -0.11421666 -0.9945266  -0.43896666  0.6657033   1.3707067   1.3422033
 -0.25128332 -0.02715667 -1.0686966   0.24075668 -0.20687999 -0.7391867
  0.21432     1.2922868   0.5532467   0.72456336 -0.26168334 -1.2540766
  0.6146967   0.25447667 -0.11731333 -0.39661667  2.9219902   0.72106
 -0.94815665  1.17969     0.09563    -0.29045     1.5412365   1.3159666
  1.8907533   0.93537     0.93628335 -0.78153664  0.64383    -0.33808002
 -0.13559    -1.1471133 ]