[[-6.02328682e-01  8.64292517e-01  1.22031113e-02  2.04053801e+00
   1.20233572e+00  3.05489968e-01  5.48150092e-02  3.52319997e-01
  -1.92566453e+00  1.95041002e+00  6.65260607e-01  2.12369760e+00
  -6.33594964e-01 -2.47310251e+00  7.67691862e-01  7.95255614e-01
  -4.88027490e-01  2.99290553e-01 -8.74807532e-01  1.68648564e+00
   9.27127339e-03  1.37755439e+00 -6.88459393e-01  3.15450627e-01
  -6.98220655e-01 -1.58370245e+00  1.12129064e+00  1.60314764e+00
  -5.76007476e-01 -6.01319361e-01  1.99694441e+00 -5.03836857e-01
  -7.00453132e-01  4.62444350e-01  2.96025197e+00  1.43329310e+00
  -8.66853151e-01  5.56591859e-01 -5.26315700e-01  8.26628741e-01
  -2.04013193e+00 -7.73156241e-01  1.69980931e+00 -1.93018731e-01
   1.77130637e+00  1.33632122e+00 -2.70593911e-02 -2.44698763e-01
  -5.22221228e-01  1.32312800e+00  1.06323787e-01  6.26057521e-01
  -3.05883076e-01  2.41968385e+00 -8.43130640e-01  8.50848140e-01
   3.23750041e-02  9.14476864e-01  3.01183112e-01  6.76022477e-01
  -4.80618112e-01  7.11205047e-01 -2.67497528e-01 -1.38244444e+00
   4.17454340e-01 -1.12549372e-01 -3.48910601e-01  9.41606283e-01
   1.21210001e+00  4.57954395e-01  1.85274072e+00 -1.67157000e+00
   3.20886876e-01  1.65253120e+00 -1.41733253e+00  1.45009368e+00
   1.92122186e+00  3.45140697e-01 -1.30002059e+00 -4.39781867e-01
  -2.44613072e-01 -5.03060016e-01 -1.89137522e-01 -1.16661190e+00
  -5.95218137e-01  3.44015189e+00 -1.34321619e+00  1.33910182e+00
   7.56361858e-01  5.45783708e-01 -3.12407505e-01  4.50101253e-01
   8.66004325e-01  2.13752501e-03  5.50909370e-01 -6.47186875e-01
  -1.00958253e+00 -9.40134965e-01  7.13749291e-01 -2.97950432e-02
   1.51740066e+00 -1.55093620e+00  2.11762859e+00  1.24738001e+00
   8.36664380e-01  9.44258094e-01 -6.03119968e-01  2.63644412e-01
  -6.06364354e-01  3.19764245e-01  2.43587568e-01 -8.55479959e-01
  -1.35256366e+00  6.46906161e-02  2.50382505e-01 -1.84782127e+00
   1.04692119e+00 -4.27136850e-01  1.53375633e-01 -2.19185612e-01
   2.22878254e+00 -2.25692000e+00  1.59184250e+00  2.23327376e+00
  -9.00589384e-01 -2.35752066e+00 -1.06587748e+00 -4.26576861e-01
  -1.75224387e-01 -1.84502013e+00  5.36959320e-01 -1.16328746e+00
  -1.11430190e+00  3.16379378e-01 -4.51665632e-01  8.44723754e-01
  -1.61783315e+00  6.92341259e-01  7.13648088e-01  7.07285687e-01
   1.17828756e+00  2.05699256e+00  1.16542188e+00 -1.19328244e+00
   6.95249990e-01 -1.57248552e+00  1.21076441e+00 -1.53229317e+00
   8.25611275e-01  1.07562710e-02  1.91779971e-01 -1.77491557e+00
   1.40797814e+00  6.06073138e-01 -2.84289986e-01  1.90368816e+00
   1.31607064e+00  1.42562560e+00  2.38817313e+00 -5.76731268e-01
   2.83511247e+00 -2.75692182e+00 -5.62994367e-01 -1.31460942e+00
  -6.36323102e-01 -3.45396243e-01  3.11781211e-01  2.63446554e+00
  -8.21550682e-01  3.35568178e-01  5.04453130e-01  4.00087554e-02
  -1.31041244e-01 -1.59631750e+00  7.19386227e-01 -1.74999354e-01
   1.87498154e-01  9.62457539e-01  8.98490647e-01 -5.18811904e-01
  -2.14325505e+00  2.51289868e+00 -1.10607062e+00  2.20236764e+00
   2.27281938e+00  8.54529331e-01 -4.60470669e-01  1.12928436e+00
   5.40075041e-01 -1.55366244e-01  1.57352876e+00  1.08791251e-01
   1.45841192e+00  1.04159812e+00  3.10541292e-01 -2.35835005e-01
   6.96854405e-01  1.11642130e+00 -1.08705662e-01 -2.16750653e-01]]