[-3.3215764e-01  7.3275310e-01  1.4636537e-01  1.1681216e+00
  1.1566298e+00 -1.3756115e+00  3.6340767e-01  1.4089462e-01
 -2.2009122e+00  4.2206845e-01  9.1312689e-01  2.2946253e+00
 -8.7070149e-01 -3.0161426e+00 -3.6287847e-01  3.1481308e-01
 -8.0974996e-01  8.6122543e-01 -1.8661191e+00  1.8377646e+00
 -3.4163877e-02  2.8211541e+00 -5.5824232e-01  2.6074460e-01
 -1.9061048e+00 -9.1873699e-01  1.5029786e+00  2.8480349e+00
 -6.4463809e-02 -6.8372083e-01  1.0129309e-01  5.4169619e-03
 -1.2029923e+00 -1.7598537e-01  2.4489861e+00  1.8800038e+00
 -1.6136369e+00  2.6904929e-01 -2.1793654e+00  3.2911614e-01
 -1.3797072e+00 -1.6634862e+00  2.5609038e+00 -1.0041038e+00
  1.7180190e+00  6.6736001e-01 -5.5440152e-01 -1.2378386e-01
 -4.6593767e-01  4.1756153e-01  9.5636994e-01  1.0549339e+00
  2.5109231e-01  1.6429654e+00 -8.5612929e-01  1.7561384e+00
 -1.7987002e-01  3.7654364e-03  1.1960015e+00  1.2170085e+00
 -3.4336692e-01 -3.1089306e-01  5.2830231e-01 -1.9400452e+00
  8.5870773e-01  9.5166928e-01  4.9485996e-01  1.0988177e+00
  5.8676612e-01  1.8147008e-01  2.2584822e+00 -2.0079769e-01
  5.2365077e-01  2.2416377e+00 -1.0326508e+00  1.4796138e+00
  1.6196722e+00 -4.9650618e-01 -2.6807268e+00 -5.6043380e-01
 -2.2784230e-01 -1.4525239e+00 -7.1936458e-01 -1.3181279e+00
  4.2011535e-01  2.6517797e+00 -1.1500077e+00 -5.4543602e-01
  4.4713074e-01  5.3297305e-01  1.1983247e+00  5.3581774e-01
  4.8075385e-02  3.5129613e-01  1.5262285e+00 -1.6268185e+00
 -8.1907749e-02 -1.0215869e+00  9.3665540e-01  1.2174399e+00
  9.5330767e-02 -6.9509852e-01  1.4652030e+00  7.8657472e-01
  1.1726432e+00  1.7291585e+00 -1.4124894e+00 -8.3122989e-03
 -1.2898731e+00  2.2177293e+00 -1.7992465e-01 -1.3966546e+00
 -2.3050647e+00  2.4659164e-01 -2.4756306e-01 -2.8015082e+00
  1.3371661e+00  5.9896761e-01 -9.3579240e-02 -2.9931074e-01
  1.7754823e+00 -1.6922009e+00  1.7331338e+00  2.8525386e+00
 -9.0033847e-01 -2.7622249e+00 -1.0308754e+00 -5.0153613e-01
 -1.0150769e-01 -1.2393055e+00 -1.0890547e+00 -3.9199156e-01
 -5.1811550e-02  5.3209007e-01 -3.7715837e-01  3.8117918e-01
  2.7788550e-01  1.4563969e+00  1.9279039e+00  2.8593153e-01
  8.7788463e-01  1.8832047e+00  1.8095756e+00 -1.8713069e+00
  1.3396130e+00 -2.1915307e-02  1.5681000e+00 -1.6902506e+00
  1.4669017e+00  4.8809925e-01 -1.2154565e-02 -8.0169541e-01
  1.3954685e+00  1.4256846e+00  5.1409924e-01  1.1267169e+00
  1.4260077e+00  1.2711637e+00  1.9498837e+00 -1.0295508e+00
  3.4598386e+00 -2.3503523e+00 -1.0917668e+00 -3.0581230e-01
  3.6186618e-01  7.4008620e-01  4.3636385e-01  3.6571476e+00
 -1.1420070e+00  2.5639001e-01  1.2317377e+00  2.6276042e+00
 -9.5209993e-02 -3.9159313e-01  3.8096383e-01 -2.2207998e-01
 -7.9484689e-01  1.5850462e+00  2.7219769e-01  2.6954544e-01
 -2.5743616e+00  1.5957631e+00 -1.4747670e+00  2.0070403e+00
  3.3633940e+00  1.7444044e+00 -6.5788227e-01  1.4895815e+00
 -5.5086464e-01 -3.4291524e-02  2.4753325e+00  1.1403369e+00
  1.4939284e+00  1.2085139e+00  2.2721229e+00 -1.5705773e-01
 -3.3561725e-03 -1.4218925e-01 -5.5708539e-01 -5.3577846e-01]