[[-3.50707088e-01 -4.26355703e-01 -4.18037176e-01  7.33842765e-02
   1.04112712e+00 -4.93715741e-01  1.32044000e+00  2.78672705e+00
  -2.47828855e+00 -4.75832845e-01  4.72790020e-01  1.74474995e+00
   1.22485001e+00  9.55404213e-01  6.87061408e-01 -1.13730874e+00
  -2.07036563e+00  2.46796286e+00 -1.48049428e+00  2.03771717e+00
   7.81982916e-01  1.30938569e+00 -2.36114259e-01  6.60302877e-01
  -2.52342054e-02 -1.04927428e+00  2.34627173e-01  1.62845004e+00
  -5.48175744e-01 -1.55455865e+00  2.73037302e+00 -8.19390007e-01
   6.76689961e-01 -7.55755761e-01  3.16557159e+00 -5.57798550e-01
  -1.30845853e+00 -3.41950025e-01 -1.50806427e+00  1.09284857e+00
  -8.80639962e-01  1.83582783e-01 -2.70522867e-01 -2.98587711e+00
   4.39667422e+00  1.53292283e+00 -2.24005287e+00 -1.61657138e+00
  -1.20536857e+00  4.28657191e-02  4.38181451e-01 -7.27758595e-01
   4.47777163e-01  2.20327146e+00  2.17568581e-01  2.09434291e+00
  -4.84115643e-01  5.01281449e-01  1.91498147e+00 -3.79591405e-01
  -6.42127178e-01  1.81277856e+00  1.12891140e+00 -7.64328514e-01
  -6.76972917e-01  1.51830711e+00 -1.39098149e+00  7.73435686e-01
   1.32011710e+00  6.11250068e-01  5.13252854e-01 -7.75765691e-01
   6.50330033e-01  1.77081429e+00 -9.85044276e-01  2.50778565e+00
   2.71501985e+00 -4.16784321e-01 -1.39733144e+00 -2.50619418e+00
  -2.69241565e+00 -5.95239950e-01 -1.12787438e+00 -2.21299716e+00
  -1.92000031e-01  2.55086429e+00 -6.49478580e-01 -1.05900999e+00
  -4.83762775e-01  2.94467151e-01  1.42686141e+00  1.42863005e+00
  -3.62642833e-01  4.85594268e-01 -2.54290002e-01  1.21507990e+00
  -6.73088591e-01  3.85121465e-01  1.69641714e+00  5.36194324e-01
   4.20154314e+00 -7.76944246e-01 -1.20454243e-01  7.67294339e-01
  -1.44845576e+00 -8.82465703e-01 -1.09192424e+00  9.54684871e-02
  -1.79118724e+00  9.14055586e-01  7.43054288e-01 -3.55891415e-01
  -7.98272848e-01 -4.47295666e-01 -5.67242893e-01 -6.15730558e+00
   6.23195716e-01  1.54411139e+00 -7.31874330e-01 -3.69500092e-02
   2.93520008e+00 -1.10596288e+00  1.19113702e+00  3.49705739e-01
  -9.61482836e-01 -4.81881571e+00 -8.43762817e-01 -7.41084327e-01
   3.58580044e-01 -3.06071152e+00  1.05290420e+00  2.85971335e-02
  -1.96591445e-01  2.39792290e+00 -9.27685729e-01 -3.15568558e-01
  -1.29961001e+00  3.39518525e-01 -4.14845722e-01  8.60667161e-01
   8.11621496e-01  1.65422849e+00  7.97492836e-01 -3.42981284e+00
   2.80614410e-02  2.06000139e+00 -9.13050004e-01  9.80385883e-02
   1.66230858e+00  3.16339987e-01 -1.01748005e+00 -8.84804382e-01
   1.42342295e+00  1.64996876e+00 -3.33862837e-01  1.26128290e+00
   3.23402854e+00  2.95561501e-01  2.33323283e+00 -1.24496431e+00
   1.52381991e+00 -2.01584142e+00 -1.74610996e+00  1.12223431e+00
  -3.32744275e-01 -4.50117111e-01  7.62065743e-01  1.36265140e+00
  -1.59891138e+00  6.18002875e-01 -3.84651448e-01  1.19822998e+00
  -3.22606271e+00  2.08855527e-03  1.79828715e+00  6.66725704e-01
  -1.33636008e+00 -1.46071443e-01 -6.85877132e-01  2.57885763e-01
  -1.15193852e+00  7.46394286e-01 -2.83988581e+00  3.41116714e+00
   3.35626010e+00  1.15441136e+00 -4.30755820e-01 -1.51208276e+00
  -1.01470570e+00  1.60319971e-01  2.27643142e+00  7.42651477e-01
   2.19734277e-01  1.28888572e+00  2.72238132e+00 -1.74407137e-01
  -1.32942576e+00  2.30095291e+00  9.88054241e-01 -5.60602880e-01]]