[-1.19728816e+00  6.64889097e-01 -8.25023651e-01  4.74467278e-01
  8.48018110e-01  4.92776364e-01  5.25242746e-01 -1.02667272e+00
 -8.01967263e-01  5.13394535e-01  5.30354500e-01  2.32971287e+00
 -1.17808819e+00 -1.28014636e+00 -2.07452336e-03  3.41580898e-01
 -8.88434589e-01  4.05842692e-01 -8.98428142e-01  1.61689806e+00
  4.86691833e-01  1.61282647e+00 -1.08004820e+00  4.98407274e-01
 -5.85371792e-01 -3.14550906e-01  5.81308186e-01  1.52892268e+00
 -5.92677176e-01 -1.14364266e+00  1.17023456e+00 -3.95255536e-01
 -7.66895473e-01  4.61968154e-01  1.82865906e+00  1.32340360e+00
 -1.26351094e+00  7.64458239e-01 -1.24701095e+00  5.89961767e-01
 -9.62103665e-01 -3.47248197e-01  2.63173366e+00 -3.13509107e-01
  6.97421014e-01  5.46807349e-01 -3.37853640e-01 -6.71523631e-01
 -1.37630925e-01  6.23349130e-01  8.16258192e-01  2.05792755e-01
  5.15617192e-01  9.86530066e-01 -4.62829083e-01  1.34545088e+00
  4.46509957e-01 -5.02798140e-01  3.37494522e-01  1.81796563e+00
 -2.32319102e-01  2.29082763e-01  8.61207247e-01 -1.50581920e+00
 -1.02056377e-01  1.32019088e-01  1.41580001e-01  6.73000932e-01
  2.70344526e-01 -9.74836349e-02  5.63127279e-01 -9.85537291e-01
  1.39394557e+00  1.64243007e+00 -1.59936631e+00  1.52424276e+00
  6.81046426e-01 -2.88001806e-01 -1.50312734e+00 -4.33217257e-01
 -6.86397254e-01 -1.46086454e+00 -1.04304647e+00 -1.62608540e+00
  6.01430893e-01  1.06479180e+00 -8.89493585e-01  8.01777244e-01
  3.60397369e-01 -1.51074558e-01  1.12130177e+00  1.18083727e+00
  1.10577278e-01  1.57697305e-01  1.48120016e-01 -2.87300020e-01
 -8.79329085e-01 -1.80986390e-01  3.09040934e-01  3.29036385e-01
  1.41614270e+00 -1.55425453e+00  1.27829993e+00  5.14790893e-01
  9.01585400e-01  5.09545445e-01 -5.38957298e-01  7.35191882e-01
 -1.97086537e+00  2.13515282e+00  6.36518225e-02 -1.65450096e+00
 -1.17328453e+00  1.50202560e+00  2.91411817e-01 -1.81228817e+00
 -6.16763979e-02  5.04791796e-01  3.50678146e-01 -2.40001827e-01
  5.31065524e-01 -1.12087822e+00  1.31208622e+00  1.18915927e+00
 -1.77509055e-01 -1.85808372e+00 -1.38381195e+00  4.27442729e-01
 -2.46160895e-01 -1.47280276e+00  4.85181808e-01 -2.70040900e-01
 -2.10374534e-01 -2.38284573e-01  5.61915398e-01  3.31030935e-01
 -2.57785439e-01  1.32193649e+00  1.26792097e+00 -1.42691836e-01
  4.65100035e-02  9.75072682e-01 -1.10085465e-01 -1.22433805e+00
  1.52812088e+00 -5.09660006e-01  4.18270886e-01 -2.22851825e+00
  1.50218725e+00 -3.42128187e-01 -4.99112725e-01 -2.93454248e-03
  3.92016381e-01 -1.93252712e-01  3.07518184e-01  3.74037266e-01
  1.51503265e+00  1.76684809e+00  4.82658207e-01 -3.45733613e-01
  1.71715724e+00 -2.42379737e+00 -5.71565568e-01 -7.86672771e-01
  1.81390002e-01  3.98741841e-01 -2.42175445e-01  2.12175918e+00
 -1.72976390e-01 -7.60963708e-02 -3.25836055e-02  9.63860929e-01
 -8.32147241e-01 -2.30702832e-01  4.43170935e-01 -5.97120047e-01
  6.32401884e-01  8.10154557e-01  7.89658189e-01  2.52088159e-01
 -1.96796274e+00  1.01962268e+00 -9.39561844e-01  1.48806727e+00
  2.88733530e+00  4.05234545e-01 -5.17849982e-01  9.16754082e-02
  5.52639086e-03 -8.65227342e-01  7.67730892e-01 -2.91252702e-01
  1.33030081e+00  1.05955362e+00  2.56478167e+00 -6.01245463e-01
 -3.03389102e-01 -2.39487261e-01 -1.24200630e+00  7.56309927e-01]