[[-0.43982063  0.99987028 -0.02011635  0.86932034  1.12305138  0.03583602
   0.80259527 -0.02455952 -1.28848252  0.34930936  0.80771397  2.16022002
  -0.91877794 -2.37785064 -0.23499333  0.26678555 -0.59371809 -0.03951366
  -1.46012587  1.43025545 -0.04271285  2.01556524 -0.56074193 -0.15033604
  -0.56421396 -0.72471684  1.13490034  2.43651385 -0.20440857 -0.71038523
   0.81633524 -0.52248174 -0.63630161 -0.3385027   2.09138442  1.743213
  -1.21418032  0.34409    -1.39418545  0.07542064 -1.47926443 -0.48517699
   1.90926983 -0.46612382  1.00340746  1.14513463 -0.40541426 -0.69703729
   0.49616396  1.07637063 -0.06619951  0.02267746  0.10014728  0.61981745
  -0.93574618  1.53352573 -0.25169619  0.15551015  0.31447747  1.50472218
  -0.47567492  1.18320683  0.58599143 -1.32425093  0.50332588  0.25663921
   0.30590206  1.44709635  0.74154316 -0.05505221  1.88211952 -1.02443524
   0.65735269  1.24562287 -1.24467141  1.49179669  1.49130015  0.58618824
  -1.07033749 -0.39156649 -0.04753397 -1.21405304 -0.79965111 -1.42213316
   0.82952176  2.3761789  -1.02069589  0.51582303  1.00775398  0.90275307
   0.43354951  0.40610381  0.80774713  0.65310639  0.01329937 -0.85809036
  -0.67618142 -0.68990252 -0.24567331  0.8049516   0.71448478 -1.69098254
   1.2902419   0.94964445  0.65144652  0.68547303 -0.43053254 -0.04836396
  -1.31924759  1.6216184   0.16619905 -1.28100176 -1.32690888  0.78673223
  -0.00987079 -2.07547859  0.6164319   0.55481444  0.20632238  0.42914113
   1.06010381 -1.57792585  1.17057175  1.53159458 -0.63606254 -2.38239447
  -1.16724981 -0.34229968  0.26634302 -1.47951892  0.98578702 -1.39710558
  -0.64521953  0.75976684 -0.0180403   0.22961493 -0.38643082  1.24484429
   1.11787168  0.32602983  0.04606047  1.54087303  1.31315238 -1.29784871
   1.63145842 -0.46197555  0.80821096 -2.13326827  1.40832177  0.1762565
   0.12074841 -1.038143    1.14086224  0.78993049  0.48770809  0.10264508
   0.73010046  1.77497814  1.73311113 -0.77454144  1.89647431 -1.72159633
  -0.2016546  -0.69167413 -0.0599154   0.03156286  0.24724507  2.78255838
  -0.87885189  0.82099143  0.51424396  1.0688841  -0.83469412 -0.8933932
   0.04508841  0.23659699 -0.09337109  0.57281748  0.8148019  -0.33956222
  -1.75812824  1.71724807 -0.29028572  1.76310175  2.80924553  0.93625112
  -0.04011573  1.1443735   0.00312713 -0.29228507  1.61353334  0.17073303
   1.05868842  0.86397763  1.75315953 -0.17180096  0.19379507  0.40379936
  -0.53013063 -0.21236493]]