[[ 0.23160425  0.71306447 -0.15539225  0.37736075  0.7710555  -0.64045701
   0.37387924  1.16844053 -2.16817027  0.34229774  0.55669926  1.50797198
   0.08383199 -1.51920926  0.00733399  0.18380876 -0.60609224  0.28598726
  -1.27708826  2.06475422 -0.06067775  2.17262851 -0.28974549 -0.15123476
  -0.86856423 -0.8762185   0.314777    1.76706976 -0.23180277 -1.18152926
   0.99098723 -0.30469875 -1.17737425 -0.36595703  2.37992774  0.88919749
  -1.28832849  0.62773651 -1.5607073   0.64095624 -1.24990001 -0.33224974
   0.54746699 -1.25263424  1.96685154  1.34574402 -1.10578501 -0.37354224
  -0.2692575  -0.02198001  0.981461    0.47149401  0.57586749  1.69904875
  -0.23166277  1.61903953 -0.08354949  0.61740624  1.1082815   0.34907501
  -0.252244    1.20331599  0.27399599 -1.45866101 -0.06552301  1.00105348
  -0.37866826  0.45452501  0.53273673  0.29642323  0.94530773 -1.49158275
   0.89747998  1.18138474 -0.69666575  1.35534627  0.69478223  0.59056124
  -1.28656503 -0.88783675 -0.97574726  0.11252798 -0.56714924 -1.52146399
   0.23030951  2.31817024 -0.93155075 -0.39309676  0.61140425  1.127953
   1.2028055   0.3108725   0.79115725  0.18636451  0.38115177 -0.06302052
  -0.25320176 -0.02706248  1.355917    0.45867701  1.00694451 -0.96594499
   1.72981876  1.15230952  0.26770202 -0.14856299 -0.76663301 -0.220931
  -2.01573879  0.99085775  0.72962776 -0.89145399 -1.41575049  0.80844125
   0.32697176 -3.194935    0.48194926  0.121434   -0.01074476  0.12074076
   1.32006899 -1.35425773  1.19786177  1.40132399 -0.68217474 -2.35665203
  -0.62905497 -0.20359028 -0.61219    -1.44729326  0.754183   -0.42088975
  -0.47496126  0.39656975 -0.43653326 -0.13239875 -0.06861224  0.98138626
   1.17462498  0.02297624  0.01217249  0.54765699  0.73005826 -1.56617151
   1.608671    0.290175    0.55790349 -0.64175777  0.84796174  0.15445725
  -0.98357424 -0.98419398  1.30068549  1.078289    0.17707949  0.69553502
   1.88079424  1.40995373  1.48448325 -0.51798724  1.86268248 -2.20022227
  -1.022674   -0.28170673 -0.18720025  0.60041502  1.01839324  2.12604023
  -0.70686225  0.34774577  0.05159099  1.28572524 -1.26205301 -0.64509025
   0.8021715   0.20159951 -0.03166276  1.18384848  0.83422926 -0.7722025
  -1.746016    1.45662951 -1.58550802  1.75732324  3.53226849  0.74218375
  -0.744798    0.92351927 -0.16219626 -0.26928577  1.67507475 -0.43460074
   1.51649701  0.70546175  1.17434375 -0.37856674  0.47517524  0.91189526
   0.12965376 -0.108555  ]]