[[-0.45439608  1.46039663 -0.32770113  0.8195134   1.30596672  0.24008503
   1.25609167  0.52512221 -2.33921994  0.48402831  1.30110937  2.61551939
  -1.38166598 -2.77509279 -0.48732889  0.49838667 -1.6039761  -0.26634334
  -1.64441067  1.67039341  0.37761947  2.33574482 -1.03904173 -0.27406666
  -0.68150666 -1.05210491  1.24462574  2.83825458 -0.3753366  -0.81611167
   0.90956442 -0.99435553 -0.32897503 -0.83388504  2.61488236  1.74351014
  -1.0639511   0.97430943 -1.90840383  0.10611223 -2.05276314 -0.83653779
   2.25128339 -0.39537383  1.16770438  1.50060614 -0.76955219 -0.6193172
   0.54397547  1.34170283  0.49365168  0.48687223 -0.17267611  1.14749557
  -1.4684099   1.19263611 -0.85176098  0.30124056  0.49673945  1.8356709
  -0.66782114  1.24973991  0.56509331 -0.72746885  0.13672839  0.88418667
   0.39055943  0.5814656   0.80376721 -0.45766667  2.64238714 -0.72402836
   1.524806    2.03839119 -1.25950235  0.8348922   2.31565511  1.19179285
  -1.35528827  0.24711832 -0.81617613 -1.74700332 -0.93631608 -1.36996612
   1.14881338  3.14705926 -1.22931115  1.27677711  0.2241672   0.55840061
   0.16384889  0.28549166  0.86220053  0.31585392  0.34377499 -0.85065221
  -0.9665778  -1.49364595 -0.41668999  1.54587062  0.82052947 -1.74164435
   2.2236916   1.10060946  0.32179776  0.65819001 -0.61096783 -0.19438553
  -1.94239555  2.53010664  0.65776882 -1.70844269 -0.97281944  1.05752227
   0.38512503 -1.99251876  0.68602443  0.86243271  0.45015273  0.29239558
   1.74413284 -2.89941172  2.15349062  2.71323384 -0.33046334 -2.86907309
  -2.04022575 -0.14089333 -0.80793114 -1.67286836  1.31156951 -1.63501835
  -0.47985     1.21376222 -0.86050052  0.19762553 -1.130085    1.05709941
   0.56160117  0.82323775 -0.22478169  1.79566384  0.73682449 -2.13971073
   2.11432608 -0.86231278  0.53921667 -1.61431899  1.38614669  0.94867222
  -0.18328334 -0.03863609  1.62857941  0.34412778 -0.06254779  0.56022954
   1.69567007  2.57478328  0.70668326 -0.81193231  2.24350666 -2.27691382
  -0.04210389 -0.86751001  0.03948724  0.08469443  0.35987659  3.72063945
  -1.25655666  1.20772391  0.20458107  0.74190333 -1.36212498 -0.87630452
   0.09419667  0.10376499 -0.11149275  0.72092444  1.56035771  0.31318279
  -2.45231391  0.87452114 -0.11674611  1.88509163  3.52345402  0.53113385
  -0.78674225  1.63881993 -0.45657946 -0.57131333  1.63652828  0.09484001
   1.98193049  1.00508228  1.86685326  0.45299276  0.47280668  0.30843333
  -0.87572262 -0.28830168]]