[-2.24696204e-01  6.90514684e-01 -2.63168305e-01  1.09126091e+00
  1.13352644e+00 -2.16914266e-01  6.81462884e-01  5.10784566e-01
 -1.96639526e+00  5.77245414e-01  1.83502529e-02  2.07995248e+00
 -7.62997150e-01 -2.09501910e+00  2.22963110e-01  9.06822085e-01
 -7.09273756e-01 -4.37427685e-03 -1.40737271e+00  1.53045976e+00
 -1.97061803e-02  2.53530955e+00 -8.97192657e-01 -4.65186894e-01
 -8.76412988e-01 -9.56391931e-01  3.67924303e-01  2.95771885e+00
 -6.92872465e-01 -1.21264350e+00  9.41542029e-01 -8.83620322e-01
 -9.57914352e-01  6.11157119e-01  2.59911180e+00  1.90283453e+00
 -1.23081684e+00  1.23112120e-01 -1.76639771e+00  5.04132688e-01
 -2.33259273e+00 -1.45463753e+00  2.27389026e+00 -2.27460295e-01
  1.49204171e+00  1.32724404e+00 -6.18557394e-01 -3.32945675e-01
  5.46851993e-01  8.57623219e-01  2.77356654e-01  1.37031436e-01
  1.48702368e-01  1.45250058e+00 -9.70541835e-01  1.26128936e+00
 -2.34252419e-02  2.05388069e-02  1.16561162e+00  1.49654675e+00
 -4.32323366e-01  1.10849631e+00  6.09028910e-04 -1.79232442e+00
  5.74685454e-01  4.58016932e-01  3.16728055e-01  8.02631259e-01
  1.12836325e+00 -2.97673464e-01  1.54793406e+00 -4.61690724e-01
  8.77146482e-01  1.45192623e+00 -9.90639746e-01  7.97719657e-01
  1.73169231e+00 -4.68134284e-01 -1.26501298e+00 -4.34423625e-01
 -4.76050317e-01 -1.09598398e+00 -6.16669238e-01 -1.67695725e+00
  9.46135223e-01  2.70373344e+00 -7.35213578e-01  7.90552974e-01
  1.01260090e+00  7.03810751e-01  3.73530716e-01  2.69057125e-01
  1.23892188e+00 -6.25183135e-02  1.80541441e-01 -8.79695356e-01
 -5.96102655e-01 -5.52283645e-01  1.15190461e-01  1.33939087e+00
  6.71335042e-01 -1.66867971e+00  2.59114838e+00  8.20533097e-01
  1.06108296e+00  8.40316474e-01 -8.15448105e-01  5.74787199e-01
 -1.62904263e+00  1.55373740e+00  3.91745925e-01 -1.45319259e+00
 -1.86449754e+00  6.59323275e-01  1.12656176e-01 -2.24290299e+00
  1.10601819e+00  2.80416965e-01  5.12022138e-01  4.49573785e-01
  1.20943725e+00 -1.79416728e+00  1.41354156e+00  1.73210084e+00
 -1.32052767e+00 -2.90937686e+00 -1.51910877e+00 -5.88276446e-01
  1.23308726e-01 -1.64278889e+00  6.78033352e-01 -1.51251733e+00
 -6.80239797e-01  6.43116236e-01 -4.92461808e-02  3.73214543e-01
 -4.14312869e-01  1.40547621e+00  1.51149130e+00  8.26103747e-01
  4.81891006e-01  9.76373196e-01  8.25137734e-01 -1.77703536e+00
  1.37551975e+00 -3.61035496e-01  7.08425462e-01 -2.04968476e+00
  1.67127097e+00  3.88841361e-01 -5.50014019e-01 -8.97036254e-01
  1.28655267e+00  7.17194855e-01  1.33760482e-01  6.31181240e-01
  1.64394343e+00  2.23944664e+00  1.44033968e+00 -5.66130757e-01
  2.88473201e+00 -2.13607740e+00 -9.39186633e-01 -6.38058364e-01
 -1.35214524e-02 -1.84695944e-01  1.45348072e-01  3.02349591e+00
 -1.04659021e+00  4.23264742e-01  5.34438789e-01  1.30395401e+00
 -8.76044333e-01 -8.68638158e-01  8.45886886e-01 -4.68424112e-02
 -5.26845932e-01  1.28315318e+00  1.55260682e+00 -2.79074997e-01
 -2.66075110e+00  1.31554878e+00 -5.40503383e-01  1.84068823e+00
  3.46858001e+00  7.58110523e-01 -3.48407090e-01  1.91065812e+00
  1.80059522e-01 -1.99347109e-01  1.77237415e+00  4.25962597e-01
  2.21765471e+00  1.21140158e+00  1.11971152e+00 -2.10977852e-01
  4.01004344e-01  5.85586429e-01 -2.18219504e-01 -6.89729571e-01]