[[-1.03397822e+00  8.54371374e-01  3.06953345e-01  8.61591571e-01
   1.25279509e+00 -1.91347455e-01  7.99648238e-01  5.10295694e-01
  -1.85960451e+00 -1.16617434e-01  6.90688895e-01  2.15802629e+00
  -6.50499826e-01 -1.78113394e+00  2.69580395e-01  1.74993132e-01
  -6.80906084e-01 -1.58790385e-01 -1.25582863e+00  1.08074647e+00
  -3.34556817e-02  2.29596409e+00 -4.17318629e-01  3.77882945e-01
  -9.23127642e-01 -4.63927876e-01  8.95473335e-01  2.57740590e+00
  -4.75313719e-02 -8.77150807e-01  9.48442158e-01 -9.23057079e-01
  -1.01247117e+00  2.59910003e-01  2.76383466e+00  1.84580037e+00
  -9.25135289e-01 -1.48990108e-02 -1.54734746e+00  2.43622160e-01
  -1.86829079e+00 -6.30635093e-01  1.75662453e+00 -4.59263549e-01
   1.19404566e+00  1.08782746e+00 -7.33025299e-01 -2.88834129e-01
  -5.02277257e-01  8.46129425e-01  2.62796872e-01 -2.38393142e-01
   2.87919019e-01  1.38363213e+00 -5.33850606e-01  1.65464251e+00
  -2.47509798e-01 -4.32952358e-01  9.62993324e-01  1.29771336e+00
  -6.22610006e-01  1.35929862e+00  8.58578296e-02 -1.28216648e+00
   9.51529011e-01  4.33375103e-01  8.08833524e-01  6.30263167e-01
   6.25440389e-01 -2.76168640e-01  1.01588355e+00 -8.91948662e-01
   6.79873532e-01  1.22771843e+00 -1.11083197e+00  1.10457234e+00
   1.24426196e+00  5.29837847e-01 -8.29295892e-01 -9.73007304e-01
  -1.31238600e-01 -1.27077295e+00 -2.43861758e-01 -5.50988428e-01
   4.89239029e-01  2.23804273e+00 -1.11270725e+00  7.48858228e-01
   2.16443328e-01  1.19661139e+00  1.23252136e+00 -1.42511585e-01
   9.54400976e-01  1.60749201e-01  3.70214882e-01 -4.46043147e-01
  -1.94245501e-01 -2.19390976e-01 -2.41050925e-02  8.54549590e-01
   4.23967241e-01 -1.18154611e+00  1.85644526e+00  1.31173138e+00
   1.06933215e+00  1.15510962e+00 -1.41788765e+00  1.18627436e-01
  -1.17232157e+00  2.05198196e+00  5.64872599e-02 -1.42304274e+00
  -1.93663905e+00  5.73649406e-01  8.55300197e-01 -1.86271102e+00
   8.52724512e-01  7.86118611e-01  6.87174149e-01  1.60804890e-01
   1.28489543e+00 -9.98512556e-01  1.02366118e+00  1.76971275e+00
  -9.23486450e-01 -2.23206170e+00 -1.02935057e+00 -3.92049013e-01
   1.98076134e-02 -1.04418589e+00  4.04980579e-01 -1.10295332e+00
  -6.44139028e-01  4.28529424e-01 -5.91194910e-01  5.28962555e-01
  -1.96946267e-01  1.28417763e+00  1.68125315e+00  1.70955859e-01
   5.56940863e-03  1.55041784e+00  5.81648830e-01 -9.19134514e-01
   1.11891785e+00 -4.19741966e-01  1.71815101e-01 -1.30026042e+00
   1.18802060e+00  1.94857451e-01 -5.11208040e-01 -1.11221465e+00
   1.20659845e+00  8.29627471e-01  2.59504890e-01  1.02382666e+00
   1.05430845e+00  1.29125603e+00  1.45960645e+00 -8.87387848e-01
   1.94866295e+00 -1.99309471e+00  2.00775032e-04 -5.90156459e-01
   2.36759429e-01 -1.68141364e-01  3.38444922e-01  3.04016096e+00
  -5.86843923e-01  6.13711967e-01  5.95858445e-01  1.31049274e+00
  -1.10909060e+00 -9.41237658e-01  2.71823921e-01 -2.09598247e-01
  -1.90867648e-01  1.15927136e+00  1.23146097e+00 -6.09031182e-01
  -1.68145629e+00  1.33492863e+00 -7.89184097e-01  2.03899017e+00
   2.87438785e+00  4.75419823e-01 -7.07211382e-01  1.51027153e+00
   3.59428638e-01 -1.86499607e-01  1.06769292e+00  6.67585498e-01
   1.35512059e+00  6.52032133e-01  1.39803023e+00 -2.01980174e-01
   3.39993512e-01  4.59044305e-01 -8.15951976e-01 -2.90781576e-01]]