[-1.339679    0.65434563 -0.49938825  1.4417897   1.4925542  -0.25755042
  0.7578797   0.00662869 -2.0506482   1.3057082   0.77231133  2.8655868
 -1.9933326  -3.0472193   1.0648552   0.6037013  -1.295717   -0.5640113
 -1.9767131   1.58399     0.4663491   3.362987   -0.4183822   0.5533196
 -1.2882744  -0.8814503   0.69263357  2.2679713  -0.28101093 -0.79333705
  0.9647687   0.03337481 -1.0894603   0.20988609  2.1712394   2.1881576
 -0.6284213   0.10367735 -1.567257    0.90824866 -2.31219    -1.8277898
  1.9591285  -0.31120437  1.9541563   1.6664822  -1.4435582  -0.36623043
 -0.53616136  0.9530578   0.21589702  0.4108248   0.10800126  1.3151612
 -1.1363949   1.2016057  -1.1245536   0.56188     1.5749382   1.0402801
  0.5803252   1.5708568   0.7318831  -0.63887686  0.8680109   0.86685354
  0.10256696  1.0654731   0.978463    0.40481037  1.2484028  -0.9499934
  0.91905653  1.8244997  -1.1288683   1.5940852   1.5313873   0.30144566
 -1.0714086   0.06670173 -0.3532509  -0.6195982  -0.8694388  -1.5965645
 -0.21699958  2.9928544  -1.7659401   1.088918    0.57762134  1.3201028
  0.8905808  -0.05124872  0.9146944   0.6388478  -0.45972005 -0.30849957
 -0.8121743  -1.3196483  -0.5410134   1.1312282   0.8744653  -1.3617531
  2.8639529   1.4191307   0.85374814  1.7985827  -0.35695997 -0.03836741
 -1.7666672   1.7567004  -0.09729349 -1.7959192  -2.1886275   1.3885514
  0.37900567 -2.3581235   1.0435468   1.0167321   0.6771622  -0.0390613
  1.7868965  -1.947387    1.4477947   1.9213533  -1.2661513  -2.5069137
 -0.7888306  -0.27093434  0.70612997 -1.5706339   0.9521378  -1.8334041
 -1.534936    0.33200696 -0.9301631   0.79505837 -0.26355305  1.019463
  2.1187787   0.4547895   0.50191134  1.9809853   0.56037176 -1.846561
  0.9380499  -0.41785392  0.50973475 -1.7281299   1.2514069   0.4909974
 -1.0212723  -1.4789437   1.7742069   0.7975648   0.04197261  0.35536912
  0.9557716   0.9536387   1.7108532  -1.0132892   2.7369826  -2.3748586
 -0.9118748  -1.3435881   0.30475742  0.15000346  0.5408753   3.6144674
 -0.37780824  0.9939309   1.1218053   1.5650195  -0.10993522 -1.2878557
  0.6450673  -0.26972866 -0.8296552   1.951378    1.8004473  -0.41990575
 -2.7279458   1.368773   -0.9691431   2.7061408   3.512428    0.5713413
 -0.2820104   2.169606    0.3292344  -1.1273582   2.1114616  -0.07569084
  2.4207635   1.3845268   1.5268626  -0.28479737  0.71621436  0.39477953
 -1.5188428  -0.52015656]