[ 2.4932      0.31211    -0.119425    1.9962      1.16943    -1.042675
  1.63588     0.11169994 -0.21327999  1.4737      2.2029648   3.18946
 -2.70419    -2.7959151   1.54434     0.46335018  0.75006    -0.55774
 -2.87471     0.02384996 -4.57226     4.3334804  -1.4649949  -1.5590849
  1.3513     -0.268275   -0.191405    3.58389    -1.232055   -2.701775
 -1.402425    0.78079     0.02609497  0.067285    0.73341495  1.9119449
  1.459285    1.1105301  -2.820565    0.142905   -2.0692449  -1.719365
  0.96883    -1.9317751   1.2446101   2.47073     0.08094001 -1.630795
  0.39273     1.8981049   0.89169     1.999475   -0.7626051   0.7094201
 -0.78039    -0.71994996 -1.21472     2.1682298   0.43741494  1.940465
 -2.140575    0.84134495  0.3538201  -3.50741     2.432125   -0.05418503
  0.23351002  0.70063996  1.14481    -0.469575    2.4247398  -0.809305
  3.45042     1.9878349  -1.964105    1.5609201   0.538035   -2.088635
 -2.649715   -1.259815   -3.32329    -4.73252    -0.57661504 -1.796185
  3.347425    2.035985    0.85818505  1.268965    4.29121     3.103425
  1.7850001   1.1584151   0.70603     0.30269504  0.188685    1.957115
 -1.1087     -1.354255   -0.74737    -1.30311     1.96982    -1.2760401
  1.963185    5.234935    0.26275498  2.4396448  -0.6637001   3.3037152
 -4.366815    0.54252    -3.22749    -2.7181451  -4.53792    -0.264085
  1.712475   -0.47218     0.47953498  1.90802    -0.95484495 -1.523155
  1.25851    -1.61343     2.842945    0.5781101  -1.4811001  -2.22036
  1.01259    -0.960515   -2.580955   -2.2123551  -1.298415   -0.5423701
 -1.634385    0.89570004  1.685555    2.41086    -2.8191147   1.795595
  0.70694005  1.07446     0.25402504  0.51139003  2.8188748   0.40667492
 -2.073355   -1.102275   -0.320555   -3.6737647   3.7784898   3.0496101
 -1.7668799  -2.04669     1.731185    1.80574    -1.0682001   0.963875
  1.11337     3.3625698   0.55750495 -0.776735    2.359375   -2.69902
  0.94983006 -1.4408501   0.65358    -1.3513551  -0.33124998  5.10126
 -2.9518647   0.75406003  0.561555    0.91392505  1.28854    -1.173955
 -0.27435493  0.763895   -1.3025349   1.11259    -0.42003003  0.56128
 -2.809525   -0.129875   -0.12539005  1.52277     6.1774      0.47169504
 -1.6321001   3.4825149  -3.086       0.818355    2.279055    0.18179989
  2.01743     1.8150551   0.724835   -0.69845504 -1.8548751   1.5422649
 -3.3568301  -0.95867   ]