[[-1.19433998  0.82451376 -0.2572975   0.51902249  1.23279752  0.04339001
   0.58771999 -0.56930123 -1.60913877  0.4621625   1.27988374  2.71078375
  -0.74844626 -2.28787749 -0.338145   -0.34398751 -0.62517999  0.99164
  -1.1154325   1.48021749  0.24342375  2.5326088  -0.86717625 -0.56433126
   0.18098001 -1.81767254  0.82442125  2.01135001 -0.96821748 -1.42656375
   0.66431124 -1.45937254 -0.56010875 -0.0400425   3.01076746  1.01386499
  -1.5024837   0.06706627 -1.53918371  1.239825   -1.00506624 -0.62797377
   2.41585125 -0.30493627  0.88990124  1.40022753 -0.47581879 -0.13040626
   0.36148749  0.56048626  0.72572879  0.70990874  0.47731124  0.36314875
  -0.52167249  1.33809749  0.30879999 -0.4071775   0.57415872  1.258705
  -0.11920746 -0.14028127  0.51514623 -1.15721126 -0.10539627  0.10338125
  -0.04790124  1.86406004  1.36098999  0.08452501  1.29093377 -1.29352877
   1.08400873  0.83395747 -2.18944751  1.65256498  1.12563502  0.66796748
  -2.09122753 -0.49710499 -0.27656377 -1.65090004 -0.88398501 -2.04274002
   1.69375994  2.10138876 -0.65573497  1.50030002  1.21395625  0.60478751
   0.39125749  0.61807874  0.32056875  0.13900125 -0.17360123 -0.75921251
  -2.32916507 -0.98066627 -0.78635626  0.98515501  0.66821747 -1.74608119
   1.99357879  1.59673622  1.23846254  1.222045   -0.50125248  0.2935925
  -2.05475123  2.20514369  0.39411877 -1.87610751 -1.22246625  1.24610754
  -0.74430625 -2.88810745  0.96226252  0.04668625  0.36193874  0.61218748
   1.02147128 -1.16107751  2.52100749  1.79557626 -0.00673122 -2.29602124
  -1.39313373 -0.62845626 -0.51637249 -1.44882623  0.60818242 -0.81169129
  -0.17032252  0.62684754  0.4501275   0.41303623 -0.77954751  1.05708626
   1.15050124  1.13813376 -0.03543122  1.5047225   0.61593248 -0.83059252
   2.08335501 -0.23498374  0.27337874 -2.37452872  2.2605637   0.44280249
   0.23463997  0.21447503  1.12386502  0.86346378  0.26134124  0.2354875
   0.84095502  3.37541617  0.72030875  0.07512874  3.53905003 -3.45137122
  -1.14939378 -0.97988126 -0.0698675   0.16137128  0.79468374  2.81126755
  -0.90311629  0.3983475   0.73238752  1.39721376 -1.41667877 -1.22607004
   0.16867248 -0.76864501  0.97990375  0.47749747  0.50912749  0.01478373
  -3.33371004  2.74963374 -0.42623877  0.99589498  3.94686249  1.23426125
  -0.36767123  0.51411749  0.29352252 -0.5740375   1.68882122  0.76183621
   2.13056624  0.53658124  2.8098712  -0.82278502  0.19453249  0.32136751
  -0.85081503 -0.31790128]]