[ 0.3318885   0.01329157 -0.28163692  0.91936684  1.5466161   0.09530464
  0.80791765  0.08486616 -2.15691     0.49315155  0.99872005  2.601465
 -0.54617465 -2.0394025  -0.56685233 -0.25076154 -0.12910694 -0.10694619
 -1.8505515   0.85903466 -0.18280765  1.9301     -0.7314584   0.38144
 -0.21401614 -1.2735045   0.6612692   2.407173   -0.39009383 -0.7465123
  1.0284355  -0.53610927 -0.20665076  0.38722232  2.9091353   2.0613675
 -1.2951792   0.45706767 -1.0372031   0.38326615 -2.249767   -0.8579923
  1.6038654  -0.4590162   1.2933552   1.2725631  -1.5537292  -1.4535
  0.44691232  0.877793    0.20875151  0.45459464  0.25772855  1.8024586
 -1.0446199   1.098263    0.07781     0.48063534  1.2540492   0.8229653
 -0.29331616  0.7369762   0.7926376  -1.1722146   0.24562615  0.30549538
  0.6346554   0.3503208   0.64013314 -0.02334921  1.6909623  -1.7004362
  0.25304535  1.9672223  -1.4269707   1.0900091   1.0719309   0.7849707
 -1.2340761  -0.27188155 -0.35530773 -0.28876463 -0.3578469  -1.4643008
  0.5970115   2.5229876  -1.2730876   0.3089285   1.6536701   1.3351617
  0.6292869  -0.6262054   1.0763493  -0.33837157  0.34754997 -0.12292
 -0.8528662  -0.6534977  -0.09209387 -0.6114647   0.54682535 -1.9701669
  2.348432    1.6125023   1.3251332   1.4955446  -0.25941154 -0.48828536
 -1.7407706   1.7300246   0.8755277  -1.2430623  -1.7353677   1.021577
  0.4374739  -2.181737    0.15765765 -0.33509305  0.7243046   0.43562922
  1.3254462  -1.3714001   1.186747    1.2939832  -1.1099138  -1.388293
 -1.8928947  -0.6247154   0.30190158 -0.89993465  0.8986116  -1.4510922
 -0.6843046   0.987207   -0.8983077   0.41331    -0.6390506   0.81728846
  1.0266384   0.40759924 -0.05693846  1.4869646   0.3272977  -1.9193393
  1.3647138  -0.06074465 -0.36725074 -2.2847362   0.7845201   0.17026384
  0.11648999 -1.2952831   1.1312338  -0.12486381 -0.4372169   0.8307569
  1.529057    1.8333437   0.7488015  -0.85632163  2.8037984  -2.710649
 -1.1789224  -0.43338305 -0.27222154  0.7680107   0.19277383  3.472866
 -1.1302516   0.4524608   0.86986923  1.1553077  -1.3873107  -1.0869092
  0.539953    0.24457768 -0.3471878   1.4907998   1.22567     0.4299362
 -2.4786348   2.330971   -0.8420301   2.2134337   2.9790773   0.16553538
  0.04965844  1.0758669  -0.0597846  -0.15686536  1.970784   -0.01699077
  2.08452     0.89051     1.1838729  -0.47918925  0.5146154   0.19026849
 -0.30626464 -0.5124846 ]