[[-0.69565502  0.48320099 -0.41140001  2.92461207  0.72274598  0.18312801
   1.04513899 -0.844043   -0.62970298  1.03261301  0.27625699  2.68722
  -0.26187199 -2.495604   -0.36742098  0.31707799 -1.01366801  0.45774601
  -1.20796201  1.62279002  0.73670997  2.19973298 -1.320185    0.66340701
  -0.32954001  0.15763999  0.286799    2.01493407  0.415443   -1.03672701
   0.78008502 -0.01402894 -0.27480499  0.31736999  3.06358    -0.25347204
  -1.68223104  0.15241601 -1.33846999  0.01867599 -0.40090801 -1.15291402
   3.11674395 -1.07886802  1.35883999  0.997623   -0.36422499 -0.74615198
  -0.18509999  1.17911401  0.51402099  1.12818697  0.12079598  1.35334295
  -1.10816503  1.57457203  0.110626   -0.57090803  0.86990202  2.01498703
  -0.25266401  0.301446    0.30738399 -1.69577001  0.82350499  0.85949301
   0.40739201  1.31455303  1.10431503 -1.54575202  1.20774695 -1.44601199
   1.73037901  1.63477597 -0.91033899  2.44670601  0.14863298 -0.10487801
  -2.44324503 -1.209976   -1.00429898 -1.93371297 -0.39622302 -2.13448098
  -0.05502099  3.20572895 -1.23510395  0.64408601 -0.42061599  0.10279602
   0.82108601  1.28813492  0.081045    0.54259298  0.14854298 -0.339602
  -1.54938807 -0.88847303 -0.92614504  0.05360795  0.72850701 -1.60616503
   2.36574392  1.00895299  0.632068    1.03241701 -0.74467899 -0.55172098
  -1.84344696  1.91837404  1.082704   -2.52457396 -1.74796302  0.68803498
   0.78612797 -2.310457    0.58081     0.71771     0.14599801  0.06107499
   2.382293   -1.97058603  0.81166199  2.66902897 -1.50431702 -2.49722302
  -1.13812201 -0.22905298  0.054466   -1.77718399  0.20305396 -1.03372299
  -1.003722    0.07748406 -0.59356601  0.17129799 -1.09619498  0.65547398
   2.55345702 -0.48006202  0.35177902  0.51508799  0.307747   -1.78213702
   2.57262001  0.244661    1.47786901 -0.43634704  1.75009098  1.07759305
  -0.38291695 -1.42658907  1.65568801  0.12722202 -0.36391097  1.31828798
   1.02189698  1.923756    0.92549    -0.54377002  1.85574098 -3.04764199
  -2.156995   -1.12212099  0.70926002  0.75634899  0.23784199  3.28847994
   0.256901    0.87794998  0.38532602  1.86383702 -1.554544   -1.06042599
   0.84622996  0.02596101  0.29516199  0.26112499  0.93010897  0.64221597
  -1.77451702  1.49658399 -1.80729302  1.40070597  3.80916295  1.05007897
  -0.92661002  0.09879207  0.54813602 -1.33464498  1.71494899  0.86902602
   1.87211104  1.41286398  2.37571698 -0.485016   -0.07115001  0.128492
  -0.34845095 -0.17685597]]