[-0.44996166  0.56939834  1.0121017   2.2315133   0.75057334  0.68903494
  0.3804933   0.30622336 -1.81001     1.1407233   1.183725    3.4456398
 -1.2792517  -1.9110967   0.05803666  0.24730165 -0.07127506 -1.3965268
 -1.076705    1.2616234  -1.7555083   2.4080734  -1.07489     0.05109671
 -1.4710217  -1.5162534   0.6282933   2.374085   -0.37138832 -0.9251583
  2.46295    -1.3683567  -1.64774     1.0551267   4.4006634   2.700678
 -0.83294845  0.11844337 -2.4962385   0.82306    -3.3586452  -0.72754836
  1.3747268  -0.44511667  1.8867383   1.3763517  -0.084095   -0.03637666
 -0.656025   -0.62636334  0.13664837  1.1002334  -1.2395916   2.8929403
 -1.592515    2.0458367  -0.61537665  0.2758217  -0.04882006  1.3921751
 -0.38968158  1.98444    -1.3922534  -1.0047399   0.360615   -0.16044334
 -1.7359915   0.72551495  0.825185    0.04191498  1.2779983  -1.048115
  0.7893917   1.5858617  -1.6265615   0.98961335  0.8831416   1.4295917
 -0.86246157 -0.64627165  0.9080467  -0.53107667 -0.1331584  -1.01936
 -0.36543837  2.8462517  -1.7485584   1.9316149  -0.28799668  0.7683616
  0.40578339  0.5643317   0.553335    0.51818496  0.28441998 -1.1702117
 -0.8313549  -0.98851496  0.19794162  1.5072484   1.4178867  -2.0098333
  2.059883    2.109535    1.4907984   1.1637866  -0.925325   -0.23177667
  0.21676338  0.03261165 -0.09275166 -1.3294717  -1.9995817   0.7372233
 -0.11023999 -1.4854532   0.76116496 -1.3326616  -0.764555   -1.5259584
  1.8211417  -1.0825367   1.9298867   1.5499333  -1.4853483  -1.9627484
 -1.3205566  -0.9318433   0.76631165 -1.5124484   1.3400801  -2.0235848
 -1.2912949   0.01737339 -0.6876383   1.6770716  -1.0249184   1.1113701
  1.0209366   1.293475    0.9227616   2.0554817   1.2958483  -1.285965
  0.853915   -0.66085666  0.797745   -1.8612467   1.406495   -0.49253663
  0.5473566  -2.5040216   2.7095149   0.19855332 -1.2162833   1.249435
  1.6675683   2.6269152   2.1455882  -0.9370017   3.4051883  -3.1549585
 -0.93081826 -1.269555   -1.4415283  -0.18222003 -0.13767336  3.2253501
 -1.1129249  -0.02146173 -0.08421332  0.78794     0.58540833 -2.1395853
  1.530465   -0.29536667 -0.33316332  1.2844933   1.6129017   0.2057333
 -2.8337548   2.745078   -1.7945433   1.5737667   4.0366235   0.48852
 -0.8036583   1.2887332   0.40678835  0.38504505  2.0572398   1.171215
  1.5924166   1.0280817   0.80860335  0.7897733  -0.05924165  1.4829768
  0.24665995  0.15212832]