[[-0.17874024  0.72279051 -0.13719745  0.31764695  1.24670488 -0.32954979
   0.61274442  0.60650041 -1.85014774  1.05048744  0.31171679  2.8044116
  -0.39933233 -1.80704769  0.2958886  -0.2696465  -0.45144     0.23174486
  -1.0414172   0.95419327 -0.4325756   2.1912374  -0.65213466  0.07096163
  -0.28514511 -0.59995721  1.0336351   2.61911487 -0.58874554 -0.5749193
   0.392167   -0.4852514  -1.0547144   0.04141255  2.27334     1.12963162
  -0.89530763  0.09207721 -1.68077442  0.31270814 -1.7159419  -1.02896092
   1.65766506 -0.42173278  0.86854465  1.50089049 -0.59671139 -0.56469724
  -0.1045593   0.69987092  0.20740094  0.684393   -1.05626677  1.49344648
  -1.27214094  1.16502204 -0.14690044  0.71694116  0.4889728   0.72208489
  -0.69956163  1.33558257 -0.12696211 -0.95893304  0.81483206  0.13786489
   0.2026444   0.82628394  1.41812115  0.07484142  1.21503378 -0.90357719
   0.77534789  1.59532533 -0.88646095  1.1897972   0.95706809  0.44508187
  -1.25360465 -0.96799087 -0.64516372 -1.25656488 -0.1985007  -0.67796234
   0.25191324  2.74618253 -1.3961021   0.54615953  0.42702302  0.50169932
   0.95606658 -0.20155441  0.95753139  0.43110398  0.30863887 -0.34239067
  -0.33724257 -0.59251488  0.04364582  0.71767881  0.30976163 -1.25562793
   1.7286926   1.71098628  1.11861575  0.70527349 -0.47474743  0.31346627
  -1.12030095  0.98099397  0.03963329 -0.86680511 -1.43597001  0.78948512
   0.25447421 -2.39164784  0.80575462  0.10360443  0.3646351  -0.30536674
   1.35806574 -1.24063416  1.92546277  1.79353903 -1.45012814 -2.00981293
  -0.86232975 -0.3623637   0.89430073 -1.5144221   0.71537813 -1.34934349
  -1.34499049  0.56528465  0.02498186  0.82060468 -0.52022953  0.96867999
   1.7194721   0.35858886  0.24477467  1.70075027  0.47664488 -1.8454872
   0.78057045  0.06561978  0.69968116 -1.47938628  1.25894119  0.23744976
  -0.43517391 -1.20922419  0.94277584  0.7193607   0.35496884  0.57768742
   1.1523665   1.55602567  1.65756468 -1.0326679   2.30637579 -1.72922627
  -0.40930187 -0.44938907 -0.5312614   0.01956464  0.60825281  2.89619675
  -0.90838607  0.48087907  0.64696441  0.71177188 -0.89128326 -1.19332745
   0.77990509  0.15677138  0.43901465  1.21842186  1.63889162 -0.28573346
  -1.75554577  1.02784837 -0.35723513  1.62989649  3.1553642   0.47211537
   0.16549373  1.13648118  0.2009291  -0.01168276  1.56143818  0.32806438
   1.68718024  0.89724139  0.75867698  0.25790999  0.76947536  0.44485767
  -0.13273394 -0.08735674]]