[[-0.44253913  1.23351199 -0.15169971  0.89997601  0.81773142 -0.1331934
   0.56434598  0.08315457 -1.32974144  1.05430654  0.42090543  2.34090514
  -0.6391563  -2.48157286 -0.0940663  -0.24837971 -1.09362742 -0.15191286
  -1.11549056  1.30377627  0.27245142  2.25451826 -0.24418172 -0.01704998
  -1.07965628 -0.20005058  0.54644572  1.55711515 -0.76905628 -0.41899483
   0.22416713 -0.4925757  -1.20752801 -0.21307086  1.85606488  1.70636283
  -1.23388086 -0.54866257 -2.10178572  0.51514313 -1.45806885 -1.04054686
   1.24346773  0.02014971  1.6540537   1.77575773 -0.68639572 -0.65883028
  -0.380512    0.79485057  0.12399715  0.39960114 -0.6496423   1.03959914
  -0.79000741  1.34937231 -0.10970144  0.49794629 -0.20849401  1.1892123
  -0.92086885  1.17492342  0.26406514 -1.42718489  0.84785401  1.21147544
   0.14250343  0.91961744  1.1980831   0.17099714  2.2839249  -0.31737313
   0.98306202  0.87954713 -0.89101486  1.26724086  1.96463005  0.60657571
  -1.03476714  0.07629057 -0.32055773 -0.56871344 -0.62920831 -1.0416503
   0.45995713  2.98076463 -1.32092057  0.1968743   1.59617687  1.49930171
   0.82398314  0.22283258  0.88310683 -0.33393084  0.06088341 -0.54694085
  -0.79658658 -0.905196   -0.15380085  1.16612859  0.64651998 -1.13447402
   1.62513914  0.93971143  0.72181513  1.0040506   0.22434143  0.08204543
  -0.91148428  1.22513942  0.67037684 -1.0484723  -1.44197172  0.86973629
  -0.25020518 -2.23537175  1.29685828  0.71718828  0.44563545  0.37874601
   1.04598887 -1.02379287  1.67453543  1.24713624 -1.05239569 -2.81888256
  -0.49870972 -0.90195743  0.22011169 -0.84191001  0.51612315 -1.41130771
  -0.49447969  0.54465345 -0.4101874   0.55624171 -0.84183715  1.3761317
   1.36407167  0.00624543  0.64249027  1.63390083  0.81927343 -1.14392488
   0.91439772 -0.19382169  0.78675543 -1.36678544  1.50590998 -0.424438
  -0.44233343 -0.91676456  1.28290428  1.24048227  0.99561374  0.21903972
   1.21210772  1.44517369  1.42980972 -0.6255303   1.88727086 -1.85147742
  -0.80459286 -0.87448371  0.50258202 -0.17495629  0.05492056  2.69456112
  -0.62699973  0.742488    0.90131599  1.49984969 -0.53818487 -1.31898257
   0.4319374   0.26858485 -0.02745799  0.90803541  1.24535398 -0.21094257
  -1.94177538  1.35872891 -1.21294316  1.63777655  2.23060767  0.29854172
  -0.46726201  1.06899402 -0.11527398 -0.16738283  1.18241771  0.24017857
   1.52249059  0.74666629  1.76827881  0.08793285  0.72589659  0.36897771
  -0.79579713 -0.51877658]]