[-0.7529933   0.4738367  -0.5122133   0.99104005  0.06088997 -1.26628
  0.49547002  0.89245003 -2.4712002  -0.65356     1.5324467   3.0143268
  0.48883334 -2.6550934   2.7605164   0.76003665  0.09380671 -0.8701
 -0.02183004  1.2531699   0.13563667  3.8072166  -1.4329667  -0.23978667
  2.0967734   1.0521867   0.8062766   4.11477    -0.88029     1.28176
  0.90557986 -0.95409006 -1.0512567  -0.41574     3.9627438   1.36704
 -1.5485567  -0.06741667  0.13755     0.15772337 -1.7089833  -0.08318663
  2.04865     0.23160338  1.1021501   0.5514233   0.6786768  -1.2511934
  2.4927034   1.3169202  -2.35626    -0.85365677  0.1280367   2.06016
 -0.6848267   2.2249768  -0.13136    -1.5375      0.65728     3.03576
 -2.7248366   2.1016166  -0.31509998 -0.58229     1.5322133  -1.0304333
  2.0383368   4.1374965   0.11045333  0.35376337  1.9295965  -1.4642767
  1.2493533   2.8506165  -1.4783934   2.1474369   2.9755566  -0.0216167
 -3.5186033  -2.80686    -0.91959    -2.8415735  -1.1417301   1.8444667
  0.18428333  5.4316697   0.7720067   2.0303633   1.7121401   0.8510434
  1.7373233  -2.7509234   1.4071001   1.1408868   0.9442734   0.1665866
  0.7846033  -0.12808    -0.9531167   1.07121     0.71731    -0.7523834
  3.5147836   0.53238004  2.1770966   0.6175034  -0.0827767  -0.7470667
 -3.02166     1.5581466   1.94486    -1.1284432  -0.05606667 -1.6229099
  0.36281666 -2.9064865   3.1213963  -0.38475332  2.41485     1.51962
  2.6854432  -1.1318934   1.9719267   2.2458067  -2.8504534  -1.6768533
 -3.21593     0.39990664  0.5048766  -2.24771     2.1159499  -1.7939199
  0.07892334  1.4037534   1.6880699   2.2931933   0.16897666 -0.06305667
  1.1082933   0.11700002  0.7604868   2.7834065   0.51252335 -0.81487995
  2.2503767  -0.03404657 -0.50735    -1.3967701   2.2088299   0.80486673
 -0.27985334 -2.8555      2.7061164  -0.8479099  -1.63767     1.16825
 -0.83168     5.4698334   2.3379467  -1.7408434   2.1840835   0.9418166
  1.0118567   0.44410667 -0.5880533  -0.59717995  1.7201533   2.4776433
 -1.5387268  -0.50699335  1.2771966   0.9028333  -1.3344434  -0.62155336
  1.3280667   1.5860766  -0.35489333  0.37496337  1.8715233   1.4144601
 -0.93374664  1.5577432  -0.4459666   1.5587101   3.1789234   1.4620967
 -1.4757733   3.26068    -0.38992667  0.43852666  2.2083967   2.4343066
  1.4507266   1.3614501   1.2786666  -0.21869998  1.43325     0.08704003
 -0.27377003  1.5329033 ]