[[-5.78530725e-01  8.70091183e-01  2.20430681e-01  9.30625203e-01
   1.07284072e+00 -1.71570858e-01  6.24104177e-01  6.84354313e-02
  -1.56608173e+00  1.31761378e-01  4.74764020e-01  1.79630314e+00
  -9.37964544e-01 -2.58273202e+00  2.45747047e-01  2.42191963e-01
  -1.09711317e+00  4.46782321e-02 -1.39923884e+00  1.49598037e+00
  -1.23424697e-03  2.37100927e+00 -7.21868938e-01 -1.15417366e-01
  -9.55242293e-01 -1.02212100e+00  4.20442616e-01  2.08966633e+00
  -3.23788769e-01 -9.44912909e-01  7.27737074e-01 -2.06114717e-01
  -1.04225628e+00  3.99860718e-01  2.60094570e+00  1.83609689e+00
  -1.01635006e+00  5.10034693e-01 -1.78731597e+00  5.12010549e-02
  -1.99210378e+00 -1.13839773e+00  1.73318295e+00 -8.11630803e-01
   1.24507221e+00  1.15562719e+00 -7.96639563e-01 -4.16905851e-01
  -1.58998262e-01  8.48688915e-01  3.58772600e-01  3.37794574e-01
   4.46806478e-01  1.42717970e+00 -3.69779348e-01  1.46771078e+00
  -9.55780648e-02  5.75167199e-01  1.19087023e+00  1.28365834e+00
  -4.68097530e-01  8.70426635e-01  3.20826490e-01 -1.69860995e+00
   8.59099967e-01  2.32856130e-01  1.67614216e-01  1.10895496e+00
   6.97535343e-01  1.23794932e-01  1.79374636e+00 -7.31430365e-01
   8.76325497e-01  1.73840722e+00 -1.56292100e+00  1.46193105e+00
   1.59929344e+00  4.58828266e-02 -1.42272415e+00 -2.25448258e-01
  -6.13788488e-01 -1.01596888e+00 -7.31544538e-01 -1.77474534e+00
   4.12089235e-01  2.20354554e+00 -9.17443697e-01  6.74947176e-01
   8.85224502e-01  7.32942709e-01  7.80614368e-01  7.11535262e-01
   6.45445448e-01 -3.67368536e-02 -2.60009113e-01 -6.11501134e-01
  -9.24864737e-01 -9.32158539e-01  3.86372299e-01  9.85441108e-01
   1.00647174e+00 -1.58764975e+00  1.88410208e+00  1.56786983e+00
   7.42043884e-01  1.20191722e+00 -5.04330178e-01  5.88835327e-01
  -1.98114898e+00  1.56213777e+00  2.23943152e-01 -1.30398823e+00
  -1.56689893e+00  8.81560289e-01  4.85488112e-01 -2.08625480e+00
   9.25952139e-01  3.40172123e-01  4.26203158e-01  6.88681344e-01
   1.36559514e+00 -1.47989498e+00  1.71620483e+00  1.90027601e+00
  -9.62575601e-01 -2.03970160e+00 -1.01883757e+00 -3.64189470e-01
  -3.39902291e-01 -1.73127364e+00  6.18121257e-01 -1.00406266e+00
  -7.39700662e-01  8.35474315e-01 -2.56825593e-01  5.22960897e-01
  -4.70067240e-01  1.22778878e+00  1.53284661e+00 -1.62996832e-01
   3.63745935e-02  1.49998088e+00  7.86470847e-01 -1.41971594e+00
   1.66930499e+00 -4.44318084e-01  4.34644575e-01 -1.73507051e+00
   1.69681066e+00  5.43645457e-01 -4.68518956e-01 -6.13375065e-01
   1.01019122e+00  7.68383026e-01  3.18553488e-01  6.21750225e-01
   1.22967433e+00  2.06858023e+00  8.13243500e-01 -6.89970838e-01
   2.46606353e+00 -2.18305510e+00 -9.14768708e-01 -7.14721738e-01
  -1.13758955e-01 -2.27157847e-02  3.30810170e-01  2.64030431e+00
  -8.81429425e-01  3.83207692e-01  3.59416132e-01  1.72072375e+00
  -1.34013598e+00 -7.76696696e-01  3.12884922e-01  1.31819661e-01
   1.65415258e-01  9.28435483e-01  9.12615040e-01 -2.94302093e-01
  -2.42825178e+00  1.29308229e+00 -6.65836852e-01  1.50363976e+00
   3.55107688e+00  9.51094358e-01 -6.72174088e-01  1.05113831e+00
   4.73368435e-02 -6.78871603e-02  1.47698611e+00  4.11047064e-01
   2.13854668e+00  1.18456365e+00  1.63271376e+00 -2.86505116e-01
   5.51694038e-01  8.30822087e-01 -6.14205656e-01 -3.55603672e-01]]