[-2.6362899e-01  1.4590694e+00 -2.8442034e-01  7.7103066e-01
  1.0729953e+00  2.5005403e-01  5.5156338e-01 -3.3183177e-03
 -1.5007337e+00  1.3107567e-01  2.0941070e-01  1.8545979e+00
 -5.2485675e-01 -2.4008739e+00  1.6896343e-02  1.7834635e-01
 -9.0796393e-01  1.0575232e-01 -2.0008638e+00  1.5575264e+00
  5.3369832e-01  2.0509803e+00 -1.0825537e+00  4.9298507e-04
 -3.9205304e-01 -8.0257595e-01  3.1932536e-01  2.1639841e+00
 -7.6819605e-01 -1.0214727e+00  7.3676270e-01 -4.1855437e-01
 -3.7945300e-01 -1.8948399e-01  2.9573145e+00  1.8068303e+00
 -1.4255558e+00  3.4499502e-01 -1.8363392e+00 -2.6663346e-02
 -2.2016115e+00 -1.2560956e+00  1.6254607e+00 -3.2162568e-01
  9.4276726e-01  9.3189758e-01 -6.7995167e-01 -4.5556164e-01
  1.3313936e-01  1.1203765e+00  7.7120119e-01  3.2689399e-01
  2.0407303e-01  1.0417924e+00 -8.7904668e-01  1.4486573e+00
  2.7419099e-01 -3.2143274e-03  1.1751580e+00  2.1123559e+00
 -1.6965236e-01  7.1430564e-01  6.9559371e-01 -1.4402488e+00
  7.3893297e-01  4.9365562e-01  1.3857765e-01  1.0937172e+00
  5.5901361e-01 -4.0194568e-01  1.3558751e+00 -9.5418584e-01
  5.4761195e-01  9.4909036e-01 -1.2288841e+00  6.0658395e-01
  1.2063385e+00  6.6826999e-01 -1.4737896e+00  3.1458601e-01
 -2.0075703e-01 -1.0736786e+00 -7.4517357e-01 -1.7059070e+00
  9.8678792e-01  2.1698298e+00 -7.4271470e-01  5.3431970e-01
  1.5053023e+00  1.0561941e+00  6.2660033e-01  8.2446176e-01
  6.9326508e-01  1.6710767e-01 -1.4427966e-01 -2.3807970e-01
 -9.4000232e-01 -8.3703977e-01 -2.3922634e-01  1.1273900e+00
  9.1132838e-01 -1.2074095e+00  1.8622344e+00  5.8280128e-01
  2.0923400e-01  3.3448431e-01 -4.7194773e-01  3.7861201e-01
 -1.9943142e+00  2.2395179e+00  6.9262296e-01 -2.1515546e+00
 -1.2789210e+00  1.3662384e+00  5.0842834e-01 -1.7350873e+00
  6.3784915e-01  4.2405632e-01  7.9494488e-01  2.5512537e-01
  8.1888700e-01 -1.4666587e+00  1.6815614e+00  1.4664111e+00
 -3.4012732e-01 -2.1534610e+00 -1.3587339e+00  5.2492015e-02
 -5.3480500e-01 -1.0339063e+00  3.8109869e-01 -1.1024746e+00
 -6.4773822e-01  4.8903134e-01 -9.3577355e-02  1.5751330e-02
 -3.6038980e-02  1.4644113e+00  1.0143217e+00  2.9728168e-01
 -5.3803802e-01  1.1384876e+00  7.4890095e-01 -1.4308485e+00
  1.7710110e+00 -7.4377030e-01  5.9130132e-01 -1.2639923e+00
  1.7063510e+00  1.0040568e-01  5.9257623e-02 -9.2082657e-02
  9.4497025e-01  8.0822635e-01  6.0435200e-01  2.0009974e-01
  1.0959016e+00  2.4892619e+00  4.6290341e-01 -2.0507532e-01
  1.8274571e+00 -2.3719318e+00 -1.1027377e+00 -6.0696471e-01
 -1.4094932e-01  2.0198067e-01  7.2649080e-01  3.4584818e+00
 -8.7535363e-01  7.1913832e-01  3.7198529e-01  1.3048960e+00
 -7.1433693e-01 -8.5227501e-01 -2.6085103e-01 -2.7115002e-01
 -2.0813335e-02  5.2276969e-01  7.8205025e-01 -2.6375565e-01
 -2.4227140e+00  1.0190250e+00 -8.1385702e-01  1.2917243e+00
  3.4456871e+00  6.1508727e-01 -1.3937804e+00  1.1915715e+00
  2.6188099e-01 -4.7756371e-01  1.2015634e+00  2.1069197e-01
  2.0040932e+00  1.0152299e+00  2.3340764e+00 -2.8443903e-01
  1.7614099e-01  4.2806065e-01 -7.7791172e-01 -3.0254632e-01]