[[-0.3416231   1.12879143 -0.13072887  0.75622536  0.80756701 -0.270269
   0.56158226  0.20274494 -1.45299126  0.42486704  0.26817661  2.35376435
  -0.59422057 -2.30556645  0.03875985 -0.09612734 -0.67513155  0.11746561
  -1.15838157  1.13667944 -0.15074141  2.03786757 -0.67660212  0.04620001
  -0.598681   -0.52302267  1.02951942  2.31336078 -0.95941983 -0.44543156
   0.5752045  -0.66040396 -1.14313451  0.07497677  2.29094196  1.65033437
  -0.70157086 -0.27215508 -1.748929    0.2178817  -1.75030679 -1.0249004
   1.32598605 -0.37760633  1.13368426  1.15182791 -0.5522314  -0.56888775
  -0.00698225  1.03762239  0.0816303   0.43590887 -0.48536774  1.4618124
  -0.63414186  1.22483987 -0.01903689  0.39743269  0.59189422  0.62839548
  -0.51307493  1.25491942 -0.00853902 -1.08156636  0.69503578  0.398379
   0.40424888  0.80101831  1.43376056  0.04668056  1.49397086 -0.50621338
   0.61843425  1.4168631  -1.14851411  1.27604691  1.34949673  0.27750606
  -1.15853859  0.0136507  -0.2685914  -0.78783437 -0.52434593 -1.23931787
   0.53076312  2.79218647 -1.31148431  0.41285984  0.65053617  0.72312266
   0.81851524  0.1634493   1.07033015 -0.14635704 -0.09285085 -0.32581479
  -0.35377171 -0.91686592  0.10077731  0.88309349  0.59059903 -1.25914746
   1.417178    1.12125072  0.80405379  1.11037554 -0.7064479   0.33586789
  -0.86709676  1.21141619 -0.18853155 -1.25831873 -1.30888985  0.59120674
  -0.09094804 -2.01961649  1.03419561  0.67915565  0.58736848  0.37947338
   1.1805228  -1.17889997  1.43591391  1.89064666 -1.29910028 -1.96041158
  -0.76611138 -0.56061071  0.22545425 -1.59152297  0.33118213 -1.309818
  -0.92657675  0.79847717 -0.04869028  0.37114339 -0.54252435  1.38400988
   1.29911393  0.38945929  0.24649675  1.61042886  0.8272131  -1.51835271
   1.11902846 -0.14174071  0.25197182 -1.63750365  1.66987139 -0.01248212
  -0.63579197 -1.29354157  1.14907748  0.84026353  0.42526675  0.55200352
   0.59244003  1.29030584  1.33673452 -0.5922407   2.00960548 -1.76301914
  -0.71182859 -1.01677605 -0.08191422  0.22192676 -0.01841831  3.05419264
  -0.47516266  0.52811478  0.73050562  0.77315759 -0.64861321 -0.74709788
   0.53509129 -0.00491564 -0.02242308  0.96334776  1.34256154 -0.35283408
  -2.0674917   1.15078748 -0.41051971  1.54168719  2.80464134  0.53946733
   0.11535746  1.25716014  0.28831508 -0.04162352  1.663584    0.65225002
   1.92245873  0.78634239  0.97615384 -0.09344082  0.77541283  0.51578339
  -0.43573928 -0.40566916]]