[[-0.67850152  1.27530621  0.12459641  0.44045157  0.94877611  0.01398525
   0.52649374  0.59069326 -1.76066304  0.54747879  0.4116877   2.7401913
  -0.94157836 -2.48602287  0.27313854  0.25851761 -1.1988851  -0.50074756
  -1.19813613  1.77232743 -0.03540975  2.39952117 -0.67362317  0.25833465
  -0.87272067 -0.85770047  0.94571656  2.04821446 -0.27385276 -0.99490069
   0.29579359 -0.47020027 -0.8693343   0.31805693  2.16358931  1.79099431
  -1.05055682 -0.28085193 -2.14580781  0.34165556 -2.26089026 -1.33830421
   1.16200075 -0.55009643  1.24211292  1.34465553 -1.08854082 -0.43986129
  -0.49383736  0.74016846  0.19674576  0.19776447 -0.47622603  1.31734184
  -0.87436688  1.39539615 -0.40643436  0.3932681   0.65514049  1.08008144
  -0.61894172  1.59848775  0.19342038 -1.80260193  0.37279457  0.70485189
   0.0795013   0.66550507  0.92101281  0.60505643  1.83983827 -0.77332595
   1.09183452  1.01557576 -1.0484325   0.93213235  1.51410377  0.3408928
  -0.84756232 -0.31358219 -0.36958893 -0.88052155 -0.61749601 -1.34701123
   0.5495375   2.8865113  -1.42421794  0.65485359  0.91500959  1.20954442
   0.72738827  0.56913811  1.08947478  0.34710721 -0.19038486 -0.35478731
  -0.49017742 -0.40203102 -0.5033592   0.87888193  0.88028039 -1.58151348
   1.91047097  1.07402985  0.89363874  1.02455457 -0.07301077 -0.05799194
  -0.97845764  1.77944782  0.26127142 -1.15783375 -1.40805034  0.83959174
  -0.03469386 -2.27018169  1.01676172  0.85381197  0.28851191  0.05561399
   1.24773095 -1.54518771  1.59281304  1.17611367 -0.95065453 -2.45844382
  -0.6080859  -0.56591753  0.39103582 -0.94895125  0.65394298 -1.54003729
  -1.14919439  0.6204443  -0.54695924  0.57611879 -0.76645321  1.55542424
   1.21619172  0.7377259   0.65022426  1.69044252  1.03530359 -1.68097161
   1.08520843 -0.85027029  0.36988912 -1.21598647  1.53960536 -0.13726731
  -0.39017206 -1.15590834  1.26690912  0.84635922  0.51545004  0.22459217
   1.9285843   1.48978243  1.4703153  -0.6069663   2.17021203 -1.67162295
  -0.36388756 -0.84706004  0.10122729  0.3915938   0.3981354   3.19063925
  -0.74259554  0.66528715  0.54838653  1.07070521 -0.83528561 -0.93777117
   0.68871057 -0.2418272  -0.15619639  1.18125791  1.31833035 -0.36093318
  -2.30047082  1.3748523  -0.81597752  1.72229646  2.6581972   0.32909359
  -0.16026988  1.36366968 -0.19228019 -0.18379421  1.54924038  0.29515389
   1.74700197  1.11776103  1.65503654 -0.00970257  0.92452406  0.83634736
  -0.36300074 -0.50688134]]