[[-5.21859019e-01  3.06405997e-01 -3.53259033e-01  1.22117499e+00
   7.59115934e-01 -1.59000984e-01  1.99775895e+00 -5.42330187e-02
  -2.11507200e+00  2.29809010e-01  7.22080982e-01  2.77854195e+00
  -8.75411016e-01 -3.73355899e+00 -1.33470047e-02 -9.58156040e-01
  -5.22799990e-01 -6.02811953e-01 -3.44379003e-01  5.07741001e-01
  -3.96309679e-02  2.66238301e+00  3.55069020e-01 -6.23466000e-01
  -1.18425000e+00 -1.42461298e+00  5.95227010e-01  1.72035098e+00
  -3.79839005e-01 -1.64883308e+00  9.47172016e-01 -2.23473299e+00
  -1.46242504e+00  5.93096995e-01  2.60823808e+00  2.94699200e+00
  -1.47718399e+00 -7.83946024e-01 -1.93432395e+00 -5.68905026e-01
  -2.99187407e+00 -2.12309899e+00  1.70155694e+00 -1.24250297e+00
   9.65252006e-01  9.14696020e-01 -2.09066896e+00 -1.13249503e+00
  -2.86115015e-01  1.23232201e+00  6.92253041e-01  6.38254985e-01
   5.08147986e-01  1.53968702e+00 -2.64875007e-01  1.66342001e+00
  -3.50636020e-01  9.32497987e-01  1.71941598e+00  1.95453299e+00
  -5.97092012e-01  8.93834003e-01  2.33795962e-01 -1.92840601e+00
   2.24544965e-01  1.47473704e+00  6.69824997e-01  1.10805991e-01
  -9.32850212e-02  5.64193016e-01  2.51531006e+00  1.72912005e-01
   1.19762999e+00  1.79775104e+00 -7.40955984e-01  1.38923599e+00
   1.28864707e+00  2.84837985e-01 -7.99269012e-01  2.60080382e-02
   3.95971024e-01 -1.28009993e-01  3.03470241e-02 -2.53159794e+00
  -3.93276009e-01  7.30923987e-01 -6.75508028e-01  1.94067031e-01
  -5.31514943e-01  7.16691005e-01  3.85000035e-03  3.50908011e-01
   1.84276397e+00  4.22503996e-01  5.85964988e-01 -1.32344301e+00
  -1.20713198e+00  3.42768008e-01 -1.87203903e+00  8.82668024e-01
   8.88280012e-01 -1.74895100e+00  3.28384802e+00  4.76404989e-01
   1.40429396e+00  5.16939029e-01 -7.58890968e-01 -4.61465004e-01
  -2.03852406e+00  2.18736503e+00 -9.29405987e-01 -1.99826099e+00
  -1.50810598e+00  1.40179574e-02  3.58869015e-01 -2.79926003e+00
   1.48328705e+00 -4.44058979e-01 -8.70599985e-02 -3.77318013e-01
   1.24584502e+00 -1.34982200e+00  9.00467008e-01  1.72642895e+00
  -1.55597699e+00 -1.39059598e+00 -2.57461297e+00 -8.75464021e-01
   5.46064004e-01 -7.77559972e-01  5.81868014e-01 -8.71210039e-01
  -1.49514500e+00  9.61341012e-01 -6.99416007e-01  6.29052001e-01
  -1.01504600e+00  1.74699603e+00  9.18908983e-01  1.27117602e+00
   6.32944983e-01  2.14455700e+00  1.06587001e+00 -1.67255601e+00
   1.06583999e+00 -1.07068298e+00  7.46195996e-01 -4.70336994e-01
   3.11934016e-01  7.03990102e-02 -4.94573019e-01 -4.90501983e-01
   2.10454803e+00  9.72637010e-01 -3.02413997e-01  4.31368008e-01
   2.08115903e+00  2.30039705e+00  1.12684302e+00 -1.21119299e+00
   2.84647101e+00 -1.80876898e+00  8.27674000e-01 -6.75920129e-02
  -2.82895976e-01 -7.25590014e-01  2.99171011e-01  4.05319197e+00
  -7.16198007e-01  1.29833901e+00 -2.47334993e-01  1.68320299e+00
  -1.12820698e+00 -1.77288608e+00  6.59937978e-01  1.07883402e+00
  -6.02301014e-01  2.97461907e+00  2.93735402e+00 -3.84187973e-01
  -1.92712092e+00  2.45734202e+00 -8.91748017e-01  2.68405907e+00
   2.19071094e+00  5.33485037e-01 -4.98213023e-01  9.60979037e-01
   4.68465994e-01 -1.78192997e+00  1.67241103e+00  6.38475989e-01
   1.82360799e+00  1.65458296e+00  1.31375303e+00  4.21570092e-02
   1.00096697e+00  7.50364980e-01  5.57484975e-01  7.42392045e-01]]