[-0.49761158  0.912573   -0.11150809  0.96694064  1.182082    0.16490175
  0.9382424   0.01060489 -1.6567044   0.3164256   0.31059006  2.4205315
 -0.7019683  -2.2870057   0.41045687  0.1796692  -1.2180557  -0.12733445
 -1.5360168   1.5796671  -0.12721972  2.283927   -0.9421365   0.05404381
 -0.824191   -0.6785982   0.41826576  2.583569   -0.40527284 -1.4163587
  1.1216372  -0.539948   -0.5211743   0.3807556   2.471636    1.5843375
 -0.99244386  0.04967938 -2.1486742   0.35050872 -2.0158813  -0.8787274
  1.7824494  -0.60361826  1.2697527   1.4485673  -0.6603336  -0.25131762
  0.33618098  0.9111619   0.5919365   0.28476885 -0.23262331  1.4820988
 -1.2159601   1.5676969  -0.04867397  0.19368047  1.3056173   1.5254664
 -0.28578338  1.5605221   0.06328712 -1.2784365   0.49297473  0.5055697
  0.44712332  0.86832786  1.1542333  -0.2739164   1.4224137  -0.6865702
  0.44678384  1.589493   -1.0695822   1.2023567   0.95750815  0.12804386
 -1.3826715  -0.68968433 -0.77490103 -0.78476137 -0.6650723  -1.041381
  0.44118083  2.4544687  -1.0578285   0.78210294  0.5077388   0.8034715
  0.9712294   0.39410603  0.97751117  0.30275846 -0.1438997  -0.61631113
 -0.687419   -0.784266   -0.3123911   1.4160178   1.1951182  -1.9913434
  2.2029397   1.252399    0.71528834  0.34779525 -0.19038093  0.0561893
 -1.5231522   1.6771418   0.34492743 -1.4458104  -1.2961285   1.0376425
  0.8799232  -2.212035    0.7475727   0.5198358   0.23748747  0.28316715
  1.6800268  -1.5963086   1.6263564   1.8414655  -0.9943918  -2.5265007
 -1.6865449  -0.59521097  0.10805315 -1.4129779   0.9386554  -1.2790252
 -1.0418898   0.6722052   0.13144334  0.02938602 -0.40911034  1.0474967
  1.230472    0.20167539 -0.33929303  1.2067192   0.68769765 -1.6909193
  1.6560768  -0.87401503  0.56419027 -1.6532506   1.5842421   0.39378878
 -0.51624954 -0.45875478  0.8879182   0.41546896 -0.17139494  0.26732314
  1.5210196   2.1627026   0.89383215 -0.69578356  2.1058538  -1.731994
 -0.80687505 -0.4479317   0.47517756  0.24704954  0.638653    3.1782768
 -0.79677886  1.0016812   0.41604206  0.84499663 -1.2142959  -0.9503674
  1.0027782  -0.20118473 -0.27426276  0.8061162   1.1768209   0.09101237
 -2.0167153   1.3308029  -0.53474563  1.6829118   3.3035836   0.50857717
 -0.56576383  1.1435722   0.37422204 -0.5128018   1.5958284   0.02539299
  1.8156477   0.9582998   1.9953203   0.02447729  0.6401572   0.33582056
 -0.45726472 -0.08175383]