[[-0.17888889  1.11303815 -0.15130277  0.50518463  1.10802961 -0.5903939
   0.89784407  0.23063352 -1.5012563   0.9332348   0.1122989   2.79222983
  -1.23285835 -2.71940723  0.60105611  0.0987113   0.29923908 -0.01440333
  -1.50572852  1.39976854 -0.1618174   3.10801298 -0.52815854 -0.45375406
  -1.07269812 -0.70966576  1.15538203  2.15897129 -1.06142502 -0.35257926
   0.22427835 -0.9812922  -0.73968221  0.18494777  1.59373852  1.92918612
  -0.55712167 -0.84064721 -1.9603761   0.78631074 -2.25567813 -1.3177437
   1.08167074 -0.13170688  1.04458686  0.78346091 -0.53618909 -0.8424174
  -0.01594148  0.91406908 -0.10087795  0.11035072 -0.72903647  1.54321742
  -0.72440389  0.60528594 -0.30911242  0.78988481  0.2466461   0.40635386
  -0.60340092  1.23214853  0.25232758 -1.72765908  1.0039035   0.73028722
   0.52423076  0.64712815  1.8191559   0.74833721  1.36347499 -0.04781964
   0.36740297  1.07221239 -1.53169095  1.17950426  0.67352759  0.11099853
  -1.52820114 -0.34581817  0.26690334 -0.83878167 -0.44550184 -1.2287439
   0.8772126   3.66283109 -2.04254721  0.25973298  1.11191778  1.76923761
   0.86411926  0.27679315  1.00452722 -0.20506927 -0.25979555 -0.39145908
  -0.34982222 -0.65116889 -0.48702611  0.88229629  0.68792705 -1.43482463
   2.08578111  1.55980353  1.63449369  1.47352002 -0.89893945  0.66404518
  -0.93035299  1.39511202 -0.5961537  -1.11631073 -2.32083353  1.41788668
  -0.05209371 -2.35229332  1.43832981  0.73791702  0.3399163   0.21258258
   1.35001537 -1.14623277  1.82728242  1.90765335 -1.92731923 -2.20274129
  -0.09238999 -0.78536204  0.724295   -1.70409388  0.16428999 -1.80348536
  -1.21489127  0.68741132 -0.21348481  0.73167111 -0.71130259  1.58134055
   0.71709704  0.71038573  0.41855185  2.29192946  1.08450888 -1.74994631
   0.31376464 -0.54520573  0.32075925 -1.53387757  1.4851585  -0.01808759
  -0.70925758 -1.60483351  1.24924685  0.74852945  0.84165128  0.4105822
   0.68170148  1.31395815  2.0159346  -0.80300111  2.70225169 -1.14033093
  -0.31334499 -1.30436277  0.61108035 -0.21245944  0.44190186  2.79511349
  -0.8273489   0.52426464  1.15625574  0.980325   -0.69482445 -1.18930205
   0.61496739  0.47512185 -0.29873519  1.32657003  1.43622205 -0.69566631
  -2.53920204  1.66717814 -0.43219926  1.22205817  2.18658944  0.41739684
   0.17647925  1.30582464  0.39877779 -0.33393872  1.68967244  0.60132814
   1.88921131  0.6664613   0.60668018  0.12998649  1.09383815  0.57161018
  -0.68308037 -0.37579574]]