[[ 0.05865805  1.37876539 -0.29891151  0.88616691  0.5322619  -0.51937613
   0.40021038 -0.12999773 -2.29900584  0.44613498  0.13059348  2.55917648
  -0.68735807 -2.55907885  0.42888768 -0.19514155 -1.13241315 -0.06612922
  -0.90494698  1.56084387  0.485245    3.08661189 -0.88952194  0.43411
  -0.57986073 -0.42631696  0.58105386  2.50776605 -0.60565233 -0.5384123
   0.18125959 -0.63221965 -0.91528029  0.59991728  1.72300529  1.81289151
  -1.11925887 -0.21006268 -1.89658851  0.62130655 -1.76690038 -1.20191933
   1.66570817 -0.63464195  1.25138852  1.53655761 -0.39726037 -0.56931771
   0.76407578  0.73724387  0.15660418  0.63389731 -1.08701111  1.62522384
  -1.35838582  1.00506194 -0.17140767  0.73955311  0.51959655  1.12156267
  -1.15107652  1.32946267  0.58726347 -1.88130643  1.13258302  0.42312958
   0.30585651  0.84828653  1.42888551  0.11793616  2.29739667 -0.41597615
   0.82698919  1.29886429 -1.39045226  1.25773114  1.80408304  0.26740961
  -1.63897115 -0.67938502 -0.66440885 -0.94048918 -1.08579919 -1.693735
   0.65587113  2.56353154 -0.88827043  0.66948424  0.71832882  0.92499111
   1.12359771  0.36733232  1.47555348 -0.48961845 -0.36220692 -0.34567733
  -0.59477577 -0.9026846  -0.34069307  1.34584727  1.07402774 -1.96024616
   2.12906339  1.26029265  0.8909165   0.33003849 -0.07070038  0.03401965
  -1.34456774  2.06281531  0.0381823  -1.54416613 -1.4829569   1.1058427
  -0.09148806 -2.07589968  1.35238728  0.66529075 -0.27838306 -0.0235839
   1.20253496 -1.39475195  2.18902502  1.8374504  -1.2476661  -2.19870531
  -0.95957459 -0.50144997  0.09264117 -1.14188153  1.27016507 -1.12318692
  -0.66211077  1.730085   -0.45394117  0.0515408  -0.60152998  1.46596541
   1.16620732  0.92291494 -0.48677341  1.87582391  1.32032231 -2.03572389
   1.78713393 -0.22068116  0.5025219  -1.7908058   2.32056431  0.19055497
  -0.47583807 -1.19520299  1.36594541  0.7362084   0.14313074  0.67364539
   1.79601148  2.33886149  1.08401309 -0.87784498  2.54012845 -1.22808352
   0.25763771 -1.24109114  0.48992537 -0.25321387  0.49036925  3.24561023
  -0.52946427  0.8514196   0.32784037  0.33404961 -1.05386843 -1.14188423
   0.97074266  0.4112942  -0.57821614  1.17594658  1.25782233 -0.86632777
  -1.8344268   0.55000189 -0.51184694  1.13983115  2.85634585  1.04178961
  -0.42379618  1.33515266 -0.03600501 -0.29189268  1.81489801  0.22255112
   2.02798692  0.94813729  1.89566803  0.33775963  1.06746576  0.36396309
  -0.9647077  -0.13000963]]