[-2.1859999   0.24855494 -0.40333498  1.7838475   0.917495   -1.3512725
 -0.37904757  1.3119476  -0.56272     0.2876475   1.036775    2.6309526
 -1.993145   -1.4792125   1.639405    0.5047875  -2.3501973   0.3014125
 -0.47537002  1.5504174   0.44774252  2.4367623  -1.1120875  -0.92762005
 -2.0071526   0.64474744  1.310515    2.4380026   0.6839925  -0.5561675
  1.0038251  -0.9633225  -0.0550974   0.8704225   1.05202     3.2450724
 -1.77563     0.602205   -3.4061422  -0.4255575  -1.649575   -2.1442475
  3.7548127  -0.747535    1.4450225   0.8744575  -0.29619002 -1.1532375
 -0.77312744 -0.4141775   1.3441075   1.3023374   0.86916006  0.51321495
 -1.0026375   2.7284274   1.309955   -1.112005    1.7873825   1.430925
  0.40099     1.3591776  -0.341525   -2.337705    0.8405225   2.17073
 -0.899065    2.0392451   2.247265    0.2994625   2.2929225  -1.8012176
 -0.40078503  5.03299    -2.02758     1.30619     0.8860775  -0.08419502
 -2.622685   -1.5087376  -1.0980775  -0.65594494 -1.9196849  -1.7329975
  0.4913225   2.6959724  -1.3146676   0.9140325   1.5753751   0.1282275
  1.93541     1.4989374   0.74961996 -1.1472926   0.697255   -1.4007151
 -0.61700004 -1.5904601   0.35008758  0.23404998  0.5472325  -1.86988
  2.0667875   1.4321874   0.44976     0.8371625  -1.214005   -0.42817247
 -1.991365    1.1915749   0.1500425  -2.9583125  -0.87545     1.5452824
  0.06427503 -2.9323351   0.58986247 -0.18885005 -1.3304625   1.89608
  0.74516    -1.2181475   2.1065974   4.501105   -1.9474375  -4.30034
 -1.6615425  -1.5298     -0.1301001  -2.39819     0.91946256  0.16111997
  0.43680748 -0.4281751  -0.12923747  0.5310625   0.05489501  1.165605
  2.1056027  -0.05864501 -0.50952256 -1.1186202   0.6275825  -3.102685
  1.228585   -0.22583503  2.6729326  -1.56148     0.04704499  0.50047004
 -0.22831003  0.1549775   0.6014375   0.99193746  0.42162752  0.96040237
  0.13167252  2.6751301   2.034205   -1.2510176   2.9255972  -1.6554049
 -1.3922125  -0.7534324   0.5996375  -0.5019725  -0.94067     4.5611277
 -1.3648875   0.19440003 -0.07699753  1.5910826  -0.26316497 -0.908025
  0.516565    1.2747526  -0.673475    3.1480675   0.7685826   0.159785
 -1.9376175  -0.02201251 -0.92435503  2.5169349   3.9779449   1.9168376
 -1.1332124   1.0394826   0.20252004 -0.53413004  1.80837     0.44858748
  1.9937025   0.48226747  4.1284623  -0.18910751  0.666835   -1.0528176
 -0.5440275   0.66368   ]