[[-3.10095892e-01  3.39654628e-01  2.57384180e-02  1.00075126e+00
   7.14878523e-01  4.00835745e-02  9.60103569e-01  8.26574941e-01
  -1.03426443e+00  5.85286423e-01  7.18399375e-01  8.14776005e-01
   9.22342112e-02 -1.11816894e+00  9.19127370e-02 -7.53186367e-02
  -1.83953462e-01 -1.43441902e-01 -1.16726537e+00  1.59461632e+00
   3.72471473e-01  1.57057758e+00 -2.64532848e-01  4.29379210e-03
  -6.04781585e-01 -7.01286544e-01 -5.19187477e-02  1.08797304e+00
   3.80012221e-01 -3.50411790e-01  9.09252522e-01  3.46259272e-01
  -3.71242734e-01 -3.10724637e-01  2.03874421e+00  6.62363476e-01
  -6.12572301e-01  1.91135585e-01 -1.16562538e+00 -1.16756116e-01
  -1.31945800e+00  3.60956534e-01  2.13357774e-01  2.64798926e-02
   1.01837274e+00  1.31725315e+00 -1.05389903e+00 -9.88856533e-01
  -3.55737788e-01 -1.24430845e-03  4.86062098e-01  1.25075678e-01
   1.60516004e-01  1.68554253e+00 -5.63503897e-01  9.59494740e-01
  -3.86412200e-01  7.58854636e-01  9.35256940e-01  6.99632099e-01
   1.33400835e-01  6.52284098e-01  8.01272532e-01 -8.48180846e-01
   3.20050522e-01  2.38147261e-01  4.76118101e-01  6.85537048e-01
   3.40523262e-01  2.27815053e-01  9.41215798e-01 -1.01385706e+00
   3.88893479e-01  1.12799610e+00 -7.21124637e-01  7.48710519e-01
   4.18715166e-01  1.84332733e-01 -3.50627894e-01 -1.44349465e+00
   1.94149255e-01 -4.42352633e-01 -6.62707897e-01 -1.03050736e+00
   5.00614842e-01  1.29801116e+00 -7.13094090e-01  2.55708107e-01
   4.81717258e-01  8.28571054e-01  8.52854749e-01  2.35739470e-01
   1.95254213e-01  4.78083462e-01  1.95988423e-02  3.14496952e-01
  -7.61691060e-01 -3.62964518e-01  2.26780083e-02  4.24275149e-01
   6.12443991e-01 -4.04658207e-01  1.01139033e+00  5.76429897e-01
   5.20327259e-01  9.02583790e-01 -3.68557896e-01 -4.39981157e-02
  -1.91867394e-02  7.30190634e-01  3.41093992e-01 -6.61578630e-01
  -3.22317583e-01  1.16199589e-01  3.30014432e-01 -9.37599477e-01
  -4.01830607e-03  2.68093280e-01  2.47082123e-02  3.26117780e-01
   1.95598074e+00 -2.50972742e-01  1.08956242e+00  1.17783820e+00
  -1.60725917e+00 -1.51811274e+00 -8.19374534e-01  2.46737850e-02
  -5.51440843e-01 -1.10143275e+00 -4.27357704e-01 -7.86648846e-01
  -8.32657476e-01 -9.89547339e-02  2.31398101e-01  5.47040523e-01
  -3.88103579e-01  3.20770203e-01  8.19098205e-01 -2.69254836e-01
   5.73098002e-01  5.45298203e-01  2.07020000e-01 -8.34343690e-01
   1.67545570e-01 -3.55344524e-01  3.92875266e-01 -1.04855391e+00
   3.38902411e-01  3.15149269e-01 -7.75218222e-01 -1.09631063e+00
   1.15982643e+00  5.02403991e-01  1.56891152e-01  3.10781686e-01
   1.23051653e+00  1.44638926e+00  1.52192117e+00 -3.49724953e-01
   1.28266747e+00 -1.29753442e+00 -5.91919057e-01 -4.55781577e-01
  -9.84907351e-02 -5.73885260e-01  5.31296851e-01  1.93130148e+00
  -7.38426320e-01 -2.15002203e-01  2.05788421e-01  4.22832956e-01
  -6.61698213e-01 -7.46317276e-01 -6.76395740e-02 -2.23786227e-04
  -5.73771474e-02  1.12817811e+00  1.30084417e-01 -8.88371553e-01
  -1.89864483e+00  1.05110862e+00 -3.18541367e-01  1.17061717e+00
   1.62243862e+00  6.74544633e-01 -7.81701084e-02 -2.20877882e-01
  -1.90450421e-01 -1.04672418e-01  9.67896424e-01  5.96251365e-01
   1.39353336e+00  7.97922629e-01  2.81607678e-01 -4.62559679e-01
   3.95295575e-01  4.47284524e-01  2.93937862e-02  4.99127266e-01]]