[[ 2.28010019e-01  9.80366662e-01 -2.86705026e-01  1.63831666e-01
   1.34671336e+00 -1.28790663e+00 -4.92548366e-01  6.10050013e-02
  -1.05662833e+00  7.29906661e-01  1.27471340e+00  2.39876999e+00
  -1.09603333e+00 -1.16669331e+00  1.57518001e+00 -2.67476673e-01
  -9.38223382e-01 -6.58264990e-01 -7.81405004e-01  2.28789657e+00
  -2.97625025e-01  9.08688346e-01 -1.74831662e+00 -9.49403370e-01
  -6.78121657e-01 -4.02619980e-01  2.56393490e+00  2.14132663e+00
   6.19964977e-01 -2.12525336e+00  3.53218327e-01  3.96653324e-01
   9.40236632e-01  2.47283320e-01  2.46701833e+00  1.92804170e+00
  -1.92997008e+00  6.22760038e-01 -2.14061833e+00  1.05806171e+00
  -3.14472829e+00  6.25373334e-01  1.52262329e+00  6.00750496e-02
   1.29819662e+00  8.20641657e-01  2.52263313e-01 -1.51941834e+00
   2.14744327e+00  2.06639504e+00  2.03436336e+00 -5.81330011e-01
   2.84383323e-01  7.65576651e-01 -1.57139670e+00  1.59681994e+00
  -1.82578344e-01 -1.72338317e-01  7.75773381e-01  9.91098409e-01
  -7.34874969e-01  9.33853303e-01  5.30741702e-01 -9.93846655e-01
   1.12264988e-01 -7.49663306e-01  1.47858661e+00  5.88073278e-01
   4.14816663e-01  8.68068328e-01  1.07679336e+00  1.31071647e-01
   2.80718345e-01  2.00496668e+00 -3.73510003e-01  1.13308169e+00
   3.11083446e-02  5.53648333e-01 -1.80036495e+00 -1.94836658e+00
  -1.44249996e-01 -1.36614338e+00  7.72673368e-01 -8.52023373e-01
   6.51491642e-01  2.28131332e+00 -8.85398290e-01  9.00570005e-01
   8.42474997e-01 -3.02013385e-01  5.27673359e-01 -4.67438358e-01
   1.83966686e-01  1.07726653e-01 -9.10716708e-01 -1.32970666e+00
  -1.30609832e+00 -3.73195012e-01 -4.77613330e-01  5.35548309e-01
   8.23529989e-01 -1.27481999e+00  2.42941000e+00 -6.16369988e-01
   5.89190006e-01  2.45525007e-01 -1.52059668e+00  7.75258362e-01
  -1.59102335e+00  1.98401337e+00  2.85666684e-02 -3.22371706e-01
  -1.09630498e+00  1.05994827e+00  1.05916499e+00 -2.90981700e-01
  -1.76516682e-01  2.66488334e-01 -5.95016927e-02 -1.12320830e+00
   1.77583498e+00 -2.34044670e+00  3.08649834e+00  2.63433834e+00
  -3.82244974e-01 -2.52441825e+00 -2.15550660e+00  1.07166711e-01
  -1.34825011e-01 -1.71247161e+00  1.52458360e-01 -1.48256168e+00
  -2.67818366e-01 -4.77289997e-01 -2.78950036e-02  2.95670019e-01
  -4.04878328e-01  1.90200679e+00  1.23724496e+00 -4.70248342e-01
  -2.21180032e-01  2.06774165e+00  1.47278831e+00 -7.59524976e-01
  -7.00060020e-01 -8.60815001e-01  1.25193666e+00 -2.34649340e+00
   2.25209495e+00  1.09219000e+00 -1.02700500e+00 -1.69414337e+00
   7.53156696e-01  9.63328322e-01 -1.95988312e-01  1.66187664e+00
   1.25478500e+00  1.24853502e+00  2.95036339e+00 -1.32676683e-01
   1.73759832e+00 -1.31263336e+00  7.63250192e-02 -1.30471687e-01
  -8.56155028e-01 -1.49613331e-01 -8.54630036e-01  3.99661997e+00
  -8.77288317e-01  7.28349954e-01  6.42798285e-01  8.43758285e-01
  -6.55175000e-01 -1.77853329e+00  6.26580000e-01 -1.38818003e+00
  -3.91276644e-01  2.15792501e+00 -2.29673341e-01 -1.61630015e-01
  -2.95231501e+00  2.53385834e+00 -3.95443362e-01  2.44300503e+00
   3.60429331e+00  7.39811623e-01 -2.48867500e+00  1.02887834e+00
   1.30660000e-01 -1.65207999e+00  1.88726329e+00 -7.61648019e-04
   1.67387168e+00  1.32562507e+00  3.67146696e-01  2.57350057e-02
   6.70500062e-02  1.16465834e+00 -6.91766838e-02  4.90643332e-01]]