[[-4.61051452e-01  7.88684541e-01  2.76900113e-02  1.45206693e+00
   1.09595502e+00  1.01034653e+00  1.06440097e+00  6.24204993e-02
  -1.05420104e+00  9.22589449e-01 -1.02509998e-01  1.84077143e+00
  -6.28732049e-01 -2.59323545e+00 -7.27589920e-02 -2.42987492e-01
  -7.60317966e-01 -2.86998525e-01 -1.37459949e+00  8.82798483e-01
   2.15049472e-01  2.08041544e+00 -5.78083512e-01  4.17712990e-01
  -5.13550502e-01 -9.99480999e-01  6.33738494e-01  2.22241493e+00
   1.44887520e-01 -1.17431099e+00  9.30409002e-01 -5.89699500e-01
  -7.15333509e-01  9.64165118e-02  2.25075238e+00  1.99324048e+00
  -1.17425752e+00  3.52294013e-01 -1.79283648e+00  1.46314500e-01
  -1.49536300e+00 -1.04527758e+00  1.29851000e+00 -7.22845950e-01
   4.51344977e-01  1.17528898e+00 -5.68057974e-01 -2.69410506e-01
  -3.90188964e-01  1.13958545e+00  9.97384430e-01  6.75220996e-01
   2.42049014e-01  1.62631898e+00 -8.04869564e-01  1.73199310e+00
  -6.99465066e-02 -4.75734867e-02  7.23136544e-01  1.67510593e+00
  -3.54505479e-01  1.10851102e+00 -1.97540097e-02 -1.06820207e+00
   8.09729499e-01  4.16287982e-01  1.16817504e-01  7.21257070e-01
   8.26175459e-01 -3.75669533e-01  1.22059450e+00 -8.60351472e-01
   3.37731493e-01  1.56756491e+00 -1.10444952e+00  1.34779491e+00
   1.53050602e+00  3.99869949e-01 -2.07691900e+00 -1.45428994e-01
  -8.71863049e-01 -1.11262399e+00 -5.22489497e-01 -1.48443553e+00
  -9.67909932e-02  2.61083012e+00 -6.72184001e-01  1.04572903e+00
   8.32567514e-01  1.16303362e+00  5.41736482e-01  1.13695697e+00
   4.48623525e-01 -2.54392514e-01 -1.55939505e-01 -7.76197430e-01
  -8.79758967e-01 -1.73631893e+00 -5.14012496e-01  7.53394979e-01
   8.54723473e-01 -1.80808307e+00  1.69397044e+00  1.82806356e+00
   2.99600002e-01  6.41802059e-01 -7.53084034e-01  9.03019860e-02
  -1.11204799e+00  1.71200602e+00 -8.41059911e-02 -1.66734613e+00
  -1.45496653e+00  5.62003997e-01  7.83371466e-01 -2.14509241e+00
   8.57664059e-01  9.72687030e-01 -3.29336511e-01  2.11241508e-01
   1.15956407e+00 -1.52069389e+00  1.03708099e+00  2.22340654e+00
  -1.95857362e+00 -1.41070096e+00 -1.99586799e+00 -1.21640409e+00
  -1.02991068e-01 -1.44814245e+00  6.08378456e-01 -9.33685428e-01
  -3.74946983e-01  1.12364808e+00 -5.25094708e-02  4.82501487e-01
  -4.32295009e-01  6.15713995e-01  8.41980958e-01  4.51370018e-01
  -7.95929968e-02  1.34174954e+00  7.70361537e-01 -1.22092700e+00
   8.67529972e-01 -4.76059525e-01  4.79387054e-01 -1.66012795e+00
   1.56114846e+00 -1.26304969e-02 -8.91239643e-02 -7.07906461e-01
   1.29995551e+00  8.39010015e-01  7.50304848e-02  9.65144973e-01
   1.05970248e+00  1.50580356e+00  8.60999525e-01  2.98753513e-01
   2.17825284e+00 -2.16725336e+00 -6.32916495e-01 -7.71782030e-01
   5.55399209e-03  1.81700885e-03  5.75399983e-01  2.89570757e+00
  -1.07911153e+00  1.05161447e+00  5.83058473e-01  1.32228002e+00
  -7.95596567e-01 -1.01060950e+00  4.95000516e-01 -1.42705083e-02
   7.80366516e-01  9.08964032e-01  1.29572399e+00 -5.21885067e-02
  -1.99207553e+00  1.08465159e+00 -1.04189996e+00  1.00105945e+00
   2.69012488e+00  5.89135485e-01 -6.95362067e-01  1.17090402e+00
   6.73713002e-01 -8.23838025e-01  1.85209742e+00  2.97661489e-01
   2.20770865e+00  9.98357990e-01  1.51405641e+00  5.87970990e-01
  -8.14379866e-02 -3.27160045e-02 -1.06644599e+00 -8.81675228e-02]]