[[ 0.2372026   0.65958241 -0.21264369  0.9015763   1.28324608  0.1166935
   0.82188587  0.40550455 -1.56587021  0.38993567  0.68463306  2.09423281
  -0.74627979 -2.71020286  0.41727196  0.14477    -0.58215521  0.01667718
  -1.78576978  1.6690598  -0.52085064  2.39162371 -0.96507043 -0.49654108
  -0.46111828 -0.76886239  0.59818284  2.28375065 -0.2702598  -1.02241327
   0.96701977 -0.48533154 -0.75760046  0.01796456  2.31573346  1.74641523
  -1.19998132  0.46356327 -0.92189454  0.51054434 -2.34993264 -0.82429978
   1.85617327 -0.54742891  0.80243697  1.07587979 -0.18640043 -0.53917848
  -0.01413283  0.41401391  0.39014131  0.25991739  0.45453564  1.66662197
  -0.39601826  1.18954413 -0.17997652  0.11654653  0.90070216  1.25221477
  -0.14381589  0.61148673  0.28794326 -1.31101195  0.7692074   0.82992607
   1.20116956  0.99470848  0.70243412  0.01863498  1.29985371 -0.79377457
   0.42308088  1.62914411 -1.64124044  1.55735434  1.62305632 -0.03400958
  -1.7796211  -0.30122846 -0.31900781 -1.11040435 -0.6440313  -1.55820259
   0.58383478  2.24256895 -0.95507953  0.56083258  1.16496197  0.80491175
   0.71266565  0.16759413  0.52766955 -0.15466239 -0.27055784 -0.6176661
  -0.56762457 -0.83872348 -0.227715    0.62314238  0.95347803 -1.61139345
   1.80985673  1.36725348  0.75510064  0.84010543 -0.43810847  0.34254521
  -1.42918046  1.20785369  0.40718153 -1.49250892 -1.22580631  0.95751717
   0.35680477 -1.97696349  0.67933217  0.50625196  0.61461718  0.18567214
   1.71260935 -1.10681718  1.49325175  1.74317608 -1.12477956 -1.87198066
  -1.28164239 -0.50471086 -0.443925   -1.55900197  0.29851653 -1.19612999
  -1.00315738  0.38455718  0.09988804  0.26304215 -0.82226957  0.96918086
   1.32209389  0.2845713   0.06755326  1.42047719  0.34228673 -1.58913346
   0.72850804 -0.83461153  1.04854847 -2.52242586  1.68765302  0.66159238
  -0.58785588 -0.76100674  0.64300589  0.38722761  0.29376218  0.73387718
   1.0355811   1.87944347  1.59933565 -0.44088805  2.56056459 -1.86635458
  -0.70242697 -0.61135677 -0.42486194 -0.25380738  0.17359782  2.72907718
  -0.90605305  0.11113915  1.07098392  1.74189129 -0.93745086 -0.78816066
   0.75934346 -0.08163152  0.32917218  1.50969326  0.3800787  -0.2137748
  -2.21903283  1.79059129 -0.54300979  1.72048653  3.21750979  0.63216757
  -0.63171328  1.6149161   0.26659609 -0.06004543  1.40096219  0.14171348
   1.90714195  1.22571632  0.95593391 -0.51030411  0.87330391  0.76161391
  -0.74234001 -0.00861476]]