[[-1.85328862e-01  1.15091691e-01 -1.19209994e-01  6.96907328e-01
   8.70409697e-01 -3.20713816e-01  9.70974644e-01  2.87710294e-01
  -1.62150509e+00  3.08700417e-01  2.35788877e-01  2.05838461e+00
  -4.21799433e-01 -2.16251284e+00  5.14511686e-01 -1.02859016e-01
  -5.10373378e-01  3.08607036e-01 -1.26083550e+00  1.47477114e+00
  -1.57889020e-01  2.08350762e+00 -8.92660039e-01  4.24494419e-02
  -8.54340408e-01 -7.37046621e-01  7.63621968e-01  2.22643087e+00
  -2.98210977e-01 -1.03129845e+00  1.18753523e+00 -7.80925905e-01
  -1.03025239e+00  3.23125211e-01  2.27340969e+00  1.54400277e+00
  -8.06080429e-01  1.60340412e-01 -1.70820624e+00  3.60617741e-01
  -1.97984450e+00 -6.29388721e-01  1.51006195e+00 -9.09354927e-01
   8.87897876e-01  1.07642267e+00 -5.79781287e-01 -3.24063114e-01
   2.60706611e-01  8.11204480e-01  3.56913232e-01  8.98012351e-03
  -1.29139445e-01  1.88100534e+00 -1.01428549e+00  1.50066170e+00
  -4.06864353e-01  5.39898607e-01  9.20799990e-01  1.16874494e+00
  -5.52923103e-01  1.37810056e+00  1.17320868e-01 -1.14882679e+00
   8.67843243e-01  5.59429719e-01  2.89274516e-01  1.08014521e+00
   1.04921493e+00  2.42540823e-01  9.47087034e-01 -6.21282413e-01
   3.44435919e-01  1.86142142e+00 -1.18443013e+00  1.17708915e+00
   1.16044071e+00  7.45725305e-02 -1.21778940e+00 -5.58262673e-01
  -4.39123972e-01 -1.06145344e+00 -5.84756039e-01 -1.63195897e+00
   5.44200424e-01  2.52618850e+00 -8.52245329e-01  6.96182248e-01
   1.38574496e-01  5.14491962e-01  1.19997492e+00  3.77238026e-01
   5.24072785e-01  3.96100565e-01 -2.31057464e-01 -6.41262106e-04
  -4.95406058e-01 -5.31954488e-01 -2.58948044e-01  2.67907154e-01
   8.49620863e-01 -1.15573249e+00  1.74631027e+00  1.27791772e+00
   8.85965348e-01  7.65707469e-01 -6.72215058e-01  1.35234759e-01
  -1.48441877e+00  1.66731931e+00 -3.44738880e-01 -1.28833866e+00
  -1.39640035e+00  5.68594647e-01  4.38071695e-01 -2.48086763e+00
   1.02909057e+00  2.91953821e-01  5.98242801e-01  1.59063092e-01
   1.30693874e+00 -1.33900465e+00  1.46907507e+00  1.40915871e+00
  -1.25644124e+00 -1.71261298e+00 -9.91801247e-01 -3.65394516e-01
   4.14310862e-01 -1.27977368e+00  2.70502376e-01 -1.41303464e+00
  -1.02026324e+00  8.65885064e-01 -2.17090439e-01 -2.25634716e-03
  -8.37321702e-01  1.28392287e+00  1.64163354e+00 -3.09563638e-01
   3.52656042e-01  1.49669328e+00  8.53468615e-01 -1.62300605e+00
   8.46265885e-01 -4.62802819e-01  5.70094364e-01 -1.39858707e+00
   1.65265734e+00  6.88897865e-01 -5.74790717e-01 -1.53515142e+00
   1.31437051e+00  6.74257043e-01  1.95274911e-01  9.27243923e-01
   1.27245751e+00  1.26903434e+00  1.28759456e+00 -9.25713394e-01
   2.27999383e+00 -1.77577899e+00 -6.56010439e-01 -9.89589423e-01
   7.52564808e-02  1.09610427e-01  2.19730833e-01  3.02679870e+00
  -6.89839584e-01  4.67357042e-01  3.33043917e-01  1.09032818e+00
  -9.93639863e-01 -9.62704081e-01  8.18541640e-01  6.93976089e-02
  -2.65702690e-01  1.40280719e+00  1.52708378e+00  3.44231096e-02
  -2.01746508e+00  1.41375411e+00 -3.89719990e-01  1.70521295e+00
   2.73415713e+00  8.40584920e-01 -1.89936192e-01  1.19780915e+00
   7.35449285e-02 -2.90712703e-02  1.61925938e+00  3.84507586e-01
   1.90253427e+00  7.63772664e-01  1.00002595e+00 -3.20597745e-01
   6.07440821e-01  5.46035475e-01  5.23691552e-02 -1.13871123e-01]]