[-0.80203897  0.7145127   0.05860163  1.2622011   1.1956203   0.6897565
  1.5135843   0.23858187 -2.1301641   0.32111406  0.67168295  1.68312
 -0.5198797  -2.4352705   0.14666839  0.5315607  -1.3301249   0.2357062
 -2.011113    1.3895565   0.36660948  2.6169097  -1.0003448  -0.01426511
 -0.4942943  -0.7507349   0.5165551   3.2692313  -0.6540867  -1.3356433
  1.7525744  -0.71156704 -0.8472797  -0.04631322  2.8283386   1.532735
 -1.5515964   0.97680795 -1.939966    0.1673454  -2.0448341  -0.45649245
  2.2501457  -1.0084568   1.6781528   1.4025226  -0.554694   -0.3829085
  0.5986697   1.1966443   1.302963    0.48073268  0.547906    1.4613165
 -0.8645946   1.3341311  -0.2600373  -0.6514471   1.389074    2.4780097
 -0.6390257   0.98330563  0.13540053 -1.5123017   0.84691197  0.3327092
  0.53577816  1.0256834   0.31167057 -0.3288182   1.448953   -0.8750294
  0.62206477  1.4140726  -1.9881792   0.95805645  2.0115817   0.27612427
 -1.5605494   0.43470976 -0.6777547  -1.4800227  -1.1545911  -1.7013661
  0.6908465   2.9960673  -1.0633132   1.2067819   0.95984083  0.49051142
  1.296955    0.20858598  0.91448385  0.757313    0.3259808  -1.0942037
 -0.66160166 -0.9157282   0.1279849   1.6255538   1.0785047  -1.7856272
  2.3729787   1.599917    0.7489121   0.30490053 -0.4412935   0.5173426
 -2.051901    2.6830223   0.42379132 -2.4335785  -1.276021    1.3587458
  0.8552797  -2.0973644   0.59017587  0.8895662   0.70123214 -0.21149953
  1.9656254  -2.3350687   2.1818435   2.3666043  -0.47769675 -2.9627764
 -1.8166372  -0.24511352 -0.34461027 -1.552474    0.8436439  -1.2877144
 -0.47026345  0.60671747 -0.4538254   0.37930673 -0.33570164  1.3417584
  1.7409635   0.51632863  0.1992976   1.4484638   0.74253625 -1.6628319
  2.181358   -0.48017836  0.05786978 -1.4825557   1.7668331   0.07135351
 -0.4491691   0.06315002  1.2951692   0.55171186 -0.08904409  0.04289762
  1.8544089   2.8590696   0.6298914  -0.05132272  2.4660082  -2.9145706
 -0.49889615 -0.74042195 -0.22481975  0.2517381   1.1564368   2.8463295
 -0.7277382   0.4958024   0.34855974  0.91115075 -1.6541654  -1.1453673
 -0.19461654 -0.08870216 -0.20988569  0.33995643  1.3090931  -0.19888246
 -3.0196548   1.607846   -1.382154    1.9828091   3.8715124   0.6043159
 -0.6931333   1.3024533   0.45717514 -0.18914866  1.7592008  -0.13636106
  2.5346324   0.72127646  2.2583914  -0.4089525   0.30884057  0.18898353
 -1.0089334  -0.53038484]