[[-0.58584512  0.34179781  0.02902683  0.65073295  0.62605214  0.08181637
   1.16797608  0.86851344 -1.60247192 -0.10472757  0.68346195  2.29987171
  -0.57662244 -1.9799502   0.22699367  0.27236905 -1.11092022 -0.02298414
  -0.98476926  1.70514341  0.13999024  2.40432837 -0.61168783  0.08789781
  -0.58653977 -1.43758225  0.7965381   2.42356726  0.19297996 -1.33182829
   1.48637925 -0.16601656 -1.25315929 -0.10703538  2.38940133  1.5238715
  -1.50268806  0.4690056  -1.30627435  0.05111488 -1.9832324  -0.7183446
   1.20648757 -1.23980928  1.86784481  1.79659072 -1.03485219 -0.46776975
  -0.25322195  1.1773632   0.76733951  0.21274855  0.27087391  1.66037171
  -0.70065293  2.20786926 -0.1448039   0.21322269  1.1223117   1.6549675
  -0.90414464  1.66114533  0.22557193 -0.64668049  0.48090318  0.99961393
   0.58740488  0.76652877  1.02022829 -0.27376098  1.38135637 -1.0284917
   0.80915147  1.48062655 -1.41568931  1.12189314  1.3483088   0.52933414
  -0.53004026 -0.90307171 -0.60960268 -1.01960339 -0.70598441 -1.12098286
   0.3166512   2.6578533  -1.20140103  0.87852292  0.64807463  0.53336953
   1.2655105   0.08280927  0.53777418  1.00947536  0.21481491 -0.87293586
  -0.06926292 -0.69005388  0.25464073  0.77736999  0.38962974 -1.11469584
   2.35516076  0.92680975  0.6985775   0.60263218 -0.76285052  0.11883438
  -1.88608588  1.59300832  0.65667487 -1.25168439 -1.00581877  0.98965343
  -0.10625951 -2.20694804  0.44555978  0.58158609  0.96024123  0.31155
   1.90840781 -1.35015177  1.43532266  1.29726684 -0.94868052 -2.34273953
  -1.57522216  0.05653097  0.1162893  -1.34725103  0.82387394 -1.46746853
  -0.87742756  0.60710267 -0.37837806  0.23301708 -0.98592219  0.88206391
   0.83421536 -0.30999196 -0.03674222  1.34118757  0.92818955 -1.98274886
   1.42342066 -0.47798024  0.5949127  -1.60202779  1.28287444  0.21823973
  -0.75307805 -0.21009438  1.10044974  0.60701     0.06260049  1.03914809
   1.4126781   1.78271611  1.39696192 -0.97539078  1.87697927 -1.35675511
  -0.51312879 -0.44165219  0.08150047  0.5151093   0.25967631  2.72627976
  -1.17821344  0.4488239   0.82070925  0.84086244 -1.28131023 -1.07034294
   0.76199344 -0.08513194 -0.14747268  1.20670901  1.19729249 -0.19479755
  -1.93266783  1.40273834 -0.90808197  2.3577944   3.54387839  0.51217316
  -0.24327075  0.90165001  0.19928975  0.06832949  1.54458315  0.08911858
   1.48548881  1.50536147  2.01950201  0.04066978  0.90218678  0.78544563
  -0.3539756   0.26733731]]