[[-1.17860738e-02  6.19052822e-01 -1.51026735e-01  1.08927892e+00
   4.91525428e-01  2.36887017e-02  1.45959368e+00  3.33915881e-01
  -1.35897871e+00  3.03963473e-01  5.81374772e-01  1.26495978e+00
   1.85615398e-02 -1.52840412e+00 -1.01840429e-01 -1.93345009e-01
  -3.17410212e-01 -4.11594345e-01 -1.32057783e+00  1.35633869e+00
   1.87660864e-01  1.49301674e+00 -2.97406310e-01  8.59536857e-02
  -6.30035641e-01 -9.97430431e-01  2.22214360e-01  1.56212088e+00
   3.06402393e-01 -7.98321305e-01  1.00814237e+00  1.89371148e-03
  -5.27623470e-01 -5.50567162e-01  1.97064459e+00  7.77364790e-01
  -4.82533916e-01  6.34595441e-01 -8.37652839e-01  8.73956484e-02
  -1.27469022e+00 -2.12839789e-01  4.77683239e-01 -1.22234752e-01
   9.99712179e-01  1.67049368e+00 -8.45098696e-01 -4.31616106e-01
  -2.69721301e-01 -2.09864797e-01  4.39724138e-01  5.56889145e-01
   3.18113897e-01  2.08364873e+00 -6.24480008e-01  1.09035673e+00
   2.04408477e-01  6.19932630e-01  7.00689790e-01  7.37044975e-01
  -6.32880557e-02  1.11731173e+00  6.20187591e-01 -1.09476304e+00
   1.22507630e-01  6.19423243e-01 -1.21121717e-02  6.64364548e-01
   6.22199114e-01  3.12832177e-01  1.26115390e+00 -1.22976393e+00
   5.60109347e-01  1.48433262e+00 -7.61953038e-01  5.68099783e-01
   1.10550629e+00 -9.92649936e-02 -4.70198906e-01 -7.78579366e-01
   7.21613298e-02 -8.21358578e-02 -5.78877609e-01 -9.54430214e-01
   2.98989577e-01  1.35909457e+00 -1.06787303e+00  2.33792387e-01
   2.17702175e-01  1.23909545e+00  4.98290203e-01  3.13925872e-01
   3.10021678e-02  7.80847824e-01  7.56923773e-02  1.87946748e-01
  -2.86906093e-01 -3.56989332e-01  8.39149873e-02  4.15964564e-01
   7.58746086e-01 -4.64093718e-01  1.10198564e+00  1.07722282e+00
   5.65186307e-01  9.49037824e-01 -4.22150636e-01  3.24625433e-01
  -6.08878470e-01  1.76724536e-01  6.32336102e-01 -8.36523457e-01
  -3.61221089e-01  9.85800041e-02  3.65493693e-01 -1.57433393e+00
   1.31800215e-01  2.71953705e-01  3.00760859e-02 -1.23379143e-01
   1.41493586e+00 -9.15391086e-01  9.52655231e-01  1.24648413e+00
  -1.19128522e+00 -1.96087284e+00 -1.27375326e+00 -4.81071764e-02
  -5.93746746e-01 -1.02440239e+00 -5.76399824e-02 -7.75683245e-01
  -3.62868673e-01 -1.75376488e-01 -4.31097791e-02  5.98505431e-01
  -6.03728696e-01  5.51296744e-01  7.09860887e-01  1.91321694e-02
   4.02996948e-01  8.87139348e-01  3.81502833e-01 -1.41929847e+00
   1.34858046e-01 -2.71039352e-01  4.36405858e-01 -1.09528781e+00
   8.21948717e-01  6.29789100e-02 -6.46356321e-01 -1.20166890e+00
   1.37743218e+00  3.90993543e-02 -3.63028283e-02  4.37961966e-01
   1.19764521e+00  1.84046979e+00  1.20711675e+00 -1.07300648e-01
   1.14000915e+00 -1.62781652e+00 -9.53545876e-01 -5.71776732e-01
  -4.39830536e-02 -2.77521293e-01  6.74072834e-01  1.92469784e+00
  -8.20218698e-01  8.01841413e-02  1.15952620e-01  7.38576079e-01
  -1.01572651e+00 -7.80388492e-01  5.96803699e-01  5.27108270e-01
   2.72825223e-01  1.21009369e+00  8.21480384e-02 -4.93115645e-01
  -2.10400409e+00  1.32615391e+00 -7.66466943e-01  1.32991826e+00
   2.03967804e+00  8.95733048e-01 -1.42446966e-01  5.08530213e-01
   1.14404995e-01  2.40382603e-01  1.15306586e+00  5.67117401e-01
   1.69523500e+00  7.06575438e-01  1.52012153e-01 -2.35580355e-02
   8.51399797e-01  4.13376738e-01 -2.51121741e-01  3.14899120e-01]]