[[-1.83277988e-01  8.96342945e-01 -9.21960354e-02  4.17275000e-01
   1.65680695e+00 -2.95737958e-01  1.01614599e+00  5.63279986e-02
  -1.35623903e+00  5.72494936e-01  5.21998978e-01  2.01264286e+00
  -6.18557930e-01 -1.74281311e+00 -1.58490014e-01  2.75228977e-01
  -1.43115501e+00 -1.49176502e+00 -1.73637199e+00  1.41620417e+00
   1.10318017e-01  3.10778427e+00 -1.35245895e+00  5.79399645e-02
  -1.79181099e+00 -1.16435308e+00  1.19070301e+00  2.55465794e+00
  -3.70880032e-01 -4.91210985e-01  7.14369011e-01 -8.56059933e-01
  -1.02392302e+00  2.50509024e-01  2.09201298e+00  1.79163399e+00
  -1.18870916e+00  8.83616924e-01 -1.55963192e+00 -3.13336992e-01
  -3.32131004e-01 -7.12693024e-01  1.86119690e+00 -4.86053944e-01
   2.56563973e-01  2.15978413e+00 -1.69048290e+00 -7.62730026e-01
  -3.85087991e-01 -3.62804961e-01  4.90544939e-01  8.26140046e-02
  -1.52258992e-01  1.11270905e+00 -1.38557291e+00  6.34832096e-01
  -1.01075592e+00  2.03299999e-01 -4.34090078e-02  1.03522196e+00
  -2.04139996e-01  1.14832697e+00  8.98540974e-01 -5.26700199e-02
  -7.02359915e-02  5.91751957e-01  2.49535990e-01  1.01974401e+00
   1.56888695e+00  1.66152966e-01  1.34419498e+00 -1.65855198e+00
   7.58012915e-01  8.98717976e-01 -1.47114401e+00  1.00532198e+00
   2.19785690e+00  6.02317953e-01 -1.49374790e+00  2.94098043e-01
   2.05782986e-01 -8.09397984e-01 -4.20638037e-01 -1.17274294e+00
   1.28661594e+00  3.35716095e+00 -1.48924294e+00  8.88228035e-01
   8.94465923e-01  8.46904945e-01  5.89638996e-01  7.42039919e-01
   1.53496304e+00  1.32171106e+00  1.84046006e-01 -1.16358700e+00
  -4.23886013e-01 -4.96051025e-01  6.04030371e-02  5.39118004e-01
   2.45145035e-01 -2.16230106e+00  1.91181793e+00  8.19758034e-01
   9.25502968e-01  1.46052990e+00 -2.48171997e-01 -1.86428010e-01
  -9.66191959e-01  1.64165401e+00 -3.15292025e-01 -2.45054989e+00
  -1.07976694e+00  1.16799107e+00  1.74916005e-01 -1.74081402e+00
   4.50946999e-01  1.55016994e+00 -8.21713066e-01  1.56503105e+00
   5.67907953e-01 -1.49158707e+00  1.21955681e+00  2.15050907e+00
  -6.34551001e-01 -3.02763195e+00 -5.50369978e-01 -1.23127899e+00
   1.87465990e-01 -1.58451595e+00  5.71522951e-01 -1.42964611e+00
  -1.07114201e+00  6.34485006e-01 -1.43039188e+00  5.15601969e-01
  -4.18225956e-01  2.31418686e+00  1.45968113e+00  1.24928799e+00
  -6.40060997e-01  1.26110096e+00  1.45225506e+00 -1.59116001e+00
   1.59653797e+00  3.84037995e-01  8.66016960e-01 -1.35177908e+00
   2.02482185e+00 -2.07083988e-01 -7.86110103e-02 -8.81489944e-01
   1.07397900e+00  7.90088034e-01  1.14783037e-01  2.38558984e-01
   1.17723904e+00  1.49122000e+00  1.26533003e+00 -6.82313967e-01
   2.03878288e+00 -2.03564415e+00  7.38918018e-01 -2.38732004e-01
   2.52799988e-03 -4.66238976e-01  7.52478981e-01  3.07392387e+00
   6.33690000e-02  4.71845055e-01  7.80556965e-01  1.28060303e+00
  -1.64988785e+00 -7.99001980e-01 -1.23083992e+00  7.47729969e-01
   3.42560983e-01  6.17439938e-01  1.40013094e+00 -7.20838976e-01
  -1.05461302e+00  1.57716293e+00  6.23297989e-03  7.99365997e-01
   2.54171200e+00  5.54246998e-01 -2.84544992e-01  7.91979980e-01
  -3.83271956e-01  7.10882950e-01  1.58328896e+00  4.37879801e-02
   1.64938602e+00  6.48777962e-01  2.26383610e+00 -1.47443008e-01
   1.54379845e-02  8.99089050e-01 -1.17554893e+00  2.75496006e-01]]