[-2.32444    -0.02545    -0.89023     0.03673    -0.11959     0.37296999
 -1.4758899   1.73085    -1.09119    -1.59831    -0.47298     1.11682
 -1.20022    -5.99124     4.97281     0.4419      1.51407     2.56459
 -1.44031     1.9660499  -0.45914     6.9891205  -0.45027    -0.41347
 -2.71389     3.05243     0.31300002  3.48939    -2.00304     0.77513003
  2.6518602   0.20469001  0.56717     1.87062     3.3877099   1.27004
 -2.7244601   0.48887     1.05041    -1.3327099  -1.59402    -5.62104
  1.00468    -4.03097     1.59008     0.9825     -0.13011    -1.73156
 -0.65229    -1.89413    -1.17584    -0.15864    -1.71511     0.50129
  0.01017     1.33808    -3.35845     2.04193    -1.59446     1.21219
  2.51406     1.5271599  -0.0663     -0.39687997  2.7736301   3.1509101
  2.35395     4.49566    -0.89257    -0.49776     1.83711    -4.59737
 -1.6612799   3.75984    -1.89053     0.40100998  4.7027      1.13717
  1.7926099   0.93051004  0.20866999 -4.18653    -2.8671     -1.7325001
 -0.18882     2.03175    -1.14878     2.56004     3.68998     1.6383
  3.41846     1.09566     3.3978999   2.36347     0.97613     1.66847
  0.62794     1.13399     1.5467299  -2.36733    -0.98438    -0.71412
  6.73032     3.13787     3.8770401   1.90597    -0.86892     2.6184402
 -0.30314     1.8571299  -1.09407    -1.89978    -3.97924     3.0641499
 -1.6117699  -1.4995899   3.79992     1.23025     3.52013     1.28133
  1.0851799  -0.16691999  3.6604     -1.19958     0.03412    -3.68423
  0.57116     0.90715     1.342      -0.18216999 -0.10595001 -2.56957
 -1.97415    -1.72776     0.24789    -2.51898     1.64095     3.0239902
  3.65842    -2.35485    -2.1069698   1.30373     3.48726    -1.8128
 -0.34908998  2.42992     3.47575    -6.23507     0.09379999  5.19233
 -0.15628001  2.44769    -1.20399     0.5627      2.02989    -0.58292
  1.12977     2.55304     1.94777    -2.41262     0.57712996 -4.03327
 -2.91119    -1.00578    -0.22079     1.3504801   2.98373     1.8862
 -1.45144    -1.6134299   2.94006     1.25525    -1.02054    -5.0600395
 -0.90147007 -0.86244     0.74101996  2.19437     1.5260699  -0.21866
 -4.47254     1.9143801  -1.02752     1.78899     4.72346     1.5813
 -2.83515    -0.98087     2.9105499   3.00811     4.0551      1.3793001
  2.99261     3.1381402   0.24802999 -2.73312     1.81314     2.3323998
 -0.0192     -2.43477   ]