[[-3.85330973e-01  9.36612653e-01 -1.36204103e-01  1.04062229e+00
   1.25503093e+00 -4.23202925e-01  6.67077359e-01  4.51865921e-01
  -1.84852843e+00  6.02429961e-01  6.98923989e-01  2.63834304e+00
  -5.77030942e-01 -2.63982160e+00  9.52832442e-01 -3.42948715e-01
  -7.49096839e-01  5.30380815e-02 -9.80327949e-01  1.63869831e+00
  -1.90222449e-01  2.77739485e+00 -7.41497419e-01 -3.35694779e-01
  -1.23013442e+00 -7.34924565e-01  9.63693125e-01  2.20698274e+00
  -5.15915080e-01 -1.12419690e+00  6.17191878e-01 -6.80626853e-01
  -1.06736918e+00  2.19931286e-01  2.45057147e+00  1.97448468e+00
  -1.00345642e+00 -1.22780996e-02 -1.76389677e+00  5.46389201e-01
  -2.45466532e+00 -1.60502546e+00  1.40929355e+00 -6.14782662e-01
   1.25864994e+00  1.43309584e+00 -1.23199701e+00 -8.29134404e-01
  -2.59465198e-01  8.31660823e-01  2.48594554e-01  6.79831193e-01
  -3.34946034e-01  1.90334858e+00 -9.20422323e-01  9.29561871e-01
   1.31997271e-01  7.64910780e-01  1.01008773e+00  1.04894292e+00
  -3.38579344e-01  1.70176590e+00  4.32739795e-03 -1.07989875e+00
   8.19853076e-01  7.73572562e-01  8.80597233e-01  1.14498058e+00
   1.14405935e+00  1.60262764e-01  1.83493901e+00 -9.21091535e-01
   7.87416642e-01  1.90305767e+00 -1.24010712e+00  1.52809277e+00
   9.42582054e-01  9.80714788e-02 -1.48484556e+00 -6.60451778e-01
  -8.77493618e-02 -7.19483412e-01 -7.13505445e-01 -1.31306585e+00
   4.54973975e-01  3.12273095e+00 -1.38660823e+00  2.83620374e-03
   7.31502136e-01  1.33118255e+00  4.79776540e-01  3.44860341e-02
   1.15202876e+00  1.18640419e-01  7.72344050e-02 -2.47429325e-01
  -1.90034947e-01 -8.49625636e-01 -1.79070689e-01  6.84235516e-01
   7.99884000e-01 -1.32393463e+00  2.26056605e+00  1.23432803e+00
   1.04868115e+00  1.34988884e+00 -9.03912819e-01  8.59491399e-01
  -1.32552105e+00  1.58128436e+00 -3.59328793e-02 -1.01191208e+00
  -1.46073907e+00  1.07694093e+00  2.22445516e-01 -2.12161949e+00
   6.08555367e-01  6.38370842e-01  8.34686122e-01  7.09147189e-01
   1.79621353e+00 -1.58799521e+00  1.63971965e+00  1.98610498e+00
  -1.23462003e+00 -1.88187094e+00 -8.35552314e-01 -6.30100873e-01
  -1.89297228e-01 -1.40036591e+00  3.91460139e-01 -1.30324684e+00
  -1.22446249e+00  8.94044259e-01 -4.67253376e-01  6.19025336e-01
  -6.11938804e-01  1.18504007e+00  1.54079459e+00  5.12221110e-01
   2.91718013e-01  1.70399295e+00  1.11142202e+00 -1.81472869e+00
   5.60100485e-01 -2.51527244e-01  6.77179640e-01 -1.72021132e+00
   1.13987844e+00 -1.42109897e-02 -3.31850248e-01 -1.46933495e+00
   1.10617754e+00  5.98952101e-01  3.57330758e-01  7.71485666e-01
   9.92356398e-01  1.79671391e+00  1.72307081e+00 -3.97511884e-01
   2.40842831e+00 -2.19694490e+00 -9.56280343e-01 -9.42725928e-01
   4.53097526e-03 -1.24512173e-01  3.27326313e-01  3.29466593e+00
  -1.25507339e+00  2.86246283e-01  6.02673984e-01  1.36919324e+00
  -6.95055356e-01 -1.48501796e+00  7.45555090e-01  2.23295084e-01
  -2.28672614e-01  1.78679528e+00  1.68384017e+00 -5.21068828e-01
  -2.77332556e+00  1.74473867e+00 -8.63251358e-01  1.87466028e+00
   2.68263519e+00  4.79457064e-01 -3.68386098e-01  1.35800061e+00
   5.37418813e-01 -3.32587884e-01  1.35216207e+00  3.17992171e-01
   2.18565199e+00  1.18861448e+00  7.13568547e-01  9.55920546e-02
   4.14981980e-01  8.58913338e-01 -4.46380963e-01 -2.81163538e-01]]