[[-7.15426181e-01  8.28735592e-01 -3.72595686e-01  5.14565251e-01
   1.02528406e+00 -4.03774824e-01  6.08616159e-01  3.58123150e-01
  -1.57227255e+00  2.74016691e-01  1.78035140e-01  2.44322421e+00
  -8.00429196e-01 -2.24267032e+00  9.37270664e-01 -6.79714439e-02
  -7.50628366e-01  1.19588234e-02 -1.41657841e+00  1.40464343e+00
   6.70508939e-01  2.18579497e+00 -7.97610872e-01 -1.28169482e-01
  -5.17969184e-01 -6.04462007e-01  6.13352798e-01  2.40316088e+00
  -3.94734988e-01 -4.78229859e-01  8.54403013e-01 -2.10809509e-01
  -1.01615217e+00  7.35149897e-02  2.26427774e+00  1.62434085e+00
  -8.67040370e-01 -2.33152013e-01 -2.15328677e+00  7.60807886e-01
  -1.65069671e+00 -1.04230367e+00  1.55960089e+00 -6.28330185e-01
   1.19550386e+00  1.11556679e+00 -2.64587517e-01 -3.31872355e-01
  -3.13560995e-01  5.10688530e-01  5.64646309e-02  1.90932068e-03
  -5.96095832e-01  1.29468915e+00 -7.53516540e-01  1.52843965e+00
  -6.47703067e-02  2.02519512e-01  1.00257636e+00  1.00473405e+00
  -1.89972337e-01  1.39075497e+00  1.66018629e-01 -1.27649438e+00
   5.37257494e-01  6.39392849e-01  1.56557327e-01  1.05314289e+00
   9.11584977e-01  1.30952158e-01  1.69254383e+00 -6.93294498e-01
   5.91545678e-01  1.40505951e+00 -1.40156256e+00  9.71132141e-01
   7.83762774e-01 -6.95964675e-03 -1.59322052e+00 -6.79760856e-01
  -2.61228310e-01 -9.25718962e-01 -7.10334932e-01 -1.15819586e+00
   4.53374176e-01  2.84169424e+00 -1.27597337e+00  4.49723261e-01
   6.89345385e-01  8.54018512e-01  4.75774000e-01  1.89317856e-01
   1.03641299e+00  4.83630131e-02  9.20317024e-03 -5.82386265e-01
  -2.98409705e-01 -7.89324941e-01  2.31325532e-01  6.69880834e-01
   5.18511123e-01 -1.61161028e+00  1.69341305e+00  1.16062149e+00
   1.05036998e+00  9.47485150e-01 -7.80391410e-01  4.83094310e-01
  -9.81826900e-01  1.34939829e+00  1.23514478e-01 -1.12179643e+00
  -1.53889978e+00  9.00483473e-01 -1.28375155e-01 -2.20483872e+00
   1.19657035e+00  2.41348316e-01  6.08237047e-01  1.58533041e-01
   1.59531793e+00 -1.31089191e+00  1.70919205e+00  1.23460187e+00
  -8.86068407e-01 -2.03846438e+00 -6.51893497e-01 -5.83088828e-01
   6.04683152e-01 -1.98493538e+00  3.55585840e-01 -1.22103067e+00
  -1.03025645e+00  9.27729254e-01 -1.54225758e-01  2.53918315e-01
  -2.43098318e-01  9.93797964e-01  1.27351100e+00  3.46533321e-01
   1.89409922e-02  1.45694989e+00  8.98783117e-01 -1.62333005e+00
   1.20523215e+00 -3.18162198e-01  3.79737382e-01 -1.42028045e+00
   1.29967161e+00  2.67886704e-02 -1.07141819e+00 -1.07600979e+00
   1.04262884e+00  9.78432338e-01  7.34128773e-01  9.56140156e-01
   8.32879483e-01  1.50750168e+00  1.27106888e+00 -4.47930479e-01
   2.06319430e+00 -1.23517365e+00 -6.27011129e-01 -7.11341345e-01
   1.47386827e-01 -6.11350000e-02  4.04219534e-01  2.70966953e+00
  -5.44135140e-01  5.07938312e-02  9.39241978e-01  1.16188597e+00
  -4.72392530e-01 -8.59126225e-01  1.01471317e+00  1.10528666e-01
  -1.37410505e-01  1.56924455e+00  1.32479029e+00 -7.84766115e-01
  -1.56408267e+00  1.19514353e+00 -6.70758310e-01  1.80168212e+00
   2.73580277e+00  4.87041842e-01 -2.43294137e-01  1.37606687e+00
   3.19111483e-01 -6.19891574e-02  1.29600722e+00  3.02862494e-01
   1.79150724e+00  1.00654250e+00  1.36907493e+00 -3.45613822e-01
   4.78164985e-01  5.84622006e-01 -6.57779825e-02 -2.52631605e-02]]