[[-0.61508421  0.64668626 -0.20815128  0.77240131  1.38679367  0.3759425
   0.26756504 -0.14623586 -1.93993967  0.24246541  0.52532458  2.0635971
  -0.76993001 -3.02397666  0.24741751 -0.49300749 -1.43259622 -0.53250168
  -1.08159041  1.08353796 -0.05316703  2.57432886 -0.74565039  0.47215501
  -0.65111249 -1.40960157  0.58948789  2.62110175  0.22056169 -1.08309911
   1.41599039 -0.82764744 -1.00799257 -0.18902499  2.7061904   1.83575171
  -1.46610711  0.42687875 -1.75303043  0.11394204 -2.40258616 -1.09072251
   1.50963784 -0.42318376  0.8849287   2.16737797 -0.92682291 -0.84082335
   0.06162166  0.21532958  0.55876622  0.26209084 -0.19344375  1.50427256
  -1.07840844  1.48315163  0.00955166  0.65418959  1.02244159  1.21947793
  -0.55631378  1.57774456  0.50108916 -1.39937255  0.58393084  0.44729206
   0.55234374  0.72560956  0.88539492  0.355225    1.94692329 -1.00170628
   1.60863675  1.619178   -1.93739458  1.19558119  1.56786419  0.59599497
  -1.05632255 -0.11641289 -0.39319459 -1.23088377 -0.2413817  -1.17120344
   0.90624758  2.85781416 -1.27818831  1.52318873  1.03708837  0.72927919
   0.95332294  0.57893797  0.64390835  0.27115625  0.22338831 -0.66973664
  -0.60256585 -0.70978707  0.08338878  1.09356952  0.87835626 -1.88480421
   2.53623613  1.50662793  0.90866916  0.95145125  0.11962375  0.25177332
  -1.35211623  1.91083229  0.39245837 -1.17593886 -0.90272327  0.66895252
   0.14419125 -2.01497954  0.93592502  0.10894044  0.53634206  0.41484958
   1.41465627 -1.13050584  1.77248622  1.39621498 -1.00562541 -2.40937165
  -0.83467002 -0.22732335 -0.04783751 -1.2179442   0.85360798 -1.43693463
  -1.2491901   1.71176624 -0.51027708  0.71067995 -0.84541498  1.3178359
   1.29876445  1.07745996  0.13670085  1.52043209  0.92769168 -1.280905
   1.61213214 -0.30386121  0.44857124 -1.96652105  1.95554749 -0.03658541
  -0.08190378 -0.64338458  0.98054364  1.04601583  0.57098211  0.53660545
   1.11482248  2.31545503  1.06359292 -0.45691458  2.61115535 -2.35454157
  -0.77866292 -0.47271998  0.10388165  0.03596544  0.41737204  2.52394561
  -0.76258627  0.83562291  0.59942127  1.71210505 -0.73383166 -1.29606542
   0.10758083 -0.17351587  0.14672374  0.67420045  0.94224959 -0.0353708
  -2.50439005  1.6683191  -0.24256248  2.01590252  3.08785482  0.21931457
  -0.49069707  0.80933917  0.1792221   0.14498459  2.13950205 -0.09094126
   2.03840565  1.33271747  1.70219602 -0.01436625  1.08734332  1.04338332
  -0.75054832 -0.04515791]]