[[-1.10560597  1.19037998 -0.44269999  1.63540995  1.28426796 -0.58901001
   0.86110999  0.27552597 -2.20541391  0.61435601  1.11328398  2.85179193
  -1.27316198 -2.33539399  0.621158   -0.814574   -1.99235797 -0.68237602
  -2.40468209  1.82662201  0.84115599  2.79880013 -2.34172401  0.69168802
  -2.08153799 -0.94393997  0.705392    2.05699797 -0.00985395 -1.19217601
   0.51696999 -0.68435199 -0.84327002  0.428864    3.04744806  1.38256803
  -1.71680011  0.54682    -1.76664197  0.65961602 -1.351858   -2.70587804
   1.300824   -0.09964404  2.25605007  2.59162998 -2.09271204 -1.46806201
   0.22455203  0.261412    0.52155802 -0.842674   -1.27352803  2.14954203
  -1.21422201  1.78254204 -0.218276    0.85819201  1.50025802  2.32035811
  -0.73569598  0.91710602  1.48219202 -1.20655799  0.08712807  1.26035805
   0.81861602  0.98994601  1.26141003 -0.15301398  2.02916799 -1.57431002
   1.05701798  1.75280204 -0.95524801  1.41219002 -0.040128    1.64420798
  -0.07894599 -0.18051002  0.03069601 -0.76814597  0.10180999 -2.48253394
  -0.49356     2.17580597 -0.93158396  0.50436001  2.22941604  0.29606395
   0.42946398  0.37329197 -0.11612601  1.19528201  0.24904801 -0.45117
  -1.08164802 -0.80516202  0.122522   -0.03454603  0.64327201 -1.34833599
   1.98468602  0.24255403  0.677092    2.07626605  0.25794199  0.37044997
  -2.22841201  1.71656398  0.31799998 -0.42182001 -2.20778607  2.00418406
   0.46554992 -1.22528601  0.74640203  0.21448799  0.48998203  0.53331199
   1.17962601 -1.59293002  0.86337797  0.44378195 -1.41437799 -2.63244593
  -0.97639604 -0.75970801  0.13303799 -0.88527998 -0.05552001 -2.10494199
  -0.35301998  0.19832    -0.86522195  0.141752   -0.96665201  1.47522597
   1.63296201  0.18933598  1.23961603  1.50932797  0.35639399 -0.14772203
   1.48567202  0.92045802  0.53059596 -2.81642604  0.68687201 -0.267774
  -0.77696201 -1.10333995  0.63186399  1.032394    0.99197397 -0.40089803
   1.10699801  0.59631799  0.35937002 -1.12494799  2.81810198 -3.03976994
  -0.88059199 -0.89634003 -0.81264601  0.37274001 -0.09711798  3.22209201
   0.72788398  0.47737199  1.07124004  0.66693806 -0.42355003 -0.58083601
  -0.22850401 -0.486448   -0.83957997  2.20000803  0.05896398 -0.62964199
  -2.02250595  1.04747999 -0.13435204  1.75388999  2.60059996  0.80622996
   0.0308699   1.95883598  0.04586799  0.11067005  0.982752   -0.92657599
   2.80594594  1.68333805  1.99804595 -1.14629401  1.85326002  0.35993207
  -1.13917395 -1.55065196]]