[ 6.6160166e-01  1.2579132e+00 -2.3292667e-01  1.4566517e+00
  2.1440001e+00 -2.4489672e-01  1.0476750e+00  1.5445800e+00
 -2.2638085e+00  6.3460171e-01  1.0762650e+00  2.7233837e+00
 -1.1384050e+00 -1.8527666e+00  9.5425844e-01  1.0047117e+00
 -2.0909550e+00  8.6059999e-01 -1.6891667e+00  2.4494500e+00
 -8.3198839e-01  1.9258868e+00  5.9425491e-01  6.5879993e-02
  3.4008333e-01 -1.0668334e+00  5.0910664e-01  3.7069299e+00
  7.6405334e-01 -1.8103784e+00  1.9211851e+00  2.5651172e-01
 -8.5633832e-01  1.0538484e+00  3.1885049e+00  2.2464283e+00
 -2.0039282e+00  1.4217566e+00 -7.4645001e-01 -5.2981502e-01
 -3.3281934e+00  3.6505333e-01  2.9499397e+00 -2.7297983e+00
  1.9202818e+00  9.5087004e-01 -1.1190550e+00  5.8022332e-01
  9.5223832e-01 -5.8266721e-03  4.6806499e-01 -1.2985100e+00
  2.2176166e-01  4.6118495e-01 -8.1365490e-01  6.4854670e-01
 -5.7299334e-01  1.9002835e-01  2.1725349e+00  8.7533998e-01
 -7.3878837e-01  2.3911667e-01  8.8640012e-02 -1.0668967e+00
  2.2244215e+00  5.3562498e-01  9.4930333e-01  1.5710834e+00
  7.5681829e-01 -3.6505339e-01  2.8154218e+00 -9.1636342e-01
 -7.0274162e-01  3.0824299e+00 -1.0085584e+00  2.6278100e+00
  2.1513767e+00 -2.3144166e-01 -3.0260346e+00 -1.6399831e-01
  2.0863216e+00  3.0966339e-01 -1.5257517e+00 -1.5816166e-01
  1.7325383e+00  1.9677434e+00 -9.2474836e-01  2.4124670e-01
  2.7520666e-01  1.4722033e+00  1.6332732e+00  1.7021834e+00
  1.2157416e+00  1.4397100e+00  7.7321666e-01 -5.1088307e-02
 -2.0446136e+00 -8.7411833e-01  6.2616698e-02  1.5848384e+00
  5.8311659e-01 -1.2849700e+00  2.6522915e+00  7.6796508e-01
  4.7750488e-01  1.1387117e+00 -1.0823101e+00 -3.3294997e-01
 -3.1153333e+00  3.6042197e+00  7.5548667e-01 -6.2341172e-01
 -2.2863119e+00  1.6755567e+00  1.1288234e+00 -2.4952483e+00
  9.5328331e-02  7.5486821e-01 -7.9529995e-01  1.0328166e+00
  4.6343330e-01 -5.9733003e-01  2.7927048e+00  2.3860066e+00
  7.2256333e-01 -3.1016636e+00 -7.0819330e-01  5.6241632e-02
  6.8642169e-01 -8.2467490e-01 -5.1768381e-02 -1.6877750e+00
 -1.3755449e+00  1.1912497e-01 -1.2875851e+00 -4.5021510e-01
 -1.1306218e+00 -7.4372500e-01  2.3066981e+00 -1.1090001e+00
 -8.7474674e-01  1.2368083e+00  9.6809500e-01 -2.2642400e+00
  2.2045166e+00  3.3316612e-03  1.3407034e+00 -1.8428468e+00
  2.4171784e+00  1.6848001e+00 -2.0732148e+00  7.0509672e-01
 -1.0585951e+00  4.2961001e-01 -1.3656267e+00  8.0744338e-01
  3.0104551e+00  2.6424282e+00  4.9691334e-01 -8.6937499e-01
  2.6987333e+00 -3.4888000e+00 -1.3839000e+00 -6.5989000e-01
 -2.3003466e+00  6.6961163e-01  1.4315434e+00  3.4475753e+00
 -1.2799233e+00  2.0684333e-01  4.7201633e-02  5.4745501e-01
 -8.3171487e-01 -1.2706066e+00  9.3708330e-01 -1.0093249e+00
 -3.7950170e-01  1.0216284e+00  9.6671492e-01  7.4696165e-01
 -2.4534733e+00  1.3744100e+00  5.0683361e-02  2.8480017e+00
  4.2057366e+00 -3.9332998e-01 -8.0137998e-01  3.2523492e-01
 -1.7416000e-01  5.6753010e-01  3.0692513e+00 -8.1771499e-01
  1.6684881e+00  2.0274918e+00  2.6063035e+00 -1.4641566e+00
  2.2220500e-01  5.7163501e-01  1.0693669e-01 -4.7866490e-01]