[ 0.26950002  0.7719632  -0.33267084  0.9038055   1.0606445  -0.16802542
  0.7356129  -0.02700342 -1.8607289  -0.25955886  0.5775051   2.356955
 -0.43672428 -1.5342063   0.22533572  0.14498971 -1.25881    -0.4121243
 -1.2491329   0.8654926  -0.10351688  2.2558944  -0.47124028  0.5926937
 -0.12814745 -0.8986994   0.8669706   2.278523    0.23262484 -1.3286049
  1.1800096  -0.8053677  -0.9441862  -0.7063015   2.4376912   1.2908077
 -1.5640123   0.9526607  -1.3787587   0.7280995  -1.600753   -0.54419744
  1.2134024  -0.91483     0.65587085  1.9883299  -0.95843035 -0.5134563
 -0.2439906   0.9112378  -0.404302    0.28514624 -0.41626713  1.7491603
 -1.0967673   1.5841644   0.40798998  0.7973382   0.89426684  1.0857751
 -0.9569301   1.3004943   0.21894886 -0.6300792   0.28520492  0.40865946
  0.5960545   0.8312917   0.8984234  -0.15165514  1.4432791  -1.1003768
  0.87512237  1.3929075  -1.2581577   1.892229    1.3578488   0.42730457
 -0.6520746  -1.4121248  -0.330558   -1.3564703  -0.03370567 -0.92206573
  0.60811186  2.3226967  -0.5969071   0.6375671   0.52727944  0.80507606
  0.73522097 -0.32843256  0.39951348  0.01209287  0.26473376 -0.06673256
 -0.62957263 -0.60082483  0.19542657 -0.17820601  0.99620384 -1.88253
  2.1109393   1.7937742   0.66951895  0.6351928  -0.24749431 -0.3220286
 -1.7630218   1.1581973   0.4714291  -1.129986   -1.5385841   0.567896
  0.19669029 -2.0362675   0.62744284  0.47877318  0.5824964   0.3942331
  1.4823267  -1.5272743   1.2505898   1.2837787  -1.1574367  -1.5262955
 -1.0370741  -0.32391486  0.2099043  -1.713382    0.6960079  -1.5093696
 -1.2301569   1.2632126  -0.2166363   0.08475427 -0.61112     0.5200337
  0.9311196   0.22868946  0.5416032   1.3678296   0.932388   -1.4063404
  1.0229479   0.06656288  0.16729058 -1.6810069   1.6086688   0.5773843
 -0.09345431 -1.0747074   1.0756439   1.2406406   0.09304146  0.3239423
  1.552815    1.5976938   1.4722654  -1.231884    2.6674762  -2.2548485
 -0.8616865  -0.6452611  -0.21808685 -0.26973516  0.5993286   2.7292213
 -0.85053796  0.90418255  0.43032575  1.1679578  -0.96073943 -1.3214138
  0.7144372   0.37374285  0.3042383   1.2579491   0.77194566 -0.7474923
 -2.0949023   1.8076442  -1.1013407   1.782412    2.7261057   0.4106423
  0.38957146  0.63089275  0.42582086  0.11911257  0.9322674  -0.02179656
  1.4534996   1.1128483   1.1443635  -0.4373755   0.02646597  0.63437593
 -0.38307342 -0.26571628]