[-0.02828625  0.38893375 -0.4681887   1.4615488   1.1756899  -0.69648623
  0.9181788  -0.8686762  -1.4894451   0.36767873  0.56456375  3.4256976
 -0.43770507 -2.0813398   1.0542275   0.69039625 -0.61702126  1.0615726
  0.18880501  0.7026576   0.01564381  2.3859463  -1.3224537  -0.61008
 -2.5934687  -0.97538376  0.93339     2.7929473   0.22087121 -1.6554699
 -0.02929126 -0.6860137  -3.0825486  -0.65357006  2.4639187   1.1409488
 -1.5830989   0.37141877 -0.5559012   0.13468257 -2.1609313  -1.4760251
  3.1780276  -0.91675115  1.2457662   2.9310136   0.37925252 -0.7145175
 -1.3055187   0.8866025   0.95310634  0.03323503  1.2080325   2.8475726
 -1.45279     1.6771437   0.4903212   1.20978     1.2703451   0.49251124
 -0.20559502  1.1232976  -0.3883813  -0.72083503  0.27129745  0.8035663
  0.4777063   1.2958025   1.6894299   1.41968     0.9973812  -1.29763
  0.54012626  1.7089925  -0.6723013   1.5538636   0.99630994  0.95022
 -0.98240626 -1.1008537   0.40840757  0.16228372  0.79164505 -1.4304912
  0.6189313   3.0419052  -1.3660077  -0.31127873 -0.6333487  -0.17251377
  1.5147326  -0.09271753 -0.43542248  0.5178137  -0.01065374 -1.2523925
 -0.27271628 -0.45811504  0.24361245 -0.23351377  0.6271775  -2.1648324
  3.2578888   1.3205339   0.908245    2.0280461  -0.8401087   0.50302124
 -0.854735    0.9769012  -0.6585288  -0.904425   -1.7745675   0.44472876
  0.01012625 -2.466354    0.3592938   0.33927995  1.0439925  -0.9325687
  1.693155   -1.9774125   1.1052525   2.5493073  -1.4796798  -2.6103888
 -0.7051712  -0.64749503 -0.40829125 -2.8701963   0.14417502 -0.31325755
 -1.6810414  -0.55403256 -0.1548163   1.08094    -0.95574504  0.5133249
  2.9767888  -0.3328088   0.09050374  0.93324006  0.65241873 -2.4865463
  0.5511738   0.5782025  -0.5940375  -2.1741111   1.6386262  -0.04310749
 -1.055805   -1.8825049   1.33712     0.13186003  0.12873882  1.64384
  1.3045988   1.97128     1.5075749  -0.478375    1.95747    -3.7508736
 -1.837015   -0.75596505  0.06946378  0.94328123 -0.6334851   4.6877766
 -2.3229098   1.1755087   0.63759756  0.516255   -1.2554276  -0.59511125
 -0.28093514  0.477605   -1.0678039   1.7813026   0.7669213  -0.3605375
 -3.4871702   2.1316338  -0.22894627  2.1750863   3.3799624   0.9269387
  0.14875877  1.5333827  -0.02847624  0.9153189   1.9435339   0.7775425
  2.254459    1.4289813   0.8593613   2.0703576   0.39985502  2.1836948
 -0.9740325  -0.58622754]