[ 0.05583286  0.35522604  0.08160324  0.36947498  1.5546414   0.9116164
  1.0833356  -0.01927823 -1.7722504   0.24397787  0.4909014   2.1928773
 -0.7320085  -2.7791736   0.05870964 -0.07544143 -0.40403074 -0.6157842
 -1.4379132   0.42560074  0.06771358  2.6353116  -1.0307933  -0.23971927
 -0.75490177 -0.8371574   0.9454018   2.217913   -0.8517204  -1.2447255
  0.5841374  -0.9484688  -0.655014    0.10216143  3.3082905   2.163568
 -1.3994635   0.4527743  -1.8083265   0.07093715 -2.9999623  -0.99916685
  1.5101929  -0.5543161   0.8438763   0.96164876 -1.1153018  -0.9377435
  0.47398418  0.9429952   0.21032043  0.3117921  -0.3874054   1.9328203
 -1.0701616   1.033909    0.23769037  0.35324255  0.9074742   1.944494
 -0.29138467  1.656537   -0.15779682 -1.5975441   0.82264286  0.26148966
  0.5419454   0.07031997  0.49041936  0.05683929  1.7054635  -0.6975618
  0.7432737   1.5081323  -1.623791    0.64450324  0.6039632  -0.01508853
 -1.522591   -0.05839107 -0.15960255 -0.72674185 -0.155775   -1.3947971
  0.6966486   2.5886495  -0.9698843   1.2666571   1.009941    0.46271396
  0.67039865  0.3264282   0.6617718  -0.18444464 -0.47521967 -0.7513847
 -0.88104856 -0.6542836  -0.6426443   0.955904    0.8080211  -1.5038545
  2.6901495   1.270903    0.6715986   1.1573557  -0.29381856  0.09286322
 -1.9919194   2.1129925  -0.10776644 -1.6536859  -1.3907783   0.7086132
  0.8780961  -2.1586905   0.5617396   0.5693764  -0.17735608  0.05165391
  0.96431434 -1.7385852   1.5994332   1.280811   -1.1998156  -1.0961208
 -1.7590809  -0.90369356  0.67251676 -1.0047758   0.38980004 -1.6288246
 -0.7673219   0.75395966 -0.2431707   0.11480999 -0.7687836   1.1313467
  1.5702046   0.22030535 -0.25405142  1.5778487   0.817904   -0.82232565
  0.9341156  -0.9291672  -0.07187753 -1.4768039   1.4948646  -0.23130181
 -0.2572864  -1.0776793   1.0396925   1.0493935  -0.04055216  0.35061067
  0.93165165  2.0332415   1.0092367  -0.410765    2.3281143  -1.8282087
 -0.17773893 -0.7321543   0.17818822 -0.05899355  0.3474297   3.6301823
 -0.87743     0.5553503   0.5696379   1.1962055  -0.7893739  -1.6167864
 -0.24308859 -0.00888142 -0.19888464  1.3768966   1.7565476   0.02718572
 -2.7678473   1.7772353  -0.18712604  1.784064    2.2254264   0.08768679
 -0.88376325  0.28775865  0.5112561  -0.3159446   1.5668975  -0.31835145
  1.4114324   0.72707605  1.348955    0.5472333   0.5079321   1.2556118
 -0.7397772   0.19959858]