[[-7.46835884e-01  9.61243580e-01 -6.08373470e-01  9.89116437e-01
   1.16912054e+00  5.11947688e-01  1.09280055e+00  1.66361774e-01
  -1.57897771e+00  4.29805889e-01  9.46077115e-01  2.07562120e+00
  -1.59320061e+00 -2.40568810e+00 -2.50427648e-01  1.87536448e-01
  -1.05322473e+00 -3.49915883e-01 -1.43660353e+00  1.05487699e+00
  -2.20513547e-01  2.94524988e+00 -7.92576474e-01 -2.97422945e-01
  -2.85306494e-01 -1.24086580e+00  5.19933591e-01  2.62158823e+00
  -3.85508243e-01 -8.79988754e-01  1.39773164e+00 -6.73111719e-01
  -9.38022287e-01 -5.42035129e-02  2.86790959e+00  1.54292825e+00
  -1.24233131e+00 -2.66003525e-01 -1.67986169e+00  4.58475912e-01
  -2.17346738e+00 -6.57755883e-01  1.90667892e+00 -7.57835949e-01
   1.12630056e+00  9.50830635e-01 -3.05726423e-01  1.99944125e-01
   2.22419395e-01  1.05053057e+00  5.23229992e-01 -2.33775849e-01
   7.70535539e-02  1.11783825e+00 -1.19448589e+00  1.42000943e+00
  -3.53405896e-01  2.66482318e-01  2.29659407e-01  1.17445288e+00
  -1.76382205e-02  8.85818229e-01  8.86045891e-01 -1.32442540e+00
   3.93058814e-01  1.80886447e-01  6.50429270e-02  7.81735932e-01
   7.53681183e-01 -4.21849405e-01  1.58391839e+00 -1.07712284e+00
   1.18896422e+00  1.41313224e+00 -1.52858365e+00  1.20845934e+00
   1.42079537e+00  3.22391194e-01 -1.20866478e+00 -1.25518820e-01
  -6.35937649e-01 -4.68092950e-01 -5.40832295e-01 -1.27857412e+00
   9.93366957e-01  2.63883885e+00 -8.55564131e-01  1.43850770e+00
   9.85968211e-01  3.65934125e-01  1.24326000e+00 -1.26529441e-02
   5.93511161e-01 -3.17477675e-01 -3.88683575e-01 -6.48282963e-01
  -9.18517050e-01 -1.30645117e+00 -6.39390055e-01  1.27683693e+00
   8.64207064e-01 -1.33737776e+00  2.45808449e+00  6.21017141e-01
   8.55175897e-01  4.11067675e-01 -2.07326475e-01 -3.11607038e-01
  -1.18937460e+00  1.86261647e+00  4.93154126e-01 -1.56225467e+00
  -1.03614053e+00  7.38375355e-01  5.78551264e-01 -2.00574662e+00
   2.81109408e-01  1.04896114e+00 -5.30967043e-01 -4.62449389e-01
   1.51567468e+00 -1.21751349e+00  2.20693371e+00  2.03038116e+00
  -7.60631264e-01 -2.54874272e+00 -1.44104694e+00 -6.03549943e-01
  -1.23612958e-01 -1.51949936e+00  6.89095329e-01 -1.93393828e+00
  -6.05832352e-01  7.57969365e-01 -7.57546502e-01  2.78587902e-03
  -2.20860011e-01  1.40721871e+00  5.15689429e-01  9.49183618e-01
  -4.64978842e-01  2.14710951e+00  1.10261355e+00 -7.83528272e-01
   1.70738100e+00 -1.08641126e+00  1.04608238e+00 -1.51841656e+00
   1.88262603e+00 -1.25121762e-01 -9.67753144e-02 -8.81674710e-01
   1.36242349e+00  7.26074710e-01  1.33374109e-01  2.53155256e-01
   1.64968298e+00  1.42831059e+00  1.33450773e+00  3.21566470e-01
   2.60985634e+00 -2.99002715e+00 -1.14485714e+00 -4.35791703e-01
   1.06415903e-01 -3.47952356e-01  4.43094688e-01  2.98557758e+00
  -1.10749479e+00  5.66029422e-01  4.69315280e-01  1.26147234e+00
  -9.91022994e-01 -9.10515855e-01  3.66828792e-01 -8.33888096e-01
  -6.82454108e-01  5.45199990e-01  8.05005825e-01 -5.78207668e-01
  -2.53749230e+00  1.22282125e+00 -4.41415394e-01  1.58354409e+00
   3.40890365e+00  3.70817058e-01 -5.24988202e-01  1.04684359e+00
   2.03169970e-01 -3.36262366e-01  1.71003367e+00 -1.53593509e-01
   2.58883615e+00  4.50521175e-01  2.46726000e+00  4.74876516e-02
   2.53374717e-01  2.48708840e-01 -9.53312285e-01 -5.53872378e-01]]