[[ 0.10765652  1.29777585 -0.30957595  0.90956819  1.0383683  -0.30693301
   0.61586035 -0.30233189 -1.50710291  0.48449986  0.21518998  2.32260869
  -0.47826093 -2.1175848  -0.10462863  0.13814288 -0.66092768 -0.36111102
  -1.30811737  1.25345902 -0.15115288  2.63836655 -0.95432769 -0.04163326
  -0.67769067 -0.63029623  0.98460514  2.21674366 -0.21560172 -0.90139345
   0.43658515 -0.7656948  -0.63499425 -0.04691576  2.16136157  1.48332741
  -1.07279144 -0.07883884 -1.4579778   0.31434364 -1.92800651 -0.70593585
   1.65367229 -0.57800383  0.51959034  1.29869601 -0.76453782 -0.73342067
   0.48997063  0.4466911   0.20725713  0.35168901 -0.08925671  0.80377719
  -1.30565266  0.96978674 -0.44045044  0.36256391  0.57348791  1.40969709
  -0.78605665  1.27869281  0.56955773 -1.31842173  0.74852088  0.56672103
   0.28180637  0.83746453  1.11820453 -0.1831229   1.2281138  -0.65708709
   0.59237785  1.20981737 -1.0910599   1.3357243   1.20350348  0.03132805
  -1.51364736 -0.2854352  -0.68274108 -0.98488316 -0.8790507  -0.78853995
   0.9477181   2.22148122 -1.16314522  0.71963904  1.10407718  0.95351966
   0.45202428  0.73216527  0.90547374 -0.05414229 -0.15212847 -0.61413897
  -0.85976332 -0.81369542 -0.38298305  0.92455547  0.83547275 -1.85715294
   1.85957254  0.57444614  0.7012887   0.29324868 -0.59801925  0.35819746
  -1.26957784  1.62193648  0.04008983 -1.517153   -1.25999612  0.64288329
   0.31659444 -1.99188525  0.76221914  0.81200397  0.26269998 -0.20150193
   1.06335637 -1.19146368  1.68049812  1.79304871 -0.73536471 -2.265633
  -1.38254485 -0.54003661  0.02233768 -0.92713054  0.5067926  -1.47876763
  -0.94504749  0.7931498  -0.20526496  0.16860176 -0.38192173  1.27194764
   1.12912023  0.65291782 -0.36752114  1.17271761  0.60953409 -1.99073056
   1.65472374 -0.13014656  0.56086416 -2.15057576  1.62735907 -0.05117424
  -0.04937691 -0.21210536  0.95062832  0.56546078  0.12315479  0.41545158
   1.59914922  1.95656447  1.11526738 -0.78344605  2.25874306 -1.67408315
  -0.16965388 -0.76713057 -0.02876307  0.05156501  0.3051592   2.66388227
  -0.5242064   0.57695481  0.40977994  0.54605004 -1.27137477 -0.74180031
   0.74787769 -0.0184554  -0.09718312  1.02172812  1.20954772 -0.49210221
  -1.7551786   1.24867368 -0.58820518  1.71502131  2.82103914  0.43506965
  -0.04786118  0.99349531  0.12560018 -0.0775196   1.51871241 -0.02120212
   1.745984    0.86726     1.82182537 -0.15239519  0.54257273  0.44827173
  -0.62746356 -0.44231946]]