[-0.2951684   1.4279399  -0.05339752  0.84555334  1.2864534  -0.17302251
 -0.03836254 -0.16345334 -2.043553    0.25717583 -0.34797     2.632239
  0.05256754 -2.8733413   0.14168167  0.71915334 -0.35464177  0.24173336
 -1.4901441   1.4331217   0.41545     3.3989055  -0.14626832  1.0158858
 -1.0158533  -0.84071493  0.04988921  1.6621093  -0.4810742  -0.68393415
  0.59451073 -0.19674332  0.34402826 -0.10946833  2.0255325   1.8221956
 -0.7897775   0.2652534  -2.289719    1.1203259  -2.0683892  -1.6110116
  1.6593966  -0.55479     0.72463495  0.71275    -0.7155034  -0.6962908
  0.78171164  0.95228505 -0.34830916  0.06274748  0.22889332  0.1576925
 -0.63917917  0.68990916 -0.07498167 -0.04709162  0.67783     0.97186166
 -0.3317075   1.4327283   0.63181585 -1.6938909   1.6507349   0.3669633
 -0.09308083  1.4678859   0.9493858   0.2891358   2.444884   -0.14149165
 -0.06343669  1.2200875  -0.55110997  1.7048801   1.756546    0.2799625
 -2.6955674  -0.27163747 -0.5173592  -1.5870734  -1.2308859  -0.41593504
  1.1151608   2.9472618  -1.181015    0.29724497  1.9711083   1.7899891
  0.606895    0.25999415  0.6070308   0.32410166  0.06482334 -0.23508672
  1.0189201  -0.78225166 -0.09981167  1.4374875   1.217705   -1.42199
  1.0703592   1.2047099   0.6079183   1.674859   -0.7793775   0.7724734
 -1.6998566   1.9814744  -0.21500416 -1.6223984  -1.5243034   1.1383075
 -0.37383834 -1.9166917   1.3764557   0.43483832 -0.66150576  0.36241832
  1.1115034  -1.5555568   2.3411891   1.900495   -1.3100457  -3.6567574
 -1.2829891   0.2495933  -0.43540332 -1.9283491   0.6474709  -1.0287907
 -0.19743836  1.2637033  -0.38939503  0.131235    0.09887165  1.5540341
  0.42722666  1.2019899  -0.39431584  1.1530615   1.3762633  -2.8636243
  1.8362416   0.22168414  0.82371503 -1.960435    1.7818009   0.52058583
  0.23831667 -0.9465692   0.9665651   1.4158343  -0.5612316   0.5670467
  1.1045641   2.2417407   1.3842858  -0.6956133   3.1167781  -1.9836591
 -0.49932924 -0.38673416 -0.07879081 -0.10075417  0.1017225   1.9703683
 -0.6884342  -0.36675918 -0.0705075   1.6985465  -0.8479874  -0.166945
  1.1530217  -0.03500666  0.78811246  0.9921966   1.3222877   0.408175
 -3.3242528   1.842441   -0.7179658   0.94993335  2.9459648   0.23553419
 -0.05279251  1.4802632   0.30302164 -0.33048582  2.6386056   0.30738664
  2.2527826   1.3565365   1.1400677  -0.62625575  1.0760309   0.05884917
 -1.5190649  -0.81630915]