[ 4.8983493e-03 -3.0798915e-01 -5.2329087e-01  2.1717501e-01
  2.0687709e+00 -1.6717577e-01  1.6302333e+00 -9.0789117e-02
 -3.3445470e+00  1.9568339e-02 -3.2709920e-01  3.2160492e+00
 -4.0682331e-01 -3.2418489e+00  4.4556582e-01 -2.8539509e-01
 -4.0320167e-01  4.0436926e-01 -1.3489367e+00  1.4826876e+00
 -7.7602834e-01  3.9825783e+00 -4.0088502e-01  3.4628999e-01
 -8.6927491e-01 -2.8276661e-02  1.3973503e-01  2.2535906e+00
 -1.6551684e+00 -1.6411057e+00  1.2162943e+00 -4.6665826e-01
 -1.7378359e+00  8.3655022e-02  1.7904201e+00  2.0730648e+00
 -8.5927504e-01  2.6869336e-01 -1.7326642e+00  6.2782252e-01
 -3.6345050e+00 -1.4204518e+00  2.3732667e+00 -1.9522250e-01
  4.9160579e-01  1.6048751e+00 -1.0500842e+00 -2.9836166e-01
 -5.1266003e-01  5.7262582e-01 -3.6146083e-01  1.0572367e+00
 -1.6641583e+00  1.8737375e+00 -1.1507393e+00  1.7271749e+00
 -3.8511419e-01  2.4977751e-01  5.8384752e-01  1.1785358e+00
 -3.6885837e-01  9.6448165e-01 -1.5247248e-01 -1.5709848e+00
  5.0891918e-01  2.2193134e+00  7.2352082e-01  1.0105308e+00
  1.0465783e+00 -1.2922831e-01  2.1938558e+00 -9.8533249e-01
  4.8965248e-01  1.1949650e+00 -3.6722913e-01  1.5506417e+00
  2.0314324e+00 -7.6333666e-01 -1.5378984e+00 -9.4464582e-01
 -6.1912417e-01 -1.9791942e+00 -1.2348932e+00 -1.4839951e+00
  8.9384919e-01  2.7343900e+00 -1.3459383e+00  4.2388582e-01
  5.9911329e-01  1.5874134e+00  8.8753837e-01 -1.1336533e+00
  2.0143201e+00 -1.0739943e+00 -2.8746625e-02 -2.0706415e-01
 -8.4194499e-01 -2.3491127e+00 -6.5913659e-01  3.1558585e-01
  8.7400597e-01 -6.3946247e-01  2.5032442e+00  2.4763949e+00
  1.6542150e+00  1.2530693e+00 -1.4310275e+00 -3.9032838e-01
 -2.2612209e+00  1.6777834e+00 -5.3113420e-02 -2.2451699e+00
 -1.9885206e+00  1.4841250e+00 -1.3029753e-01 -1.7720348e+00
  1.1954117e+00 -4.9662590e-04  1.3618940e+00  6.6545671e-01
  1.7323166e+00 -5.8822250e-01  1.8625159e+00  1.8158876e+00
 -1.9536058e+00 -1.8352075e+00 -1.5220448e+00 -7.9848987e-01
  8.7473089e-01 -2.0365760e+00  4.8990002e-01 -2.4809377e+00
 -1.8520447e+00  1.2890366e+00 -4.2002583e-01  1.1017100e+00
 -6.7970914e-01  1.6959925e+00  1.8507966e+00 -4.0890750e-01
  1.3388413e-01  2.0269215e+00  5.2297997e-01 -2.3055656e+00
  1.7993308e+00 -4.2894664e-01  6.0415250e-01 -1.7843200e+00
  8.6065000e-01  1.0922009e+00 -1.0639950e+00 -4.0157500e-01
  2.0868049e+00  1.1860191e+00  7.7123004e-01  7.2752166e-01
  3.0040917e-01  2.3624198e+00  9.1789007e-01 -1.9635900e+00
  3.8974438e+00 -2.3698099e+00 -1.8124276e+00 -1.1091400e+00
 -8.0030924e-01 -9.2688918e-01 -2.9312500e-01  3.4189701e+00
 -5.7883245e-01 -3.7683833e-01  1.6144358e+00  1.3948641e+00
 -1.0510551e+00 -1.5434560e+00  1.9898785e+00  2.1836670e-01
 -7.7596170e-01  2.5714891e+00  1.6002234e+00 -3.8314414e-01
 -3.0280502e+00  1.3884150e+00 -1.3189255e-01  2.2445467e+00
  2.0823624e+00  3.1488582e-01  1.0723050e+00  2.1184843e+00
  7.1665496e-01 -3.5017660e-01  1.9690660e+00  7.7754086e-01
  2.1963356e+00  1.2837292e+00  4.0501419e-01  8.5856414e-01
  1.1821333e+00  1.6887916e+00 -2.0771669e-01 -4.2358279e-02]