[[-0.40496238  0.71833551 -0.07303224  0.8934986   1.35085183  0.64144902
   1.00301124 -0.15260381 -1.7753355  -0.04520167  0.53333451  2.10734015
  -1.02286886 -2.60058632 -0.55924732 -0.20244211 -0.98051464 -0.28173309
  -1.62522874  1.01673775  0.04533733  2.70472046 -1.2395276   0.2317448
  -0.84747986 -1.17508239  0.61996648  2.56078651 -0.85866086 -1.18495845
   0.83539436 -0.67676183 -0.91967268 -0.19614367  2.479221    1.87256026
  -1.14876086  0.6125738  -1.96596762  0.1983786  -2.53876144 -1.22930407
   1.60517521 -0.35788436  0.94977436  1.3495527  -0.81112688 -0.54398507
   0.38547393  0.96034593  0.48072282  0.43316803  0.18800252  1.5210704
  -1.4945066   1.5479444  -0.29705521  0.25986592  0.57184521  1.7031242
  -0.42735338  1.38022791  0.39589    -1.21774732  0.96901268  0.51095085
   0.66742099  0.78644931  0.70382365 -0.12426437  1.47293296 -1.13980437
   0.9697648   1.20286535 -1.37978073  1.06752831  1.38832323  0.37139619
  -1.23368144 -0.15979619 -0.23717239 -1.11618338 -0.85019621 -1.30965958
   0.67267395  2.14815167 -1.04955719  1.01666337  0.5931186   0.82854325
   0.61509295  0.29697183  0.67541675  0.04747394  0.19590479 -0.67157297
  -0.73369562 -0.79711479 -0.33715592  1.14275296  0.5399579  -1.7475148
   2.15069492  1.30235959  0.74334649  0.66477705 -0.68513549 -0.01226591
  -1.78463254  2.02748761  0.13277916 -1.42371833 -1.52033154  1.13769423
   0.74891099 -1.83872408  0.63434421  0.54908522  0.55417605 -0.05217127
   1.42387127 -1.94833772  1.76773424  2.0174918  -0.60879085 -2.11940535
  -1.49389379 -0.54793521  0.04880086 -0.96476917  1.0180193  -1.3793637
  -1.16324618  0.98294759 -0.74057747  0.2159907  -0.93441169  1.61081309
   1.11548139  0.48174548 -0.21865408  1.52030521  0.7056769  -1.51410801
   1.80682766 -0.41329636  0.30414493 -1.78920874  0.99735184  0.21271001
  -0.00423944 -0.64987421  1.21809986  1.0027517   0.16456351  0.02946648
   1.31061028  2.09854221  1.27732691 -0.56146564  2.45527633 -2.18831734
  -0.61813562 -0.5126807  -0.31356042  0.23128607  0.39012353  3.63663844
  -0.93549395  0.81097676  0.33491901  0.8054155  -1.08762873 -1.12522944
   0.44925296 -0.15014098 -0.30981141  0.62616733  1.24476986 -0.04645141
  -2.81382806  1.63753562 -0.49182071  1.71418197  2.80972438  0.43877634
  -0.00894818  1.04767606  0.16239169 -0.18245845  1.42604791 -0.12719887
   1.3899414   0.67605916  2.00843801  0.36537521  0.33989591  0.752959
  -0.67293998 -0.30610563]]