[-1.73106492e+00  1.13795984e+00 -8.09814990e-01  1.64401007e+00
  1.19366837e+00  1.36922503e+00  1.21829665e+00 -1.88454986e-01
 -2.56740022e+00 -1.59663320e-01  8.47029924e-01  1.65129507e+00
 -2.21198365e-01 -3.06158996e+00  1.09691489e+00 -2.79683266e-02
  8.08182955e-02  6.26098335e-01 -1.39328158e+00  2.26519346e+00
 -5.81413269e-01  3.90020847e+00 -1.04833674e+00  7.44283274e-02
 -5.61985016e-01 -5.52518427e-01  8.07568371e-01  2.91075492e+00
 -1.75045502e+00 -4.49139982e-01  2.85023499e+00 -1.15354502e+00
 -1.91174495e+00  3.05011660e-01  3.65518856e+00  2.19366837e+00
 -1.26588333e+00  8.12733412e-01 -2.34510159e+00 -4.35745001e-01
 -2.23218179e+00 -2.86558360e-01  2.12068677e+00 -1.32183325e+00
  1.13969672e+00  1.06694996e+00 -2.92113304e-01  2.92663306e-01
  7.13966608e-01  8.41525078e-01  4.32634979e-01  6.58991635e-01
  1.06221163e+00  8.84706676e-01 -2.87516624e-01  1.53538322e+00
 -1.15212667e+00 -6.20698333e-01 -3.75919968e-01  2.40241170e+00
 -2.45253369e-01  4.90761667e-01  5.24976671e-01 -4.47581649e-01
  1.73770070e-01  1.60570335e+00  4.24959987e-01  2.15482664e+00
  2.64886647e-01  3.42083462e-02  1.85741174e+00 -2.76932812e+00
  2.31873319e-01  2.37376666e+00 -2.15830660e+00  1.94574833e+00
  2.52460170e+00 -1.01629995e-01 -8.53490055e-01  2.83645034e-01
 -3.72660041e-01 -2.36283183e+00 -1.67490160e+00 -1.84384334e+00
  8.37863386e-01  3.09425163e+00 -1.48721650e-01  1.32961833e+00
  1.14764011e+00  1.77179658e+00  1.31313503e+00  4.36981678e-01
  8.57495010e-01 -5.86461604e-01  5.57100363e-02  3.85200024e-01
 -1.08769500e+00 -7.22101510e-01 -5.93186617e-01  3.39553267e-01
 -3.73343319e-01 -1.28840840e+00  2.42992330e+00  1.48965991e+00
  9.20863330e-01  1.12867332e+00 -3.06990027e-01  1.40344846e+00
 -2.49450994e+00  2.32863998e+00  4.09756571e-01 -1.53804350e+00
 -1.70204318e+00  2.09749818e+00 -5.56999445e-02 -2.59152842e+00
  7.17026711e-01  6.98556662e-01  1.48195326e+00  4.78191644e-01
  1.98632336e+00 -1.27612841e+00  2.97774196e+00  2.27068973e+00
 -1.40300021e-01 -2.80681825e+00 -1.03246653e+00  1.16427159e+00
 -1.11930013e-01 -1.60491002e+00 -1.00586675e-01 -1.93069327e+00
 -7.88008392e-01  1.12395501e+00  1.51478335e-01 -1.18376650e-01
  3.84999104e-02  1.17147505e+00  1.80889833e+00  8.80326748e-01
  5.38333654e-02  2.19651818e+00  1.72977340e+00 -1.79582167e+00
  1.77332008e+00 -1.36375025e-01  2.21832586e-03 -2.51257825e+00
  1.37906325e+00  1.36059332e+00 -7.80613363e-01  3.19044977e-01
  8.86833370e-01  2.09211516e+00 -1.93492568e-03 -1.14681661e+00
  1.77312839e+00  2.67525840e+00  1.30781162e+00 -2.03692341e+00
  2.14361167e+00 -3.28918648e+00 -1.41722000e+00 -2.31388021e+00
 -1.51238322e-01  5.68770111e-01  1.33970320e+00  2.31568003e+00
 -1.75178158e+00  1.23385012e+00  1.66719162e+00  1.99454677e+00
 -4.99953359e-01 -1.03478992e+00 -1.20897174e+00 -5.55556595e-01
  5.46500027e-01  1.65069497e+00  1.28368485e+00 -3.77768278e-01
 -3.49853992e+00  6.59490049e-01 -5.37449606e-02  2.03673172e+00
  4.09972334e+00  2.69109994e-01 -8.25471699e-01  1.29536486e+00
  9.14238393e-01 -4.73495007e-01  2.64955997e+00  8.14513266e-01
  1.64061832e+00  1.86691153e+00  1.29230666e+00 -1.93025172e+00
 -3.02323371e-01  3.77333164e-03 -6.93399966e-01 -6.46274984e-01]