[[-6.41501835e-02  9.90013602e-01 -1.71322604e-02  5.23388299e-01
   6.50854335e-01 -1.67505859e-01  3.67939436e-01  6.67826049e-01
  -1.71122547e+00  7.76361140e-01  2.72461691e-01  2.27291037e+00
  -1.04578169e+00 -2.27597492e+00  8.08356592e-01  4.35660373e-01
  -7.19503210e-01  3.65207920e-01 -7.43306792e-01  1.23946528e+00
   2.50827743e-01  2.23655735e+00 -2.15932451e-01 -2.73086788e-01
  -2.58945656e-01 -4.94132274e-01  2.91188110e-01  2.13154908e+00
  -6.76430747e-01 -6.61104350e-01  1.16663220e-01 -9.92952449e-01
  -8.82834151e-01  2.60253406e-01  1.83468661e+00  1.65419433e+00
  -6.17390376e-01  1.94679624e-01 -1.52816603e+00  4.96726607e-01
  -1.90994547e+00 -1.70642036e+00  1.15494829e+00 -5.94486402e-01
   1.34914659e+00  7.72331898e-01 -5.93069051e-01 -1.03319850e+00
  -4.87771807e-02  1.13176604e+00  1.04179068e-01  5.46054517e-01
   2.71486234e-01  1.13743924e+00 -7.85451320e-01  9.33581137e-01
   1.45283398e-01  1.24243716e+00  5.05359419e-01  5.80946215e-01
  -8.90335289e-01  1.30180149e+00  2.25853778e-01 -1.49079625e+00
   1.07834415e+00  5.86914354e-01  2.63302267e-01  1.04277095e+00
   1.12301359e+00  2.21451695e-01  2.32988660e+00 -4.68918713e-02
   7.30602260e-01  8.29626032e-01 -1.42475980e+00  9.40018130e-01
   1.02053057e+00  3.28562828e-01 -1.54990059e+00 -4.51480374e-01
  -4.66645458e-01 -8.27273203e-01 -2.47644336e-01 -1.59444696e+00
   2.35124487e-02  2.34296512e+00 -1.28885509e+00  3.07911496e-01
   1.03665319e+00  9.08233401e-01  2.40590200e-01  5.41004523e-01
   5.08150376e-01  6.16079222e-02 -2.86646241e-01 -3.53151704e-01
   1.39491246e-03 -9.91164156e-01 -2.05152839e-01  1.05604773e+00
   1.38822473e+00 -1.24125151e+00  1.55474812e+00  1.16337771e+00
   1.09499792e+00  5.38709809e-01 -9.15305722e-02  3.41773017e-01
  -9.98609439e-01  1.34630904e+00 -3.51556038e-01 -8.62467186e-01
  -1.23583869e+00  4.63688664e-01 -1.98849239e-01 -2.10119037e+00
   8.16231133e-01  5.21924346e-01 -3.68745296e-02  2.26877723e-01
   1.49489717e+00 -1.26954282e+00  1.66999982e+00  1.42800189e+00
  -8.05563944e-01 -2.29768491e+00 -3.33344345e-01 -2.70423015e-01
  -5.04362478e-02 -1.20934642e+00  5.18532276e-01 -1.06625962e+00
  -1.29495188e+00  9.54383778e-01  2.68095474e-01  9.52401693e-01
  -8.32341877e-01  1.39196961e+00  1.02866300e+00  7.80493771e-01
   2.78492643e-01  1.04207266e+00  1.00424002e+00 -1.51724152e+00
   7.59192634e-01 -8.00429609e-01  4.98823402e-01 -9.37917558e-01
   1.86266398e+00 -2.14573945e-01 -8.77167156e-01 -1.43167378e+00
   1.06039207e+00  6.48555655e-01 -7.99867835e-02  9.41998190e-02
   6.40015114e-01  1.82313775e+00  1.73100265e+00 -6.99780948e-01
   1.88499586e+00 -1.60463092e+00 -3.87898492e-01 -7.78481333e-01
   2.81901328e-01  3.97216986e-01  8.46059614e-01  2.79740585e+00
  -5.93019443e-01  5.77875669e-01  8.91600365e-01  9.78437359e-01
  -2.56159065e-01 -1.15120587e+00  7.40023563e-01  2.21375848e-01
   6.38979236e-01  8.73725689e-01  9.01487738e-01 -3.52886802e-01
  -1.62466019e+00  9.63396791e-01 -5.93157367e-01  1.17908169e+00
   2.63751208e+00  2.89589054e-01  2.59054159e-01  1.50748906e+00
   2.46774716e-01 -2.81398669e-01  1.63813301e+00  8.39470747e-01
   1.26788286e+00  6.22107737e-01  1.13945244e+00 -3.16060739e-01
   7.71234512e-01  7.45150774e-01  1.17266172e-02 -2.16636776e-01]]