[ 0.47003204  0.6376241   0.6750399   1.9830599   1.1596401  -2.1833382
  1.012254    0.95051    -0.80942    -2.0503802  -0.8511761   2.582098
 -1.2485001  -1.391776    0.563858    0.84651405 -1.9157877   0.77154404
 -1.1033021   1.058662    0.40432805  1.6219441   0.59535205 -0.32747397
 -1.1113961  -0.82273406 -1.70482     2.7704577   0.6316779   0.36291003
  0.137394   -0.90446794 -2.63171     0.08094796  4.7754183  -0.192878
 -0.07965002  0.95017606 -3.6609      0.23285    -0.15312     0.43354803
  2.441718   -2.0562482   2.528068    0.9626638   0.308184    0.54418606
 -0.895182    0.994764    0.95916605 -1.10361    -1.3321819  -0.01133013
 -0.319456    4.2254243  -0.07885997 -1.036874    1.376004    1.6733382
 -0.16124599  0.64604795  0.584132   -2.3442202   2.6079278   0.76417804
  0.564154    3.4054122   2.3496842  -0.32049996  1.8588641  -0.08923592
  1.524966    1.0065439  -1.214988    1.005806    2.056366   -1.142876
 -1.29084    -1.3141941  -0.81157607 -2.75646    -0.24878797  0.39197
  0.54607     2.7957602  -1.393198    0.627164   -0.6600239   0.71834815
  4.054388   -0.618602    1.2395802   1.837154   -0.16841002  0.32514396
  0.131532   -1.024996    2.5197139   0.307036    1.205446   -0.70362
  1.24151     1.297898    1.861344    0.94145405 -1.941192   -1.637244
 -0.10689598  0.815498   -0.46551198  0.04540597 -1.384624    0.50099397
  1.7060461  -2.870932    2.611466    0.17002197  2.384472    1.5242121
  1.376962   -2.8698182  -0.33296403  1.6289562  -0.5430619  -5.7019176
 -0.32054815 -0.07451997  0.05875802 -1.713122   -0.88087195 -0.707588
 -0.806402   -0.38603997 -1.9357679   0.16448195 -1.289782    0.209762
  4.430512   -0.9938501  -0.719268   -0.49580804 -0.14506999 -2.1351259
  2.161052    1.119904    0.94343394 -0.40462604  3.129622    0.12334399
 -1.217152   -0.34775203  0.777898    1.210376    1.365144    2.531198
  1.980792    2.137854    0.44773594 -1.2210219   3.8272738  -1.876358
 -1.233504   -0.90568     0.7782639  -0.17466602 -0.7926719   5.4835577
  0.01761601 -0.96652603 -0.892642   -0.11777    -1.6863079  -0.42641598
 -0.24072799 -0.60969    -0.80135393  2.255084    1.6763461  -1.1634159
 -2.425462    2.904668   -2.5478241   2.8999538   3.6118882   0.763796
 -1.422848    0.192504   -0.659614    0.5829381   0.08856802  1.678014
  1.6768459   0.536698    1.7657118  -2.676714    1.490476    0.732814
 -0.78494793 -0.737374  ]