[[-0.24171947  0.70920983  0.00346359  0.92681478  1.11369232 -0.00325666
   0.96891153  0.32833553 -1.68095399  0.55057     0.44257773  1.76632533
  -0.78794042 -1.96393095  0.02570718  0.21883024 -0.98166885 -0.01605911
  -1.26437695  1.27268254 -0.07584833  2.24023667 -0.80741462  0.06497244
  -0.66221989 -0.92836054  0.58399873  2.40588816 -0.31811345 -0.73232599
   0.73446156 -0.31682728 -0.92197551  0.2058105   2.5041343   1.44067603
  -0.89851438  0.2014559  -1.3129986   0.33351258 -1.8389297  -0.51521911
   1.97662359 -0.70780016  1.04801264  1.34215574 -0.80545024 -0.56647655
   0.28866103  0.66144985  0.48185639  0.21243664  0.05098824  1.15323558
  -1.18087     1.22470585 -0.28488949  0.13155078  0.57050038  1.15007413
  -0.4749055   0.97123122  0.59967924 -1.09158779  0.65249246  0.66878012
   0.31742448  0.88278061  0.93123975 -0.24161694  1.45069712 -1.01931822
   0.92604156  1.38554979 -1.14054951  1.36077342  1.67195528  0.43455421
  -1.14373486 -0.44738166 -0.17564115 -0.84365051 -0.80819256 -1.27602832
   0.6813026   2.30699141 -0.891871    0.26843026  0.92576745  0.90583742
   0.5246047   0.10375486  1.00379057  0.4855069   0.38346869 -0.49125821
  -0.36659654 -0.68487486 -0.10386796  0.81907981  0.3960314  -1.71494955
   1.785448    1.14211619  0.75969062  0.75253975 -0.75450049  0.19220783
  -1.31953987  1.38394424  0.01010704 -1.33100943 -1.13973906  0.72363985
   0.17835229 -1.96104243  0.79329072  0.52377138  0.11170192  0.46665957
   0.99592407 -1.28317742  1.40417307  2.00472173 -0.74540578 -2.15191419
  -0.82819988 -0.20619628  0.08334847 -1.30284744  0.32305639 -1.09857756
  -0.65508061  0.77688344 -0.33512309  0.6228459  -0.23169129  1.08455372
   1.00586466  0.45451794  0.13016115  1.27675644  0.7395829  -1.57366124
   1.31726402 -0.41972281  0.56708524 -1.67655395  1.6019917  -0.04621576
  -0.22735937 -0.64721216  0.88535079  0.62427563  0.3082346   0.34530474
   0.95909902  1.61551619  1.10183233 -0.68521308  1.97797594 -1.85180115
  -0.29967079 -0.66322438 -0.32966011  0.04904282  0.29053385  2.92649628
  -0.93163461  0.39271039  0.72749627  0.96824444 -1.12004888 -0.68728039
   0.25064397  0.21195706 -0.13220538  1.04960934  1.06769856 -0.0411259
  -2.05886178  1.02823461 -0.68091489  1.50656093  2.76840322  0.55251796
   0.29953934  1.50052756  0.28102808 -0.05365757  1.57205424  0.22764514
   1.7690425   0.86236779  1.90357786  0.09436141  0.16407025  0.31359383
  -0.42838421 -0.45295322]]