[[-0.49317305  1.16498443 -0.37171516  0.74321493  0.9477365   0.02960713
   0.72786496  0.29854845 -1.39953237  0.89668868  0.23164404  2.22449663
  -1.20152143 -2.3540538  -0.00850215 -0.20279367 -0.24915309 -0.04748884
  -1.24832363  1.5976717   0.00362404  2.47455658 -0.69817522 -0.256121
  -0.99256897 -0.94928971  1.00254268  2.1913082  -0.7727584  -0.23974421
  -0.01278856 -0.87612446 -0.76985956  0.11908536  1.96721849  1.65163025
  -0.87018502  0.09214957 -1.78133635  0.38393084 -1.70665095 -1.52035162
   1.12172188 -0.4230778   1.00113859  0.99161478 -0.95358597 -0.56024515
   0.08341757  0.4738381   0.20251985  0.65033811 -0.56864207  1.21011732
  -1.1891754   0.61667568 -0.56166035  0.51096521  0.53676605  0.5688915
  -0.68513378  1.40945401  0.72091596 -1.61922947  0.37726459  0.63815742
   0.13958233  1.18999596  1.05917294  0.18769237  1.62203481 -0.38625949
   0.46777929  1.1778924  -1.33632576  0.8703248   1.6506975   0.32040011
  -1.63538132 -0.21621591 -0.12820768 -0.55100814 -0.80090946 -1.03477934
   0.4859396   2.7544026  -1.24671983  0.43385671  0.763321    0.85826712
   0.36026364  0.06203206  1.08824815 -0.03425335 -0.30220818 -0.52275849
  -0.19726937 -0.87507303 -0.22859058  0.92378357  0.76379719 -1.42461921
   1.86886914  1.26896519  0.96392239  0.53205757 -0.63949162 -0.24297075
  -1.05942789  1.97019949 -0.26517089 -1.05202416 -1.79243821  1.09568235
   0.03254549 -2.18291278  1.18059669  0.92247659  0.02909869  0.18853553
   0.98080164 -1.22080223  1.76637604  1.66518615 -0.83629183 -2.71334247
  -0.37644758 -0.64010675  0.17714266 -1.08889188  0.57775299 -1.52635144
  -0.77006274  0.6044653  -0.14500684  0.76558309 -0.5728149   1.65214378
   1.18406776  0.92496505  0.14065204  1.58487931  0.99132456 -1.42484569
   1.02679258 -0.34142256  0.49736848 -1.38705488  1.87798937 -0.11794841
  -0.2300942  -1.37545356  1.14363399  1.06680187  0.31987281  0.37230126
   0.88059896  1.49718556  1.61716072 -0.59353861  2.06975767 -1.85962344
  -0.19490114 -0.83357939  0.54366525  0.05811521  0.4930934   2.85852028
  -0.48491564  0.79388106  0.99781418  0.90441935 -0.37089461 -0.97442334
   0.3337369  -0.16291594 -0.21897291  1.10986599  1.15128452 -0.18932743
  -2.55917813  1.26029863 -0.79920013  1.52359159  2.41060725  0.27428713
  -0.27934712  1.38637413 -0.1462855  -0.4623078   1.67435425  0.45033156
   1.48180987  1.12612539  1.13636018 -0.80370244  0.2593044   0.70642392
  -0.39540535 -0.61804779]]