[-1.15008    -1.0415201  -0.631305    0.748845    0.38374    -3.762875
  0.71922004  0.31156    -2.6979399  -1.8354     -2.33573     4.07656
  0.233935    0.36756498 -0.570645    0.422885   -2.914015   -1.051
 -0.865005    2.4945402  -0.69063     2.2466948   2.1743598   1.039155
  0.233915    2.0988898   2.588125    2.0939498  -1.8877649  -0.76379997
  3.263685    0.52940005 -3.3176951   4.80851     4.04569    -1.4643251
 -0.81386    -1.023625   -1.416075   -1.120975   -0.80017996  0.16416502
  5.270005   -2.355675    3.3765948   1.04268     0.33112496  1.49118
 -2.3465447   1.376325   -2.30146    -1.9251001   1.633395    0.56103504
 -0.125875    0.13356501 -0.466245    1.49168     2.472915    0.28332505
  1.51833     1.234885    1.70621    -0.96979     0.566085    2.309725
  1.45442     1.62527    -0.24755502 -0.29134     0.48913503 -2.1077452
  0.19613999  1.8196049  -2.647665   -0.375115    4.67246    -2.432315
  0.39876503 -2.41694     1.208885   -3.099965   -1.8661699   0.68146
 -0.069235    0.36007476  0.33358002 -2.741925    0.24235004 -0.051435
  3.265005   -0.3353498   1.994855    0.486475    1.091375   -0.58090997
  1.2535601  -0.08414001  0.25041506  1.519435    1.0866799  -2.4528651
  1.54789    -0.49890998  2.50519     1.5317     -2.1771202   1.776335
 -2.885035   -2.097155   -0.10733503 -1.266825   -0.56503505  0.08495504
 -0.631755   -2.52473     2.0146399   2.087805    2.1435452   0.61430013
  3.626505   -1.4257851  -1.086655    4.4580803  -1.154895   -4.3810196
  1.912565    0.59086    -0.3281399  -2.16452     1.7812899  -1.8188449
 -1.3121799   2.32824    -2.21426    -0.44020498  0.45666492  0.70997
  7.0236797  -2.9721298   2.048255    1.555635    0.595185   -0.374535
  2.017315    1.3612349   0.25182003 -1.127085   -0.724565    4.67647
 -3.156835   -2.04072     0.54057     0.763165    2.65119     3.928895
  0.70422     0.40929002 -0.69989    -3.531975    4.2453947   0.30536997
  1.39415     2.7897599  -1.8943951   0.74918     0.63426995  2.6041248
 -1.7234199  -3.344665   -0.466195    4.535885   -4.71325     1.0232351
  1.0769401   1.1043      1.1903551   1.764205    1.02715    -4.3843403
 -0.48873997  2.44923    -0.48028     3.37339     2.7054648   0.29672
  0.01310498  3.69568     0.66121995  3.7242699   1.8109399   2.29708
  1.93502     2.56397     1.27001     4.75573     2.27396    -2.3055449
 -2.577055    2.409135  ]