[[-0.54202023  0.59666229 -0.06845715  1.2471209   1.33197895  0.04546317
   0.96495279  0.16770015 -1.68993838  0.54659803  0.4699567   1.78001971
  -0.72926403 -2.50761879 -0.25742926 -0.35359678 -0.8606962   0.18946575
  -1.61420954  1.1143762  -0.09994053  2.70013111 -1.00937673 -0.0082307
  -0.8568326  -1.42374823  0.84049186  2.46253414 -0.69255726 -1.1544058
   0.85682474 -0.74746788 -1.23319404 -0.02790001  2.69797242  1.94607643
  -1.08376753  0.28343983 -1.6085383   0.04802124 -2.55184142 -1.16337769
   1.47392894 -1.09280572  1.26441972  1.80685894 -0.59820107 -0.22419644
  -0.32862323  0.98649115  0.14124929  0.69176716  0.16601147  1.98607991
  -0.89891928  1.99398827  0.11545554  0.3605847   1.15544098  1.67662707
  -0.42721769  1.33424812 -0.04836893 -1.13423918  0.5418891   0.68973658
   0.3203507   0.85316783  1.20812471 -0.25396107  1.87307868 -1.06780426
   0.87121673  2.01499925 -1.49079723  1.45703339  1.53231416  0.4647285
  -1.34455754 -0.37389738 -0.59497067 -1.17973366 -0.65869997 -1.61500592
   0.83296746  2.97163579 -1.07119703  0.73250026  0.2624191   0.86070643
   0.37272287  0.46631233  0.64974537  0.25850641 -0.0827425  -0.30981332
  -0.67830502 -0.96439845 -0.03953498  0.89466291  0.93269116 -1.74876817
   2.298255    1.86132527  0.84368039  1.18300404 -0.69375207 -0.18021266
  -1.74699124  1.86690309  0.42430478 -1.75544241 -1.76888529  0.93202808
   0.35585716 -2.16473005  0.62981159  0.30918209  0.21476319  0.58542538
   1.58024146 -2.01400207  1.8118264   2.27217062 -0.89073981 -2.24725741
  -1.34998616 -0.80546449 -0.15760713 -1.4265217   0.91742087 -1.4899725
  -0.98895431  0.86852816 -0.17169697  0.38037304 -0.90627432  1.2323722
   1.50375016  0.15446606 -0.11741467  1.95684188  1.08495418 -1.55632514
   1.64332155 -1.05340036  0.58278473 -2.2004663   1.47937429  0.18513662
  -0.31852411 -0.43002125  1.17202017  0.89467639  0.05638876  0.50092232
   1.34617793  2.23658966  0.96113712 -0.76847343  2.6807981  -2.42726707
  -0.9852042  -0.8468329  -0.48675709  0.27331146  0.28503446  3.35069977
  -1.12145357  0.34670949  0.53922336  1.11787948 -1.03653358 -1.33543483
   0.71995284  0.02227731  0.28071139  1.07390345  1.44616363 -0.10360679
  -2.87071351  1.79703159 -0.646869    1.95101134  3.50518243  0.63224266
   0.00587249  1.27482958  0.39280713 -0.31637803  1.50911739  0.20000266
   1.9033454   0.95918375  1.4421944  -0.08485161  0.32040062  0.79211296
  -0.4589959  -0.44652663]]