[[ 2.88900048e-02  5.96928990e-01 -4.47496980e-01  3.40012002e-01
   1.00426198e+00 -1.72022191e+00  6.72992009e-01  7.04726970e-01
  -1.77258704e+00  3.52465984e-01 -6.31080991e-01  1.58001099e+00
  -3.27774999e-01 -1.10610700e+00  4.87730046e-01 -2.52381006e-01
  -5.21946990e-01 -9.38859940e-02 -2.27215001e-01  8.96087036e-01
   7.55115032e-01  2.24293396e+00 -1.33738398e+00 -3.96437997e-01
  -3.75791004e-01  6.68039986e-01  1.14957899e+00  2.70238397e+00
  -1.87920214e+00  1.25156297e+00  1.08913192e+00 -6.19034016e-01
  -1.80264003e+00  6.65315963e-01  1.74096401e+00  5.47907013e-01
  -3.66658008e-01 -6.50370010e-01 -2.50402291e+00  6.91026985e-01
  -2.59643942e-01 -7.99469990e-01  2.71948597e+00  4.28899024e-01
   1.44085605e+00  9.47684994e-01  9.55080059e-01 -2.13874990e-01
  -2.30830014e-01  8.97863038e-01  3.65350723e-02 -6.23162967e-01
  -1.34732107e+00  1.36744899e+00 -4.52174002e-01  1.55480593e+00
   2.28297338e-03  3.16197014e-01  1.80667493e+00  9.57053024e-01
  -1.14871502e+00  3.56787005e-01  5.77949524e-02 -1.15678502e+00
   1.77892098e+00 -5.66972008e-01 -2.70940006e-02  1.77844295e+00
   1.72907400e+00 -9.41810057e-02  1.06539503e+00  2.91487001e-01
   8.96499002e-01  1.89876897e+00 -1.14756099e+00 -1.08436012e-01
   9.29169595e-02  1.44340038e-01 -1.45612802e+00 -1.15467900e+00
  -9.26317084e-01 -2.71177968e-01 -9.82520074e-02 -1.19675604e+00
   2.48726994e-01  3.29237491e+00 -1.66320300e+00 -4.56340179e-02
   2.85705984e-01  1.43808595e+00  1.51539201e+00 -1.25002793e+00
   4.21354008e-01  7.44552022e-01 -1.73244020e-01 -5.31065004e-01
   2.20700204e-02  1.26373897e+00  1.46739205e+00  3.32357991e-01
   1.54114999e+00 -1.40508800e+00  2.91118997e-01  1.78561502e+00
   2.64007009e+00  9.19623984e-01 -9.35628974e-01  1.40849596e+00
  -1.08783998e+00  1.59273399e+00 -1.13348599e+00 -1.04901201e+00
  -1.84609802e+00  1.06871015e-01 -9.33989966e-01 -2.31638106e+00
   1.14958094e+00  1.29658597e+00  3.15336013e-01 -8.80796993e-01
   6.47682042e-01 -1.77413999e+00 -9.85370129e-02  8.30943012e-01
  -1.52668092e+00 -2.62848210e+00 -1.08111901e+00 -7.31007013e-01
   6.83648975e-01 -1.92015208e+00  1.12839399e+00 -1.49326103e+00
  -5.61879995e-01 -1.26008989e-01 -6.31201988e-01  3.69891989e-01
  -3.83836991e-01  1.50742397e+00  1.17002603e+00  2.95791006e-01
   4.88216978e-01  2.01774790e+00  6.75845984e-01 -1.04336998e+00
   9.95210999e-01  8.29080015e-01  1.17342198e+00 -1.11822503e+00
   2.02034202e+00  1.20887098e+00 -1.51893092e+00 -2.65527698e+00
   1.01340507e+00  1.08561100e+00  4.10009671e-02  8.42142965e-01
   2.06579095e+00  6.12672982e-01  2.29344802e+00 -9.86182007e-01
   2.02042906e+00 -1.26859198e+00  1.03393984e-01 -1.61154997e+00
  -6.01631987e-01 -5.37439042e-01  4.14027956e-01  2.10787801e+00
  -7.52724993e-01 -1.54703987e-01 -2.73007047e-01  3.39465976e-01
  -7.94730029e-01 -1.12447603e+00  1.39376201e+00  9.08428043e-01
  -6.09556012e-01  1.75311108e+00  2.05744100e+00 -8.14134002e-01
  -1.40598803e+00  1.60445902e+00 -1.12101402e+00  1.76367303e+00
   2.31099603e+00 -1.10388006e-01 -3.19319904e-02  1.99521499e+00
   1.09364902e+00 -5.08955032e-01  6.15181977e-01 -1.08581029e-01
   2.31288002e+00  1.00625984e-01  2.24209800e+00  6.00670990e-01
   1.41732598e+00  3.28169867e-02 -1.36039004e+00  1.55201891e+00]]