[[ 0.96934068 -0.30817131  0.15667668  1.69285727  0.63756383 -0.46422866
   1.07126536  0.03941068 -1.55031397  1.22891192  0.55814539  2.0730941
  -0.11602732 -3.2191478   0.57388531 -0.148752   -0.74682134 -0.52001074
  -1.8128393   0.58709799  0.50561936  2.75478606 -1.24021064  0.18769868
  -0.67557669 -0.59296474  0.2892327   1.93710053 -0.57633406 -1.05150668
   1.67027736 -1.30756533 -1.47642865  0.23127138  3.2601126   1.56847058
   0.54986467  0.05384135 -0.42826001  0.16568932 -1.6341554  -0.16251202
   1.64759185 -0.67787798  0.71181134  2.09132191 -0.14543802  0.240178
  -0.99977453  0.80427461  0.87207197  0.82494334 -0.240986    2.42714331
  -0.29800004  1.29942332 -0.07331668  0.52553003  0.7133647   1.31583862
  -0.39222466  1.69718789 -0.42577934 -0.45876133  0.47978601  0.18763799
   1.56468064 -0.05311734  1.66746802  0.01528532  0.44505864 -0.91087933
   0.09123132  1.8394687  -2.85265872  0.9470333   1.18815927 -0.15004401
  -0.74175863 -1.22663933 -0.11576329 -0.83031191  0.61862396 -1.03088597
   1.14620802  2.77864691 -1.3093552   0.58582661  0.77539535  0.97696267
   0.65463601  0.07537467  0.50735866 -0.03751937  0.93305401 -0.57896003
  -0.49566801 -0.32794     0.16377266  0.09700135  0.49674735 -1.65559413
   1.97563876  2.00748669  1.44169996  1.14840262 -0.25100736  0.30851465
  -0.57716667  0.6305986   0.16124597 -0.5233093  -1.39847997  0.34498269
   0.5668347  -2.32941936  0.92703066  0.65488067  1.047      -0.96014596
   1.94804852 -1.06895138  1.71265934  0.91935465 -1.41427802 -1.33613733
  -1.93641017 -0.9956974  -1.18113003 -3.05506861 -0.38038933 -1.65067264
  -1.69886671  0.49972933 -0.28149939  1.55881129 -0.98766732  0.54073271
   1.17578602  0.25987667  0.08054335  1.94446335  0.51033333 -2.11530054
   0.93681808  0.23547998 -0.23607331 -1.72368333  1.43700601 -0.51680071
  -0.65135202 -2.5265093   1.69463332  0.44012134  0.42335795  1.61566607
   1.38564791  1.49051798  1.70971129 -0.71560531  3.25278069 -2.40197535
  -0.52183269 -0.983782    0.59775663 -0.14425063  0.91292661  2.71237749
  -1.64382266  0.64737264  1.73914134  1.32807461 -0.97809928 -0.83052862
   0.29728467 -0.53508603 -0.05240396  0.95419266  0.37888134 -0.67078061
  -2.59266329  2.31807334 -1.61104349  1.7261146   3.35378979  0.88394928
   0.87586668  1.38767332  0.90896401  0.69719129  0.67262602  0.88417725
   1.74159341  0.98840603  1.02769527  0.96380204  0.30912267  1.41420403
  -0.63516857 -0.06713335]]