[[-0.31277474  0.53332102  0.13825338  0.4195083   0.4923327  -0.3571278
   0.55462865  0.30785171 -2.17976204  0.30392576  0.14058339  2.4358639
  -0.59787018 -2.99294523  0.83455324  0.05446118 -0.80848559 -0.49819473
  -1.05057086  1.46182865 -0.13889188  2.93128949 -0.6329429  -0.21116475
  -1.02509    -0.61535388  0.92260441  2.19638645 -0.24960541 -0.48340102
   1.36042658 -1.12507627 -1.69107373 -0.01714068  2.59592389  1.50228458
  -1.0436356  -0.14361322 -1.69440967  0.47094881 -2.12428815 -1.05646424
   1.54962254 -0.32618762  1.37673064  0.63434899 -0.72764068 -0.95573626
  -0.00558203  0.80205134 -0.09094746 -0.08846372 -0.5455256   1.83203732
  -0.50293289  1.66129864 -0.76032966  0.71471729  1.04400272  1.21809865
  -0.83753272  1.57365204  0.30195882 -1.5278795   1.19726271  0.18425476
   0.67967831  0.99882034  0.92148864  0.48544304  1.53093233  0.00518202
   0.87106815  1.41500644 -1.60411593  0.73590051  1.51189746 -0.01408828
  -1.56728612 -0.70090219 -0.12006796 -0.78927696 -0.19879746 -1.5915134
   0.53565849  2.7413878  -0.89482475  1.01577068  0.66132561  0.86970492
   0.2398983   0.38966474  0.5472344   0.0064834  -0.30783695 -0.45449186
  -0.15405476 -0.43596357 -0.3432973   0.91814645  0.9141705  -1.79668441
   2.07132337  1.93460949  1.41703     1.42906628 -0.91376984  0.46979204
  -0.92429846  1.30179389 -0.27989356 -1.23957712 -1.56264186 -0.04065914
   0.20420051 -2.5739181   1.13177829  0.6279144   0.32639932 -0.11455475
   1.36554762 -1.52273185  1.39956897  1.66847069 -1.8168878  -2.11371919
  -1.18452321 -0.35866051  0.28946034 -1.72587663  0.14999373 -1.79848422
  -1.00781846  0.4859217   0.1337322   0.84523814 -0.19304863  1.41330763
   1.80529932  0.2466649   0.36317321  2.21837744  1.27025018 -1.23008509
   1.21240036 -0.66622321  0.1688222  -1.27074661  1.3012178  -0.06899967
  -0.89671981 -1.43810424  1.52360425  0.61289694  0.22844306  0.95915306
   0.77075508  1.79229201  1.90020475 -0.49175254  2.52439815 -1.19319525
   0.29241238 -1.17092542  0.19008356 -0.4699283   0.73641558  3.26162743
  -1.13440677  0.31829678  1.10865237  1.69795085 -0.1185773  -1.48026524
   0.2132288   0.47464254 -0.00394424  1.55784661  1.48432932 -0.61729882
  -2.31587408  2.10461743 -1.27277033  1.87898407  2.34235016  0.32071001
  -0.43156713  1.38766305  0.31446017 -0.09527813  1.60158067  0.79656948
   1.85794153  0.9411561   1.24224543  0.44829696  1.33151136  0.88069914
  -0.38318474  0.30849389]]