[[-0.94394424  0.75427379  0.48655043  1.16375252  1.70430074 -0.32679581
   0.4251804   0.3652783  -1.97929045  0.14939749  0.38924673  2.16054375
  -0.88292832 -2.48758585 -0.01513667  0.43268833 -0.43622333 -0.03132832
  -1.55290955  1.23888543  0.03896922  2.5208884  -1.23981083 -0.32871292
  -0.54129543 -0.80340042  0.98024121  2.41911715 -0.23233749 -0.44317708
   0.71268706 -1.20341209 -0.8801675   0.35587626  2.56003247  1.94718466
  -1.44088166  0.29944663 -2.07247553  0.1297704  -2.16655273 -1.1033609
   1.86713123 -0.42717623  1.2746      1.14640295 -0.27465872  0.34511334
   0.02448751  0.71319089 -0.21177122  0.50939125 -0.33182832  1.73959869
  -0.73442415  1.97534084 -0.00496747 -0.11097165  0.95169715  2.32965674
   0.25930918  0.72691     0.27843125 -1.18289921  0.54905421  0.42425206
   0.24167792  1.94017374  0.32531415 -0.08883626  1.59814388 -1.24691459
   0.87768334  1.65751496 -1.67782823  1.01799878  1.14272747  0.16573288
  -0.61025167 -0.55256502 -0.41644664 -0.754645   -1.05676708 -1.11522874
   0.78184422  2.72039273 -0.90787582  0.65653747  0.02853334  0.84841205
   1.03748383  0.18651204  0.58115707 -0.08030292 -0.30383703 -0.27057459
  -0.3164834  -0.4579408   0.29158458  0.51497663  0.57143544 -0.92843414
   2.78893551  1.19436999  0.78530959  0.31645874 -0.77197126  0.41980832
  -1.19345545  1.63653625  0.09931414 -1.51735664 -1.74867925  0.83782042
   0.35722751 -2.40251592  1.1046342   0.27561335  0.15956834  0.34114083
   1.62926584 -1.78393074  1.65100672  1.4136908  -0.71557836 -2.44114825
  -1.57893114 -0.26537874  0.46002003 -1.9682416   0.3325975  -0.97131745
  -0.62013666 -0.27959458 -0.6260742   0.12748211 -0.65697996  1.6045088
   1.10324419 -0.36034372 -0.0733154   1.32046247  1.40638622 -1.52727252
   1.47695288 -0.61839382  1.11096295 -1.8394771   1.25195129  0.39505833
  -0.60582747 -0.53866495  1.2871421   1.06246916  0.08035958  0.79770914
   1.14921124  1.8452546   1.05839539 -1.36219046  2.29526637 -2.50126711
  -1.29381748 -1.27320454 -0.03761083 -0.16301001  0.1097071   2.79394173
  -0.78942752  0.53815126  0.61253664  0.83740173 -0.64948964 -1.06549996
   0.84759622  0.5683121  -0.35684498  1.11547505  1.38270999 -0.11529459
  -1.76545168  1.83039185 -0.69189463  2.23288132  3.21618987  0.29983956
  -0.30117463  1.17784918  0.24080465 -0.09512665  1.66687374  0.94763542
   1.66935154  1.01424832  1.52802116  0.24941792  0.61419916  0.56134376
  -0.06310461 -0.30113918]]