[-2.1042736   0.77796674 -1.049055    1.172465    2.5394583  -0.420325
  1.299075    0.9900616  -1.565835   -0.48354664  1.0398884   3.1999168
 -1.9348549  -2.2482631  -0.03088494  0.30887666 -1.6826      0.37127003
 -1.2669234   1.291505    0.28064334  2.1735983  -1.07289    -0.331345
 -0.9718283   0.6983516   0.06109168  3.1801383   0.39460668 -1.2777367
  0.11417667 -0.75394505 -0.467195   -0.30234662  2.6421816   3.1919184
 -0.503735   -0.14251663 -2.5708234  -0.60943323 -2.5486183  -0.4433117
  2.3773217  -0.282115    2.3156767   1.129005   -0.82301503 -0.64982325
 -0.76783323 -0.052845   -0.16913669  0.28500998  0.47122502  0.8223517
 -1.2120717   3.2625     -0.4255866  -0.40494332  0.52513003  2.501105
 -0.51448834  1.13172     0.2972233  -1.1154915   0.17394327  1.3608999
  0.5260351   1.5633217   0.72058004 -0.26511332  2.2767231  -1.3112515
  0.87998325  3.3699217  -0.55000335  1.0663916   2.8724468   1.0959951
 -1.0861233  -0.05064001 -0.7611     -0.46844336 -1.4888282  -0.6296
  0.79489166  2.2001698  -2.1827414   1.0006434   1.7767218   1.3581616
  1.2975601   1.248635    0.448065   -0.03058837 -0.6474083  -1.078055
 -1.0389633  -2.1136417   0.28338844  0.75280994  0.96534824 -1.9612184
  2.3448117   1.7877516   0.5855499  -0.28992996 -0.30785    -0.7232933
 -1.8956217   2.7769864   0.6619151  -2.3374217  -2.8035202   1.5301099
  0.1319533  -2.652675    0.4457033  -0.24089001 -0.79858     0.5829616
  0.65698665 -1.6291867   2.53072     2.6745598  -0.2925583  -4.0163713
 -1.6572266  -1.14498     0.21678829 -1.9172783   1.3007216  -2.3643267
 -0.38905     0.8914333   0.13575502  0.94545    -0.76285005  1.233255
  1.242495    1.2724284  -0.89232     0.5834416   0.77014333 -2.3862867
  1.6367234   0.42063996  0.80044836 -1.9686366   1.6214217   0.36733338
 -0.38369665 -0.38584998  0.77303165  1.0878617   0.5251834   0.56517327
  1.5762483   2.850252    1.2320715  -1.0654517   3.04362    -1.6936668
 -1.5140816  -1.1124649   0.65691495 -0.41716003  0.98149663  4.5176215
 -0.29012665  1.7626634   1.1031883   0.3514316  -1.4938283  -2.0188835
  0.75381833  0.61667174 -0.08784499  1.03324     1.0481417  -0.01974996
 -2.6258216   1.3632884   0.623295    2.4799218   3.3079002   0.41173506
 -1.2646233   2.2740166   0.10028668 -0.0941383   2.2653434   1.0964133
  0.77059835  1.2032133   2.878545   -0.46850833  0.73001003 -0.16086996
 -1.4686948  -0.19329663]