[-1.32376993e+00 -1.48335010e-01 -1.39043498e+00  8.63942504e-01
  1.50492752e+00 -1.73664987e-01  8.28957438e-01  1.84205747e+00
 -2.04233479e+00 -3.53092581e-01  3.24599981e-01  3.64010239e+00
  1.55680016e-01 -1.53238010e+00  1.41810989e+00 -4.57667470e-01
 -1.43620014e-01  1.06298494e+00  6.87094986e-01  1.22761250e+00
  2.23116255e+00  2.55418754e+00 -2.98175240e+00  9.19717491e-01
 -9.87434924e-01 -1.56520009e-01 -3.56367528e-01  3.81619263e+00
  6.56679988e-01 -2.25571012e+00  9.79560018e-01 -1.07846498e+00
 -6.34874940e-01 -5.28399907e-02  2.29552746e+00  1.12366509e+00
 -1.27561760e+00  1.07703245e+00 -3.17515492e+00  1.96193004e+00
 -3.48075247e+00 -9.09994960e-01  8.81072521e-01 -1.65209508e+00
  3.66402245e+00 -1.84499845e-02 -8.05737495e-01 -9.29932475e-01
 -1.89585000e-01  7.12300003e-01  2.08941507e+00  6.13897502e-01
 -7.60890007e-01  3.83697486e+00 -2.05490008e-01  3.19529247e+00
 -1.59800351e-02  2.04039991e-01  2.14877510e+00  1.99215508e+00
 -1.90530002e-01  2.52456474e+00  4.72170055e-01 -2.85817003e+00
  8.39532435e-01  1.26249242e+00  1.13384247e+00  9.80620027e-01
  1.58047748e+00  1.65531492e+00  1.08015251e+00 -1.14366257e+00
  2.97792464e-01  4.56052512e-01 -8.89482498e-01  4.09177482e-01
  1.07059741e+00 -1.16699964e-01 -5.34327507e-01 -1.48552752e+00
 -1.93547487e+00 -8.46650302e-02 -1.33601999e+00 -2.77420235e+00
  1.02160007e-01  3.07555771e+00 -1.27202010e+00  8.59405041e-01
 -2.57366490e+00  1.52043247e+00  8.99742484e-01  2.02470732e+00
  4.37417567e-01  1.42402494e+00  9.61482525e-01 -1.34241247e+00
 -2.72887528e-01 -2.44399965e-01  1.88840008e+00 -1.92737520e-01
 -7.62252450e-01 -1.25482750e+00  2.98638749e+00  3.91382486e-01
  1.04978001e+00 -1.73022485e+00 -1.79505992e+00 -5.16849995e-01
 -2.45697498e+00  2.92283249e+00 -3.94424945e-01 -6.38530016e-01
 -2.60042000e+00  6.58025026e-01  9.51362491e-01 -4.51402998e+00
  2.42117238e+00 -4.02302474e-01  1.44221008e+00 -1.56437242e+00
  1.94660008e+00 -1.34149730e+00  5.75867534e-01  1.56281757e+00
 -1.23664498e+00 -4.10853767e+00 -1.87715757e+00 -5.99699974e-01
 -3.91362518e-01 -2.64098740e+00  1.92266250e+00 -7.39564896e-01
 -1.65132499e+00  5.70465028e-01  3.08001041e-03 -6.14969969e-01
 -9.04554963e-01  2.02998996e+00  2.91604471e+00  5.60600162e-02
  1.22088265e+00  8.80447507e-01 -8.25820029e-01 -4.12987232e+00
  1.56763005e+00  1.27269757e+00 -7.41867483e-01  2.90880024e-01
  1.07186759e+00 -1.15102500e-01 -1.56330490e+00 -6.13312602e-01
  1.38439250e+00  1.39561510e+00  9.98754978e-01  1.71102262e+00
  3.47165775e+00  1.29232252e+00  1.91435242e+00 -9.62767541e-01
  2.40854001e+00 -1.34163249e+00 -1.75833988e+00  5.00524998e-01
 -7.76459992e-01  1.52348244e+00 -7.73002446e-01  4.55821514e+00
 -4.15712476e-01  1.64755011e+00 -8.29899907e-02 -1.34234965e-01
 -1.72222257e+00 -1.94177270e+00  1.82846498e+00 -1.25847745e+00
 -2.10512495e+00  1.97670507e+00  2.25150990e+00 -1.10866749e+00
 -3.18057990e+00  1.68274760e+00 -5.59395015e-01  2.31816244e+00
  4.03240252e+00 -1.65265989e+00 -1.77386999e+00  1.20319247e+00
  2.52355009e-01  1.26579970e-01  1.98607743e+00  1.45949996e+00
  1.13398993e+00  9.90280032e-01  2.97834492e+00  1.15721750e+00
  1.60020244e+00  1.58650506e+00  5.76522529e-01 -9.45860088e-01]