[[-5.13016810e-01  9.46879017e-01 -5.99743632e-01  1.22218485e+00
   1.43966511e+00  3.62278068e-02  1.03334853e+00  3.75332201e-01
  -1.40253691e+00  3.93499782e-01  4.42594912e-01  1.79960736e+00
  -1.20726852e+00 -2.57496123e+00  1.81325116e-01 -1.20050747e-01
  -1.08032832e+00 -5.94265130e-01 -1.62393929e+00  1.58786339e+00
  -4.48737845e-01  2.32417312e+00 -1.17186271e+00 -3.16127079e-01
  -6.82144135e-01 -7.49447061e-01  3.29455368e-01  2.19569787e+00
  -5.99789500e-01 -1.22149269e+00  5.87695375e-01 -6.71331434e-01
  -8.81437082e-01  3.66600741e-01  3.01568061e+00  1.76565735e+00
  -1.38550438e+00  5.51899016e-01 -1.65849187e+00  3.08193903e-01
  -2.49965220e+00 -1.32433270e+00  1.92069601e+00 -1.02681194e+00
   1.21464366e+00  1.87209564e+00 -7.78533203e-01 -4.95142703e-01
   9.57519584e-02  1.13198448e+00  8.43829553e-01  4.14795344e-01
   2.82669283e-01  1.42442291e+00 -9.12131234e-01  1.70608973e+00
  -1.18593161e-01  4.91204658e-02  8.39743378e-01  1.61196196e+00
  -1.03185613e-01  1.21003586e+00  3.70646839e-01 -1.64118029e+00
   1.12526078e+00  6.15822414e-01  7.40042184e-01  6.41475873e-01
   6.69068790e-01 -1.68449769e-01  1.73607442e+00 -7.96530476e-01
   7.35877330e-01  1.84973311e+00 -1.53008266e+00  1.01099096e+00
   1.03772833e+00  1.89843408e-01 -1.26934364e+00 -1.76538765e-01
  -5.40006451e-04 -8.05689711e-01 -1.01659098e+00 -1.28594394e+00
   5.91946078e-01  2.57060905e+00 -1.17230146e+00  8.56119008e-01
   4.58769545e-01  9.33244909e-01  4.99265111e-01  9.14514639e-01
   1.00281810e+00  1.27646607e-01  2.36776625e-01 -2.72651245e-01
  -7.61035349e-01 -1.15515511e+00 -2.95760769e-01  5.60351521e-01
   1.16520569e+00 -2.06131923e+00  2.67400097e+00  8.80204378e-01
   8.39427545e-01  3.25749298e-01 -3.51602193e-01 -6.67153677e-02
  -1.60321855e+00  1.95323881e+00  3.07168523e-01 -1.77702295e+00
  -1.03495657e+00  6.15198787e-01  7.49824891e-01 -2.03008637e+00
   6.33228025e-01  3.98055605e-01  2.11768798e-01  6.25795830e-01
   1.43741957e+00 -2.13979820e+00  1.46000244e+00  1.51682686e+00
  -4.83391671e-01 -2.49974548e+00 -1.77598566e+00 -7.20911485e-01
   3.92974878e-01 -1.14590344e+00  8.14919021e-01 -1.17582804e+00
  -9.03633915e-01  3.51694396e-01 -3.30287349e-01  3.94308997e-01
  -8.58170691e-01  1.24473098e+00  1.62817904e+00 -3.69424151e-02
  -4.07395132e-02  1.52626924e+00  1.11659635e+00 -1.87552288e+00
   1.08068925e+00 -1.48972214e-01  4.09963899e-01 -2.03339853e+00
   1.95999975e+00 -7.58852464e-03 -6.24923179e-01 -9.97197510e-01
   4.32155351e-01  6.19346602e-01 -3.51006985e-02  2.25859294e-01
   1.30109269e+00  2.16024005e+00  1.39549631e+00 -1.89746587e-01
   2.25548318e+00 -2.34049904e+00 -9.90094377e-01 -8.65076578e-01
   1.39982438e-01  4.18297821e-01  6.04797797e-01  3.32861288e+00
  -9.04717334e-01  3.91493430e-01  4.41857803e-01  1.08224171e+00
  -7.05071204e-01 -1.83749848e+00  3.46321178e-01 -1.90884632e-01
  -4.71060961e-01  9.22741711e-01  9.18231002e-01 -5.71417038e-02
  -2.47400951e+00  1.54064216e+00 -7.23956082e-01  1.72591293e+00
   3.19916189e+00  7.87118562e-01 -1.42380635e+00  1.34702441e+00
   5.55975846e-01 -4.88502948e-01  1.45528000e+00  1.66578050e-01
   1.68469098e+00  1.03354658e+00  1.82731830e+00 -4.97032936e-01
   1.34198270e-01  1.28435240e+00 -5.81706359e-01 -2.12940007e-01]]