[-0.85309106  0.2733523  -0.28568777  0.93152004  0.7351711  -1.2528567
  0.40943897  1.1441045  -3.1275988   0.42500556 -0.6396354   2.76209
  0.14517002 -0.90298885  0.6993033   0.10420439 -0.13116561  0.35125896
 -1.3366556   2.5104766  -0.06522112  2.8928576  -1.7575632   0.17467444
 -1.4186145   0.48849446 -0.4825822   2.19117    -0.68916005 -2.43146
  2.1030502  -1.3381588  -1.5723678   0.91062886  1.7174133   1.8998345
 -1.9796687   0.75764    -2.478851   -0.1094778  -1.6927466  -0.73264
  1.7397923  -1.1156101   1.45475     1.1665922  -1.5642589  -0.9317011
 -0.10814108  0.7854611  -0.01308115  1.1654778   0.56207776  1.9509566
 -0.79122007  1.8688802  -0.11128335  1.0910399   0.90012     1.1545422
  1.1642445   1.7309635  -0.3080767  -0.9702045   0.85467887  0.7373422
  1.8008379   0.6650857   1.0619177   0.42151338  1.5397677  -0.07392672
  0.12219778  0.29258    -1.945751    2.4367633   0.30070892 -0.89442223
 -0.86802673 -2.405938   -0.32223782 -0.6724523  -0.10736556 -2.2605333
 -0.12142783  2.169309   -0.78335226  0.5566589  -1.0299344   0.14946556
  1.2053256  -0.59568     0.5714945   1.2109733   0.2712922   0.44216666
 -1.0849466  -0.17623109  0.01726219  0.6870056   0.82572764 -1.5823555
  0.86462325 -0.06257442  1.6386678   1.4925377  -1.3582845   1.0584178
 -2.9610355   1.629169   -1.7212367  -2.2485545  -3.2612958   1.2961189
  1.1147343  -3.3068235   1.3349923  -0.78930336  0.08517109  1.4086645
  1.5596466  -1.8425566   1.785659    2.6009703  -1.2578055  -1.1653199
 -0.7395378  -0.8973977   0.63450783 -2.037161    0.83248    -1.6127256
 -0.4723656   0.7732766  -0.76581216  0.4028211  -0.73712444  2.79498
  3.4273176  -0.07185221 -0.3347944   2.131178    0.04546998 -2.3622532
  0.6852033   0.9889146   0.48037562 -1.7398978   2.7576532   0.71786225
 -1.4748923  -0.17723554  1.8886778   0.49724007  0.22335556  2.4498155
  0.4842711   1.0999533   0.40731227 -1.0458322   3.2608035  -2.089054
 -2.0536978  -0.35406557 -0.15875554 -0.59742117 -0.7769022   4.0215263
 -1.16784     0.7128689  -1.3567966   0.92330676 -1.4039145  -1.4821333
  1.5288355  -0.30478445 -1.3347598   2.2168188   1.9389768  -0.97241336
 -2.644651    3.4619823  -0.5500466   1.9477811   2.9856746  -0.34577894
 -0.63954335  0.92680675  0.8242533  -0.95015323  0.9649677   0.96205115
  2.876479    0.87741333  1.8169158  -0.2928177   1.2382845   1.7119101
 -0.6429589  -0.4698    ]