[-1.91646352e-01 -4.09874558e-01 -3.11702758e-01  5.05355418e-01
  2.32157275e-01 -2.36293644e-01  6.45881966e-02  5.31824529e-01
 -1.32846081e+00  4.33450013e-01  1.78589106e-01  1.04652631e+00
 -2.89005458e-01 -1.49918258e+00  4.69324589e-01 -5.89036405e-01
 -3.34359109e-01  1.42642736e-01 -6.83082044e-02  3.48788202e-01
  3.42381671e-02  1.54436564e+00 -5.22408187e-01 -1.51715443e-01
 -5.27636468e-01 -3.82530034e-01 -2.92376399e-01  1.36389089e+00
 -2.41750002e-01 -7.51949131e-01  2.80740917e-01 -5.06903648e-01
 -6.42269969e-01  9.22754705e-02  8.41279984e-01  1.01773274e+00
 -4.50145423e-01  5.04064620e-01 -7.95404613e-01 -2.22511813e-01
 -1.89283264e+00 -6.63174570e-01  1.16227829e+00 -1.87906355e-01
  4.51430887e-01  7.31851816e-01 -6.50845468e-01 -2.68470019e-01
 -3.01063627e-01  7.57209063e-01  3.18628192e-01  1.10050809e+00
  4.11223620e-01  1.31739902e+00 -4.80975449e-01  6.27898216e-01
 -6.62936419e-02  3.00669104e-01  7.70777285e-01  5.92750907e-01
 -3.26880902e-01  4.21234578e-01 -4.52794641e-01 -1.04681277e+00
  2.41466373e-01  5.69954515e-01  6.94103658e-01  3.89407247e-01
  4.92340863e-01  5.59860051e-01  1.16717637e+00 -7.50027373e-02
  3.73806357e-01  9.73448157e-01 -6.39358163e-01  1.05923820e+00
  2.82478154e-01  5.23677289e-01 -5.24051845e-01 -8.57582808e-01
 -4.37009126e-01 -9.37964618e-01 -2.94261843e-01 -9.78693604e-01
 -2.51109093e-01  1.25906181e+00 -7.69450963e-01 -6.13000169e-02
 -7.10690543e-02  7.58963749e-02  5.00154555e-01  1.09094928e-03
  6.76276386e-01 -3.15720916e-01  1.13715462e-01 -5.57471812e-01
 -6.41363636e-02 -4.30233657e-01  1.91236306e-02 -9.09654647e-02
  3.80163640e-01 -4.12901849e-01  1.17419994e+00  1.12473547e+00
  1.39939085e-01 -2.17822731e-01 -6.04420960e-01  4.18299973e-01
 -1.12962091e+00  1.37272084e+00 -4.39449131e-01 -7.25717306e-01
 -6.40306354e-01  1.19736366e-01  4.08080935e-01 -1.29016101e+00
  1.18268096e+00 -2.47172490e-02  1.50525451e-01 -2.29239076e-01
  9.13445413e-01 -5.27021825e-01  5.87769985e-01  1.54239917e+00
 -1.18812990e+00 -1.12477295e-01 -6.11363649e-01 -2.48048156e-01
  4.85657245e-01 -1.12045276e+00  9.15733695e-01  5.95590957e-02
 -1.00384367e+00  3.98819089e-01 -3.61255437e-01  7.42954612e-01
 -4.81006354e-01  1.17302907e+00  1.33004820e+00 -4.86758202e-01
 -6.87645450e-02  9.71840858e-01 -2.07900897e-01 -1.06231093e+00
  5.83585501e-01  1.37285486e-01 -1.82954501e-02 -5.99030018e-01
  3.69378179e-01  2.25311846e-01 -9.51799154e-01 -5.14184535e-01
  1.07853091e+00  6.04761839e-01 -1.60771817e-01 -4.30136472e-02
 -1.77508190e-01  5.81486404e-01 -1.28263775e-02 -7.46240020e-01
  1.23533463e+00 -1.42198992e+00 -5.85037231e-01  9.28909704e-03
 -3.77045311e-02 -1.76030010e-01 -2.34374538e-01  2.24342084e+00
 -2.63155431e-01  7.91042745e-01  3.75567257e-01  5.01121879e-01
 -8.04361880e-01 -7.63492644e-01  1.15126991e+00  8.65408853e-02
 -1.42840907e-01  8.40021849e-01  1.04314554e+00  2.12291807e-01
 -1.62143815e+00  7.41460860e-01 -6.91120923e-01  8.79117250e-01
  1.04539824e+00 -2.49512762e-01 -1.81157276e-01  1.77389100e-01
  9.49180961e-01 -1.07839085e-01  9.53337252e-01  5.63669086e-01
  1.31032908e+00  9.76797283e-01  5.49716294e-01  3.76347274e-01
  5.42008221e-01  8.03493679e-01 -7.07972720e-02  3.63466382e-01]