[-0.71242875  0.8828269  -0.6785239   1.1921848   1.8021213  -0.42932707
  1.0250783   0.06453027 -1.8158736   0.36490265  0.6829924   2.3519616
 -0.7066651  -1.9549646   0.08703388  0.09496096 -0.7601673   0.05496733
 -1.5749797   1.3254815  -0.11180978  2.7599678  -0.7058713   0.38985074
 -0.29679853 -0.44112834  0.03090902  2.4545712  -0.60816103 -1.108913
  1.2542552  -0.9938696  -0.84821373 -0.10074487  2.5515938   1.5885259
 -1.1525676   0.19638807 -1.5054365   0.5976203  -2.3525517  -0.51918316
  2.020839   -0.45104125  1.1789371   1.3883868  -1.0502614  -0.5622715
  0.4658554   1.0214816   0.7626506   0.36993557 -0.09960952  1.3719647
 -0.7211525   1.3927094  -0.1936714   0.1073156   0.82710135  2.1405191
 -0.31984124  0.12036491  0.3719727  -1.3848646   0.8875129   0.8951114
  0.8943893   1.0223384   0.96220315 -0.03836508  1.6969017  -0.92140394
  0.29819882  1.9215505  -0.9446642   1.1236544   1.9389452  -0.12845658
 -1.7206497  -0.80697197 -0.7305219  -1.1795325  -0.74123937 -1.0635599
  1.0556942   2.7741225  -0.52212274  1.0296205   0.2798861   1.3216023
  1.243211    0.11070706  0.9493158   0.17294611  0.24526578 -0.51325727
 -0.8232019  -1.1589638   0.24111076  0.45028654  0.6253521  -1.1745664
  2.356162    1.2060045   0.747941    0.7393766  -0.3243429  -0.24261735
 -2.0937557   1.8868792  -0.08245027 -1.6869036  -2.0687225   0.70745444
  0.69497776 -2.28809     0.90773374  0.3963137   0.9654767   0.80853736
  1.2139869  -1.7939894   1.2254175   2.1257823  -0.877189   -2.0361547
 -1.5654676  -0.56781906  0.16666318 -1.3047539   0.87083316 -1.4352279
 -0.7146325   0.75065136 -0.56494313  0.68963504 -0.38398877  1.5802257
  1.9572419   0.43794906 -0.0670612   1.1732733   0.58280075 -1.5399091
  1.6858988  -0.14402026  0.33439073 -1.7491283   1.3918111   0.5480377
 -0.01370267 -0.39977023  0.97799385  0.96735716 -0.20605339  0.22827882
  1.1663225   2.1707819   1.0668327  -0.8607602   2.7712991  -1.8171558
 -1.0368552  -0.8547788  -0.05571757 -0.01323     0.5056038   3.2148955
 -0.26233515  0.76177436  0.7070224   1.2578102  -0.8632589  -1.0084214
 -0.01122508 -0.12263753 -0.30254656  1.2220991   0.9649885   0.2870219
 -2.3052678   1.8388532  -0.6373143   1.8847139   2.4943988   0.44865805
  0.10454588  1.1512959   0.45897385 -0.22924149  1.6189808  -0.00995463
  1.582279    0.78387284  1.3850427  -0.06900707  0.39464346  0.54033977
 -0.56800663 -0.3782434 ]