[-0.07731002  1.2345216  -0.22969651  0.9137587   1.3040428   0.20363273
  0.833114   -0.09030887 -1.8056221   0.6452785   0.68143475  2.4813483
 -1.0559443  -2.5352232  -0.2088096   0.04171672 -1.0763156  -0.00990407
 -1.7478292   1.3696532   0.1464598   2.5137286  -1.0741837   0.12108735
 -0.1360877  -1.1328913   0.7075525   2.4298468  -0.59905297 -0.8902105
  0.66677666 -0.74619603 -0.3649994   0.03597961  2.102881    1.7750312
 -1.1299748   0.44157502 -1.460673   -0.09838249 -2.3933623  -1.2027978
  1.9155358  -0.1231529   0.81056046  1.2334214  -0.92801917 -0.76809406
  0.79019934  1.2742975   0.5284689   0.48712155  0.2931723   0.71265155
 -1.268149    1.1901561  -0.38741237  0.5872564   0.45499617  1.4437337
 -0.49311778  0.78717196  0.7708665  -1.341537    0.8312121   0.8640921
  0.3229206   1.1058576   0.7445559  -0.30705574  1.7140318  -0.8346175
  0.76231265  1.4811609  -1.4210241   1.3280168   1.5019023   0.6196338
 -1.9884048   0.05412406 -0.6059214  -1.2931447  -0.89209646 -1.5744742
  1.234153    2.6304412  -1.0136578   0.90883917  1.6167978   1.1552662
  0.2150025   0.6253859   0.9416834  -0.27858308  0.02101617 -0.40579793
 -0.9264538  -0.9908688  -0.76184946  1.3541837   1.1823268  -1.9511224
  1.9417962   1.213399    0.6551033   0.7568859  -0.42636225  0.04764444
 -1.7812291   2.2130063   0.77807146 -1.7496103  -1.3143209   1.2368249
  0.26542693 -1.7343278   0.54805     0.5414023   0.2577535   0.04362445
  1.2962903  -1.6558776   1.9431552   1.9388368  -0.5755273  -2.2423654
 -1.7290382  -0.40196955 -0.10696284 -1.0906982   0.7099354  -1.2227622
 -0.82329583  1.2682928   0.05017654  0.5547922  -0.852519    1.4963561
  0.9104811   0.6431445  -0.46502542  1.5479068   1.1037012  -1.6549475
  1.6384047  -0.60173553  0.4389769  -2.2967408   1.7011387  -0.02331308
  0.15849192 -0.20249675  0.9986975   0.70297086  0.15087095 -0.45192644
  1.1425589   2.196464    1.3676906  -0.7157552   2.368863   -1.7881688
 -0.39698595 -0.82977873 -0.24685475 -0.14361249  0.49820104  3.1057768
 -0.46923575  0.66859525  0.47987047  0.94219154 -1.1241826  -0.9224498
  0.22263382 -0.13059999  0.16729122  0.873188    1.0571752  -0.07614886
 -2.53006     1.0750024  -0.68088305  1.3840262   2.8643591   0.35434866
 -0.15859923  1.4530908  -0.12360482 -0.405674    1.7372884   0.20275828
  1.5147271   1.1324574   1.9813998  -0.23476194  0.42629573  0.42267364
 -0.9324445  -0.29089192]