[[-0.60723525  0.24502528 -0.04318735  0.64412421  1.94479948  0.20157949
   0.65262155  0.17106105 -2.01777947  0.65970685  1.42748948  2.5438111
  -0.75588368 -2.84488205  0.73525264  0.13997156 -2.00855311 -0.3819547
  -1.16610839  1.52048161 -0.64983578  3.03529049 -0.89827158 -0.14613371
  -0.32334525 -1.16439524  0.92114004  2.34754839 -1.0496374  -1.02701945
   1.42202627 -0.59110262 -0.53046793  0.24872002  3.45679898  2.00766104
  -1.69002623  0.9652421  -1.26291633  0.315119   -2.90794113 -1.21633263
   2.04092422 -1.04824736  0.6529242   2.91541789 -1.10360369 -1.40954685
  -0.13324894  1.25917053  1.31550313  0.67091894  0.12451841  1.73204949
  -1.18652576  1.31393106 -0.46543001  0.64317418  1.66261154  1.86663313
  -0.14971476  1.39717267 -0.67155579 -1.3785995   0.17389263  0.79290054
   0.55597264  1.16111314  0.7731516   0.65722579  2.09187843 -1.4435216
   0.71820312  1.52482944 -1.22880104  1.64140634  1.96621998  0.82920103
  -1.76560209 -0.49790843 -0.30917682 -0.91849105 -1.02372108 -2.14136326
   0.61893896  2.94934367 -0.83551784  0.86240365  0.75522789  0.39979316
   1.5186789   0.57018368  0.63959365  0.92751578  0.67824789 -1.14498209
  -0.85172998 -0.66851211  0.23724894  0.31475734  0.8999279  -1.32893946
   2.91349684  1.41269213  0.35130786  0.80497053  0.05525579  1.05525104
  -2.8296059   2.43725365  0.92639737 -1.48091471 -0.86820104  1.15457317
   0.21683475 -3.13896995 -0.14834949  0.82474943  0.47757054  0.45629106
   1.62073419 -2.34054055  1.96697159  1.39047157 -0.51924049 -2.19354106
  -1.24758519  0.59441422 -0.22442944 -1.57559895  0.53685211 -0.86373997
  -0.37413209  0.96366423 -0.53754734  0.10296528 -0.40703632  0.85906318
   1.94128152 -0.5188421   0.24822631  1.78079736  0.22471003 -1.60126528
   1.26436366 -0.13660208  0.29505263 -1.97197421  1.74946213  0.29854737
  -0.51848633  0.03982476  0.56107788  0.69970476  0.30144737 -0.01318421
   0.77909684  2.35134686  0.95832523 -0.04667052  2.4247826  -3.07844061
  -0.88586001 -0.47468634 -0.23486158  0.55229003  0.82270262  3.65745634
  -1.45130842  0.90761737  0.34359054  1.60426525 -1.39060528 -1.49187685
  -0.14514999 -0.5360921   0.22661105  1.30965895  1.48819373  0.60809314
  -2.71909579  1.62085735 -0.38437843  2.11111898  3.46522688  1.18858841
  -1.13557686  0.26210682  0.16545422 -0.58185314  1.90712158  0.4394379
   2.29951785  2.37595528  2.19926841  0.4419384   0.91636845  0.96594686
  -0.97676789 -0.72670895]]