[[ 0.00647563  0.83475905 -0.29698093  0.83247189  0.51016906 -0.63362595
   0.6819053   0.07913032 -1.83262375  0.23078125  0.27162344  1.45601533
  -0.44305874 -1.39368595 -0.01031564 -0.15621907 -1.02021907  0.11871938
  -1.15794094  1.00989     0.46057687  1.51649186 -1.03239124  0.24840626
  -0.64434966 -0.63554251  0.56646219  1.67656434  0.1386375  -0.66865376
   0.85120905 -0.35202311 -1.13042093  0.29922312  2.54586779  0.76034
  -1.0483075  -0.06752406 -1.80884905  0.30611718 -1.74979908 -0.95434843
   1.46449093 -0.57499156  1.00947748  0.97669626 -0.42403813  0.06747842
  -0.41953532 -0.36754     0.04102937  0.26020688 -0.18298595  1.37173094
  -1.65447937  1.57353092  0.23227624 -0.16211343  1.03622218  1.05824499
  -0.28513094  1.52920156  0.53713031 -1.44383688  0.83604656  0.4117775
  -0.23205311  1.22335155  1.17821499  0.10176876  0.98843938 -0.9490372
   0.51198221  0.97699687 -1.32416282  1.06106561  1.07294501  0.02672969
  -0.38878219 -0.36692498 -0.19610687 -0.26446406 -0.59654062 -1.05040687
   0.28527968  2.18620343 -0.88187312  0.58184624 -0.16792374  0.59543593
   0.88801904  0.54227471  0.85281624  1.02485094  0.288365   -0.05219501
  -0.25252407 -0.08132749  0.14052843  0.0574875   0.53241438 -1.09574439
   1.55286971  0.8480022   0.74230751  0.90490127 -0.39251281  0.24964749
  -1.24637843  1.25505251 -0.02190438 -1.08470031 -1.62338062  0.35104064
   0.74948595 -2.20904658  0.52945905  0.29862406  0.70653251  0.1028025
   0.91315062 -0.8109875   1.25691343  1.78551096 -0.49806343 -2.63673877
  -0.65108189 -0.49386312  0.61712437 -0.85138311  0.63906907 -1.42345499
  -1.24456873  0.97836659 -0.1066925   0.02566062 -0.29041096  1.23164063
   1.70093124  0.14363344  0.01955157  0.84680781  0.42607657 -1.8098994
   1.80950531  0.09166593  0.87583907 -1.45152159  1.38725971 -0.01898874
  -0.60226657 -0.16105531  0.66295564  0.72472406  0.03094187  0.67489751
   1.45310844  1.4752622   0.95360123 -0.70499813  1.96748842 -1.70762502
  -0.86119219 -0.12549469 -0.22990031  0.39634688  0.31198968  2.23188941
  -0.71984219  0.2202094   0.18048968  0.76512471 -1.08929907 -0.52096718
   1.10625344  0.16614126  0.23640689  1.01944782  1.36744283 -0.7332125
  -1.62828374  1.39826906 -1.19827533  1.29603749  3.08580965  0.46112
  -0.38677058  1.14930595  0.4112425   0.10286312  0.9475775   0.01452218
   1.58978749  0.6926722   2.28617281  0.04651593  0.89261501  0.37556812
  -0.23864124 -0.27223375]]