[[-0.35093544  0.88857543  0.17520711  0.78872474  0.72020051  0.04720407
   0.19449712 -0.05365644 -1.04459932  0.57055627  0.3425883   2.06274968
  -0.76989269 -2.15280832  0.22302118 -0.02700306 -0.32731115  0.25662305
  -1.51030455  0.85018577 -0.10549646  1.94509744 -0.74844425  0.08122257
  -0.6365127  -1.02062743  0.6115417   1.83113966 -0.45707169 -0.03999119
   0.1208039  -1.14421304 -0.87234555  0.25288728  2.1979468   1.5332851
  -0.46969204  0.13113847 -1.78605189  0.62802052 -1.60114936 -0.9913139
   1.36151696 -0.22615627  0.59880915  1.03121222 -0.99181492 -0.6759344
  -0.03147423  0.73928576  0.29104187  0.86977286 -0.20495509  0.57546222
  -0.8554607   0.9345117  -0.25723389  0.39751306  0.31347695  0.7121027
  -0.53784443  0.86589304  0.96580643 -0.96205543  0.7125842   0.42469542
   0.30082898  0.77516069  1.0038      0.03368662  1.55595985 -0.59921899
   1.00095848  0.90372372 -1.42734999  1.61562512  1.20222748  0.36539339
  -1.58780847 -0.51628539 -0.31905492 -1.30802408 -0.61744101 -1.22813577
   0.65298135  2.48938308 -1.17489592  0.48723982  1.11872899  0.89488068
   0.46093036  0.4491734   0.83529966  0.13961256  0.33225186 -0.08167916
  -0.08863984 -1.03144289 -0.20199084  0.92172324  0.64552051 -1.84688694
   1.35191897  1.06779172  0.84301932  1.19597458 -0.52080627  0.21665713
  -1.39729746  1.1623868  -0.43277171 -1.36330254 -1.26512693  0.56885437
   0.15971525 -2.02159343  0.50128538  0.11341051 -0.00649424  0.14146355
   1.05023678 -1.44216631  0.97871069  1.56515351 -1.64365299 -2.11353102
  -0.90077442 -0.76572203  0.25416204 -1.39313458  0.33891289 -1.23357389
  -0.80747542  0.98330359 -0.64357781  0.88225101 -0.09589067  1.51735947
   1.04459931  1.09120034 -0.45596865  1.31213749  0.88961762 -1.6243937
   1.18643099 -0.61543     0.23774932 -1.82995524  1.63084476  0.10161355
   0.19461035 -1.37776999  1.2856112   0.64943422  0.23655356  0.33894916
   0.86571709  1.52492477  1.53274779 -0.39927933  2.13837305 -1.6148688
  -0.25041525 -1.13204694  0.2162088  -0.22552661  0.35161831  2.4391749
  -0.89506205 -0.02438168  0.58373999  1.29748458 -0.75916746 -1.06429557
   0.18244914 -0.0117195   0.1414156   0.84230578  1.10546474 -0.31313798
  -2.26702746  1.65570572 -0.72351103  1.21882898  2.72382522  0.54055457
   0.2547561   1.08203085 -0.1101761  -0.03357748  1.12732286  0.12198981
   1.87235424  0.49968253  1.14650999 -0.41822626  0.16057441  0.42548916
  -0.67563815 -0.27811779]]