[[-0.55189853  0.31246147 -0.1523344   0.49099161  0.94674254 -0.14306505
   0.54068613 -0.01371813 -1.25136026  0.33900693  0.47505653  1.88599118
  -0.86438747 -2.45428028  0.1249492  -0.08540254 -0.39383174  0.17340521
  -1.04010746  1.0628032  -0.39771027  2.58517014 -1.03833426 -0.13368946
  -1.01539041 -0.89668693  0.61126426  1.96162081 -0.39455813 -0.70833347
   0.68694108 -0.84572333 -1.11714281  0.32037653  1.89869708  1.74302533
  -0.5073592   0.32096573 -1.39235375  0.176526   -1.96913707 -0.54454481
   1.50890692 -0.58202265  0.666494    1.43446001 -0.65011708 -0.38485707
  -0.1573332   0.75660628  0.45523214  0.69393334 -0.2067364   1.54596613
  -0.78637508  1.4177956  -0.44103773  0.47398147  0.28670853  1.19109213
  -0.62801387  1.12389881  0.04055678 -0.7939072   0.62113559  0.486202
   0.91032707  0.54590054  1.06782865  0.40476441  1.13687108 -0.91158721
   0.84151387  0.98560281 -1.38925841  1.0987644   0.97727987  0.34456733
  -1.30435349 -0.63522799 -0.31612119 -1.24047788 -0.30249414 -1.29968652
   0.45903293  2.25046026 -0.80939319  0.90191159  0.35781854  0.58759521
   0.48816174  0.1994136   0.70715987 -0.00533081  0.07377747 -0.46761214
  -0.58148575 -0.86243573  0.03263878  0.52240413  0.53139132 -1.4373768
   2.16019998  1.52050147  0.79948934  0.8014564  -0.81735535  0.21581748
  -1.52428747  1.187536   -0.29152493 -1.33411988 -1.18046612  0.62655774
   0.60819094 -1.99622281  0.54968894  0.15276386  0.67650652 -0.07868013
   1.18006306 -1.29032692  1.35767294  1.59399505 -0.94813733 -1.56271173
  -1.16567491 -0.729658   -0.28186107 -1.34777547  0.36264627 -1.05451812
  -1.1323816   0.8392628  -0.202884    0.41102478 -0.95653626  1.28712868
   1.42047093 -0.09137854 -0.01004227  1.61489347  0.76913227 -1.51845347
   1.10876042 -0.3839592   0.31418468 -1.38410279  1.12545519  0.13571267
  -0.41931268 -0.91155426  1.33781734  0.79073801  0.58860069  0.59688026
   0.61167053  1.47479775  1.17265173 -0.52916787  2.35325067 -1.90076467
  -0.86605748 -0.63917827 -0.01784307 -0.08736814  0.1159852   2.91828481
  -0.45661387  0.43158334  0.61033095  0.78983029 -0.68866534 -1.32475574
   0.33870387 -0.04128199 -0.10218694  1.21474774  0.96374081 -0.29629121
  -2.12412679  1.39270281 -0.7107056   1.5233892   2.4097108   0.45018426
  -0.12359856  0.80516107  0.20066081  0.09933175  1.20269973  0.61840414
   1.63792731  0.7888328   0.8177936   0.21735986  0.6149704   0.56578319
  -0.30000918  0.10249254]]