[[ 1.09448342e+00  7.44590004e-01 -3.19769993e-01 -4.61135000e-01
   9.94068311e-01 -4.72850020e-01 -2.00206660e-01  1.66572833e+00
  -2.66498327e+00 -3.62896701e-01  7.73136660e-01  2.75780173e+00
   1.69055503e+00  2.09569832e+00  5.81653360e-01 -8.70271688e-01
  -6.43991689e-01  6.14934961e-01 -1.00832169e+00  1.17544836e+00
   1.02698996e+00  2.11078163e+00 -1.44151827e+00  5.84893348e-01
  -1.40116338e+00 -8.72571704e-01 -4.25944986e-01  1.79962669e+00
  -4.36541660e-01 -2.75755163e+00  2.04497999e+00 -2.07389961e-01
   4.75837663e-03 -9.58068329e-01  8.58856658e-01 -5.53558330e-01
  -2.45775831e+00  1.03296332e+00 -8.98478337e-01  1.10590834e+00
  -1.27016000e+00 -2.43574992e-01 -1.96033497e+00 -3.00506334e+00
   2.12790497e+00  1.22365836e+00 -1.18577168e+00 -1.22274663e+00
  -1.61228331e+00 -1.54091666e-01  2.85516803e-02 -2.12759977e-01
   9.34326669e-01  2.65016673e+00  1.03679834e+00  2.05333338e+00
  -5.23998300e-01  5.42531669e-01  1.43941502e+00 -4.97524982e-01
   4.79086688e-01  3.12465012e+00  8.97193340e-01 -1.41730163e+00
   1.38221646e-01  1.34260496e+00 -1.86542828e+00  1.03643334e+00
   2.44157499e+00 -3.84324998e-01  1.41550669e+00 -2.29383500e+00
   2.05403325e-01  1.42211167e+00 -1.00798667e+00  1.99246836e+00
   1.64303999e+00  6.33483329e-01 -1.62304498e+00 -2.84347496e+00
  -2.65349340e+00  8.66975027e-01 -1.12521331e+00 -2.32188997e+00
  -2.61675666e+00  3.21733836e+00 -2.61758838e+00  1.11523320e-01
  -5.63733491e-02  8.97163346e-01  2.10928494e+00  3.67174993e-01
  -7.40114987e-01  2.78746625e-01  3.96299990e-01  2.21666833e+00
  -3.64738305e-01 -1.84250077e-02  1.57016997e+00  8.84081652e-01
   3.53980833e+00 -9.35356617e-01  1.14902664e+00  8.67373327e-01
  -1.66250994e+00 -1.06328499e+00 -4.02896665e-01  6.51183054e-02
  -2.61706007e+00  9.57698325e-01  4.71449985e-01 -2.36137666e+00
  -2.05400338e+00  4.02421658e-01 -1.03723347e-01 -6.16901183e+00
   5.54260011e-01  1.25911664e+00 -4.01615024e-01  7.22213378e-01
   1.59548999e+00 -2.94394965e-01  1.56989996e+00  7.18190014e-01
   2.56629992e-01 -5.22896171e+00 -1.77035004e-01  4.81318342e-01
  -3.89466832e-02 -2.84876168e+00  6.07009947e-01 -1.43940999e+00
  -5.11904955e-01  1.65492332e+00  1.92380011e-01 -3.05031667e-01
  -1.26911001e+00  1.23522002e+00 -7.29731719e-01  1.15629339e+00
   1.36134499e+00  1.49528000e+00 -8.61058344e-01 -3.71431335e+00
  -8.53386700e-01  3.11273361e-01 -3.72728360e-01  1.28891166e+00
   1.04855336e+00  7.00649977e-01 -3.80326629e-01 -5.68010043e-01
   9.64164990e-01  6.34711677e-01 -3.31225038e-01  1.11677002e+00
   2.87831833e+00  8.65849853e-02  3.16644675e+00 -9.77493356e-01
   1.34019331e+00 -2.17664832e+00 -1.95780331e+00  6.24653344e-01
  -9.60155020e-01 -1.04848330e+00  1.41369002e+00  2.27020504e+00
  -1.48669159e+00  2.14813296e-01 -5.31650074e-02  2.25386997e+00
  -2.34878673e+00 -1.66365000e+00  1.07804162e+00  4.76014956e-01
  -1.47258000e+00 -1.20423337e-01  1.10844328e+00  2.19104975e-01
  -1.44848833e+00  1.81927335e+00 -9.47875015e-01  2.77517676e+00
   3.76713339e+00  1.12978166e+00 -2.61533320e-01  6.26591692e-01
  -9.62986728e-01  3.69503344e-01  6.17078304e-01  5.54033349e-01
  -4.44698396e-01  1.42336166e+00  7.26525029e-01  7.78056676e-01
  -5.60880025e-01  1.43780669e+00  7.15318332e-01 -1.13018166e+00]]