[[-0.61165314  0.89608105  0.30029948  0.82134159  1.15285738 -0.51195999
   0.37843634  1.30446897 -1.86343525  0.27462895  0.47896631  2.7995537
  -0.95506948 -1.56817424  0.55253843 -0.07873582 -0.4536058   0.31723421
  -1.58647418  1.57075579 -0.65716213  2.72590207 -0.46547788 -0.00825577
  -1.55105996  0.15382264  1.5675137   2.62251685  0.30345208 -1.58872844
   0.11905369 -0.57407792 -0.76016473 -0.30123108  3.21345892  2.0251363
  -1.3300221  -0.24405895 -2.28966057 -0.32746369 -2.34607161 -0.70113316
   1.03645158 -0.85566261 -0.08154423  0.55506265 -1.20102582 -1.16909578
   0.23468264  0.57664365  1.21494054  0.66846051  0.33872104  1.55319685
  -0.73921843  1.3470858  -0.65408525  0.98095425  1.6331774   1.0858553
  -0.58920368  0.67212736  0.5994084  -0.75421947  1.20340528  0.70202895
   0.83816631  1.19885895  0.0805163   0.93807738  1.33150946 -1.39746052
   0.48732844  1.51974419 -1.71707635  1.90491997  1.32787317  0.48765419
  -0.4680416  -1.48607787  0.20214211 -1.06048207 -1.12795211 -1.41811954
  -0.34516105  2.08544419 -0.76164845  0.79662847  0.98391055  1.77326842
   2.19764946 -0.22159843  0.6679584   0.15827474  1.22366056 -0.27494739
  -1.01044369 -0.20031052 -0.54263899 -0.41308     0.75917367 -1.38645263
   1.9228347   0.52595477  0.75166631  1.21667896 -0.71068791  0.74896737
  -2.16464429  1.79262526 -0.56923577 -0.78285156 -1.75679317  1.70604842
   0.22489213 -2.51030786  0.83071052  0.20409262  0.71610212 -0.23018105
   1.76864577 -0.14836577  2.36643844  2.07836473 -1.58468469 -2.37219472
  -0.66061896 -0.51675053 -0.19605048 -0.18783316 -0.08649211 -0.99455892
  -1.09785789 -0.01176842 -0.5569458   0.46153948 -0.78395108  1.31421894
   1.97281262  0.6662963  -0.09213262  1.15480319  1.32099209 -2.2957463
  -0.21070157  0.58311578  0.65834525 -1.97454426  1.6139148   0.88096001
  -0.30607105 -0.971       1.09566737  1.05462265 -0.29299634 -0.09201371
   1.39065896  0.69826684  1.45630788 -1.46007053  2.3021269  -1.4028784
  -0.10459789 -0.86989948  0.6979421   0.40962473 -0.30786526  2.84106944
  -1.42725053  1.16275949  1.52018895  1.42305843 -0.72450005 -0.86441736
  -0.18677052 -0.28630002 -0.30235157  1.82154213  1.32938104  0.11451577
  -2.67264573  1.62557208 -0.07852157  1.84943527  2.9950642   0.48723842
  -0.98211     0.98978106 -0.11181473  0.57821844  0.93900055  0.21963685
   1.62521112  2.08537318  1.28582211 -0.79091265  0.99283     0.09782578
   0.16045108 -0.09470895]]