[[-0.14186943  0.58520433  0.14384888  0.66587491  1.5480641  -0.28646563
   0.64159737 -0.02267547 -1.35832117  0.67442985  0.28325792  2.24427535
  -1.24058625 -2.43516828  0.25317492  0.31944907 -1.14470809  0.05502509
  -1.54621041  1.98818196 -0.16342567  2.74222018 -0.2848783  -0.11117169
  -1.0748023  -0.59919191  0.66981312  1.60709062 -0.56754074 -1.08090645
   0.71958606 -0.13361888 -0.76899148  0.15090644  2.35488211  2.02253504
  -1.73426974  0.14685399 -1.84200395  0.09925021 -1.89379215 -1.37392584
   2.25921751 -0.70425092  1.04129058  1.04499112 -0.23110849 -0.55334093
  -0.12912584  1.1522479   0.29767471  0.5191715   0.1549449   1.30394983
  -1.29618966  1.43077381 -0.28459698  0.36386528  1.16398605  1.31507792
  -0.61903397  1.51863288  0.22250849 -1.8494268   0.82640397  0.82006774
   0.82793549  0.56314415  1.23357524 -0.0942617   1.45367874 -0.6142783
   0.40499     1.9062943  -1.05326471  1.97864993  1.33246491 -0.18228717
  -1.5905217  -0.91700848 -0.01360755 -0.70514301 -0.73954505 -1.40490528
   0.77969036  2.56439414 -0.96180604  0.25088393  0.88654034  0.71146627
   0.99594994  0.08219812  0.99895638  0.30072754  0.13604886 -1.02263167
  -0.67658227 -1.11161678 -0.0172302   0.89684965  0.96601754 -1.54209982
   1.72754607  1.03613945  0.96239404  1.58370976 -0.64212566 -0.27587962
  -1.39097134  1.59796419  0.77480048 -1.49404225 -1.18451153  0.98664873
   0.08573038 -2.23220898  0.64487358  0.35144963  0.41919698  0.76766302
   1.57887358 -1.46986416  1.44745513  1.88060627 -1.25587452 -1.91771719
  -0.77229714 -0.46361547  0.22254266 -1.60508606  0.47326299 -1.51290261
  -0.9308991   0.7796385  -0.20043549  0.0664402  -0.17115982  0.86541677
   1.29760149  0.02697281 -0.38046679  1.63700284  0.8090953  -1.34037269
   1.03798605 -1.03615128  0.50765957 -1.76899632  1.45977901  0.31735907
  -0.1761898  -0.51937791  0.86684828  0.48642227 -0.10284717  0.92534776
   0.98944509  1.80805609  1.10642884 -0.57012792  2.35173119 -1.64892828
  -0.77208583 -1.04184281 -0.15057794 -0.54816321  0.04148432  3.19430635
  -0.58636604  0.68297717  1.14100132  2.1440085  -0.68744736 -0.66031699
   0.66036883 -0.16558889 -0.21246867  1.07895661  1.05214152 -0.36634606
  -2.32008307  1.73017988 -0.72401871  1.95100984  3.52515454  0.87474032
  -0.31390152  1.3228823   0.36654736  0.2344202   1.60524667  0.05051585
   1.46206077  1.74482234  1.62952377  0.06394755  0.49003377  1.16751245
  -0.36427812 -0.28401866]]