[-0.01545247 -0.46249375 -0.9573738   2.2710876   0.8282388  -1.0992326
  1.7852588   0.29613626 -2.772575   -0.28853494 -0.53814     2.8318212
 -2.0852537  -2.4520388  -1.4918349   1.4009749  -2.3685987   0.13490123
 -0.4214425   0.6829088   0.49587497  3.2215762  -0.29451752  0.69331384
  0.233575   -0.99065745  0.9876188   2.4619024   0.8488712  -1.3842013
 -0.4217325  -0.42598495 -1.8305451  -0.9758638   4.4525995   0.89345616
 -1.2835712   0.16346    -2.46848     0.14958623 -1.8051213  -1.4055088
  2.21563    -0.42098886  2.696785    1.2359288  -0.94900763  0.08628628
 -0.30786872  1.3296813  -0.76123995 -0.6898099   0.25199375  1.1842312
 -1.0355101   2.164754   -1.016865    0.4702      1.1582675   2.75181
  0.40026504  1.4350538   0.8084899  -1.5755975   1.1644901   0.41138256
  0.16420251  0.80612     1.1128963   0.48061755  1.859015   -1.4284425
  0.9108937   2.4033885  -0.81696004  0.7096325   2.3298464  -0.3043875
 -3.054491   -1.5581551  -0.31434122 -1.9133987  -0.36320624 -1.5940187
 -0.028245    3.3726225  -0.89004624 -0.3216487   0.1906238   0.6483163
  2.3075712   0.9303649   0.43075377  0.23934126  0.42848998 -0.664845
  0.94469    -0.3565275   1.6036986   0.14916123  2.1074836  -0.89347756
  2.1060524   0.7407738   1.2546036   0.6418225  -0.5775525  -0.5988938
 -0.71151996  1.5255226  -0.47407258 -0.75506    -2.558616   -1.1388472
  1.5891376  -2.558856    0.2551762   0.4121175  -0.26939997  0.9507651
  2.8239     -2.3505375   1.207045    2.938664   -0.5762988  -2.1752915
 -0.68726254 -0.6567275  -0.24977872 -2.0610652   0.2925688  -1.1956874
 -0.16395384  0.87836874 -0.8362338  -0.27674872 -0.7008512   1.0367212
  3.33352    -0.71154004 -0.4072863   0.6137462   0.5217413  -1.6376088
  0.92529124 -1.2061826   1.5325813  -2.2931585   1.9533511   0.15295127
 -0.39228255 -2.5478337   1.1585562   0.49462625 -0.01008627  0.88417506
  1.6080376   1.3101187   1.5095725  -0.5687338   2.05198    -2.913346
 -1.8481513  -0.7657837  -0.12061874  0.535205    0.01027126  4.270435
 -0.97802746  0.07224125  0.7884425   1.07891    -0.98413     0.12184247
  1.49411     0.578345   -0.7291325  -1.1029925   1.1087562  -2.1130226
 -2.602365    1.9259351  -2.1049387   1.6881087   3.44504    -0.57587004
 -0.87276     2.6052675   0.9186175  -0.90792     2.0958102   0.07403377
  1.7970325   0.709815    2.5374365  -0.12986374  0.4837588   0.40884623
 -2.0418112   0.45071006]