[[-0.541029    0.85011399 -0.241487    0.62584899  0.75971398 -0.15224219
   0.4343076   0.52440179 -1.56399382  0.494829    0.6012272   1.84619922
  -0.63009679 -2.3981382   0.2852906   0.148348   -0.91891719  0.3461766
  -0.7177598   1.5027258   0.29163358  2.31951476 -0.64774742  0.4670486
  -0.6020518  -0.99112858  0.2324796   2.32912939 -0.1334174  -0.7275346
   0.2353184  -0.3053938  -1.04570121 -0.04291462  1.8628004   1.32308178
  -1.2114704   0.460868   -1.77584424  0.48328158 -1.4716148  -0.95043641
   1.83787079 -1.18973839  0.89173459  1.28195902 -0.57479162 -0.0679644
  -0.253968    0.6036874   0.63684481  0.4988296   0.17579599  1.12445581
  -0.660752    1.33303878 -0.280787   -0.35165579  0.75423601  1.104982
  -0.44749221  0.6432824   0.4300906  -1.13800117  0.66916321  0.59236
   0.52749361  1.19680041  0.600532   -0.1205716   1.52222742 -1.27126202
   1.08899141  1.57364962 -0.99809461  1.02803161  1.34190263  0.2635138
  -1.6481448  -0.79870919 -0.64049299 -0.6613338  -0.84760539 -1.01076938
   0.35694499  2.2682884  -1.0107906   0.2165132   0.02724     0.68677359
   1.08862061  0.2701536   0.82774101  0.4841256   0.4879736  -0.92621881
  -0.492681   -0.76664398  0.2335332   0.76672959  0.91235159 -1.33999538
   1.71174042  1.12632001  0.224014    0.69823559 -0.7362562  -0.04972279
  -1.6583164   1.91143085  0.25528619 -1.28469941 -1.40819879  0.9618488
   0.61080761 -2.26233718  0.76246218  0.54200559  0.3372752   0.24740599
   1.4305468  -1.05902481  1.0983658   1.99456622 -0.4702972  -2.30605562
  -1.3009556  -0.1259334   0.0194328  -1.4475598   0.799445   -1.03008661
  -0.74888079  0.7670852  -0.59531899  0.40423939 -0.7427756   1.02035779
   1.10386659 -0.12433241  0.18557418  1.3478564   0.74398459 -1.81519441
   1.38625358 -0.1529442   0.64957499 -1.2391454   0.8479934  -0.0320528
  -0.20370559 -0.77804239  1.31344684  0.54749619  0.2086022   0.88590299
   0.85656922  1.1475228   1.07302559 -0.8794292   1.82863605 -1.89943295
  -0.5752194  -0.6144948  -0.19631061  0.1713792   0.78112381  2.74230817
  -0.81182221  0.83873639 -0.0450022   1.150433   -0.55263399 -0.6438574
   0.3996924   0.37189481 -0.27719439  0.71864822  1.10515799 -0.31270881
  -2.0786648   1.581479   -0.8700948   1.69473263  2.82175599  0.4924096
  -0.09473841  0.90376642  0.40094502 -0.17933658  1.43072521  0.55731059
   1.34958203  1.0874644   1.565209    0.4444044   0.2789166   0.01765641
  -0.36531381  0.1788758 ]]