[[-0.55749311  1.4253169  -0.65886624  0.26926689  1.06309307 -0.4501675
   0.93012683  0.34100187 -1.77498438 -0.30295312  0.97329128  1.87768756
  -1.3793956  -1.80827558 -0.06031187  0.20519437 -1.36110622  0.61030565
  -1.42119192  1.68160435  0.70151751  2.4648275  -1.61560873  0.95872625
  -0.79092875 -1.49346058  1.03557437  2.70485867  0.25666502 -2.03857185
   1.44888123 -0.86109128 -1.24649373 -0.14384124  2.865222    1.63075184
  -2.26712886  1.22688371 -1.85992938  0.56911812 -1.90337745 -0.75089748
   2.11678867 -0.95201623  1.30560003  1.71444191 -0.40940187  0.01843937
  -0.17976436  0.78866316  0.6544395   0.06855436  0.33832442  1.50556183
  -1.29200813  2.75400428  0.43340563 -0.31157186  1.8972782   1.98238308
  -0.50996751  1.01076871  0.42212311 -1.47550624  0.46134438  1.14600251
  -0.08385625  1.52465501  0.72125313 -0.55968563  1.22830937 -1.02434434
   0.39364497  1.92937567 -1.59333316  1.90987121  2.3654468   0.29017126
  -1.24077626 -0.41547314 -1.07620308 -1.22689186 -0.42200064 -1.305175
   1.15460244  3.0782676  -1.55162872  1.20917121  0.7563731   1.05683313
   1.59991304  0.42756315  0.47134062  0.7640431  -0.09904003 -0.75631749
  -0.57843563 -0.21568996 -0.01730688  0.8531481   0.85530189 -2.05145751
   2.3491062   1.14299623  1.34228875  0.45863062 -0.09270437 -0.14857813
  -2.129205    2.09461737  0.57371186 -1.62065439 -1.43140127  1.64892943
   0.13764501 -1.87710559  0.7238      0.8916381   0.78944001  1.30437694
   0.92376564 -1.85937331  1.87209814  2.19967258 -0.25848625 -3.42668383
  -2.10741813 -0.13628374 -0.37593938 -1.43381936  0.51844938 -1.73880252
  -0.465735    0.32203564 -0.48778561  0.25303752 -0.29732438  1.31885381
   2.15168552 -0.22209125 -0.31450565  1.39635815  0.28213562 -1.55771996
   1.92658932 -0.53704875  0.58882191 -2.14262185  1.58123377  0.19480875
   0.0974581  -0.3410756   1.52515627  0.73578063  0.20257373  1.0405056
   2.28924125  2.48584246  0.93890625 -0.15003375  1.84271824 -2.30028319
  -0.59551873 -0.51608061 -0.66495876 -0.18443     0.45901371  3.01404682
  -0.69032622  0.51844626 -0.06053378  1.99749881 -1.25274058 -1.49144441
   0.98555064 -0.20643065  0.55301687  0.91942563  1.4189094   0.43377813
  -2.48642245  1.87876072 -0.30092999  2.42876872  3.97731313  1.08014938
  -0.32184623  1.87606808  0.13762816  0.53128688  1.72114688 -0.32013437
   2.7565712   1.37238374  2.96559259 -0.10477624  0.8361275   0.64049437
  -0.38735559  0.07439126]]