[[-0.13630861  0.50348234 -0.25884075  0.7682214   1.02205582  0.36563376
   0.79503362  0.07688037 -1.65185513  0.30971976  0.09796126  2.07835212
  -0.37235342 -2.27727645  0.03247505  0.13550202 -0.42864496 -0.04513432
  -1.40476745  1.33277309 -0.23056062  2.58823339 -1.02088011 -0.19440002
  -0.7032628  -0.87509069  0.66260896  2.48107271 -0.30483838 -1.42450625
   1.0387448  -1.01002739 -0.68008115  0.0594148   2.35236858  1.26928575
  -1.0395557   0.3032728  -1.54314547  0.1399461  -1.94539988 -0.85516552
   1.39840099 -0.61419712  0.95547928  1.16389767 -0.63517291 -0.28697243
  -0.02041545  0.82628106  0.44041256  0.6148786  -0.18279749  1.91445167
  -0.75936111  1.55638007  0.07283606  0.30639529  0.23637432  1.19180283
  -0.31829381  1.22146444 -0.19527256 -1.09518455  0.44091745  0.67089227
   0.5799788   0.29981834  0.83395423 -0.00317404  1.1060086  -1.09693764
   0.70447961  0.96305644 -1.04802856  1.14135097  1.23632884  0.05019389
  -1.22453905 -0.28176038 -0.38249228 -1.06242062 -0.31813686 -1.41869078
   0.52677302  2.1844346  -1.07986739  1.04024696  0.48697443  0.90175791
   0.71625785  0.31337471  0.61528085 -0.17171267  0.09958381 -0.37922388
  -0.42929804 -0.68639726 -0.50858823  0.2686904   0.60439929 -1.37003704
   2.15632043  1.5301264   0.9129786   0.63262275 -0.83689684  0.09558698
  -1.59110172  1.38302565 -0.00533559 -1.19446794 -1.50106794  0.70233109
   0.23562443 -1.72962903  0.94702062  0.30907264  0.90408425  0.16035638
   0.96041249 -1.18771976  1.38283928  1.78525504 -1.40266538 -1.63358168
  -1.06585812 -0.6704783  -0.16812872 -1.22272922  0.37311594 -1.31368262
  -1.46834898  0.98757037 -0.06493924  0.34587934 -0.96609964  1.35258892
   1.290274    0.31447068 -0.08933037  1.40095749  0.5727231  -1.73348734
   1.15628692 -0.11531722  0.30663597 -1.45311718  1.25376065  0.20016908
  -0.68450934 -0.96154085  1.24746267  0.95194325  0.40650559  0.36575063
   1.21116535  1.53498124  0.94641794 -0.37971499  2.42133302 -1.94637072
  -0.99119495 -0.57334933 -0.3141298   0.54849628  0.13340366  3.00354897
  -0.57842908  0.57216223  0.6433273   0.72234923 -1.04397038 -0.97061643
   0.84541963  0.1942881  -0.17928064  1.08538283  1.19472914 -0.17153761
  -2.34619078  1.40322179 -0.31276559  1.61732446  2.46049939  0.25884087
   0.01047743  1.14252018  0.57692232 -0.01599924  1.5814077   0.43688942
   1.54403678  0.39478948  0.70761139  0.48900923  0.69737035  0.74604749
  -0.29621873 -0.10288937]]