[-1.478694    1.056308    0.06432801  1.091346    2.0906632   0.83900297
  0.8907749   0.47973904 -2.451236   -0.40995097  1.2967571   1.6121743
 -1.6853479  -3.0125322   1.1082209  -0.46584406 -1.129027    0.44217998
 -2.395519    1.6641458   1.308883    3.2947826  -0.92515004  0.27415904
 -0.41684103 -0.39370507  0.21476503  3.1224892   0.05542701 -1.1302681
  1.8566751  -1.228227    0.018411    0.454822    3.7558265   1.3458341
 -0.95353496  0.828578   -1.8704411   1.476558   -2.735445   -1.8757061
  2.561895   -1.264427    1.984452    0.9962162  -0.66493803 -1.4137082
  0.17220697  0.36129704  1.059797   -0.23331599  0.54478997  0.43065596
 -1.3636421   2.350804   -0.04671297  0.33203903  1.6531582   1.9283688
  0.39633098  0.87851506  0.8285409  -2.03681     1.134517    0.291222
  0.682908    1.209231   -0.15106404 -0.29944295  0.85881805 -1.9113519
  1.0818781   1.315271   -1.443805    1.228061    1.4863521  -0.667929
 -2.365328   -0.08546497 -1.226416   -0.84271497 -1.5813819  -2.157821
  0.25338203  2.1073678  -1.305198    1.7316601   1.5595859   1.3263861
  1.9000111   0.13689102  0.8878261   0.36104003 -0.56695807  0.274813
 -1.269257   -0.847857    0.221771    0.64612496  0.6374041  -2.1268742
  2.378786    1.2255598   1.272225    0.68032396 -0.98470896  0.8986629
 -2.176396    4.358625    1.77651    -2.03659    -1.921859    1.3550761
  0.413166   -2.680907    1.340391    0.69846     0.953941   -0.03283398
  2.332816   -1.9293921   2.9406068   1.6178749  -0.518175   -2.6957593
 -1.4375751   0.637078    0.05791897 -1.9334278   0.9891661  -1.0928348
  0.320535   -0.11535998 -0.35967097 -0.331949    0.54384005  2.0731893
  1.874316   -0.300203   -1.0808642   1.878693    0.7341639  -1.862437
  1.8504028  -0.262569    0.627589   -2.2118742   1.7479801   0.482083
  0.08729498  0.8903721   1.25756     0.838807    0.13986498  0.44007602
  1.3916678   3.1358702   0.661411   -0.33667803  2.506788   -3.165922
 -1.6618751  -0.78285    -0.89757395  0.77306205  0.08750503  4.16711
 -0.828936    0.540312    1.380797    1.3752531  -1.360359   -1.610013
  0.18001302  0.340079   -0.38241297  0.859286    1.798611   -0.24521904
 -2.587222    2.3735821  -0.11388502  2.9858098   4.177026    0.755535
 -1.4281771   0.38721794  0.9223121  -0.28054696  2.2771478   0.36967602
  2.4680438   1.4157139   3.3196578  -0.85004395  0.11551998  0.46463403
 -0.250191   -0.14102499]