[ 6.2823355e-02  6.2939340e-01  1.4098368e+00  1.5633234e+00
  1.7723465e+00  7.9673672e-01  9.8660332e-01  2.4108332e-01
 -2.7609265e+00 -8.0774999e-01 -3.3866565e-03  2.7874167e+00
 -4.8600435e-03 -4.2435837e+00  1.3954668e-01 -1.7954568e+00
 -1.1661667e+00 -4.6811005e-01 -1.1245667e+00  1.0967033e+00
 -3.0177600e+00  3.7402899e+00 -3.4014001e-01 -2.1062005e-01
 -3.4697673e-01 -5.2004665e-01  2.7425001e+00  2.0641801e+00
 -7.0581669e-01 -1.6004668e-01  1.6903067e+00 -7.6457340e-01
 -2.1524663e-01 -1.7322332e-01  2.3389466e+00  2.4176800e+00
 -1.5624766e+00 -1.2168533e+00  5.1927346e-01 -9.5122665e-01
 -3.3480332e+00 -5.5826664e-01  1.7241532e+00  7.1913999e-01
  3.4025666e-01  2.6362066e+00 -5.8813328e-01 -2.5402033e+00
  5.5143332e-01  3.3968966e+00 -9.1306686e-02  5.3088993e-01
  6.9281000e-01  1.1652867e+00 -6.8730003e-01  2.4353602e+00
 -1.0938634e+00 -1.0720899e+00 -6.0759664e-01  1.4880466e+00
 -1.6698667e+00  1.1187867e+00 -1.8505602e+00 -8.9666003e-01
 -1.3689200e+00  1.3491834e+00  1.1534534e+00  1.6693201e+00
  4.3216333e-01 -4.0947333e-01  2.1846666e+00 -3.8038662e-01
  8.9439327e-01  2.9194467e+00 -2.6183600e+00  5.0978667e-01
  2.4427936e+00 -3.9443374e-02 -1.8084468e+00 -3.3510011e-02
  1.4691067e+00 -1.2090234e+00 -2.3180334e-01 -1.2021767e+00
  5.7186002e-01  3.7056866e+00 -6.9424671e-01  3.0418465e+00
  3.0311368e+00 -5.5923302e-02 -1.0206866e+00  2.1924001e-01
  1.8640600e+00 -3.8677672e-01 -3.4781334e-01  7.2339855e-02
 -1.8578467e+00 -2.8221339e-01 -1.2272466e+00  5.4710668e-01
  1.6310501e+00 -3.3817568e+00  2.7769134e+00  1.7635866e+00
  1.3280166e+00  2.0612066e+00  1.6395367e+00  1.6352100e+00
 -1.5678468e+00  1.5491994e-01  1.6757168e+00 -2.2852733e+00
 -2.8603005e-01  2.9611665e-01 -9.5193468e-02 -1.7398666e+00
  1.6696399e+00 -2.2935967e+00  2.4291499e+00  1.0175266e+00
  2.6213067e+00 -2.1566164e+00  5.1677098e+00  2.0590103e+00
 -4.4849634e+00 -1.5102100e+00 -1.8609565e+00  2.9457340e-01
  4.8652998e-01 -5.4932666e-01  2.0791266e+00 -1.9695433e+00
 -2.9361996e-01  3.0842003e-01 -7.6813006e-01  3.0212631e+00
 -4.6044001e-01  2.2646234e+00 -4.6268335e-01  3.5906002e-01
 -3.6629000e-01  2.3156166e+00  2.2356670e-01 -4.5985666e-01
  2.3240032e+00 -2.5396900e+00  1.1832033e+00 -3.6471965e+00
  1.0582200e+00  7.9907328e-01 -6.4901334e-01 -5.7867330e-01
  1.8407234e+00  1.1541433e+00 -1.6608633e+00 -2.3541534e+00
  2.0103997e-01  4.2082896e+00  2.9354532e+00  8.8003999e-01
  4.2550902e+00 -2.1805632e+00 -1.7465333e+00 -1.9608799e+00
 -7.4363351e-02 -1.4284201e+00 -8.4518999e-01  2.8331299e+00
 -1.8114800e+00  1.0867333e+00  1.6181568e+00  3.7123134e+00
 -5.0012666e-01 -1.3131933e+00  1.3453865e+00 -9.5570005e-02
  1.0178466e+00  9.4841671e-01  9.5547670e-01  6.2423337e-01
 -3.5139599e+00  8.4824342e-01 -3.4216675e-01  1.8173065e+00
  3.8196666e+00  2.7539866e+00  7.0632666e-01  1.8493335e-01
 -6.1497670e-01  2.1133423e-03  1.7476600e+00 -1.1441499e+00
  2.2180068e+00  2.9733632e+00 -5.6613332e-01 -3.9269003e-01
  1.5181667e+00  5.0393343e-02 -3.3560339e-01  1.1727366e+00]