[[-0.61444903  0.28295698 -0.15931931 -0.12222002  1.60756797 -0.40352134
   0.24691834  0.21547733 -2.2306787   1.02062566  0.84162867  2.21677402
  -1.16196833 -3.01663071  0.27074133 -0.14342367 -0.76140866  0.13088334
  -1.17609105  1.86712565 -1.07478433  2.33266702 -0.493335    0.15311467
  -0.82781766 -0.54556702  0.96974766  1.91469035  0.18400901 -0.62455599
   1.03091933 -0.52231    -1.09610002 -0.24203768  3.26293264  2.06434699
  -1.08830633  0.10383466 -1.42087698  0.52732733 -2.17256997 -0.39005701
   1.77211202 -0.79805502  1.04155301  1.69008    -0.68160367 -1.00516767
  -0.70776801  1.23121899  0.13937434  0.76089701  0.170471    2.01673067
  -0.64355166  1.413638    0.03160067  1.04307431  0.80887933  0.84145301
  -0.53088301  1.68510598  0.17355232 -1.14143967  0.86990401  0.27032434
   0.28607466  0.22708066  1.02284034  1.42974468  1.75286333 -0.81746967
   1.66916332  1.80025797 -1.63377535  1.79226697  0.96287198  0.809065
  -1.24950503 -0.33759467  0.31004067 -0.72953901  0.27633731 -1.69423635
   0.53596699  2.26559567 -1.27630429  0.92106734  0.8119923   0.49148333
   0.66106701  1.13849999  0.34929234  0.27560767 -0.42166834 -0.77785369
  -0.63054335 -0.75278867 -0.132315    0.42794866  1.78174768 -2.10404869
   2.05254965  1.18475867  1.16380797  1.52938766  0.17246365  0.264179
  -0.93124002  0.57812499 -0.12121999 -1.30624968 -1.80990668  0.58236765
  -0.430421   -2.27085665 -0.08312534 -0.25630635  0.46753134  0.17932034
   1.58017101 -1.76542366  1.91318666  1.63669867 -1.03159702 -1.77209936
  -0.34515199  0.06454603 -0.12164066 -1.82021197  0.17586233 -1.942499
  -1.50092197  0.02234701 -0.41779836  0.76204065 -0.95807634  1.18270733
   1.36657731  0.26620533  0.88167763  2.12282731 -0.05449034 -0.97664867
   0.89548166 -0.350033   -0.19768466 -1.2483377   1.31277464 -0.44516467
  -0.26510433 -1.37309099  1.61218702  0.607796   -0.042536    0.86206964
   0.85980533  1.97399967  1.36871467 -0.26034635  2.79203198 -2.20093367
  -1.23399332 -1.27051266 -0.64183734  0.55350034 -0.16885267  3.45501865
  -1.22647766  0.27121967  0.25261067  1.42500834 -0.39493298 -1.39696133
  -0.75548933 -0.10279733  0.09697567  0.88813601  0.73384402 -0.696338
  -2.49221666  2.12252866 -0.28685468  1.52471564  3.29594632  0.97843932
   0.66558997  0.44788333 -0.04543231 -0.36660768  1.378581    0.50321602
   1.208014    1.144712    0.76762136 -0.06877531  0.013543    1.06851403
  -0.20333466 -0.66451232]]