[ 0.14165334  0.3495984   0.10856497  1.9804984   1.8551382  -0.08440665
  0.34400502  0.14028502 -2.305885    0.07559997  0.35067502  3.1787536
 -0.513175   -3.23823     1.4187216  -0.29665175 -1.0600101   0.38837162
 -1.3787199   1.7819315  -0.52756673  3.5340016  -1.5275434  -0.58755
 -1.0385917  -1.9286283   0.78991     3.2902935   0.39566335 -0.614695
  0.85191005 -0.5360283  -0.5317833  -0.65446997  3.523578    1.8765231
 -1.2301632  -0.26737332 -1.2814283  -0.59949344 -2.4085715  -0.86970013
  2.0809317  -1.6778749   0.942305    3.1347218  -1.1593633  -2.0977018
 -0.19017333  1.1864816   0.34047166  0.39989665 -0.6758533   1.4682283
 -1.62297     2.2422864   0.30499166  0.525245    1.4220818   2.3575451
  0.00772663  1.8725151  -0.9913051  -1.3669418  -0.22498505  0.26961163
  1.1223984   1.3630215   0.67942333 -0.48044994  1.1267833  -0.9880282
  0.8610683   2.71875    -1.499485    0.7739684   2.0009284   0.34668663
 -0.3129567  -0.70880824 -0.54824    -1.0955616  -0.28609666 -1.681075
  1.99923     3.62797    -1.9383049   0.8253266   0.9739683  -0.54118
  1.3269683   0.6000983   0.8002167   0.9753983  -1.6919832  -0.93339676
 -1.1096534   0.18607502 -1.242655    1.4079834   1.119805   -1.9627551
  2.7600415   2.0968332   1.8721281   0.99143666  0.71353656  1.4143367
 -2.6473417   1.7158717   0.6122983  -2.2760034  -0.8540533   0.20847498
  0.2482983  -3.0007832   0.32718     0.02558998  1.3986667   0.86663
  0.7750683  -1.4964448   2.8759282   1.6976933  -2.1584299  -2.1118534
 -2.5158517  -1.17021    -0.706635   -0.70453     0.59629005 -1.9562367
 -0.35313663 -0.1390083  -0.29973835  1.0569566  -0.28384662  1.406735
  1.7160867   0.09666499 -0.588505    2.4777133   0.70024496 -1.4599484
  2.2836716  -1.0103984   1.5229683  -2.2937033   2.98845     0.84861666
 -0.22531666 -0.42996833  1.324035    1.2730217   0.40699837  1.0072616
  0.36048833  2.83797     1.6575565  -0.16689669  2.8882768  -2.6871998
 -1.0062866  -0.66666675 -0.36499    -0.23657666 -0.15631665  3.8206413
 -0.05834671 -0.00422499  0.65695     2.3248565  -0.8766617  -1.2852083
  0.27590168 -0.03368001  1.2037684   0.41739836  1.0746402  -0.5879532
 -2.2234766   1.6638132  -0.133105    1.45042     3.8955505   1.1685332
 -0.89546174  0.6901      0.454625    0.09895832  1.5760034   1.1381783
  1.7062765   1.6746567   1.6713333   0.38225332  0.340825    0.91759664
 -0.07034496 -0.37857163]