[-9.26160038e-01  4.35488403e-01  4.79250178e-02  1.49264061e+00
  1.44761300e+00  2.89602458e-01  9.35659528e-01 -5.32211304e-01
 -1.62602878e+00  1.82271555e-01  5.58658242e-01  2.12028933e+00
 -4.11263525e-01 -2.73005533e+00 -4.64351028e-01 -7.27747530e-02
 -7.73207903e-01 -9.82730389e-02 -1.65470433e+00  1.88412988e+00
  3.36680204e-01  3.16576338e+00 -1.16227651e+00  3.88821989e-01
 -1.34361804e+00 -1.08049119e+00  6.53794348e-01  2.60138464e+00
 -5.00156164e-01 -1.13311696e+00  1.25227046e+00 -1.25066030e+00
 -9.54496205e-01  3.91302025e-03  2.28527784e+00  2.17174149e+00
 -1.14185047e+00  1.12127744e-01 -2.04907084e+00  3.29957418e-02
 -2.22503519e+00 -8.63834679e-01  1.55541134e+00 -1.01803923e+00
  7.77475953e-01  1.32271743e+00 -9.51478481e-01 -8.26920331e-01
  5.99729642e-02  9.09684658e-01  5.74989974e-01  4.59076226e-01
  5.48427477e-02  1.78647637e+00 -8.94025922e-01  1.41619468e+00
 -3.25281501e-01  3.00957769e-01  6.77722991e-01  1.74223423e+00
 -3.66894513e-01  1.25290728e+00 -1.53751761e-01 -1.06496012e+00
  1.27284050e+00  7.34701037e-01  8.55879903e-01  1.25665593e+00
  1.09438539e+00 -1.66315101e-02  1.52747953e+00 -1.19467890e+00
  1.16986370e+00  1.23032331e+00 -1.04076385e+00  1.39905548e+00
  1.34150517e+00  4.15970474e-01 -1.43510509e+00 -3.98925245e-01
 -6.51363909e-01 -1.15656912e+00 -1.13443816e+00 -1.40380895e+00
  6.96801484e-01  2.58081698e+00 -1.25568259e+00  6.54593766e-01
  6.71298683e-01  7.55066514e-01  6.75236344e-01  9.79738712e-01
  1.14951444e+00  1.57930747e-01 -1.48836225e-01 -4.55929816e-01
 -8.14348400e-01 -8.17353368e-01 -4.09524202e-01  1.04771209e+00
  7.09108472e-01 -2.11582947e+00  2.27867556e+00  2.02499771e+00
  9.77598846e-01  6.96359992e-01 -1.00880361e+00  3.81738544e-01
 -1.76508391e+00  2.00148630e+00 -2.47468501e-01 -1.61037064e+00
 -1.90520644e+00  1.43162286e+00  6.38043463e-01 -2.21890116e+00
  9.35794830e-01  8.53814721e-01  2.68677741e-01  1.05740264e-01
  1.36701226e+00 -1.04498887e+00  2.32217360e+00  2.04427195e+00
 -1.00294363e+00 -2.16471076e+00 -1.22140992e+00 -3.50842953e-01
  1.58117767e-02 -1.39056277e+00  3.07525277e-01 -1.56749463e+00
 -8.15942466e-01  7.73478925e-01 -3.34124267e-01  5.71099997e-01
 -8.24021935e-01  1.86839831e+00  1.32072091e+00  6.90976501e-01
  4.41128194e-01  1.72348213e+00  6.25541985e-01 -1.90861869e+00
  1.90967846e+00 -9.31944728e-01  5.70834041e-01 -2.05680799e+00
  9.62856174e-01  3.33685279e-01 -5.31922460e-01 -3.78001750e-01
  1.04536581e+00  5.55059910e-01  6.65591478e-01  3.02679002e-01
  1.13161993e+00  1.83398020e+00  1.41964555e+00 -6.47177756e-01
  2.94092417e+00 -2.32494211e+00 -1.11129630e+00 -6.93953872e-01
  1.93299656e-03 -2.07392022e-01  8.51478875e-01  3.36991119e+00
 -9.81504560e-01  1.01466489e+00  2.01146245e-01  1.23839927e+00
 -1.10183132e+00 -1.19232583e+00  4.73685205e-01 -2.47005492e-01
  2.78782658e-02  1.06002295e+00  1.46133971e+00 -5.13078034e-01
 -2.29396081e+00  1.71902847e+00 -4.32968765e-01  1.73820806e+00
  3.02105594e+00  1.63151741e-01  5.44644222e-02  7.67923713e-01
  5.94227433e-01 -5.80909371e-01  1.38264811e+00 -1.95290111e-02
  1.77372015e+00  9.85913277e-01  1.51080883e+00  2.08263233e-01
  4.92610753e-01  3.76450956e-01 -5.62952459e-01 -1.48416966e-01]