[[-0.1890014   0.61663913  0.00699725  1.0310731   1.15401791 -0.18986984
   0.72641275  0.51013912 -1.3772693   0.52094344  0.14494999  2.25142587
  -0.89122744 -2.13807056  0.23195673  0.15544085 -0.26778174  0.03730068
  -1.05443138  1.08529828  0.2695038   2.35818534 -0.69977619  0.14123104
  -0.69550103 -0.59962106  0.69003106  2.42663049 -0.5322636  -0.55736327
   0.4456788  -1.29259291 -1.17438569  0.15530881  2.19037712  1.62017015
  -0.85652208 -0.41128655 -2.37584359  0.43506207 -2.22486723 -0.99890001
   1.39344346 -0.15145549  1.26245828  1.39334172 -1.04967087 -0.3817888
  -0.20925395  0.80493897  0.25335158  0.6454469  -0.73795589  1.58800967
  -0.94960294  1.34577141  0.12848501  0.33799053  0.34661705  1.23379722
  -0.4820688   1.31178141  0.253236   -1.40817072  0.91900568  0.65711897
   0.32611551  0.61809328  1.27710517  0.55859587  1.75690052 -0.64540345
   0.21266258  1.22650106 -1.33807038  1.27157517  0.90266707  0.38709467
  -1.06729207 -0.43103086 -0.4308767  -0.68631308 -0.43584671 -1.17177653
   0.40106518  2.67874693 -1.17538775  0.59171601  0.29420897  0.91710036
   0.8339683  -0.07327274  1.13492622  0.06596776 -0.17771379 -0.20381708
  -0.01308692 -0.75775878  0.02754932  0.52794759  0.36664311 -1.26513381
   2.05923469  1.22155348  1.15276778  0.88019243 -0.6328169   0.14707242
  -1.39179481  1.57960035 -0.28850361 -1.33341416 -1.56261259  1.18522741
   0.30224656 -2.05872639  0.96140378  0.38838483  0.62203396  0.24383654
   0.85295154 -1.35637379  1.18998345  1.67256186 -1.62192293 -1.827475
  -0.99575568 -0.89941589  0.24473448 -1.27907227  0.50510327 -1.14726518
  -1.04583292  0.9769624  -0.46867828  0.47071432 -0.28422155  1.43257187
   1.37178414  0.44898069 -0.14270516  1.74534707  0.99294811 -1.70082437
   1.05642879 -0.32128948  0.4534612  -1.14770019  1.3695469   0.28825121
  -0.17007257 -1.08999413  1.46002933  1.10040724  0.58097946  0.02381325
   1.03731569  1.8233352   1.74311292 -1.07215812  2.46430016 -1.75002034
  -0.44113259 -0.7095819   0.32563089  0.1847462   0.48414398  3.23008471
  -0.70953588  0.32045035  0.66690622  0.78816657 -0.6661893  -0.83444706
   0.5751124   0.14596741  0.16855604  1.60685037  1.10829963 -0.28945913
  -2.64054686  1.38630139 -0.78647553  1.72449654  2.18773569  0.27925656
  -0.22450722  1.45307759  0.27921795 -0.07977879  1.35362003  0.50340897
   1.82844033  0.48800825  1.34512348 -0.0194286   0.54129742  0.90917069
  -0.26000291 -0.254895  ]]