[[-0.34832472  0.40996325  0.19345225  0.91381585  0.78868225 -0.32597361
   0.59438414  0.16112505 -1.72010821  0.41216809  0.25200418  1.54060886
  -0.77285607 -1.92609046  0.16200617  0.07818573 -1.05755854  0.2486645
  -0.86789935  1.2054991   0.29599766  2.10412617 -0.71723561 -0.08250033
  -0.64773685 -0.76735178  0.90784775  1.5719827  -0.10387776 -1.10821585
   0.64322035 -0.59495617 -1.10979414 -0.25484225  2.45574271  0.9313592
  -0.95097888  0.07724742 -1.13718     0.03664674 -1.75542696 -0.58634797
   0.98231539 -0.85335899  1.26550629  1.13356102 -0.86945753 -0.43841427
  -0.11490303  0.92213663  0.32265528  0.47131797 -0.14233652  1.32786675
  -1.0963081   1.51353698 -0.07051606  0.37527639  0.94722786  1.33512551
  -0.55325931  0.83521283  0.07215393 -1.14532405  0.47240236  0.77998641
   0.44044967  0.86450449  0.3767936   0.01552529  1.31789035 -0.97055079
   0.55783989  1.05363875 -1.2068808   1.22216012  1.15461877  0.14609145
  -0.55200854 -0.49111618  0.01616595 -0.75596123 -0.627079   -1.39129348
   0.50755831  1.88662178 -0.85231955  0.53958034  0.12223338  0.72110326
   0.90813079  0.1430918   0.70508921  0.05499539  0.19119831 -0.08725113
  -0.54591056 -0.51905652 -0.00525585  0.47409955  0.74317495 -1.31581101
   1.66534348  0.84672078  0.54244561  1.0454846  -0.84567652  0.19297246
  -1.23517068  1.23655842  0.11531886 -0.930541   -1.14972506  0.4173873
   0.41266473 -1.70553046  0.67797461  0.19843427  0.52723415  0.58281247
   1.28928359 -1.36757685  1.37920449  1.6195091  -1.19339775 -1.79014304
  -0.99429336 -0.26235741 -0.34553594 -1.12245539  0.67733776 -1.11787281
  -1.2272609   0.72021506 -0.48799112  0.02665314 -0.64515606  0.7747871
   1.68386372  0.26403619 -0.06397483  1.3017773   0.35381562 -1.33428034
   1.44500641 -0.42997303  0.32745707 -1.3894571   1.33403258  0.09284888
  -0.67551978 -0.77992686  1.35383912  0.62322607 -0.30256314  0.36985987
   1.02467473  1.23758663  1.03150426 -0.87539898  1.90393831 -1.90313315
  -0.59766607 -0.43570382  0.18144809 -0.05750148  0.26044911  2.7299355
  -0.55839494  0.35653237  0.5165237   1.02821921 -0.80598292 -0.53622696
   0.43437539  0.08712226 -0.25318538  0.9736491   0.84979921  0.18417775
  -2.16452775  1.33857214 -0.73429002  1.61157516  2.65193966  0.43329966
  -0.03632461  1.01164651  0.48613697  0.07400415  1.2506699   0.12660224
   1.38671586  0.56049483  1.29586989 -0.03903618  0.4422719   0.46956618
  -0.21745864  0.17042437]]