[-3.7297025e-01  9.0705425e-01 -3.3957729e-01  7.8373325e-01
  1.1263807e+00  1.8542992e-01  9.3150097e-01  2.0263685e-02
 -1.5258318e+00  1.4998981e-01  7.8660685e-01  1.5777062e+00
 -7.8400058e-01 -2.2315004e+00  9.2056192e-02 -5.2978504e-02
 -1.0634149e+00 -8.1002153e-02 -1.5380676e+00  1.2876593e+00
 -1.1251090e-01  2.1123986e+00 -9.3131322e-01 -6.1955929e-02
 -6.8110335e-01 -6.8141919e-01  8.2143849e-01  2.2538171e+00
 -3.1278583e-01 -1.0861574e+00  6.5687340e-01 -4.5931968e-01
 -7.9541355e-01 -1.8479985e-01  2.8154781e+00  1.6124519e+00
 -1.6036489e+00  3.0992490e-01 -1.4260272e+00 -3.0568535e-03
 -1.9160850e+00 -1.0405586e+00  1.6328658e+00 -7.1134150e-01
  9.1805333e-01  1.5126027e+00 -7.2403383e-01 -5.5643016e-01
  2.7138293e-01  7.5687402e-01  4.8844779e-01  1.8499631e-01
  2.3679762e-01  1.3095433e+00 -7.9853511e-01  1.5912124e+00
 -2.5890446e-01  3.9896512e-01  1.2629628e+00  1.6687386e+00
 -2.7727160e-01  1.0874954e+00  5.3960431e-01 -1.0656869e+00
  7.2667706e-01  3.6140195e-01  2.9574150e-01  9.3753910e-01
  5.1888454e-01  3.0676235e-02  1.1985860e+00 -1.1054634e+00
  3.6246797e-01  1.4592700e+00 -1.1478782e+00  1.2572813e+00
  1.1586192e+00  1.0034025e-01 -9.9528348e-01 -6.8533309e-02
 -3.5096332e-03 -9.3790609e-01 -1.6941315e-01 -1.1749970e+00
  8.9653188e-01  2.4506967e+00 -8.5461271e-01  7.9288161e-01
  8.1376505e-01  6.2224746e-01  8.1215215e-01  5.0400775e-02
  4.2785698e-01  5.8982391e-02 -6.4333797e-02 -3.7507266e-01
 -8.8127553e-01 -7.8314883e-01 -4.8049530e-01  5.4314756e-01
  6.9381344e-01 -1.6182535e+00  2.2791641e+00  1.1410053e+00
  6.7349678e-01  8.0123430e-01 -8.5092276e-02  6.2132765e-02
 -1.6554074e+00  1.5948008e+00  6.1434716e-01 -1.6012057e+00
 -9.5187283e-01  7.6445615e-01  5.8887666e-01 -1.7230716e+00
  5.2244979e-01  4.9840540e-01  3.2675827e-01  4.3998796e-01
  1.1501900e+00 -1.1158704e+00  1.6141497e+00  1.5024920e+00
 -6.8400389e-01 -1.5895827e+00 -1.2343377e+00 -2.0553039e-01
 -2.1182916e-01 -9.6620315e-01  7.6493061e-01 -1.5784181e+00
 -6.1596203e-01  6.1649495e-01 -1.1364698e-02  1.9646266e-01
 -2.9670545e-01  1.0319746e+00  1.2113627e+00  1.0129876e-01
 -2.6454183e-01  1.3238643e+00  7.4238259e-01 -9.7897995e-01
  1.5353570e+00 -5.3908694e-01  1.4897707e-01 -1.9265467e+00
  1.4673034e+00  1.1083114e-01  1.5221657e-01 -7.1197301e-01
  7.2860718e-01  7.4915957e-01  6.3356444e-02  5.2182835e-01
  1.1747060e+00  1.8816465e+00  5.9374440e-01 -2.9953080e-01
  1.9683367e+00 -1.8299130e+00 -6.8625581e-01 -6.3129693e-01
 -4.7004887e-01  3.8690120e-02  6.2117107e-02  2.6820583e+00
 -5.0741518e-01  4.2735097e-01  3.4078780e-01  1.0863550e+00
 -1.2442617e+00 -9.3013448e-01  1.4629787e-01 -6.0038978e-01
  7.3427953e-02  7.9075229e-01  9.8775214e-01  1.6608993e-03
 -2.1376359e+00  1.1759629e+00 -1.8704228e-01  1.8740063e+00
  3.0240905e+00  5.8087093e-01 -9.8457444e-01  9.2705876e-01
  2.3244347e-01 -4.0196079e-01  1.2817463e+00 -1.0792240e-01
  1.6099759e+00  1.0222769e+00  1.4391125e+00  3.9066814e-02
  3.9582843e-01  5.9496623e-01 -3.3765110e-01  2.0886736e-01]