[[-0.12685553  0.50305205 -0.14021073  0.82076     1.01885878 -0.51599311
   0.61115169  0.12489301 -1.21428446  0.1339765  -0.20868806  2.23180133
  -0.41918265 -2.14554146  0.03450518 -0.01894337 -0.65500555 -0.16988024
  -1.43770182  1.06816253 -0.17528265  2.17541313 -1.1797482  -0.36842313
  -0.49087168 -0.82524942  0.66420722  2.31473326 -0.10609048 -0.90467759
   0.72915458 -0.66060541 -1.37981929  0.28560084  2.2990052   1.19145289
  -0.69122712  0.07349892 -1.54198915  0.17790421 -2.09919953 -0.89053482
   1.82691469 -0.5529959   0.66328733  1.75565423 -0.8405147  -0.31258301
   0.08992012  0.51648494  0.14269916  0.50374289 -0.16711397  1.94051398
  -0.7103153   1.51846495  0.01164831  0.34145301  0.85977952  0.91773542
  -0.36181795  0.95525193  0.0130671  -0.89201192  0.79079758  0.27296265
   0.78166928  0.84546879  0.97187205  0.25253843  1.59929398 -1.17503108
   0.57051567  1.4606994  -1.31180627  1.03462145  1.14468855 -0.02976481
  -1.06424915 -0.64916784  0.09406362 -0.67381699 -0.33557759 -1.21505289
   0.66076229  2.23392627 -0.74480988  0.51632807  0.22980159  0.88654819
   0.77647568  0.26073157  0.92934097  0.17400315  0.14560061 -0.49816566
  -0.3573     -0.52480445 -0.06630603  0.46177721  0.68050422 -1.35090796
   1.93106384  1.15870617  1.04794954  1.07121049 -0.73879386  0.2101594
  -1.19966072  0.79794384 -0.73059133 -0.8856983  -1.67690181  0.68564724
   0.21131892 -2.11239627  0.68089698  0.43186589  0.2602853   0.13780891
   0.99912782 -1.24493651  1.41090325  1.62414265 -1.11818699 -1.78099856
  -0.87971314 -0.55128892 -0.01359    -1.46201314  0.41265446 -1.40050205
  -0.91678086  0.50475554 -0.15017265  0.36677143 -0.68860917  1.35419217
   1.43074347  0.08899145  0.19989566  1.36702819  0.93780844 -1.39660505
   1.03062951 -0.01777917  0.51713315 -1.51874255  1.03630181  0.22227868
  -0.6166459  -1.26176348  1.11136037  1.02441375  0.52119036  0.64785662
   0.87357375  1.50459398  0.92972119 -0.79202687  2.25413735 -1.63949554
  -0.7847194  -0.72739085 -0.23214831  0.3101647   0.52966854  2.602291
  -0.7103941   0.48835349  0.54647459  0.79414953 -0.8823124  -0.90819024
   0.68663782  0.10176759 -0.1605947   1.27366001  1.33655062 -0.38307856
  -2.08292313  1.24510252 -0.54065326  1.63356023  2.59621757  0.41280097
   0.16599205  1.27829819  0.65307554 -0.06754674  1.45237794  0.54677891
   1.67032892  1.09105458  1.09887169  0.2415158   0.56221868  0.83400988
  -0.43117047 -0.62697638]]