[-0.473301    1.1730412  -0.34900162  0.313228    0.9705244  -0.26036894
  1.3384067   0.27066067 -1.7500207   0.582267    0.3253204   2.4289749
 -0.36283535 -3.2092712   0.08143703 -0.06453034 -0.13592201 -0.6100891
 -1.7929268   1.3449724  -0.7357091   3.209045   -2.003929    0.46648633
 -0.4487783  -1.5241016   0.74035335  2.9134002  -0.5301467  -1.179346
  1.1018974  -1.2224526  -0.8091873   0.7155191   2.5222063   1.6918666
 -0.8247087   0.47739792 -2.0823073   0.49177626 -2.6163743  -1.05895
  2.3636382   0.5195794   1.1222034   1.185948   -1.3696074  -0.19626832
  0.07636897  1.3555303   0.45843035  0.8903673  -0.52035594  2.2882092
 -1.0897304   1.4827311  -0.5395707   0.75735     0.29671237  1.4765214
 -0.03118164  1.2280217  -0.03397369 -1.2482617   0.9994554   0.19236763
  1.1621062   0.87590563  0.86235434  0.29070532  1.561137   -0.9405267
  0.78644043  1.4370439  -1.5209101   1.220884    1.0059234  -0.32577094
 -1.9523536  -1.2631857  -0.1816643  -1.0043504   0.66876423 -1.55444
  1.1291932   3.0016365  -0.6647794   1.6293488   0.23611332  1.1566557
  0.89041907 -0.17078298  1.0878452  -0.28875408  0.26771066 -0.5101877
 -0.67300063 -0.20122567 -0.3586167   0.40561935  0.67291933 -2.0346973
  2.7481306   1.687527    1.8318766   1.1443256  -1.173236    0.34889963
 -2.365409    1.2684777  -0.89104915 -1.3427498  -1.9171426   1.1625117
  0.76474273 -2.1370409   1.0913006   0.55491596  0.8469907   0.04786231
  1.4812865  -1.9088938   2.0056214   1.9384481  -2.2900093  -1.5181097
 -1.7766384  -0.77526534  0.39922097 -1.4003215   0.6614147  -1.3835378
 -0.76381725  0.99826056 -0.23409201  1.1128641  -0.8948187   1.9087847
  1.126798    0.09536333  0.18598337  2.0217433   0.7230396  -1.8986468
  0.9680083  -0.6945173   0.15587562 -1.493532    1.3373443   0.370592
 -1.0609504  -1.542752    0.8824393   1.4148191   0.16242428 -0.09778797
  0.54297435  1.591974    2.2690873  -0.39614964  3.4131007  -1.4545313
 -0.53193134 -1.6400853  -0.8195719  -0.606467    0.19555801  3.2870944
 -0.8252277   0.40714565  0.542282    1.3968494  -1.0692617  -1.5899434
  0.5836479   0.07903331 -0.6922551   1.910399    1.9123211   0.17808731
 -2.9055204   2.102077   -0.70503736  1.7699513   2.697743    0.60422134
 -0.20775531  1.5655606   1.166826   -0.39881736  1.54686     0.12480831
  2.2273042   0.87936467  0.7169453   0.6547301   1.1530818   0.6864579
 -0.8600657   0.57928103]