[-0.89239615  0.2470196  -0.2627917   1.0051366  -0.07075609 -0.50384855
  1.3695331   0.21479739 -1.2457148   0.42515    -0.6430513   2.7561393
 -1.0444771  -2.3614597   0.41173095  0.14883956 -1.22734     0.44834656
 -0.75291336  1.1002804   0.16407087  2.398252   -0.8600669   0.11120217
 -1.1520648  -1.5120338   0.71109086  2.0067961  -0.6771027  -1.0231144
  0.8422743  -0.41830817 -1.377036    0.01820477  2.2130291   1.6817874
 -0.5456322   0.24698476 -1.6520128   0.02310608 -1.9947395  -1.8253466
  1.2971301  -1.0123961   0.8758996   1.1984311  -0.27496868  0.26518303
 -0.45036826  0.3249248   0.8656171   0.80980957 -0.24961388  1.8369938
 -0.7511588   2.0113175  -0.33216342 -0.50778395  1.3051336   1.6851697
  0.51188874  0.9383982  -0.43637744 -0.8967791   0.63244045  0.8000556
  0.3779444   0.54856306  1.1820474  -0.7395335   0.8695526  -0.8847431
  0.3878956   2.0534165  -1.8112953   1.736278    1.5299183  -0.7706631
 -1.2221227  -0.46545133 -0.01038695 -1.2811766  -1.3561978  -1.1389079
  0.35319135  2.1583796  -0.9978038   0.14419127 -0.21079563  0.8496064
  0.7023239   0.3028861   0.40114698 -0.02964828  0.23076127 -0.9521071
 -0.06987784 -1.0158273   0.58623     0.5730488   0.6563656  -1.4798125
  1.9505428   1.8239287   0.52646613  1.0840983  -0.872093    0.3093753
 -1.9299726   1.6402677  -0.24671699 -2.1708877  -1.4639167   1.211766
  0.71390647 -1.5307853   0.65304565  0.06727     0.5442948   0.99495524
  1.6390669  -1.8481132   1.3018578   1.8614204  -1.0301752  -1.376923
 -1.0009838  -0.0040052  -0.35153216 -1.6984736   0.59986305 -0.9069303
 -1.2044069   0.9339466   0.09817737  0.20711824 -0.11430743  1.517706
  1.7349379  -0.2689096  -0.8198708   2.2453861   0.5533427  -2.184382
  1.9165531  -0.5296717  -0.01664738 -1.31016     1.0462921  -0.1369313
  0.05469391 -1.0956905   1.6197896   0.45914572  0.6344165   1.0775839
  0.13185222  1.9366679   0.42685962 -0.45113608  2.6096752  -2.742484
 -1.3848301  -1.111813   -0.66726875 -0.08962913  0.30509213  3.3748353
 -1.2043335   0.0491591   0.643767    1.452466   -1.0393496  -0.5723894
  0.6393699   0.19980477  0.05425     0.7930817   1.4770097  -0.96114707
 -2.8078885   1.8462684  -0.60572344  1.6109217   3.0538135   0.56615645
 -0.12483303  1.4059126   0.32038262 -0.11605872  1.3666884   0.4081174
  2.1400678   1.4381425   1.2150295   0.11866564  0.07650653  1.1815693
 -0.5358578  -0.11818915]