[[-0.03908205  0.56387113  0.33093614  1.19897386  1.36089908 -0.10775248
   0.56098092  0.67501999 -1.81050934  0.62104682  0.4096966   1.97557815
  -0.08488409 -2.21789315 -0.08552227 -0.2174457  -0.77459886  0.35629729
  -1.37850458  1.95378295  0.218435    2.37113002 -0.42114022 -0.02947159
  -0.32367411 -0.74768592  0.26242886  1.34568546 -0.05696024 -1.13131637
   0.6411441  -0.62180135 -1.71175134 -0.78956638  2.32236633  1.14737409
  -1.11182817  0.48828409 -1.56968387  0.64637749 -1.92745707 -0.86508138
   0.85489319 -0.96459476  1.15743954  1.29855863 -0.88869453 -1.12410091
  -0.51534114  0.60807114  0.78261567  0.44673887  0.17197614  1.13354703
  -0.24403251  1.47123229  0.04052477  0.44346362  0.71050069  0.45876636
  -0.68649115  1.62488     0.00700954 -1.04363795  0.10317045  1.28542728
  -0.11517727  0.49886933  1.11619476  0.16735977  1.67628272 -1.13954659
   1.06779274  1.52905022 -0.69388979  1.3570984   1.25501113 -0.03427771
  -1.17995934 -0.70002548 -0.61207002 -0.27688638 -1.13665932 -1.64032749
   0.61376841  2.48861932 -1.32339841  0.17193681  0.60083912  0.87786931
   0.61420161  0.59624726  0.92541976  0.1655525   0.4815616  -0.66812249
  -0.20724204 -0.66759704  0.94946592  0.4236459   1.28068639 -1.02445726
   2.12879703  1.20978183  0.63502637  0.15616092 -0.76147524  0.15831592
  -0.95044751  1.1297618   0.47917341 -1.35805977 -1.21083043  0.40967364
   0.08478591 -2.93010839  0.34290705  0.14795046  0.70908638  0.32863409
   1.51949751 -1.23583887  1.70304911  1.57618136 -0.8534127  -2.60905048
  -0.44272546 -0.0797525  -0.29769819 -1.97653885  0.97763592 -1.13027203
  -1.23649751  1.02423796 -0.36138365  0.4862259  -0.6493566   1.17419931
   1.03522477  0.59097226  0.20102661  1.10137705  0.89004044 -1.96721774
   1.55039364 -0.06136817  0.93131046 -1.09508659  1.36278522  0.33062501
  -0.89700774 -0.43046203  1.3807866   0.5293857  -0.01095297  0.41888478
   0.98222546  2.04338137  1.86127639 -1.07338934  2.16516318 -2.35756772
  -0.62729705 -0.4115775   0.27154318  0.14274045  0.39190295  2.22088884
  -0.64410817  0.36876411  0.67885615  1.25985386 -0.98607137 -0.13836613
   0.94286477 -0.00574136 -0.1885875   1.14026818  0.59100206 -0.28147
  -2.13672135  1.0981125  -1.10505432  1.88069727  3.52108705  1.0859216
   0.02743795  0.58931772  0.22974706  0.42115296  1.96763181  0.81918433
   1.88188317  1.18696705  1.24955045  0.29766727  0.36763795  0.96752704
  -0.29401228  0.1435025 ]]