[-0.10048773  0.31190705 -0.09805425  0.7474643   1.0706251  -0.07391052
  0.6452423   0.02383174 -2.052156    0.13993199  0.92140853  2.1462986
 -0.58628273 -2.1051517   0.21231973 -0.19940902 -1.3392026   0.105476
 -1.3234622   1.1640573   0.04367153  2.3876545  -0.5367355   0.15070777
 -0.2432014  -0.86060077  1.0853837   2.227161   -0.3659167  -1.1102513
  1.2838671  -0.6863637  -0.9056479   0.252431    2.9238794   1.6507581
 -1.4435903   0.01321425 -1.7048565   0.09016047 -1.518571   -0.5597165
  1.147275   -1.0264556   1.2743876   1.360107   -0.609753   -0.6893922
  0.05275273  1.3246199  -0.08818523  0.3108945   0.04380226  1.4836665
 -0.9239923   1.7829964  -0.27922574  0.45370102  1.0119264   1.2700915
 -0.5275233   1.3142217   0.16709974 -0.69345075  0.629195    0.5902238
 -0.04446556  1.203986    0.6362168   0.2577232   1.2266934  -1.197518
  0.76614875  1.3888357  -1.6358759   0.90991545  1.1749572   0.51046884
 -1.2004602  -0.4387142  -0.39950475 -0.96800166 -0.07654127 -1.3803695
  0.54523647  1.9631256  -0.4776985   0.33177704  0.8626895   0.790655
  1.1981416  -0.32487625  0.652181    0.24384725  0.05420322  0.13921775
 -0.79683274 -0.06038827 -0.5589708   0.33511156  0.8937413  -1.2347405
  1.8192257   0.7167461   0.8083517   0.9666249  -0.6507895   0.57322854
 -1.7802241   1.8441725   0.18401225 -1.1561633  -1.1350658   0.2901155
  0.7665874  -2.1709442   0.5554235   0.320116    0.80612946  0.7863088
  1.3657886  -1.6011384   1.1526884   1.6462091  -1.1767054  -1.7064492
 -1.0610349  -0.23429151  0.42074877 -1.3353468   0.8070446  -0.9214815
 -0.92820394  1.0038077  -0.446284    0.018433   -0.6253234   0.8320977
  0.95707875  0.21524301 -0.346937    1.3753781   0.43383044 -1.6132262
  1.0924618  -0.48937172  0.16419277 -1.6331097   1.5943725   0.38637927
 -0.91522825 -0.90978634  1.032352    0.49930668  0.00630324  0.15171249
  1.3890396   1.4730514   1.4716218  -0.56997675  1.9003458  -1.6094501
 -0.22592327 -0.8860445  -0.09792674  0.28846702  0.46932775  2.7679439
 -0.68848455  0.81083137  0.60838306  0.9326255  -0.9607294  -0.77925277
  0.82513297  0.14358324 -0.29110372  1.3508784   0.51079077 -0.17033549
 -1.9915663   1.7053744  -0.44825077  1.5890317   2.309638    0.5542997
 -0.69433343  1.5360702   0.08892749 -0.19648401  1.3758028  -0.05624925
  1.9592125   0.7884507   1.4120364  -0.06383101  0.34093195  0.21356472
 -0.93449783  0.24170849]