[[-0.40518686  1.00322407 -0.12399711  0.66509114  1.24671885 -0.2796196
   0.89060184  0.33820853 -1.52842575  0.34109767  0.61470454  2.15628416
  -0.63255747 -2.72899597 -0.16745444 -0.06824555 -0.92609303 -0.16043115
  -1.30609697  1.37810443  0.14008633  2.24727056 -0.77042971  0.07444158
  -0.33567318 -0.52902489  0.89134337  2.22650751 -0.66449342 -0.43301133
   0.43447751 -0.78264084 -0.63168471  0.32052672  2.00562648  1.85339765
  -1.14139324  0.21632764 -1.32065511  0.64203879 -2.41161958 -1.32123001
   1.3766593  -0.13135685  1.04512307  1.12424271 -0.38795881 -0.69409389
  -0.12880384  0.90929732  0.49281722  0.43487155 -0.15678925  1.52022352
  -0.67874597  1.22972442 -0.38140297  0.41863287  0.34717827  1.07278227
  -0.61216107  1.24793433  0.41279461 -1.23724377  0.66176261  0.62379377
   0.63465688  1.20193242  1.08264894  0.25521496  1.74342271 -0.53542876
   0.5758908   1.10292855 -1.14673351  0.99939437  1.27789665  0.08088805
  -1.48585563 -0.41895208 -0.1303517  -1.16249944 -0.31410066 -1.08545082
   0.68487974  2.56375963 -1.46688618  0.602768    0.97719759  0.95780951
   0.42399075 -0.0122696   1.00045324 -0.02043316  0.12037161 -0.43234557
  -0.57280813 -1.14294355 -0.22933145  1.13863359  0.9127174  -1.38423095
   2.02242407  1.09038205  0.93741503  0.93957969 -0.5944196  -0.16622789
  -1.11043437  1.57888601  0.02605788 -1.2254924  -0.98057044  0.82733591
   0.12969266 -1.94481664  1.259133    0.42884158  0.3031788   0.27476387
   1.49550369 -1.27129049  1.71879176  1.72936706 -1.18378062 -2.17224839
  -1.25249655 -0.42687589  0.20657763 -1.59281118  0.84127606 -1.2259985
  -0.75089187  0.60050318 -0.20489498  0.5719824  -0.7741156   1.30229043
   0.93011228  0.36442635  0.44954562  1.77303244  0.89593216 -1.00458231
   1.08194485 -0.61449923  0.53560171 -1.43390435  1.5208818   0.13397132
  -0.3167505  -1.33244764  0.83656866  0.96170791  0.37224623  0.47326881
   1.1096128   1.6456368   1.87705373 -0.37170589  2.22270803 -1.54815997
  -0.46629067 -0.60520422  0.02989378 -0.13774184  0.45288707  2.66722159
  -0.57749184  0.6979566   0.94136891  0.95135599 -0.76878975 -0.91428419
   0.15312619 -0.15612807 -0.15745907  0.9978174   0.84800901 -0.28764459
  -2.40656425  1.07881427 -0.49049475  1.61448251  2.4484627   0.35712457
  -0.35977168  1.0533627   0.33045877 -0.53615734  1.67321339  0.38511763
   1.45184041  0.56228682  1.22645187  0.32213125  0.45874953  0.68727565
  -0.48723243 -0.04300382]]