[[-0.64499552  0.8890658  -0.15554512  0.8433475   1.1084084   0.48602249
   1.03501159  0.23055724 -1.5578359   0.30725156  0.45966249  1.78851645
  -0.84934791 -2.21748687  0.89816236  0.18132604 -0.63322698 -0.13223512
  -1.02066238  1.55635512 -0.1468558   2.50674897 -0.68230617 -0.48057369
  -0.56614696 -0.75054541  0.95718222  1.99850199 -0.51880344 -0.72848789
   1.07616921 -0.65002841 -0.63954014  0.34239802  2.37267671  1.97374134
  -1.45330829  0.34557369 -1.71743119  0.01816396 -2.10338973 -1.08149869
   1.21331117 -0.83660921  1.0138813   1.11578197 -0.85182539 -0.56157855
   0.55337392  1.1151017   0.60213197  0.52809169  0.37327631  1.65156303
  -0.79229012  1.07076736 -0.56541751  0.25676304  1.15621448  1.44157037
  -0.29284802  1.14321028  0.28335339 -1.54210656  0.4610904   0.87176054
   0.46456     1.10521041  0.30203684 -0.03571657  1.44133842 -0.76736157
   0.39320658  1.32532643 -1.40150449  1.13977815  1.20299172  0.36850118
  -1.37619344 -0.25486839  0.25143671 -1.01959528 -0.51420525 -1.42177423
   0.83761553  2.44452197 -0.6452975   0.86973526  0.55157948  1.37859198
   0.66770185 -0.08586895  0.39129684 -0.1152171  -0.30979801 -0.34337934
  -1.03522725 -0.69237761 -0.77186472  0.6845909   0.61399199 -1.52500147
   2.50683958  1.03686671  0.72916775  0.76504802 -0.04036225  0.24322434
  -1.52287185  1.56861202  0.42041697 -1.17473933 -1.26389475  0.83981633
   0.52075921 -1.72303263  0.52108395  0.6812771   0.3383346   0.74651342
   1.87689433 -1.43932474  1.8540595   1.77043    -1.21728657 -1.42996737
  -1.06752579  0.11786026 -0.22476828 -1.18965013  0.33386553 -1.22319738
  -0.95728211  0.54661184 -0.19820026  0.12343156 -0.85889856  0.91899488
   0.94067946  0.2704625   0.27616012  1.46671605  0.57805173 -1.06574855
   0.51949907 -1.12721935  0.68987791 -1.72595224  1.30111601 -0.17784382
  -0.45784724 -1.07852158  0.73910012  0.75845185 -0.43420604  0.25891855
   1.25258092  1.64868302  1.4349383  -0.22560829  2.20153239 -2.02278433
  -0.70396803 -0.92239342 -0.47505659 -0.24702315 -0.08388828  2.6692962
  -0.88819592  0.82706304  0.82408869  1.73677579 -0.5552708  -1.07089263
   0.56984631 -0.25068435 -0.61023251  0.98840804  1.17787986 -0.16199751
  -2.45204716  1.38725748 -0.56208     1.57655513  2.39903094  0.38807499
  -0.93255853  0.96244159  0.29023658 -0.53983487  1.48175814  0.07336316
   1.71916789  1.43620986  0.6956079  -0.36790343  0.41830895  0.83032804
  -0.31133499 -0.00384632]]