[-1.3799833   1.1345134  -1.05003     3.0931833   0.21819668  0.46289
 -0.13020332 -0.6169999  -1.5447      1.32678    -0.7419866   2.4622233
 -1.7005134  -3.57821    -0.11124333  0.48495007 -0.51029     0.06971668
 -1.0211834   1.9387966  -0.15738001  2.8022232   2.9089134  -1.3779866
 -2.733163   -0.33321     1.9865066   1.0514067  -1.9152999  -1.53934
  1.0456268  -0.79625005 -1.7383399  -0.5496767   1.37789     4.1305065
 -1.3336533   2.12082    -0.5463967   0.70050335 -2.192753   -2.1500666
  1.3381467  -0.42466664  2.0345933   2.3119133   1.9345201  -2.6433034
 -3.7502396  -0.6976567  -0.37453666  1.9735702   1.3446633   0.6240266
  0.15556002  0.17028    -2.99951     3.218933    0.22248    -0.45936
 -1.2404565   2.5513966   0.8902133   0.1139799   0.01112334  0.89600664
 -0.09844003  0.99808     1.4109234   0.57814664  5.0659566  -0.5209734
  1.4766766   1.6077133  -1.6108398  -0.44277665  2.7411797   2.6211436
 -2.49459     1.4278401  -1.1418368  -0.34660998 -1.945      -2.1217
 -0.5697167   2.3352304  -2.6406634   1.24198     3.60577     0.75668
 -0.43077     1.1234235  -0.71697664  0.87420005  0.1623133  -0.62726
  1.9310865  -1.4525733  -0.9168868  -1.01062     2.4209135  -1.8799067
  1.5086466   2.1855967  -0.9911      0.6125601   1.31011     2.4393566
  1.2248331  -1.5838267  -1.5662266  -1.4061567  -1.6973667  -0.46027327
 -1.1503967  -1.12324     0.4196267  -0.3507401  -1.4521666   0.43460998
  0.61180335 -0.9607933   3.2662532   3.3638732  -0.8577566  -3.5910933
  1.3013333   1.3462934   2.5693767  -1.4509468   2.3367667  -1.5782833
 -1.5874666   1.5980366  -2.5322065   1.5800267  -0.7697033   1.5508065
  1.6961766   2.9806101   0.21607995  2.0645933   1.2736801  -2.9241867
  0.6875067   1.7754401  -0.69294    -3.2826202   3.3218133  -0.6859066
  0.19993334 -1.9029068   1.1059301  -0.7542934   1.4394733  -0.7090833
  0.37939334 -0.23521666  2.1326935  -0.25146     2.7400768  -3.8081932
  0.6035901  -0.40520003 -0.07578     1.3694433   2.6347234   3.6595535
  0.43121    -0.34471664  1.4339533   0.79829663 -1.07639    -3.1908
 -1.4981532   0.08101666  0.73744327 -0.04241666  1.0302334  -3.1825569
 -6.3634167   2.2993      0.38656998  2.26504     4.22798    -1.2120166
 -0.9457867   0.1856767   0.87649995 -0.97842     1.9170369   1.13906
  0.89724994  0.4877833  -0.76686     1.0164698   1.9813366   2.1868668
  0.17700672 -0.8616667 ]