[-0.08152888  1.4471779  -0.7659428   0.4384117   0.96837     0.02967609
  0.32943326  0.8195594  -1.3897007   0.34055057  0.7314406   2.3409512
 -1.0379645  -2.12075     0.64670444 -0.5877711  -0.26116055 -0.10590225
 -2.2107017   2.1686125   0.9069383   2.2339995  -0.9538016  -0.38826716
 -0.97604316 -1.7436651   0.58120114  2.895984   -0.34170392 -1.449315
  1.2942294   0.13579556 -0.34162056  0.06363443  2.9096346   2.4128904
 -1.4612856  -0.14270332 -1.809864    0.3585028  -1.7702084  -0.44352832
  1.4381961  -1.0005667   1.5602632   1.0765417  -0.25937107 -1.0732867
 -0.12446886  1.0096533   0.54214054  0.4504661  -0.01608165  1.5635324
 -1.2835244   0.87419057 -0.5910089   0.5956778   0.53587556  0.5793505
 -0.7161733   1.0580277   0.54933167 -1.6106873   0.69773716  0.96384335
  0.32559606  0.7369195   1.0093617   0.3227956   1.1802682   0.05779942
  0.32851943  2.1501937  -1.6306044   1.8405067   1.4520633   0.33142838
 -1.262441   -0.8556945  -0.4811111  -0.8995067  -1.47898    -1.2529483
 -0.04459335  2.7666204  -0.923826    0.10795391  1.3374585   0.7851461
  0.93208003  0.15220393 -0.33422837  0.1930156   0.4980028  -0.7108151
 -0.37403283 -0.39930892 -0.04354613  1.2150172   0.8866222  -1.7214328
  1.4804223   0.9544684   1.2290382   0.52149117 -0.17937168 -0.14403778
 -1.10523     2.1697016   0.9903066  -1.7191023  -1.5719721   1.1548249
  0.4701983  -3.1639273   0.835145    0.95946     0.28832668  0.04302501
  1.9154178  -1.3603395   0.7740995   1.4610839  -1.0406667  -2.513749
 -1.7179884  -0.87123114  0.44744608 -2.2975535   0.19498669 -1.3525034
 -0.13460058  1.0056245  -1.0159643   0.46384272 -0.57277673  1.4054961
  0.26491606  0.43123838 -0.01528832  1.7317005   1.3579834  -2.3026762
  1.4282267  -0.6204689   0.19834001 -1.6896319   2.2552133   0.17368391
  0.1578639  -1.5496289   1.6343168   0.83604443 -0.19420117  1.6108218
  1.7393856   1.67114     2.0307763  -0.71874106  2.8177094  -1.6973243
 -0.67776996  0.10746613 -0.31531945 -0.33131334  0.50605386  2.854476
 -0.68861115  0.69021446  0.616535    1.45849    -0.62870777 -1.0714717
  0.2000722  -0.32368442  0.382155    1.8389628   1.7684972  -0.09224446
 -2.0506604   1.3406343  -0.9258139   2.016574    3.14139     1.0583061
 -0.22583573  1.387555   -0.39676666  0.08792501  1.554901    0.19049057
  1.5891      1.4229864   2.163034   -0.2988006   0.03479777  0.90001893
 -0.42562887 -1.098826  ]