[[-2.81586567e-01 -3.04327378e-01  2.64303912e-01  4.77902664e-01
   1.44167393e+00 -8.30307839e-01  1.58800782e+00  5.88946112e-01
  -1.89254182e+00  3.26411709e-01 -8.25604576e-02  2.57670865e+00
  -7.65599106e-01 -2.32080837e+00  2.23460882e-01 -5.28491632e-02
  -7.47724344e-01  4.23133474e-01 -7.71084741e-01  1.68086958e+00
   4.79443494e-02  2.85667957e+00 -5.68218271e-01 -1.06986072e-01
  -1.40771515e+00 -1.19005832e+00  1.46618166e+00  1.96698005e+00
  -4.48226984e-01 -1.25691562e+00  1.13701874e+00 -1.38477427e+00
  -1.16791255e+00  4.70217365e-01  1.62916655e+00  1.99107960e+00
  -1.44512990e+00  1.64334784e-01 -1.13272346e+00 -2.35457426e-01
  -1.97339819e+00 -5.56147909e-01  1.44549522e+00 -3.91812166e-01
   9.41568670e-01  1.33580309e+00 -1.32487528e+00 -8.37828683e-01
  -5.77799905e-02  4.86171206e-01  4.67486485e-01  5.64382606e-01
  -1.54362168e-01  2.87241822e+00 -1.11771775e+00  1.13794923e+00
  -4.82967828e-01  2.07456117e-02  1.87268693e-01  1.51936914e+00
  -7.20075177e-01  1.22144696e+00 -1.25072604e-01 -1.23155298e+00
   5.12956956e-01  1.04691478e+00  1.28683041e+00  8.48406469e-01
   1.83089349e+00  1.52767868e-01  1.51569175e+00  1.54434395e-01
   4.24124714e-01  1.73163613e+00 -9.76537456e-01  1.02757870e+00
   1.15909047e+00  7.66771708e-01 -6.88140317e-01 -9.06057789e-01
   2.49361741e-01 -5.23488296e-01 -2.57957241e-03 -9.69442575e-01
   3.47392161e-01  2.87343066e+00 -1.64343569e+00  1.24880555e+00
  -4.36008469e-02  3.65747841e-01  7.55709611e-01 -4.78588696e-01
   1.60176525e+00  1.77442205e-01  7.48348256e-02 -1.06338820e+00
  -4.46191332e-01 -4.83301697e-01 -6.90104338e-01  2.41559535e-01
   7.35325778e-01 -1.71780560e+00  1.98779052e+00  1.14064133e+00
   8.55981770e-01  1.41130269e+00 -1.10578214e+00 -3.59803068e-01
  -1.34212997e+00  1.71284876e+00 -1.77833552e-01 -1.37577464e+00
  -1.88458429e+00  7.93577770e-01  1.92034400e-02 -2.58480345e+00
   6.22443003e-01  1.75030910e-01  6.82937803e-01 -1.35022614e-01
   2.22529088e+00 -1.61542300e+00  1.41293794e+00  1.74830392e+00
  -1.67611181e+00 -2.15084827e+00 -3.90351244e-01 -4.55671329e-01
  -5.39280416e-01 -2.36807246e+00  6.10609592e-01 -8.88324823e-01
  -1.72499434e+00  3.53433474e-01 -3.76316085e-01  6.10094746e-01
  -5.01482575e-01  1.31319655e+00  1.58353002e+00  2.41728715e-01
  -3.68591029e-02  1.80670783e+00  5.46235212e-01 -4.07620904e-01
   9.25004842e-01 -3.93719192e-01 -2.58125870e-02 -8.30771343e-01
   9.75478207e-01  4.77722224e-01 -5.30796958e-01 -1.42379210e+00
   1.82271534e+00  6.45153050e-01  1.39497425e-01  6.02359992e-01
   1.22985048e+00  1.09552868e+00  1.64547399e+00 -3.29216045e-01
   2.76831354e+00 -1.96993299e+00 -4.13989078e-01 -5.67500394e-01
   2.10635214e-01 -1.16932177e-01  1.96898664e-01  3.08466047e+00
  -8.52395665e-01  6.84184442e-01  1.03217696e+00  9.99162195e-01
  -1.17002482e+00 -8.51403467e-01  6.57639177e-01 -5.68598255e-01
  -1.26173742e+00  2.04610866e+00  1.50921916e+00  4.43043553e-01
  -3.24148196e+00  2.53969349e+00 -6.01898722e-01  1.67407042e+00
   2.44153625e+00  7.75407882e-01 -4.10561769e-02  1.18499744e+00
   6.94558729e-01  4.47438276e-01  1.27591175e+00  2.13018686e-01
   1.61328354e+00  1.38752830e+00  9.23009968e-01  5.53846953e-01
   1.10812571e+00  1.16217619e+00 -2.46111767e-01 -2.62760440e-01]]