[-6.4446604e-01 -3.8825804e-01 -8.8399891e-03  7.5902045e-02
  1.9277319e+00 -1.6303021e+00  3.5228401e-01  4.4431400e-01
 -2.5100501e+00  9.7380020e-02  1.5585995e-01  3.2364802e+00
  1.4105001e-01 -3.3012002e+00  2.6350600e-01 -7.0614600e-01
  8.3010197e-01  7.0732003e-01 -4.2739600e-01  2.0536599e+00
  1.9478798e-01  4.2833037e+00  2.6479959e-02  8.0949193e-01
 -1.7961819e+00  3.7836602e-01  2.1674042e+00  1.2766399e+00
 -3.1131592e-01 -8.3215201e-01  9.6391392e-01  7.8676397e-01
 -1.5967020e+00  1.6040602e-01  1.9150919e+00  1.2791321e+00
 -1.3976562e+00 -6.6747797e-01 -3.7985618e+00  1.2813340e+00
 -2.6482379e+00 -2.9381680e+00  1.1846120e+00 -9.9495202e-01
  8.9093602e-01  6.7943597e-01 -6.3940166e-03 -1.4028920e+00
 -6.1573398e-01 -2.7273995e-01 -2.7056098e+00  4.7978395e-01
 -9.8883998e-01  3.9363199e-01 -1.2366819e+00  1.1031220e+00
 -4.6319962e-03  2.1059139e+00  3.8814002e-01 -1.5507780e+00
 -8.8509798e-01  4.0737802e-01 -9.3899202e-01 -1.3773201e+00
 -1.1402998e-01  5.5703002e-01  4.6635598e-01  1.1606200e+00
  7.7983987e-01  2.1026661e+00  2.7898498e+00 -7.2710001e-01
 -1.4469160e+00  2.2941921e+00  7.0688599e-01  1.8407581e+00
  8.2709801e-01 -1.4920721e+00 -2.3237221e+00 -7.6497203e-01
  3.1286198e-01 -2.4288480e+00 -2.6088061e+00 -1.5204281e+00
  2.2636461e+00  4.0608377e+00 -2.6018481e+00  2.6024008e-02
  1.1892080e+00  1.3683981e+00  1.2088721e+00 -5.4030198e-01
  2.6593740e+00 -2.9931197e-01 -1.4389499e+00  3.8967800e-01
 -9.2882015e-02 -2.0238841e+00 -9.2437601e-01  2.5244194e-01
  2.8040719e+00  2.7143803e-01  4.2467204e-01  1.7386901e+00
  2.2645059e+00  1.6646881e+00 -6.5426600e-01 -6.3152397e-01
 -9.2481995e-01  8.0741608e-01  7.7300000e-01 -2.4888799e+00
 -1.9054800e+00  1.6660058e+00 -8.3108199e-01 -2.4072862e+00
  1.5172260e+00 -7.7104795e-01 -2.2962045e-02  3.0556598e+00
  1.2285321e+00 -2.0170000e+00  2.1699421e+00  2.6043720e+00
 -1.8486019e+00 -3.0839782e+00 -2.3232596e-01 -4.1115403e-01
  2.0432618e+00 -1.5192320e+00  4.2136401e-01 -1.5120401e+00
 -2.0744081e+00  3.7028202e-01 -1.1545596e-01 -2.9139403e-01
  2.0717680e+00  1.4851320e+00  2.2929740e+00  8.3351600e-01
  1.0757201e+00  2.8561740e+00  2.5819802e+00 -7.1924800e-01
  1.4079260e+00 -7.4739009e-01  7.6615202e-01 -2.0548959e+00
  1.6714659e+00  1.6766319e+00 -9.6343595e-01  2.1673802e-01
  1.7125318e+00  1.9688139e+00  1.3723619e+00  1.9280001e+00
  1.0937059e+00  8.4260809e-01  1.6455281e+00 -2.8748922e+00
  3.2921100e+00 -3.0455680e+00 -3.8177797e-01 -2.0814995e-01
 -3.4895200e-01  5.1255953e-02 -1.7494397e-01  2.0681901e+00
 -6.9543397e-01 -3.6085597e-01  1.7817541e+00  3.0251760e+00
  1.0824299e+00 -5.6300396e-01  2.0410540e+00  4.7798195e-01
  1.1788560e+00  1.6918421e+00  1.8562958e+00 -2.3056700e+00
 -6.1206198e-01  2.8565121e+00  4.3121395e-01  1.4318181e+00
  3.4882202e+00  8.9220202e-01  1.4560020e+00  1.9322760e+00
  4.6854004e-01 -8.6952603e-01  1.4934781e+00 -4.8825797e-01
  1.5916780e+00  1.6674259e+00 -3.9880276e-03 -4.8003396e-01
 -1.0899022e+00 -4.6987605e-01  6.7808801e-01  4.4288597e-01]