[-0.342715   -0.01701408  0.40533546  0.7059873   1.5387114   0.17648362
  0.64429545  0.24666314 -1.655191    0.44960782  0.48885554  2.3557043
 -1.1802186  -2.2406387   0.8995651  -0.67147046 -0.18580455 -0.675905
 -1.6282558   1.6764836  -1.0398854   2.4617155  -0.7265105  -0.5713854
 -1.0833209  -0.6420327   1.4404653   2.3875368  -0.5667123  -0.6380072
  1.1474187  -0.5514023  -0.67081684  0.05308497  2.8634868   2.560699
 -1.7421268  -0.28719047 -0.86637443  0.0551568  -2.806422   -1.0738003
  1.6473923  -0.40056592  0.59050775  2.1534128  -1.3820082  -1.0521541
 -0.12754864  0.38390684  0.12516408  0.14106046  0.36018822  1.6571063
 -0.29198816  0.76575816 -1.0360776   0.46175277  0.50753546  1.0161678
 -0.21920866  0.6187481   0.22152184 -1.0418493   0.5341809   0.25373003
  0.20008494  1.0446818   0.47216046  0.13330731  1.2607778  -1.0669929
  0.630825    1.6759979  -1.6665623   1.3411086   1.4640483   0.7490154
 -1.1942154  -0.22778867  0.32550225 -1.3020095   0.08119405 -1.0006617
  0.3003782   2.7432272  -0.7728719   0.5354936   1.5698107   0.8552196
  0.8246759   0.0274018   1.262544   -0.08338822 -0.76666677 -0.52686185
 -1.0366145  -0.9930759  -0.6564632   0.39255363  1.0344399  -1.7284201
  2.7871506   1.4763176   0.74214596  0.98646826 -0.1639082   0.4173023
 -0.89168525  1.2925878   0.42755315 -1.3715231  -1.0657083   1.1027989
  0.17353775 -1.2448751   0.58177274  0.29488543  0.5925318   0.85050815
  1.6243813  -0.76715857  2.5219371   1.3445718  -0.892456   -1.5127999
 -0.78225046  0.3026336   0.30282366 -1.498684   -0.00731501 -1.6796128
 -0.79872626  0.7978481   0.29678237  0.47866717 -0.39484587  1.2662183
  0.13830635  0.27644682  0.33004543  1.5069393   0.6219277  -0.9919018
  0.83763045 -0.6842882   1.063765   -1.585461    0.941024    0.0766818
 -0.50437856 -0.4509413   1.2972873   0.34304547 -0.43043044  0.5830459
  0.97992593  1.513215    1.5931393  -0.42652413  2.2290328  -2.6993856
 -0.98879    -1.3111151  -0.6817805  -0.20310456  0.17124602  2.7932582
 -1.0378487   0.5693027   0.9706717   1.4924773  -0.19388728 -1.267125
  0.04320361 -0.36817086 -0.4308      1.0288944   1.0818633  -0.1848618
 -2.3259394   1.54375    -0.12086138  1.8083717   2.817711    0.7949268
 -0.4984991   0.5309551   0.2056223  -0.09634001  1.4622521   0.3690073
  1.7689278   1.5597154   0.713541   -0.07087409  0.2593772   1.0211924
 -0.29747638  0.47571182]