[-0.16412301  1.29641    -0.728227    1.7584388   1.242376   -0.28144097
  1.62413     0.493455   -2.5476372  -0.160132    1.103894    2.2166772
 -0.534043   -2.3916378  -0.36489496  0.35259598 -1.8779638   1.0025549
 -2.044661    1.4603401   1.680242    2.8536382  -0.78737     0.38709703
 -0.78812695 -0.6438851  -0.18033703  3.4562173  -0.659721   -1.6308019
  1.4347491   0.931574   -1.241293    0.05447499  2.632829    1.193074
 -0.67326397  0.48470107 -2.187792    0.26896006 -2.2702107  -1.0008099
  2.608598   -0.19504401  2.070608    0.55663097 -0.92026407 -0.45325404
  0.10904     1.564661    1.32006    -1.196913   -0.41099495  0.515458
 -1.6011158   1.347676   -0.69627106  0.28255698  1.913274    0.75183004
  0.39481407  1.1088171   0.249891   -1.6007551   0.9119401   0.48144293
  0.28378597  1.062302    1.8582251  -0.556299    1.847578   -1.393515
  0.85388595  1.145171   -0.861549    2.1504378   1.5354278   0.00672696
 -2.4587722   0.38360006 -1.226962   -1.0501629  -0.9036449  -1.14172
  0.421511    3.7197628  -1.223561    0.10405201 -0.5001631   1.274849
  0.95887804  0.5126599   0.834949    0.49780607  0.8817221  -0.11970005
 -1.203227   -0.92008     1.235374    1.4912881   1.362093   -1.789582
  1.4662452   0.619233    0.55219495  1.139195   -0.53803205  0.00810196
 -3.275592    3.2332528   1.6265228  -0.83285105 -1.8495739   1.4593041
  0.03178401 -2.8159559   1.0072979   0.578263   -0.21981291  0.57149297
  2.337689   -2.4374518   1.4014641   2.7447488  -0.876892   -2.48013
 -0.79475003 -0.306224   -1.1634439  -1.981707    0.01445897 -1.320684
 -0.245156    0.727559   -0.61662203 -0.874743   -1.119314    0.6121479
  1.9405382  -0.20154002 -0.22539106  2.5024972   0.525382   -2.8446097
  3.3437543  -0.23261802  1.493632   -2.0980659   2.7185218  -0.294356
 -0.13854203  0.24359393  0.23399806  0.6832191  -0.812623   -0.21917693
  1.7305101   3.3918834   0.30697703 -1.343601    1.627258   -2.7709959
 -0.589593   -1.206892    0.469873    1.026066    0.721289    3.5755699
 -0.56238794 -0.48883098 -0.423081    1.187509   -1.183352   -0.62698805
  0.79287493  0.24570799 -0.27594894  0.55937207  0.11978702  0.45643196
 -3.206416    1.8272089  -2.013736    2.481999    4.072567    0.501079
 -1.731769    1.6204941   0.23719999 -0.10257099  2.245305    0.87310106
  2.2360492   2.3097901   3.11045    -0.8414551   0.629708    0.657163
 -0.746836   -0.56625694]