[[-0.02136729  0.59289709 -0.21927805  0.53033877  1.05723927 -0.38482343
   0.41029997  1.38089597 -1.81574588  0.36630267  0.64041025  1.72193657
  -0.41657538 -2.28586125  0.69790414 -0.02705707 -0.74273705  0.71665196
  -0.96786756  2.53614485  0.5693656   1.94694271 -0.80537221 -0.20728465
  -0.4679839  -0.68791096  0.88394488  2.32949292  0.25083561 -1.86290322
   1.3760091   0.07385364 -1.3066434  -0.10752438  3.10247927  0.94768854
  -0.6223649   0.74239536 -2.07308366  0.75671561 -2.06509566 -0.98244389
   1.51070315 -0.77961314  1.70279731  1.64601903 -0.41105635 -0.70627267
  -0.54102583  0.86507758  0.59921441  0.24762416  0.0537312   1.74010786
  -0.85218855  1.64574392 -0.01952876  0.34249196  1.3917588   0.68057926
  -0.45737003  1.44123786  0.32003048 -1.09406025  1.13654143  0.7974878
   0.35669147  1.15397585  0.73646023  0.40279487  1.55545558 -1.47994683
   0.9127056   1.7167407  -1.49878121  1.15354538  0.85655049  0.55565975
  -0.83514854 -1.4753344  -0.20197198 -0.3157212  -0.50875343 -1.18329268
   0.5520861   2.82718706 -1.34505169  0.28021974  0.8746817   0.45125537
   1.02565369  0.4722361   0.21697949  0.45145584  0.1883305  -0.68080439
  -0.05421878 -0.53903876  0.77423925  0.5041034   0.98064462 -1.85609073
   1.45731194  0.78156417  0.45251876  1.01646492 -0.44222635  0.56345044
  -1.39478299  1.11983976  0.92698804 -0.83618539 -1.43323046  0.43626487
   0.0317227  -2.19714442  0.66174074 -0.21245513  0.36816318  0.50756854
   1.67570321 -0.73957953  1.04992927  1.20962192 -0.56207022 -3.27163602
  -0.18085632 -0.40175244 -1.01647686 -1.93069196  0.17548027 -1.22078662
  -2.05181735 -0.19534828 -0.19392831  0.21941291  0.07329317  1.03673095
   1.65413603  0.17453337  0.39080075  1.07753537  0.75188585 -1.56606559
   2.19601049 -0.20969316  0.36704511 -1.56597095  0.92835561 -0.15859632
  -1.07330495 -0.93168854  0.66185075  0.76676684  0.46267317  1.20570629
   1.68414485  1.39123267  1.48943755 -0.90095753  1.82829509 -2.25680365
  -0.89610758 -0.20040612  0.43382536  0.88255245  0.1076683   2.50708318
  -0.76239222  0.39784459 -0.03759027  1.27339608 -1.31640609 -0.66506467
   0.56714785 -0.05060364  0.65093074  0.56336658  0.86431877 -0.23846221
  -1.84192222  1.77684566 -0.41723219  2.57342647  3.77035786  1.06126689
   0.05247023  0.86733828 -0.0478046  -0.52272466  1.52878755  0.008479
   1.40196316  1.41857707  1.99450656 -0.18603121  0.56364704  1.06827849
   0.02475686 -0.53150314]]