[[-0.10182104  1.36196634 -0.87091683  0.68221849  1.16878896 -0.12759531
   0.87714735  0.04357476 -1.5666925   0.36975312  0.51741736  1.21913426
  -0.64799678 -1.82332636 -0.16474053  0.85295267 -1.27616217  0.14243632
  -1.73517932  1.09520845 -0.07487316  2.57793793 -1.26899786 -0.01698996
  -0.52135106 -1.31970298  1.26563264  2.64438801 -0.4882716  -1.69821846
   1.28213268 -1.04420372 -0.30981578 -0.02906366  3.17559612  1.57468053
  -1.88921071  0.71244207 -1.9368826   0.70116318 -2.40831514 -1.01912055
   1.13698797 -0.91195629  0.8743552   1.86853421 -0.85983728 -1.26367788
   0.43065473  0.9462132   0.24407003 -0.12121684  0.09637367  1.15861429
  -1.44414734  2.09183938 -0.07206206  0.24539368  1.13234157  1.30171686
  -1.13030045  1.36278742  0.62806055 -1.55096904  0.22283998  0.48366996
   0.95873154  1.35029314  0.9627189  -0.03762999  1.61567902 -1.86076315
   0.990369    1.69872214 -1.58881005  1.74389416  0.9424569   0.63316053
  -1.05610532 -0.54262418  0.10558369 -0.76252104 -0.38583365 -1.37600888
   1.06542307  1.85768147 -0.6647321   0.91741054  0.96775266  1.53427318
   1.35009047 -0.02687579  0.56602271  0.18517735  0.13765105 -0.37965738
  -1.08891266 -0.63013734 -0.78668686  0.72750842  0.80128305 -1.88677681
   2.1232052   0.98831155  0.44145054  0.63476735 -0.67338996 -0.07339262
  -1.44366372  2.15834489  0.51347577 -1.38183621 -1.51497586  1.24011421
   0.57870634 -2.43778049  0.15046948  0.73113783  0.86761789  0.19909155
   1.23156476 -1.88266637  1.73081784  1.16376002 -0.54162422 -1.9631274
  -1.5047931   0.70532     0.20552263 -1.73255996  1.14081326 -1.97838913
  -0.7676395   0.43040051 -0.57874212  0.03716159 -1.16743574  1.73561525
   1.54053851  0.52479847 -0.25271741  1.28065316  1.05309112 -1.92936905
   1.68287266 -0.49870841 -0.00711314 -2.17004051  2.13028275  0.34961846
  -0.37827269 -1.40126006  0.68149784  0.83139006 -0.22197368  0.35712314
   2.20824809  1.9589995   1.49420576 -1.08774526  2.48186746 -2.30397836
  -0.93215102 -0.22376372 -0.853619    0.26892894 -0.29473152  3.45312147
  -0.97349051  0.7370774   0.3100037   1.12774475 -1.16933952 -0.90481997
   0.70344468  0.18933947  0.01208896  1.0038116   0.94981842  0.21205103
  -2.59448755  1.60702732 -0.4771184   1.88543317  3.60175256  0.3280816
  -0.44782056  0.731889   -0.11052792 -0.31792478  1.38317262 -0.42654266
   1.61635379  1.19764423  1.82886267  0.07090738 -0.19324785  0.9739706
  -0.51827421 -0.34104317]]