[-0.6232065  -0.08426571 -0.25653106  0.7220386   1.1684065  -0.39117613
  1.4160682   0.0944     -1.7191226   0.27480927  0.23834965  2.0361717
 -0.01298394 -2.977471    0.29950145 -0.53606325 -0.5472954  -0.26451856
 -1.701369    1.7539598  -1.1409107   2.8815844  -1.4183254  -0.11712851
 -0.7264133  -0.4608397   0.9704364   2.0010924   0.0130696  -1.6292284
  1.2938904  -1.3712035  -0.927882    0.44156533  2.375551    1.655221
 -0.74854785 -0.16520146 -0.8334271  -0.18222181 -2.5725863   0.0335325
  1.4394346  -0.8621117   0.5427004   1.2229439  -1.1388371   0.08683427
 -0.0350875   1.2875861  -0.23775819  1.2549896  -0.0863932   2.049335
 -0.30190283  1.2458922  -0.2981718   0.7535504   0.2534657   1.5837761
 -0.8780557   1.296159   -0.5361868  -0.7177337   0.46980143  1.1006292
  1.6290712   0.07727857  0.7928858  -0.04129822  0.61455536 -0.7379239
  0.9015425   1.1216171  -0.8307968   2.0279136   1.5566674  -0.34533972
 -1.348791   -1.6951331  -0.17021635 -1.0389056   0.31406212 -1.2360847
  0.5258975   2.4303346  -0.7322032   1.1962596   0.44237536  0.5919811
  0.7854621  -0.42270714  1.494984   -0.03546249 -0.45856354 -0.5785611
 -1.8152851  -0.66509676 -0.8457028   0.5625293   0.94809574 -1.8544636
  2.169523    1.0300779   0.7788586   1.5571396  -0.84985393  0.05719501
 -2.057453    0.98094076 -0.25473613 -0.719765   -1.0430001   0.11703067
  0.3927393  -1.6403025   0.5164707   0.23165     0.9306415   0.2922547
  1.3385061  -1.3032662   1.9783279   1.8140801  -1.8483069  -1.1194853
 -1.7272835  -1.1459333   0.6443796  -1.5339018   0.04953931 -1.3834125
 -1.5121526   1.2849959   0.34472394  0.2269864  -1.1381171   0.8882528
  0.92112535  0.5919451  -0.29505572  1.8260623   0.34654894 -1.2998466
  0.40747112 -0.6097496   0.7286876  -2.240153    0.51854646  0.5158022
 -0.8668732  -0.94230354  1.4938049   0.85379696  0.08393537  0.3180925
  0.91301715  1.8942729   1.4210771  -0.8039896   3.246151   -1.2080338
 -0.3524132  -0.5474568  -0.55377865 -0.8378011  -0.24348606  2.3872845
 -1.6040503   0.45514682  0.8310496   1.4090158  -1.307269   -1.3468244
  1.0873836   0.02991245  0.32141182  2.0680232   1.065109    0.4770689
 -2.0465863   2.6284769  -0.05069359  1.6341822   2.3451374   0.6668319
  0.6328921   0.78830856  0.8678418   0.36828893  1.62211    -0.17289643
  1.1356475   0.91064674  0.01480142  0.31307673  1.0638632   1.22937
  0.2743354   0.25707898]