[[-0.53774531  0.62220149  0.34624383  0.91085425  0.94263934  0.01001171
   0.30968914  0.45706531 -1.60395873  0.2315766   0.37898404  2.28390577
  -0.32787149 -2.10943621  0.20524786 -0.46346702 -0.46954467 -0.07789255
  -1.12274935  1.61317253 -0.00834044  2.05927404 -0.59925915  0.08078639
  -0.77763382 -0.81153767  0.79404129  1.84900257 -0.02381085 -1.04890298
   0.29182042 -0.30890594 -0.57852362  0.14240957  2.06579914  1.83278277
  -1.25330851  0.29862467 -1.82953426  0.66646085 -1.85794129 -1.02176361
   1.57189681 -0.60856211  1.10949787  1.08333808 -0.93959086 -0.74592256
   0.0567983   0.78270127  0.51944787  0.02033214  0.48020787  1.30550467
  -0.76376702  1.30389682 -0.16137553  0.53068404  0.73031724  0.73314956
  -0.3291398   0.93931808  0.20253487 -1.32864767  0.55697744  0.54126298
   0.10846488  0.94663254  0.51071382  0.47186063  1.29590745 -0.89631106
   0.79094148  1.52824361 -1.09723807  1.47510362  1.29862659 -0.08746979
  -1.08236702 -0.37594169 -0.33586214 -0.55924746 -0.46596256 -1.45761383
   0.67954022  2.55547873 -0.94561979  0.46871553  0.66008022  1.12447916
   0.91816744  0.2482832   0.73226126  0.23318278  0.05252086 -0.23347299
  -0.13571894 -0.72993042  0.29871086  0.63962617  0.92375276 -1.44429191
   1.9370185   1.06092275  1.04136406  0.04248532 -0.77854235  0.51717638
  -1.701643    0.92559063  0.09450511 -1.40998256 -1.52549575  0.69439788
   0.37289703 -1.81345726  0.97913893  0.48883639  0.05988296  0.65133936
   1.07777148 -1.08709851  1.2314615   2.00594041 -1.04482551 -1.70012213
  -1.32230553 -0.3406949  -0.66534255 -1.5425468  -0.10438488 -0.95502467
  -0.77907808  0.75703001 -0.24493937  0.64601616 -0.54526555  1.48362768
   1.10920617  0.54926467  0.15093107  1.38794064  1.01579848 -1.88132212
   0.76880979 -0.59117895  0.13693383 -1.63709257  1.27030019  0.12196276
   0.08769065 -1.10592614  1.66020575  0.55138065  0.37682596  0.89185489
   1.34737788  1.51852681  1.30257598 -0.82272085  2.09919915 -2.20373489
  -0.61821425 -1.06115297 -0.02109491  0.41201425  0.68897553  2.73590382
  -0.83174979  0.45941787  0.60178956  0.994053   -0.26562723 -0.99375854
   0.12697321  0.18465554 -0.14748319  1.09371171  0.72478956  0.19409492
  -2.23895743  1.16520363 -0.69878468  1.59985024  3.02732427  0.46572851
  -0.6571881   1.38579001 -0.00965574 -0.29367554  1.38636084  0.4820187
   1.9721283   1.16657065  1.23118065 -0.00880724  0.66127703  0.81207553
  -0.05234488  0.11014682]]