[-1.4394228   0.7100301  -0.11968146  1.2556957   1.2321942  -0.9911
  0.9959985  -0.38600567 -1.5704758   1.1533185   0.6505957   1.2275728
 -1.0811242  -3.1141756   1.0732744  -0.73600715 -1.3169657  -0.26556295
 -1.9322559   0.62116    -0.29025573  2.1141057  -1.164677   -0.2564686
 -1.5657558  -2.0021672   1.9293299   2.2960172  -0.39729    -1.05099
  0.4360343  -0.4673257  -1.2143799  -0.29191425  3.38924     2.494574
 -1.9353187  -0.03541289 -2.6342545   1.2638857  -2.4477656  -2.1890285
  2.4300516  -0.90386575  1.5641315   1.6949586  -0.0690143   0.40126282
 -0.48316854 -0.06074142  0.66614     0.08964006  0.92282283  1.5141172
 -1.3034757   2.4199698  -1.9616586   0.5342901   1.1676072   2.3919358
  0.63723147  2.0630126   1.2401272  -1.7284143   0.5604657   0.79216284
  0.37651572  1.3876172   0.08218145 -0.42919996  1.7864085  -1.0688043
  1.0939701   0.5269857  -1.9619029   0.8561      2.0333214  -0.3530943
 -1.7199099  -0.95264286 -0.84356433  0.09888431 -2.0199528  -1.5348357
  1.4760286   2.6452043  -0.1262628   0.5531914   1.7302485   1.1241729
  0.7741028   0.5057286   0.8055443   1.7928257   0.93354    -0.5378757
 -0.96302    -0.14539282  0.70569     0.68194574  1.5443543  -1.3787585
  1.9523672   1.1224757   1.2307471   1.6523272  -0.980513   -0.37873718
 -0.6323514   2.8803313  -0.03592142 -1.7294673  -1.2960428   0.3181843
  0.9664015  -2.0780184   0.4881914   0.6012515  -0.81651706  0.8555871
  1.5762471  -1.3309257   2.4931242   1.1541487  -0.35320854 -3.618466
 -0.21147715 -0.64630425 -0.22188286 -1.6438571   0.7772571  -0.41089576
 -1.3704443   1.3789772  -0.56937    -0.02248     0.2872615   0.9556728
  1.9684545  -0.18966715  1.1550771   1.1498214   1.2152127  -1.9104372
  2.2224698   0.5500415   0.80666435 -2.2434528   1.7765173   0.60646284
 -0.28474283 -1.033974    0.52464575  1.0638986  -0.31396288  1.0171157
  1.5215585   1.9842471   0.88313574 -1.2379385   2.9747715  -3.1800172
 -0.6024114  -0.6843229   0.04125285 -0.68232006  0.54927576  2.8441846
  0.11388861  1.5901972   0.31633288  3.384287   -1.3278657   0.01670143
  0.55846995  0.19285713 -0.7257257   1.0511186   0.7123629  -0.5422215
 -2.6387756   2.63868    -1.2503929   2.017527    3.8089716   1.5302258
 -0.7160028   1.6850458   0.74745005 -0.41123995  1.8062485   1.1565543
  2.38314     1.2542471   1.0144099  -0.3504971   0.46531862  0.01179141
 -0.79081714 -0.52891713]