[-3.0343378e-01  8.4639263e-01 -1.1037378e-01  2.3100813e-01
  9.5232570e-01  2.0527004e-01  9.3735069e-01  8.4385562e-01
 -2.7062926e+00  4.8221186e-01  1.2274470e+00  3.0514159e+00
 -1.5621655e+00 -2.1805830e+00  9.8632312e-01  1.2213444e+00
 -3.8017318e-01 -5.7108247e-01 -1.0153188e+00  2.1054316e+00
  9.3379967e-02  2.5048668e+00 -1.1144325e+00 -3.1570002e-02
 -7.2408181e-01 -1.5692559e-01  9.2683995e-01  2.4985063e+00
 -3.5146061e-01 -1.7132374e+00  1.3770587e+00 -1.4128636e+00
 -1.1965512e+00 -9.3073130e-01  4.9759264e+00  5.3407311e-01
 -1.0642887e+00  1.1023214e+00 -2.4407301e+00  1.1586181e+00
 -2.0352664e+00 -3.2396999e-01  1.6469619e+00 -5.4663122e-01
  1.8609151e+00  5.3962874e-01 -3.1912565e-02  7.3872191e-01
  4.7950247e-01  1.3638581e+00  1.0456065e+00 -5.6591928e-01
  2.1946242e-01  2.9460056e+00 -1.6343176e+00  2.1518447e+00
 -8.7522739e-01 -3.1287503e-01  9.3772751e-01  2.2192683e+00
 -6.3632125e-01  2.0193830e+00 -2.9437503e-01 -1.2058324e+00
  7.8032184e-01  2.7657253e-01  9.2306379e-03  6.0919261e-01
  6.4928436e-01 -6.9835871e-01  2.0721135e+00 -8.9874929e-01
  1.2268653e+00  2.1054509e+00 -1.3406594e+00  1.5514369e+00
  2.8387558e-01  1.0848181e+00 -1.2966150e+00 -2.1574812e-01
 -3.5676807e-01 -1.6315119e+00 -1.0273501e-01 -1.2467769e+00
  6.7481184e-01  2.8209906e+00 -1.1552380e+00  1.5668300e+00
  7.4408710e-02  1.2518913e+00  2.9040247e-01  1.0944719e+00
  1.5837878e-01  4.6824967e-03  4.6446872e-01 -8.5812622e-01
  1.4398378e-01 -1.3274119e+00  4.8822376e-01  3.3654177e-01
  1.8610686e-01 -1.1229932e+00  3.1293654e+00  4.9589992e-01
  5.6251502e-01 -1.7453805e-01 -9.9507940e-01  6.3579947e-01
 -1.9332470e+00  1.0092869e+00  5.9471923e-01 -7.2206002e-01
 -1.7161642e+00  5.3803138e-02  6.5367633e-01 -3.1692450e+00
  1.4073420e+00  2.3763378e-01  1.2404494e+00  1.6988809e-01
  1.9630532e+00 -2.3180161e+00  1.4023712e+00  2.3630068e+00
 -8.9310688e-01 -2.1159773e+00 -2.1476381e+00 -3.0533004e-01
 -5.1363319e-01 -2.0334013e+00  9.9084812e-01 -1.8616132e+00
 -1.9220113e+00  3.2133999e-01 -4.2886508e-01 -8.0903754e-02
 -1.2850600e+00  9.3797374e-01  1.2555132e+00 -1.7852496e-02
  1.5654120e-01  1.3683662e+00  7.8024435e-01 -1.8279562e+00
  8.0834997e-01 -3.8670942e-01 -4.5806244e-01 -1.1800088e+00
  1.2170669e+00  3.8718873e-01 -1.5503250e-01 -1.6909068e+00
  1.6613189e+00  9.9641567e-01 -7.1907622e-01  1.6287131e+00
  1.7950913e+00  2.7674160e+00  2.2775874e+00 -7.1108258e-01
  2.9265540e+00 -1.4280725e+00 -1.4394418e+00 -4.7007936e-01
 -2.5159001e-01  2.0127936e-01  2.4307932e-01  3.1827450e+00
 -1.0631307e+00  3.3929947e-01  3.1479871e-01  8.1466061e-01
 -9.4577682e-01 -1.3065094e+00  8.5042691e-01 -6.1321056e-01
  1.2603872e-01  6.2418246e-01  1.4940760e+00 -4.2352185e-01
 -2.5320907e+00  2.0079663e+00  8.3832450e-02  2.4616599e+00
  3.1958833e+00  2.2620186e-01 -2.2925131e+00  1.0792518e+00
 -2.9259676e-01 -2.1155494e-01  1.6245730e+00  3.9352745e-01
  1.8915151e+00  8.4397441e-01  1.8157581e+00  2.1499068e-01
  1.4131144e+00  9.2173064e-01 -6.4899370e-02 -2.5910124e-01]