[-0.48834002 -0.5400951  -1.50837     0.31032    -3.54461    -2.5792048
  2.531245    1.4735949  -1.4843552   2.051745   -0.413       2.9008603
  3.295785    0.57303    -0.12819499 -1.695685   -0.47743487  4.1916447
 -1.659645    0.603285   -3.007835    3.9694052   1.7076801   0.524635
 -1.26929    -2.720755    1.11148     2.65665    -4.5197096  -0.34824002
 -1.542895   -2.454875   -5.16325    -0.99805504 -0.6083949  -0.795
 -5.43502     0.943765   -0.5011699   1.69784    -1.467325    2.08965
 -3.6008148  -2.9588752   4.45251     1.76225     0.12303495  0.21752
 -2.4586499  -1.722235   -0.22660506  2.9885352  -4.074975   -1.4951751
 -2.5518098   6.035045   -2.706145    2.0194001   1.07366     1.6426699
 -0.292665    1.04894     1.555345   -2.3530898   2.63995    -1.8060751
  2.2790549   0.10404995  1.01735     2.59995     0.42741507  3.7901
 -0.89565     1.7769551  -0.85254    -0.26384002  1.8410201  -4.564795
 -2.255765   -6.704605    3.01542    -1.9951599   2.017565    1.220415
 -0.04577     3.32474    -3.122345   -3.05476    -4.495475    0.97754
  3.574655   -0.9870151   3.864225    6.56771    -0.39997497  3.7012248
  1.5199349  -0.68970513  4.219165    2.887955    1.2928901  -0.70594
  0.09504503  4.892585    1.75292     3.1861901  -4.1952     -0.11750996
 -0.55714    -1.94361    -1.72545     1.98242     0.64961     0.36919498
  0.80331993 -3.723465    3.9313002  -1.4743451   2.9768949   0.81888497
  3.26186    -1.01534    -3.369225    2.49924    -3.8308852   1.3312249
  1.32997     0.8446      2.16479    -1.43065     2.268485    1.38995
  0.18664002  2.688035    0.7159449   2.502805   -3.9034748   0.69613004
  2.63625    -2.27932     0.07041502  3.680345    3.058735   -3.003985
  1.12234     4.083085   -0.5417551  -2.281045   -0.183515   -1.3281801
  0.80191004 -4.258645    1.19441    -0.68391997 -2.610375    6.499995
  1.11982     0.16017501  1.521285   -2.85412     4.35229    -0.50201994
 -1.28793     2.50764    -0.12691    -1.29194     3.3098001  -1.0080049
  1.44011    -1.396195    3.8418899  -1.4694052  -2.83072     0.23928499
  3.2127903  -2.6230102  -4.29755     2.8699899   0.133715   -5.060055
  0.61169493  3.730455   -3.6704152   2.170625    1.368435   -0.33483505
  3.226395    3.29982    -1.7252551   3.85166     0.12256503  2.79725
  4.49292    -3.006815   -1.0911549   2.31127     0.87924    -0.7443
 -1.11303     1.8191651 ]