[-0.79540086  0.3083075  -0.7943866   1.5762473   0.68027997 -0.1067766
  0.5349433   1.0558742  -1.0153025   0.66514254  0.38536832  2.2029467
 -0.42830417 -2.3010666   0.8652975   0.15136418 -1.7600068   1.2160543
 -1.3037467   2.1130967   1.1534358   3.242401   -0.52236414  0.6585267
 -0.5007825  -1.1215593  -1.2639126   1.9904443  -0.15683    -1.351739
  0.5648     -0.17143749 -0.3557267  -0.00678418  2.767371    1.6345884
 -1.1368141   0.47972584 -2.378524    1.1061     -2.2685907  -1.6455015
  2.4101632  -0.46508828  1.7069992   1.3384309  -0.15976338 -0.51060003
 -0.81378746  1.408915    1.2726175   0.46175417  0.45787585  1.8564401
 -0.9695983   2.2444859   0.44360003 -1.0939358   1.8414801   1.372055
  0.5732809   1.1179259  -0.7452109  -1.6862484   0.79937917  1.1321741
  0.7186075   0.60381     0.7444401   0.08787666  1.9408293  -0.9470158
  0.86552167  1.4788884  -1.3351675   2.1127374   0.5921642   0.5282242
 -1.9525175  -0.9392517  -1.4604241  -0.8408191  -1.0108784  -2.0405583
  0.4423083   2.4162552  -1.8085178   0.6341608   0.647345    0.65341336
  2.1216583   0.29178086  0.8679225  -0.2254317  -0.11495584 -0.7027583
 -0.6068366  -1.676561    0.23251915  0.8059459   1.2656432  -1.0796909
  1.2495058   1.6085817  -0.18773168  0.30391407 -0.95298743  0.03956084
 -1.9810066   2.6694384   0.6026458  -1.9789491  -0.8088899   2.3042002
  1.2212042  -2.3321981   1.1700667   0.62318915  0.7181166   0.17162089
  2.6753833  -1.7483834   1.1633633   2.6238067  -0.19043334 -2.6419535
 -1.6763558   0.46100664 -0.6311059  -2.385349    0.94687915 -0.73369
 -0.44553998  0.3907567  -0.63126993  0.13410418  0.1189383   0.99767333
  2.5508776  -0.8534808  -0.78932834  1.7361116  -0.02940585 -2.1627524
  2.683875    0.09787083  0.00444001 -1.0827907   1.6887566   0.5659351
 -0.8618917  -0.03703833  1.1566557   0.7307058   0.50831085  1.2524701
  1.8022432   2.4207435   0.27284834 -0.6731267   1.4373041  -2.8943043
 -1.181079   -0.5799342  -0.51883     0.36627164  1.2636925   2.5759773
 -1.0443784   1.451965    1.30724     1.8914585  -1.2195225  -1.6335349
  0.32859746 -0.6876833   0.23156333  0.477515    1.0810667   0.43637085
 -2.6052165   1.7739326  -1.1504892   1.123685    4.351269    0.66126245
 -1.2367074   0.7829109   0.78074336 -0.7628484   1.2238308   0.8062525
  2.33339     1.5836315   3.8689823  -0.34195414  0.46632743  0.8861341
  0.33286667 -0.15013833]