[ 0.15391332  1.1290177   0.04585224  0.8098289   1.6142522  -0.7473577
  0.58482224  0.6393622  -1.8309455  -0.49958885 -0.45717663  3.05344
  0.57096    -2.5453691   0.31625557  0.50228107 -0.55083     0.44919333
 -0.9142366   1.4811167  -0.11277226  3.3544178  -1.6406599   1.380829
 -0.19929333 -0.3299311   1.0644555   3.36127    -0.9159223  -0.2986022
 -0.0477645  -0.11290555 -0.7732912  -0.05311113  2.4438589   2.0579853
 -1.0626878   0.5553411  -2.4530654   0.4228667  -2.208662   -0.8449722
  2.2652478  -0.62298894  1.4810867   1.6309988  -1.0176567   0.06366221
  1.2575889   1.19807    -0.635      -0.31684557 -0.42595991  0.22449443
 -1.6053755   1.0443501   0.6408456  -0.09131666  1.6390879   0.35647887
 -0.2927011   1.4762712  -0.15905333 -2.5722256   0.30449444 -0.20731443
  0.23301342  1.5838312   1.7242534  -0.33250442  1.4981879  -0.20369667
  0.46720996  1.8155946  -1.1682011   1.286441    1.751609   -0.09029998
 -0.9616311  -2.2383943  -1.4155134  -1.7115378  -1.5356498  -0.52894664
  1.2359067   3.2939856  -1.1674612   0.48727784  0.80804104  1.5820234
  0.89669675  0.8426922   1.5746812   0.7252633  -1.4430166  -0.5608445
 -0.34600005 -0.31048334  0.35874784  0.7397111   1.0909166  -1.0996323
  2.1314287   1.4881089   1.231461    1.2656745  -0.30133772  0.44722223
 -1.0027022   2.4816344  -0.16988336 -0.82205117 -2.1772833   1.7362856
 -0.37095892 -2.7990832   1.3850023  -0.1605078   0.9452611   1.0414944
  0.00933101 -2.0868955   1.8111678   2.1262856  -1.6275921  -2.76431
 -0.93178993 -0.11313224  0.19378115 -1.3341745   0.4888311  -1.4145455
 -0.23371442  0.9843122  -0.38234222  0.0975078  -0.15800115  1.210629
  1.7716088   0.22738886 -0.18964225  1.9664224   1.3303144  -1.8997244
  1.4552332   0.81943333  1.1243877  -0.5879423   3.2297902   0.11866777
 -0.20640886 -1.1929976   1.5430611   0.7737734   0.6373433   0.06181118
  1.2255557   1.6603134   0.8040767  -0.6749634   2.09722    -2.1361434
 -0.3750789  -0.88507664 -0.17194001  0.14664443 -0.16388999  3.2650557
 -0.42754558  0.56025887  0.08918561  1.4597056  -0.96283776 -0.49956003
  1.5543321   1.0722111  -0.41747892  2.3294091   0.77427554 -0.6399267
 -1.458911    0.62586224 -0.5627567   0.57566446  3.119512    0.35360444
 -0.6187033   2.0024745   0.01513334 -0.6797622   2.07069     0.97115666
  3.357861    0.49082005  1.332149   -0.8540133   1.2566955  -0.11305778
 -0.58845997 -0.4850333 ]