[[-0.03808537  0.66359787 -0.50812983  0.29694036  1.17959657 -0.49822947
   0.94586806  0.62958306 -1.81667696  0.53846912  0.73365357  1.84319391
  -0.76794612 -1.83031302  0.3054041  -0.44122948 -0.51939788  0.07128607
  -1.00063248  1.3673466   0.12973162  2.3122116  -0.75447696  0.35384984
  -0.62987821 -0.27709179  0.63769732  2.09693468 -0.26695197 -1.2901147
   0.87950197 -0.57998944 -0.76255735  0.03430518  2.19310796  1.29687059
  -0.97726537  0.38667964 -1.3525435   0.11182502 -1.70686377 -0.60080733
   1.51872142 -0.7702116   1.09210536  1.50967624 -0.61394714 -0.46512963
  -0.41666981  0.80026178  0.31442     0.47305089 -0.04477893  1.92157234
  -0.91860601  1.14743674 -0.08245161  0.4939168   1.06505006  0.41513089
  -0.66889679  0.97368111  0.57094482 -0.85511893  0.76692215  0.49808035
   0.43736784  0.64544984  0.8843068   0.48310234  1.28616856 -1.01506447
   0.56942838  1.2419657  -1.38868659  1.63384032  0.71424321  0.03261251
  -1.12610799 -1.08801037 -0.41710858 -0.84488945 -0.65187177 -1.03558819
   0.55589125  2.24594401 -1.39483246  0.83300931  0.43628546  0.90202497
   1.27256428 -0.29601642  0.53456589 -0.1703732  -0.19875481 -0.3667659
  -1.20195786 -0.24880892  0.18376195  0.14160964  0.40607981 -1.37555
   1.87540597  1.25176733  0.60397111  0.62745358 -0.49846806  0.24041179
  -1.20272536  1.29250432  0.10603732 -0.57189965 -1.35035788  0.68298769
   0.40076107 -2.19757597  0.21733391  0.24128857  0.95366019  0.10058892
   1.24483536 -0.96980678  1.38037466  1.44851912 -1.17756894 -1.87333293
  -0.2922375  -0.26562729 -0.44595502 -1.37565573 -0.00278679 -1.25202446
  -1.12348831  0.47186392 -0.13943537  0.18728859 -0.41111428  1.11941143
   1.40378113  0.03705089  0.35631412  1.72103493  0.21611037 -1.33079608
   0.70385079 -0.15818232  0.33646017 -1.20425411  0.72334931  0.10706016
  -0.58862535 -1.4791048   0.88925712  0.74838291  0.1992386   0.90298657
   1.41731786  0.97340232  1.91091345 -0.60643609  2.25807561 -1.8514195
  -0.95619482 -0.55871767 -0.06709822  0.06781501 -0.15379321  2.48516544
  -0.57475928  0.42060857  0.80882126  0.97671302 -0.84149252 -0.6640893
   0.50644251  0.12343054 -0.25604125  1.18809895  1.16534908 -0.32208395
  -1.74139053  1.42096393  0.16526784  1.9885113   2.47869175  0.41849572
   0.23424215  1.26221391  0.21423179 -0.02717302  1.49982979 -0.27534838
   1.23517843  1.17974428  0.55439342  0.13703753  0.04419714  0.54323091
   0.36990268 -0.20131266]]