[ 0.59172666  0.7940967  -0.81025     1.0070716   2.9395666  -1.14423
  1.1181116   0.92289996 -1.2691499   0.6251067   0.2869367   2.5444565
 -0.86122507 -2.6509416  -0.71524143  0.5745234  -2.7544334  -0.24047333
 -0.7883901   1.7606802  -0.53421503  3.2123     -1.5334234   1.1423184
  0.7568066  -0.11272999  0.18467169  1.8799783   0.7221016  -0.7328
  0.58959836  0.63026667 -0.9509283   0.5212167   4.161888    1.3034233
 -1.747815   -0.5657566  -1.7433968   0.61910504 -3.760863   -0.24062665
  3.017205    0.27512333  2.068393    2.89517    -0.85366505 -0.1273201
  1.018905    1.1503617  -0.878915   -0.7198667  -0.1304583   0.81500834
 -1.7268448   2.7868683   0.00680497  0.9396084   2.41043     2.2958782
 -1.03793     1.6532501   1.0116466  -1.8859133   1.4858117   0.6058984
  1.1987399   2.1055665   1.3382119  -0.37426332  1.9301001  -1.2982117
  1.2144567   2.2361934  -1.360185    1.6377317   1.6064383  -0.6666433
 -1.9017967  -1.9455918  -2.1535285  -1.8404299   0.24980994 -1.1692916
  0.5578483   3.5839233  -1.8153585   0.76330835  0.34715173  1.0662284
  1.9789582   0.33695328  1.4839367   0.850265    0.11414667 -0.25180674
 -1.0792551  -1.6491534  -0.35062838  0.82569337  1.663545   -1.5937651
  3.4628484   2.0965836   0.8854967   1.44251     0.07433334 -0.9208717
 -1.3623284   3.4367254   1.0069083  -0.8413002  -0.957905    2.0252533
 -0.09013835 -2.5124383   1.49659     0.8371684   1.078795    0.6994733
  2.1581964  -3.0984967   1.50454     2.7508037  -0.22099495 -4.3673263
 -2.1190283  -0.13496833  0.64414495 -1.3669285   1.2241584  -1.8181432
 -0.43390834  0.9107783  -0.36948004 -0.6838967  -0.63690996  0.75697166
  1.9299101  -0.6693017  -1.03263     1.9609834   0.04808003 -1.96476
  2.6704      0.28853324  1.1418266  -2.5209634   3.0487986   0.15337498
 -0.78593993  1.7497667   0.5987267  -0.05856    -1.1013967   0.04263
  1.9296583   3.12646     1.0399383  -1.8695551   2.2675536  -1.6489916
  0.21562833 -0.03095001  0.41913    -1.0311867   0.8224266   2.4716933
 -0.4114016   0.21348496  0.16338171  0.7329617  -2.3120334  -0.81229335
  2.2262814   0.73350334 -0.11787999  2.012295   -0.22471829 -0.32027003
 -2.0739748   0.9964116  -0.41597006  1.8233317   5.429445    0.78734165
 -0.70264834  2.0767252   0.37556502 -0.6773267   2.3905      0.77058667
  2.0653868   1.8730016   2.1080918  -1.3085898   1.3228716   1.194105
  0.44119003  0.28645337]