[[-0.51322693  0.9138746  -0.5070641   0.85014595  0.89196785  0.01397001
   0.8270751  -0.47122848 -1.36389021  0.04118998 -0.13913232  2.17305801
  -1.34215821 -2.55680681 -0.012008    0.1594174  -1.04563772  0.14716304
  -1.64946454  1.60319749  0.4452846   2.84130622 -1.44456484 -0.11879872
  -0.638161   -0.98504413  0.15904051  2.76110387 -0.45828004 -1.21838123
   0.56874843 -0.55875562 -0.872731   -0.5231931   2.54984619  1.66187085
  -1.09109976  0.60012664 -1.58731339  0.02959847 -2.23071921 -1.36025409
   1.90914608 -0.69704899  0.66187663  1.78300117 -0.7626512  -0.30925642
   0.56326513  0.67425743  0.11104228  0.12998669  0.42647     1.49630216
  -1.18697557  1.63714794 -0.23820896  0.21440717  0.66009624  1.97498586
  -0.52107154  0.83686952  0.29890304 -1.25195044  0.29953821  0.8259902
   0.76215744  0.8231418   0.84882078 -0.51100409  1.54393471 -1.01610573
   0.9417367   1.22649206 -1.72347559  1.23531831  1.5161358   0.29283692
  -1.71336021  0.03666334 -0.46737385 -1.11335458 -0.61489924 -1.46264744
   1.17484027  2.77895715 -1.15718106  1.0818633   0.45276309  0.86103746
   0.50912799  0.59498977  0.47535513 -0.01815025  0.0368059  -0.57515956
  -1.0852216  -0.86311639 -0.18986103  1.15366537  0.59530821 -1.93352174
   2.49290295  1.66287438  0.54168156  0.82756771 -0.03158308  0.18338846
  -2.12170892  1.95844782  0.25909684 -1.44116284 -1.80064618  1.09264636
   0.52821873 -1.73650255  0.63369412  0.26006588  0.17512998  0.10560307
   1.80227695 -1.61559769  2.02836895  1.82755284 -1.08157155 -2.44447412
  -1.88910749 -0.80121644 -0.73863051 -1.0907509   1.01833584 -1.73437931
  -0.93919736  0.9237874   0.02822641  0.18100026 -0.58349384  1.22425791
   0.80218225  0.73820794 -0.52471463  1.52115435  0.59723795 -1.36345259
   1.4673818  -0.45990384  0.35721159 -2.21106881  1.57233633  0.19467821
  -0.2288287  -0.51955438  0.89284514  0.6347618  -0.05909953  0.40781155
   0.91553138  2.56660873  0.33159459 -0.40507717  2.34500881 -1.85391648
  -0.93322332 -0.60966923  0.01935639  0.07882334  0.92374411  2.90814501
  -1.10045317  0.60788973  0.74151329  0.57269256 -1.39357257 -1.19889232
   0.64826611 -0.22352925 -0.05230153  0.33027257  1.2201298  -0.08588795
  -2.85694789  1.43287519 -0.05200489  1.76657083  3.13660423  0.4861323
  -0.86556441  1.16003974  0.36081669 -0.30150179  1.36063995  0.45714126
   1.7903964   1.35151581  1.50377977  0.06783925  0.60280795  0.61286689
  -0.87677721 -0.27189846]]