[[-0.57490333  0.51191659  0.14261336  0.73826442  0.53363549 -1.38167006
   0.23760778  0.73397891 -1.21167774  0.75611662  0.55372549  2.7185333
  -0.89915885 -2.4179599   0.67013334 -1.55861441 -1.94951565  0.26806777
  -0.54991002  0.09582113 -0.28035554  2.13642232 -0.07708557 -0.10566334
  -1.48773225 -0.08662228  1.1610278   1.79250332  0.04616779 -0.34739668
   0.58514108 -1.20300998 -2.08031342  0.07963444  2.4688366   1.70488214
  -2.23040778  0.40574672 -1.57374548  0.86350559 -1.22329446 -1.02101774
   0.45150332 -0.25939667  1.44206894  1.69385555  0.45079225  0.3645966
  -0.47851668  0.33105333 -0.00326669  1.8397311   0.1277211   2.32917334
  -1.25458225  2.04687111  0.17417222  0.07662336  0.6604      2.0869478
  -0.42382667  1.78050776 -0.14614005 -0.94595449  0.07134218 -0.59649113
   0.80503331  0.85377114  0.30682558  0.86033889  2.01117661 -1.45904006
   0.74546663  0.7977533  -1.4856267   1.49943772  1.25557446 -0.49540442
  -1.5421368  -0.8560133   0.13397668 -0.84483776 -1.77741561 -2.28370216
   0.19984892  2.68413101 -0.67792214 -0.48055     0.15961775  0.37664778
   0.01611337 -0.43428228  1.40196445  1.4623645   0.21735888 -0.19070118
  -1.30771889  0.30772773  0.88565338  0.5621467   0.62739225 -1.15800553
   1.84657113  2.22911554  1.44529114  2.06968884 -1.26181895 -0.11860556
  -0.73069771  0.95718116  0.22860994 -1.13822658 -1.1718234  -0.08420779
   0.4167667  -2.83941237 -0.61078996  0.09742109  0.9435455   0.94355884
   1.43658776 -0.49805337  1.00727778  2.31498453 -0.46360111 -1.7473299
  -0.22262332 -0.20337004 -0.90527663 -2.51027336  1.06838108 -0.35877339
  -0.77742334  0.68105223  0.00542219  0.15947109 -0.79379666  1.32692448
   1.39396999 -0.1691044   0.55754337  1.70800218  2.02254558 -2.37336001
   1.09691003  0.52078326  0.39654891 -0.95960887  1.36595549 -0.13441557
  -0.40045777 -2.23259658  1.51753002  1.26593892  0.32077553  1.70777114
   1.11318446  1.29969107  1.19742339 -0.73476327  2.80137899 -2.32467445
  -0.56256329 -1.14779668 -0.49739999 -0.08850111  0.01394559  2.39920778
   0.34668557  0.21794337  1.0230389   0.67172339 -1.23021112 -0.85598218
   0.64267778  0.22707001 -0.7080977   1.22477219  1.40048447 -0.59535999
  -2.62557658  2.38633879 -2.21497997  2.17581881  2.84740445  0.14594673
  -0.44789106  1.96262556 -0.52954225  0.7146911   0.98977888  0.59619111
   1.72779897  1.15919883  0.71237333  0.77218996  0.42659447 -0.08137557
   0.00959224 -0.18299887]]