[[-0.11460506  0.97689479 -0.1815485   0.74380575  0.90888343 -0.07274906
   0.90686163  0.09999095 -1.33480014  0.7363948   0.32478959  2.30778602
  -0.81681356 -2.0020085  -0.18685397  0.24017219 -1.14611301 -0.26275056
  -1.56057807  1.71697287  0.07581479  2.29696193 -0.25177603 -0.0477952
  -0.64495863 -0.45568     0.82536629  2.30681948 -0.71343247 -0.95158836
   0.26061262 -0.47479712 -0.53510712  0.30724329  2.54582657  1.69894233
  -1.22361082  0.35308904 -1.62014644  0.38695739 -2.27586369 -0.79716027
   1.77350575 -0.48695439  0.90108327  1.20627835 -0.91231549 -0.48698739
   0.5568878   1.01753726  0.40012685  0.26054889  0.1437667   0.95507712
  -1.12720055  0.90828233 -0.41850561  0.15424973  1.17776518  1.16840615
   0.17152397  1.19621468  0.39200589 -1.43405165  0.90376491  0.72677301
   0.48359056  0.97260261  0.7933289  -0.40709068  1.4158452  -1.05824055
   0.40551548  1.33828246 -1.44497508  0.95452166  1.51371342  0.20268521
  -1.52033999 -0.31059013 -0.45122383 -0.95094288 -0.80920835 -1.12475754
   0.76377178  2.44354503 -1.26485948  0.24452124  1.036217    1.28800793
   1.05420766  0.5140637   1.00901478  0.09364301  0.48690727 -0.2557574
  -0.27469603 -0.55238492 -0.06252041  0.97920629  1.04903917 -1.40603493
   1.76999698  0.90960506  0.80232273  0.76001645 -0.53796056  0.02773644
  -1.21814698  2.13690685 -0.04204985 -1.4462896  -1.43040533  0.88580301
   0.21015875 -1.94659643  0.63366135  0.61335041  0.11165288  0.47877288
   1.22140658 -1.53914     1.31876124  2.04933806 -0.7837141  -2.80861806
  -1.08192628 -0.59871192 -0.18119027 -1.17461999  0.81156861 -1.04559904
  -1.16900002  0.52375823 -0.11627974  0.33321274 -0.44202563  1.24069602
   1.43499205  0.21069287  0.21376521  1.14611987  1.00201561 -1.41921368
   1.36021303 -0.60006589  0.35357    -1.69112164  1.70738095  0.21257425
  -0.48161056 -0.7554685   0.9387137   0.51389973  0.25603411  0.32795329
   1.05097615  1.41228355  1.1799296  -0.44989221  1.5207737  -1.97348807
  -0.53849013 -0.38940466  0.17710781  0.3357641   0.79566056  2.67736313
  -0.89100274  0.44523632  0.33856316  1.04069369 -0.84381932 -1.04459234
   0.35769617 -0.00688862  0.02184369  0.7410589   1.04839576 -0.26238507
  -2.19474848  1.38729027 -0.52120699  1.16457659  2.95958371  0.57387
  -0.73667782  1.45518452  0.18274027 -0.44408096  1.57869742 -0.10439837
   1.46012631  0.66421314  1.62384862 -0.09491698  0.391613    0.32158466
  -0.56373506 -0.24307383]]