[-4.05626059e-01  9.29682076e-01  2.45101929e-01  9.77046013e-01
  1.13450006e-01  1.26733974e-01  1.15423203e+00  1.32706404e+00
 -2.52589202e+00  1.12517798e+00 -3.84793291e-03  1.97176802e+00
 -7.28034019e-01 -1.69794202e+00 -7.85921991e-01  7.02454031e-01
 -1.17547810e+00  1.62597013e+00 -1.08933997e+00  8.03074062e-01
  2.92313963e-01  3.67234993e+00  4.67702001e-01  1.08015800e+00
 -1.39633811e+00 -1.41292596e+00 -6.12779915e-01  3.31040001e+00
 -1.21599197e+00 -1.56694794e+00  7.03032017e-01 -1.19989395e+00
 -1.03769183e+00  4.44947958e-01  1.99844396e+00  2.36324191e+00
  4.36935991e-01  1.69241405e+00 -3.45347023e+00 -2.35474035e-01
 -3.41550398e+00 -1.96319985e+00  9.27031994e-01  3.27649981e-01
  3.89632016e-01  6.81306005e-01 -5.15712023e-01 -5.79796016e-01
 -8.77330005e-01  1.52479976e-01  1.62495780e+00  1.94777393e+00
 -4.84190077e-01  2.24028397e+00 -3.34392101e-01  1.87230802e+00
 -9.07720104e-02 -9.09259766e-02  1.43673801e+00  1.31429791e+00
  3.97015989e-01  5.96922040e-01 -1.18408799e+00 -1.60619807e+00
  2.01806593e+00  2.10120007e-01  2.95806020e-01 -1.18509996e+00
  1.05881202e+00  7.65452027e-01  3.20721197e+00  5.50513983e-01
 -2.80135989e-01  7.91595995e-01 -6.89815998e-01  2.92825198e+00
  4.20264006e-01  1.93594801e+00 -1.55742395e+00 -8.57520103e-01
 -7.69842029e-01 -1.71565592e+00 -1.70396006e+00 -1.40528798e+00
 -2.82562017e-01  2.96718788e+00 -2.47260404e+00  6.04609966e-01
 -3.15337986e-01  2.09736800e+00  1.69802403e+00 -9.27179933e-01
  1.01125789e+00 -1.87897587e+00 -4.41867977e-01 -1.26452410e+00
  5.21582007e-01 -2.71159792e+00 -2.88199991e-01  2.15364408e+00
  2.22637966e-01 -1.88848376e+00  8.64338040e-01  3.60685802e+00
  7.31900111e-02 -8.09360966e-02 -1.56330800e+00  2.05049396e+00
 -3.13153219e+00  2.90231180e+00 -1.33288014e+00 -2.98320007e+00
 -2.30667782e+00  1.49650407e+00  1.96391606e+00 -1.87168789e+00
  1.80898798e+00  4.69980128e-02  7.23352015e-01 -5.52974045e-01
  1.77822804e+00 -1.39343596e+00  1.87858987e+00  2.93117595e+00
 -1.86598587e+00 -1.22345805e+00 -1.89186406e+00 -7.27397978e-01
  2.34346002e-01 -1.07455409e+00  1.62106586e+00 -1.01773798e+00
 -2.15057802e+00  1.81910193e+00 -2.47130632e+00  1.04553592e+00
 -6.12123966e-01  1.92888391e+00  2.96477389e+00 -5.52558064e-01
 -1.95340800e+00  2.82672381e+00 -3.18538010e-01 -2.03963423e+00
  1.48828197e+00  1.05599403e+00 -4.01122004e-01 -1.65318418e+00
  9.37958062e-01  1.53672397e+00 -1.20222211e+00 -5.38375974e-01
  1.85151005e+00  1.71072006e+00  5.03343999e-01 -3.51761997e-01
  1.60142004e-01  1.52255607e+00  7.00343966e-01 -2.02936602e+00
  3.09071207e+00 -3.01379204e+00  3.83920670e-02 -2.92755991e-01
 -2.75915951e-01 -4.06011999e-01  3.59874010e-01  3.93716383e+00
 -5.13033986e-01  1.08510005e+00  1.39300004e-01 -3.81303966e-01
 -2.39154601e+00 -9.24220085e-01  2.70375967e+00 -8.68045986e-01
 -7.14197150e-03  8.31793964e-01  3.11309195e+00 -4.60033894e-01
 -3.45708585e+00  2.61710596e+00 -8.64153981e-01  8.41515899e-01
  4.00382566e+00 -7.42607951e-01 -8.17482114e-01  1.18675005e+00
  1.19270003e+00 -5.20521998e-01  2.82972789e+00  1.21782613e+00
  3.04039621e+00  8.13939944e-02  2.31794620e+00  1.72444987e+00
  8.44858050e-01  1.64339411e+00 -9.47881997e-01 -1.19092405e+00]