[[-0.54691208  0.10105205 -0.67038793  1.06763764  1.25884548 -0.57528925
   1.00683725  0.16020657 -1.76058035 -0.24993414  0.52958793  2.17359266
  -0.76727553 -2.34700879  0.80627901  0.01338693 -0.69229896 -0.10457169
  -1.56655235  1.21686896 -0.12970614  2.29156547 -0.8346148   0.44797584
  -1.06574168 -0.94456443  1.10020069  2.38891035  0.76965868 -1.20198996
   0.69263104 -0.07268895 -1.1234365   0.34431274  2.97571449  1.44496069
  -1.13517442  0.43881894 -1.66775723  0.23675483 -1.7782285   0.05150067
   1.9297725  -1.19693866  1.14726136  1.29180162 -0.86744447 -0.46050726
  -0.25141481  0.72076624  0.78087761 -0.10889035  0.80504584  1.51962965
  -1.06757454  1.57847593 -0.40898889  0.25472484  1.56169691  1.73655291
  -0.45434172  0.9407193   0.35115653 -0.827838    0.32409104  0.71033237
   0.4470376   1.35474066 -0.16579864 -0.35248241  1.3830217  -1.35358557
   0.90950138  1.509513   -1.09894764  1.58381335  1.49216142 -0.51936826
  -1.77106068 -1.01109135 -0.67763068 -0.7523455  -0.48033036 -0.60447719
   0.71218926  2.63032757 -0.65665173  0.52886138  0.70754241  0.5436786
   1.21527965 -0.45973589  0.33109001  0.22137828  0.46308414 -0.60523554
  -0.96431325 -0.64032443  0.58214517  0.74809722  0.7923497  -1.66834074
   2.03068646  0.91543662  0.49576582  0.40130101 -0.40566035  0.35867138
  -2.32716419  2.15645695  0.37363514 -1.08697072 -1.64924074  0.60217246
   1.06039206 -2.06624587  0.49326305  0.75707343  0.57458789 -0.20493478
   1.77975338 -0.82105592  1.38674388  1.97117604 -0.38647037 -1.84685925
  -1.19942344 -0.14874759 -0.15300037 -1.67064751  0.43090691 -0.97337006
  -0.90814442  0.79861723 -0.30424793  0.11518516 -0.4154097   1.21695579
   1.65218937 -0.1670138  -0.01202003  0.9224969   0.06129861 -1.42172894
   1.0932694  -0.62789999  0.86526829 -1.46474385  1.18295441  0.57635864
  -0.26708207 -1.01172827  1.03860827  0.84637179  0.03714828  0.61794314
   1.62158073  1.74153404  1.12325212 -0.22277763  1.82662197 -1.63584056
  -0.91514652 -0.04496067 -0.0206376   0.42640552  0.22065     3.30992417
  -1.26416101  0.96303175  0.47201277  1.40891755 -1.2913938  -0.78540757
   0.74318034 -0.18317689 -0.77499897  1.30602211  0.6313734   0.20552654
  -1.91241841  1.79666593 -0.91922029  2.24519554  3.15350519  0.22185897
  -1.06395687  0.776101    0.05153347 -0.33933794  1.5259835   0.30696413
   1.39874421  1.19027081  1.09140933 -0.3693086   0.01563518  0.19116067
  -0.22894171  0.37944654]]