[-1.4259665e-01  3.2397667e-01 -2.6140332e-01  2.9455700e+00
  1.2172034e+00 -9.7212332e-01  8.0828333e-01  1.8267399e+00
 -1.0225333e+00  1.1200633e+00  1.1497500e+00  3.6313164e+00
  5.3967333e-01 -1.8488666e+00  1.0944866e+00 -1.4021168e+00
 -9.1350001e-01  1.1377434e+00  1.8202674e-01  3.7078333e-01
  8.1709331e-01  3.0493367e+00 -1.4542898e+00  1.7660502e+00
 -1.8937367e+00  1.6643467e+00 -2.6892834e+00  4.0618863e+00
 -9.2735672e-01 -1.4549567e+00  1.1970900e+00 -2.7084999e+00
 -1.5450467e+00  7.0049000e-01  9.5622319e-01  2.2824433e+00
 -1.0068668e+00  7.0666665e-01 -8.2198334e-01  1.5583500e+00
 -3.9327266e+00 -1.9648733e+00  1.0611100e+00 -3.3144331e-01
  1.8170466e+00  1.5126101e+00 -5.2933294e-02 -6.4780004e-02
 -3.3500392e-03  9.0796995e-01  4.0429327e-01  1.0008999e+00
 -8.4095329e-01  2.8587132e+00 -1.5457734e+00  1.2471533e+00
 -1.2441100e+00  3.2737660e-01  7.5520658e-01  4.3222666e-01
 -2.7454334e-01  1.3987732e+00 -1.7830499e+00 -1.1472501e+00
  1.8087701e+00  3.9839983e-02  9.6226662e-01  4.7336003e-01
  1.8936367e+00  1.3624433e+00  1.5173401e+00  1.5381833e+00
 -2.6901340e-01  1.2493399e+00 -1.6927301e+00  2.5110066e+00
 -1.9686003e-01 -9.1596603e-02  1.0358033e+00 -1.8295866e+00
  2.3100667e-01 -1.9855337e-01 -5.3075004e-01 -3.1416233e+00
  5.5536002e-01  2.9096534e+00 -1.2501767e+00 -4.6662000e-01
 -1.3051400e+00  3.5525003e-01  1.7154766e+00  7.0115334e-01
  8.0506665e-01  2.8261931e+00 -4.5407000e-01  3.9671659e-01
  8.8940668e-01 -9.7822666e-01  1.6688566e+00 -8.1002665e-01
 -4.2695332e-01 -8.5062331e-01  2.7172699e+00  1.5330600e+00
  1.5037433e+00  2.6761675e-01 -1.3114800e+00 -5.9649989e-02
 -2.1367400e+00  3.9198697e+00 -2.3086667e-01 -1.4900566e+00
 -1.4146866e+00 -4.2485666e-01  1.0157133e+00 -2.8048832e+00
  2.0855167e+00  8.5736006e-01  1.6357332e+00 -2.0681100e+00
  2.9699335e+00 -2.4007733e+00  1.4989400e+00  1.7866167e+00
 -2.9877536e+00 -2.6239700e+00 -3.3444269e+00  1.8769979e-02
  3.3031997e-01 -2.0114868e+00  7.1577662e-01  5.6059664e-01
 -2.3408699e+00  1.7716767e+00  3.1332400e+00  1.5580601e+00
 -1.8077666e+00  2.8920326e-01  2.9249732e+00 -7.4631333e-01
 -2.4481666e-01  1.9642900e+00 -8.3935004e-01 -5.5190701e+00
 -2.3647134e+00 -4.6574342e-01 -7.1308333e-01 -3.1677002e-01
  4.1986001e-01 -4.1624665e-01 -2.8977935e+00 -3.0425234e+00
  7.8517342e-01  6.4773667e-01  1.6233667e+00  3.5260036e+00
  1.6842133e+00 -1.7982801e+00  1.5147433e+00 -6.8229002e-01
  5.2444034e+00 -2.0313034e+00 -1.1373767e+00 -1.2190533e+00
 -9.1959667e-01  4.2952672e-01 -1.8995301e+00  4.6407466e+00
 -5.8115995e-01  6.1704665e-01  1.5773968e+00  6.6246636e-02
 -9.8880345e-01 -7.6740330e-01  2.5577266e+00  3.4970665e-01
  5.9692329e-01  1.5626866e+00  3.2893436e+00  9.0782326e-01
 -1.6289301e+00 -1.1466467e+00  1.8549331e-01  2.1351502e+00
  2.8355398e+00 -1.6853299e+00  1.1736332e+00  3.9486465e+00
  9.9198991e-01 -3.7493002e-01  1.5106567e+00  3.2343433e+00
  1.4014801e+00  7.7027994e-01  8.2309991e-01  3.6211634e+00
  1.6794065e+00  8.9532661e-01 -1.2340500e+00  7.9137653e-01]