[-5.82498491e-01 -4.33638282e-02 -2.44048491e-01  1.22215390e+00
  1.38659990e+00  4.18831557e-01  2.19273910e-01  2.48710811e-01
 -2.30264997e+00  1.04053132e-01  1.82937697e-01  1.82772231e+00
  3.98566902e-01 -1.37152219e+00 -7.64161423e-02  1.87649220e-01
 -7.53080726e-01 -1.35146141e-01 -1.68900764e+00  1.25806785e+00
  1.34083107e-01  1.91363609e+00 -1.10987163e+00  1.16437006e+00
 -5.69360793e-01 -4.46103096e-01  8.86383891e-01  2.53254914e+00
 -2.97200024e-01 -1.41727006e+00  1.41334081e+00 -7.87209213e-01
 -6.91033125e-01  3.01735371e-01  1.79697227e+00  1.12792313e+00
 -6.15878403e-01  3.38733852e-01 -1.84930396e+00  8.61432314e-01
 -1.19657779e+00 -4.09729272e-01  1.97142994e+00 -9.85866129e-01
  1.02241313e+00  9.70706880e-01  2.13593826e-01 -2.90041566e-01
  2.21224636e-01 -4.01446261e-02  6.97396874e-01  5.15767694e-01
 -6.04530834e-02  1.62445152e+00 -1.25880075e+00  9.31410849e-01
  8.33760023e-01  1.16986156e-01  1.43048012e+00  1.14247406e+00
 -5.45337021e-01  7.85179198e-01 -5.00284880e-02 -3.35330784e-01
  1.05321932e+00 -4.77401555e-01  2.79382288e-01  7.88303077e-01
  1.04110992e+00  1.39153868e-01  1.06942391e+00 -1.32788086e+00
  7.94430733e-01  1.09567440e+00 -1.27053761e+00  8.76630843e-01
  1.52275765e+00  9.06825364e-01 -1.57015696e-02 -6.58976853e-01
 -1.24455070e+00 -1.23989224e+00 -2.41426915e-01 -1.19983757e+00
  7.01043069e-01  2.18580389e+00 -1.43554139e+00  1.25853157e+00
  3.37607682e-01  4.59662318e-01  5.08645415e-01  1.35919243e-01
  5.74539244e-01  7.57407725e-01  1.90272316e-01 -2.82456905e-01
 -1.39852381e+00 -9.46095407e-01  2.12766871e-01 -9.08041537e-01
  9.11107659e-01 -1.13232243e+00  2.19865084e+00  1.74487948e+00
  1.48170996e+00  7.17449188e-01 -3.26376893e-02 -2.47364625e-01
 -7.68689156e-01  1.64589143e+00 -1.44699905e-02 -1.11009085e+00
 -1.62488770e+00  1.29720378e+00  9.32170749e-01 -2.96283484e+00
  5.66822290e-01  3.18615407e-01  1.08577764e+00 -3.06493074e-01
  1.20287693e+00 -1.21878076e+00  1.46467388e+00  1.59577227e+00
 -1.32745469e+00 -1.36879754e+00 -1.18267620e+00  2.67844927e-03
 -7.71633863e-01 -1.42954624e+00  6.57848477e-01 -1.44700611e+00
 -6.14159167e-01  2.19529226e-01 -8.86020780e-01 -5.83872378e-01
 -3.75533849e-01  3.58143061e-01  2.01573014e+00 -4.02771592e-01
  4.18119222e-01  1.67011142e+00  7.39443064e-01 -1.45127463e+00
  1.13193536e+00 -1.68492317e-01  5.86261570e-01 -1.90950227e+00
  7.92760730e-01  6.34710729e-01 -7.54532218e-01 -1.03284001e+00
  1.29059088e+00  8.26816857e-01  3.79275382e-01  1.16367543e+00
  1.80932307e+00  8.61519277e-01  1.16365314e+00 -7.48812377e-01
  2.33850908e+00 -2.01213479e+00 -1.57563078e+00 -6.34121537e-01
 -7.40433812e-01  4.48339969e-01  8.94130915e-02  2.79283309e+00
 -1.01062000e+00  3.68929982e-01  1.30124998e+00  1.15644217e+00
 -7.79517710e-01 -6.07563853e-01  1.78508544e+00  2.62952298e-01
 -2.26188436e-01  1.56479216e+00  1.23904681e+00 -4.18345422e-01
 -1.81751323e+00  1.91859376e+00  4.41790760e-01  1.92876899e+00
  2.23540401e+00 -4.48441505e-01  3.81885380e-01  7.17101514e-01
 -3.27643812e-01 -1.33463070e-01  1.65952158e+00  8.52615386e-02
  1.69137633e+00  1.23363245e+00  6.94600821e-01 -2.50373811e-01
  1.90272301e-01  2.54543871e-01  3.21970016e-01 -9.53805327e-01]