[-0.7314375   1.0373585  -0.22184026  0.8608833   1.2795839   0.07516671
  0.6618474   0.12590744 -2.1659029   0.3852577   0.0289979   2.465677
 -0.7310655  -2.7325306   0.5384289   0.02226627 -0.85876137 -0.22329645
 -1.3732166   1.3807755   0.32672653  2.5745757  -1.014236   -0.3560772
 -0.8547865  -0.7366477   0.59043646  2.9742308  -0.33763206 -0.980215
  0.84220195 -0.966212   -0.83405507  0.8215388   2.5851395   2.043027
 -1.2229621  -0.1556356  -2.5683715   0.53088623 -2.3544774  -1.747755
  2.2368577  -0.3543421   1.451582    1.2671356  -0.61689717 -0.31402552
 -0.3599763   0.98304534  0.13377954  0.9415647  -0.30764857  1.9143807
 -0.8737103   1.3904929  -0.2837477   0.14967242  1.2867271   1.196966
 -0.49636838  1.4687248   0.10164139 -1.8584275   0.7576336   1.073577
 -0.0517567   1.4249184   1.3458157   0.22114071  1.8800172  -0.90014887
  0.81637645  1.295864   -0.90107745  1.0728841   1.3376389   0.5346016
 -1.1978605  -0.56479603 -0.12749162 -0.7722228  -0.7269518  -1.6843742
  0.87348723  3.2849143  -1.4760619   0.8844265   0.8463458   1.1755855
  0.9847484   0.2311758   1.2678399  -0.17165346  0.15598907 -0.79674155
 -0.07298906 -0.6235162  -0.1962737   1.3266236   0.8380937  -1.5194949
  2.2110696   1.3525909   1.1662663   1.2429855  -1.0569971   0.18524954
 -1.3591133   2.0080473  -0.05527749 -1.6114691  -1.580982    0.8381408
  0.09824908 -2.3792264   1.484461    0.62391984  0.22641397  0.01298646
  1.49107    -1.6203239   2.0408857   2.6047914  -1.6512048  -2.9553704
 -1.0609183  -0.56306344  1.0687714  -1.8903757   0.5097074  -1.278762
 -1.476304    0.60559237 -0.07002559  0.725673   -0.39207488  1.5417033
  1.4871899   0.591985   -0.11254115  1.4310703   0.7411994  -2.2691357
  1.4505274  -0.29259023  0.2803105  -1.6304495   1.2665823   0.11698998
 -0.9395422  -1.2839288   1.0694379   1.2014726   0.51169527  0.6612052
  1.3941575   1.7083969   1.4921426  -0.6401341   2.791211   -2.035481
 -0.78532594 -0.64859885  0.14706908  0.35633606  0.29470536  3.7308364
 -0.60762256  0.8706442   0.31681255  1.4514424  -0.9750335  -1.109671
  0.6474318  -0.06917673 -0.81489277  1.4180936   1.5503452   0.12769233
 -2.497916    1.3251948  -0.29175302  1.8133923   3.473388    0.7889587
 -0.70987016  1.1619722   0.3822954  -0.05411278  1.6157333   0.31623557
  2.2665873   1.1598566   1.3793118   0.7519228   0.56869084  0.76372015
 -0.32861435 -0.2019621 ]