[[-0.55165126  0.6429086   0.21785966  0.38535197  1.38193211  0.32954948
   0.63563071  0.02778286 -1.97930547  0.51287639  0.61940161  2.3165831
  -0.70605322 -2.32390709  0.52011781 -0.36338999 -1.07165037 -0.73949413
  -1.40582458  1.52282337 -0.43055857  2.81511013 -0.86808625  0.12096467
  -0.68473234 -0.51349037  0.95571559  1.9269428  -0.18540038 -0.87386893
   0.51299911 -0.71236054 -1.12332296  0.29241107  2.98920447  1.77467891
  -1.38874791  0.20840912 -1.35638643  0.25229573 -2.318123   -0.81554962
   1.62633118 -1.11683729  1.4796704   1.64931909 -0.84039465 -0.7294211
   0.0205493   1.14707235  0.12234323  0.18040586  0.06984299  1.88462463
  -1.01377932  1.25499995 -0.23098448  0.67660503  0.83884248  1.37953045
  -0.72773611  1.13128645  0.19432089 -1.5871248   0.90393641  0.37741732
   0.61078823  1.03214969  0.83018199  0.13988553  1.42358099 -1.09892283
   0.87131431  1.21458502 -1.34384458  0.94387267  1.52050713  0.12923037
  -1.33610111 -0.2110407   0.05826644 -0.91509519 -0.41529517 -1.25825282
   0.67552088  2.22835486 -0.99051276  1.32514749  0.78544138  0.89864057
   0.82094874  0.18819661  0.9651144   0.11869326  0.07518197 -0.39314233
  -0.48407306 -0.70251193 -1.0044586   0.35806306  1.05582681 -1.7504258
   2.49994034  0.87964447  1.11569532  1.10120642 -0.19032965  0.26781144
  -1.42667632  1.69741495  0.28785676 -1.24619568 -1.49244283  0.65949093
   0.7886475  -1.84115731  0.89795106  0.39003588  0.52239843  0.32951608
   1.55243301 -1.36019274  1.72122482  1.61366911 -1.7008182  -2.0455347
  -1.06607675  0.01680337  0.09978214 -1.19655365  0.68737182 -2.21229044
  -1.37353627  0.6136768   0.1134984   0.86800085 -0.83982056  1.12668138
   1.3088218   0.1750014   0.43401055  1.51546058  0.76612484 -1.26044736
   1.32142333 -0.79331982  0.83982816 -1.82257217  1.20270264  0.03759266
  -0.89067827 -0.91531713  0.8825575   0.75531324 -0.17226231  0.41913611
   1.25418381  1.85349018  1.72577768 -0.51165235  2.40476666 -1.64068997
  -0.77276305 -0.79714477 -0.29190211 -0.22336319  0.13438963  3.27492745
  -1.33943972  0.76901268  0.73037979  1.30137088 -0.46002911 -1.38866703
   0.42484643 -0.03593802 -0.24128247  0.91535802  0.18744091 -0.2871475
  -2.08129421  1.80943462 -0.45741304  1.88006639  2.68746517  0.61286753
  -0.12720035  0.98243692  0.46831176 -0.42865821  1.42862365  0.35267573
   1.68419104  1.04892195  1.68573692  0.25900915  0.93614051  0.36480128
  -0.66231218 -0.22975587]]