[[-4.90801984e-01  7.69982012e-01  3.26999998e-01  6.91539985e-01
   1.18226001e+00 -3.41038971e-01  7.28728020e-01 -1.03110999e+00
  -2.48316295e+00  1.99764017e-01  6.23640019e-01  2.24450701e+00
  -5.97570014e-01 -3.05750706e+00  5.17459005e-01 -8.49065031e-01
  -6.11222999e-01  3.65197968e-01 -1.44322599e+00  1.93987100e+00
  -2.29758000e-01  3.13895103e+00 -1.22356396e+00 -1.78261995e-01
  -3.34201008e-03 -1.23860102e+00  1.76649985e-01  2.55160205e+00
  -5.96583015e-01 -8.40044004e-01  2.87506975e-01 -6.59450987e-01
  -5.11770988e-01 -2.43106005e-01  3.10737801e+00  1.66533494e+00
  -1.03086295e+00  5.51274014e-01 -1.26669192e+00  6.05872023e-01
  -2.59595094e+00 -5.05403003e-01  2.51670904e+00 -2.30341986e-01
   5.33462983e-01  1.63368306e+00 -9.05124021e-01 -2.45618001e-01
   7.96070000e-02  7.43521988e-01 -3.28325975e-01  1.12079500e+00
  -5.46419979e-01  1.81919499e+00 -1.00895700e+00  1.47102700e+00
  -5.70574981e-01  6.13249010e-01  4.89379010e-01  2.36964794e+00
  -5.23185009e-01  1.34057802e+00  6.07967988e-01 -1.03664603e+00
   5.54648975e-01  4.72030019e-01  1.28342792e+00  5.79857004e-01
   1.24183301e+00 -2.74988978e-01  1.23631999e+00 -2.33289201e+00
   1.22463296e+00  1.67825397e+00 -2.03786105e+00  1.77273200e+00
   2.17457596e+00  3.04100017e-01 -1.80308506e+00 -7.83551022e-01
  -3.13613017e-01 -1.89150306e+00  2.34035982e-01 -1.12514000e+00
   1.33714696e+00  2.45843101e+00  3.30573028e-01  1.13190902e+00
   1.02121003e+00  4.15783988e-01  7.87869853e-02  6.27869008e-01
   3.48720986e-01 -5.91423962e-01  3.62173015e-01 -7.44584054e-01
  -1.75045203e+00 -1.70341999e+00  6.36546993e-01  1.46290031e-01
   1.33407000e+00 -2.17309408e+00  2.57755594e+00  1.48211895e+00
   1.79846895e+00  1.82871405e+00  2.67356999e-01  4.72663999e-01
  -2.74071399e+00  1.43597896e+00  2.39611012e-01 -1.29199700e+00
  -2.54241897e+00  1.18036038e-01  5.13801986e-01 -2.30776390e+00
   5.71946943e-01 -6.69378988e-01 -2.28377004e-01  7.42370367e-02
   1.24440401e+00 -2.48734899e+00  2.08153492e+00  1.90455802e+00
  -9.51025015e-01 -2.74787903e+00 -1.63473998e+00 -5.51179994e-01
  -3.16494006e-01 -1.66163094e+00  8.52200016e-01 -2.03041205e+00
   3.60387005e-01  3.93625981e-01 -1.27076603e+00  5.20171010e-01
  -4.53714992e-01  1.80065094e+00  8.11860001e-01  7.05176014e-01
  -2.99682012e-01  1.79457604e+00  8.15332967e-01 -1.03450509e+00
   2.05423214e+00 -4.43147999e-01 -3.06049824e-02 -1.53508806e+00
   1.62551896e+00 -6.02334976e-01  6.48029971e-01 -5.68861996e-01
   1.19234299e+00  3.73142028e-01 -5.71250062e-01  3.64251000e-01
   3.11097997e-01  2.96286397e+00  9.98755991e-01 -6.67507014e-01
   3.34649098e+00 -2.44557501e+00 -1.78583004e+00 -1.20054801e+00
   1.56162964e-01 -3.00639975e-01  6.31361975e-01  3.00583701e+00
  -4.94085003e-01 -9.54102278e-03  3.28071967e-01  6.64571011e-01
  -7.47094008e-01 -1.06970707e+00 -8.11080217e-02 -1.48456988e-01
  -2.30097008e-01  1.00981001e+00  5.60382944e-01  8.17599833e-02
  -3.15920906e+00  1.71801103e+00 -9.79072011e-01  1.51240498e+00
   2.72718506e+00  5.05507013e-01  2.20780993e-01  5.47973007e-01
   7.30214000e-01 -2.85760029e-01  1.69531305e+00  3.88390011e-01
   1.55946302e+00  4.85301962e-01  1.51416897e+00  1.51227963e-01
  -4.58588004e-01  1.01633796e+00 -5.00906986e-01 -4.61091007e-01]]