[-0.8569689   0.6356366   0.13837443  0.6200789   0.73137885 -0.43923113
  2.3189034   2.3809123  -3.030471    0.03335006  0.6450067   2.311209
  0.63001335 -0.3748755   0.09424666 -1.1574246  -1.0490178   0.13691221
 -1.9465822   2.1224144   1.3046944   2.3043966  -0.7936256   1.1162189
 -0.87432444 -1.2965512   0.5712278   2.0864592  -0.22067891 -2.9912312
  1.4830456  -0.42341778 -0.3866333  -1.144509    2.6072445   0.5685056
 -1.9777701   1.4634045  -1.9482967   0.9591255  -1.481461   -0.4747211
  0.49146667 -2.6090899   2.6328757   0.81078887 -1.2788067  -0.8456923
 -1.079681    0.95195454  1.4639144   0.5035245   1.79884     2.4890244
 -0.04796446  1.4785833  -0.19494554 -0.44825998  1.4796112   1.1155044
  0.26436555  2.0867422   0.9184088  -0.92618996 -0.41108888  1.8072889
 -1.5217366   1.1790577   1.3227334  -0.13647     1.8537011  -1.0801357
 -0.27348006  0.99268997 -1.0653856   1.0943811   1.9074432  -0.38328218
 -1.7967699  -1.7330501  -1.8127923  -0.5705089  -1.9603587  -3.0631075
 -1.2064011   3.6804423  -1.6415867   0.13030666 -0.05010888  1.1968023
  1.3688388   0.69685787  0.4463422   0.09666882  0.7880811   1.12529
 -1.1957545  -0.60367894  1.739511    0.9758689   1.9663024  -1.9455365
  1.5114012   0.64679676 -0.7444933  -1.067311   -0.48220444  0.07839884
 -2.4889956   0.94834125  0.9984489  -1.3434556  -1.7860609  -0.9179156
  1.7212766  -4.8446865   0.6338977   1.5148233  -0.6196656  -0.22348997
  3.4742634  -0.88242996  2.446891    1.4135889  -0.01151669 -3.7018378
 -1.8638946   0.46104443 -0.38933775 -3.2567391   0.7974999  -1.0626979
 -0.7001011   1.0328734  -0.65785223 -0.6058711  -0.98552567  0.3236678
  1.2430189   0.8710311   1.3649644   1.4688323   0.27490112 -2.942969
  0.71555    -0.33355004  0.7653167   0.08676998 -0.22068664  0.16213997
 -0.8982612  -0.60891     1.0439401   1.4206412   0.01178663  0.70522773
  3.33806     0.74951774  1.2410733  -1.4071434   1.5751567  -4.0203757
 -1.1339734  -0.37730888 -0.9333012  -0.62999225  1.427989    2.7876444
 -2.1500335   0.775269    0.32924888  1.82554    -1.7963066  -1.2048033
 -0.30760893  0.22579111 -0.83034676  0.2787722   1.399721    0.23520337
 -2.209668    2.26707    -1.5999901   3.513568    3.6988924   0.7531978
 -0.8690188   1.08652    -0.21549116  0.1462422   1.90134    -1.1943667
  1.5084345   1.67482     2.8163576  -0.45900673  0.2762189   1.4638078
  0.26469663 -0.6965267 ]