[-0.5420967   0.8580525  -0.30785584  1.2754108   2.1732183  -0.16395411
  1.2721858  -0.40456665 -2.03154     0.33807918  0.03957663  3.0920858
 -0.6411175  -2.2874     -0.5125333   0.1652233  -1.5789942  -0.3833033
 -1.178105    1.5793667   0.34886828  1.8160967  -1.3408526   0.09481166
 -0.3762692  -0.93230087  1.4514942   2.9030335  -0.2702825  -0.5670375
  0.77494913 -0.65487415 -1.2704233  -0.49991414  3.4880674   2.0900383
 -2.2778766   0.2516525  -2.0074415  -0.30646667 -1.2470992  -0.28533423
  2.2885592  -1.1745524   1.3700248   2.4393241  -1.0736841  -0.95665747
 -0.18898912  0.9132808   1.0982925  -0.7189183   0.3885366   1.01273
 -1.6868725   2.5385442  -0.43618998 -0.92987674  1.3695126   2.8580415
 -0.42775917  1.3924551   0.24443573 -1.075545    0.14590329  0.79408836
  0.19044417  1.3862891   1.31416    -0.19560583  2.105275   -1.9143534
  0.81784844  2.1717339  -1.5814384   1.8298025   2.4004552   1.1049284
 -1.1708292   1.1499683  -0.0793425  -1.0409509  -1.1858134  -1.523796
  1.3267416   3.304144   -1.9762849   1.0209941   1.2458541   0.6813876
  0.24587421  0.61001253  0.7769808   1.1063851   0.21859747 -1.20476
 -1.1645675  -0.46315503 -0.44580328  1.5230832   0.7765167  -2.9871051
  2.177006    0.45960498  1.3797866   0.46207583  0.29228333  0.5073759
 -2.2992067   2.5796409   0.29901996 -2.1827     -1.0646634   1.2604966
  0.6948791  -2.692406    0.68053746  1.539835   -0.02968497  0.48299587
  0.87130743 -2.1407616   1.9053383   2.2908802  -0.34853247 -2.8323877
 -2.3167367  -0.50171334 -0.3226458  -1.5269793   1.4090983  -1.9300569
 -0.8322649   0.73014504 -1.2954692   0.38272247 -0.74643916  1.594201
  1.9495867   0.10697167 -0.8006549   0.9038141   0.57982665 -2.7650125
  3.229539   -0.3648692   1.4847676  -2.4142826   2.2648058   0.8929916
 -0.05750169 -1.0564226   1.1441065   0.75456667 -0.15519835  0.42745164
  1.9317983   2.3212132   1.5020684  -0.5097917   2.302809   -2.6030767
 -0.3432467  -0.82036084  0.48130417  0.19217087  0.29144332  3.8585107
 -1.1570842   1.5599008  -0.14450917  0.84262913 -2.0231159  -0.96337503
 -0.12241416 -0.3130225  -0.02085835  0.9608491   1.4626683  -0.4194233
 -1.8644233   0.86784005 -1.1636358   2.1399202   3.2628925   0.2619167
 -0.8968716   1.476544    0.50750583 -0.63270247  1.9448924  -0.24946833
  2.3208206   0.49873745  3.8230317   0.29913995  0.04256999  0.22511502
 -1.66893     0.04987252]