[[-0.50221691  1.12966776 -0.13791573  0.76122014  0.71423817  0.1394787
   0.98097179 -0.22807461 -1.68238572  0.88702114  0.53335786  2.31493284
  -0.7684575  -2.98871356  0.31445037  0.27105685 -0.72982637 -0.11131753
  -1.53518646  1.50985893  0.30985668  2.23041037 -1.12059819 -0.01870295
  -0.36648575 -0.94041693  0.49266262  2.47759416 -1.08766446 -0.4797063
   0.64853459 -0.66093446 -0.73857358  0.51561035  2.65369657  1.97199327
  -1.11320622 -0.01560792 -2.3417587   0.4943052  -1.96270833 -1.49972329
   2.26634503 -0.31884178  1.1728246   1.50375002 -0.63056967 -0.41535046
   0.11494539  0.85753514  0.05617857  0.69983773 -0.51925099  1.43876865
  -0.62905601  1.26903129 -0.61984979  0.02641314  0.21697033  1.40789453
  -0.47261428  0.92980377  0.51193325 -1.59989301  0.59246585  0.64909884
   0.45217424  0.99452807  1.18762528 -0.03383851  1.96634746 -0.84659932
   0.88500188  1.64820686 -1.84985443  1.06086214  1.44494743  0.29592545
  -1.81035133 -0.43379536 -0.35739593 -1.09712266 -0.90222186 -1.09926287
   1.02189496  2.86128899 -1.18770898  0.62706353  0.88346359  0.83646775
   0.58118873  0.63811207  0.93406855  0.19132492  0.14249952 -0.54143453
  -0.59686347 -0.68470464 -0.16090852  0.98945333  1.03944353 -1.53154274
   2.08779067  1.34666273  1.05465804  1.09133123 -0.64181861  0.46603784
  -1.56153847  1.45195309 -0.34863984 -1.920049   -1.47315206  0.36295575
   0.33147162 -2.44688893  0.89609499  0.94017178  0.58545113  0.42698836
   1.52540606 -1.99821193  1.44520697  2.04427242 -1.5844503  -2.21764898
  -1.59350865 -0.70005969  0.14765443 -1.62541958  0.28565099 -1.26614678
  -0.69425113  1.0237296  -0.39935488  0.52998806 -0.46033495  1.25364425
   1.20545156  0.55825879  0.41198014  1.62516874  0.92129106 -1.28887352
   1.2392031  -0.28906491  0.37619604 -1.7509675   1.57958194  0.45848968
  -0.25371447 -0.96827663  0.82355868  0.67356085  0.74448887  0.66648504
   1.05813096  1.75333237  1.5921653  -0.21967787  2.554038   -1.79325865
  -0.68841435 -0.75047686  0.36624272  0.11484658  0.60093292  2.96968327
  -0.69329641  0.70527513  0.39701032  1.3201457  -0.57676408 -1.06840589
   0.55107695  0.40492841  0.31837479  1.25679333  1.48903845 -0.32586083
  -2.12995171  1.42313987 -0.64349628  1.62954356  2.69556853  0.37722919
  -0.53416529  1.18092734  0.22360413 -0.22388838  1.74387012  0.28634366
   1.94683182  0.95002403  1.48049947  0.08599904  0.6505867   0.53946968
  -0.83321551 -0.03472903]]