[[-0.22630843  0.1984803  -0.08942688  0.79785593  0.69189094 -0.38345187
   0.24157438  0.23424971 -1.65796473  0.50225873  0.32859594  2.48659122
  -0.76019093 -2.48865845  0.47499781 -0.34373721 -0.86364499 -0.12711657
  -0.83001281  0.98145314 -0.43293313  2.37706185 -0.65391406 -0.31950499
  -0.71076062 -0.88450782  0.66153721  2.3648825  -0.47973187 -1.00682032
   0.37385563 -0.76439968 -0.88476062  0.3835797   2.17874218  1.62924875
  -1.13994595  0.40796125 -1.47913564  0.16051719 -2.16769845 -1.01429688
   1.72085216 -0.57812811  0.55764533  0.94646345 -0.94092749 -0.43681876
   0.13604124  1.01606624  0.61417562  0.13733218 -0.86488312  1.57085158
  -0.61169812  0.80047937  0.00761749  0.73447158  0.80706875  1.20876873
  -0.41181656  0.98245752  0.25507655 -1.39040034  0.91518623  0.54667907
   0.51782781  0.34944626  0.64560093  0.16015468  1.53232716 -0.81958032
   0.68970093  1.64378406 -1.36656751  0.89279783  0.90215218  0.54687313
  -1.28923408 -0.62472876  0.2966547  -0.20059251 -0.27583562 -1.56120999
   0.26022749  2.30583342 -0.85724219  0.85083374  0.31635157  0.25521501
   0.25016062  0.38170751  0.57310688 -0.45002937 -0.00806595 -0.56908968
  -0.86525065 -0.37579407 -0.09779062  0.12837     1.26187944 -1.94679469
   2.41387595  1.13988811  0.78416469  0.52550718 -0.55837844  0.33477782
  -1.31428345  1.69048685  0.18308811 -0.91872467 -1.24814063  0.37881249
   0.74512689 -1.78316155  0.40953531  0.01951781  0.18149469 -0.11883001
   1.90185221 -1.94655873  1.94593628  0.58153122 -1.6613181  -1.50715125
  -1.19724341 -1.07906252  0.03372937 -1.25422249 -0.23414282 -1.18692749
  -0.84937314  1.19974252  0.50247187  0.76034902 -0.51677781  0.91528719
   1.75748687 -0.11210875  0.04877156  1.54555564  0.62648781 -0.92436314
   0.88669125 -0.80936812 -0.04983813 -2.12325748  1.10371688 -0.19526781
  -0.59707938 -0.88025842  1.37524938  0.75137625  0.31053936  0.22467344
   1.20401969  1.25161346  1.05216813 -0.6818503   2.2349441  -1.40655341
  -0.49361064 -1.07006279 -0.30808717  0.2478744   0.62983812  2.76111059
  -0.82511033  0.7867722   0.30998156  1.40026154 -0.94799346 -1.63330968
   0.83963591  0.16259406  0.04258498  1.51802501  1.61617563  0.01060563
  -1.570115    1.6074697  -0.6779375   1.46947251  2.3773581   0.56992126
   0.11627374  0.74922594  0.64387563 -0.30057686  1.41213843 -0.27841656
   1.85237343  1.36047219  0.58230094  0.60050061  1.15321625  0.49841061
  -0.33631344  0.23819032]]