[ 0.69833004 -0.89651    -1.3454499   0.48133    -2.13968     2.34002
  1.09811     4.20368    -2.45787    -2.6986501   0.6871      3.1898599
 -3.87792    -0.88837     1.8095499  -0.79644    -2.52655    -0.06281
  1.92528     2.5033      2.48891    -1.64698     1.21475    -2.2173
 -0.04527     1.58517    -0.0479      0.06169    -0.17847    -2.0984502
  2.21665     1.65664    -1.7759401  -0.04654    -0.73733     1.1977999
  4.08101    -0.27086002 -3.52417     4.95718     0.05842     1.69822
 -2.84891    -2.53603     1.07522    -5.31955     2.39961    -2.14367
 -2.4335      7.54215     2.0932899  -4.3269      2.7164798   0.66288
 -2.0204499   0.59849    -1.23747    -0.51282     0.39652002  1.4200001
  1.25076    -1.00495     1.9048799  -0.55888003 -1.9067501   2.28599
  0.35889     1.5279999   0.28067    -1.9677999   1.77518     3.31603
  1.23273     0.51449     2.22785     0.1732     -2.44159    -2.97024
  1.63469    -2.9245     -1.8426199  -0.70096004  0.10218    -0.76618004
  0.27005     6.2462      0.10021    -0.01948     3.8613     -0.2137
  2.87501    -3.6213202  -4.38382    -2.71276     1.92942    -0.23024
  4.3716803  -2.9801602   3.09338     3.75644     1.7626      1.14885
 -2.22319    -1.0344      2.55971    -0.14395    -2.58052     1.80409
 -0.87095    -4.34584     3.95054     0.87633     0.77188003 -1.93359
  1.52798    -2.41456     1.61306    -2.9912     -4.0938897  -1.61596
  5.66726     0.49423003  4.4602003   1.6610999  -0.14669    -1.44048
  1.82734    -4.381       1.51556    -8.891951    2.1574302  -2.8474598
  0.91937     0.27442998 -0.06561     2.94085    -1.4656299   1.49456
 -4.27799    -0.04999    -1.66932     3.18438    -1.1228501  -3.16934
  0.96869    -0.74266005 -2.92314     4.8351803   3.9448      1.31588
  1.3805801  -4.0081997  -0.68288     1.35159     0.14712     3.9360402
  3.2873602   2.12074     2.9330502  -1.88151     4.62031    -0.50172997
  1.5466299   0.37863    -2.7611198   1.44814     2.77439    -0.79007995
 -4.20617     1.26697    -4.30075    -2.49102    -2.02632    -0.85818
  3.8797102  -0.30514    -4.6251197   0.88363     4.2318697   1.7879701
  2.45714     1.2297701  -1.2592      3.1284099  -1.0801     -1.57557
  2.60448     1.5466     -3.2183099   0.713      -0.63023996 -2.0896301
  4.34019    -0.31698     2.7911801   0.59622    -0.63483     0.85828
  1.3513801  -0.11274   ]