[[-9.27251441e-01  2.05170035e-01  1.16894570e+00  9.84108584e-01
   1.52987991e+00  9.68228545e-01 -4.76014274e-02  5.78495741e-01
  -2.93296569e+00  9.86599582e-02  1.17259717e+00  2.76085019e+00
  -5.96288545e-01 -2.08680149e+00  2.07378854e+00 -3.45037173e-01
  -1.25400424e+00 -3.42957156e-01 -6.37051412e-01  1.89685295e+00
  -3.63849980e-01  3.02808402e+00  1.64324305e-01 -9.22820023e-01
  -6.60283225e-03  6.42294271e-01  4.69394292e-01  1.84679428e+00
  -9.67907173e-01 -8.28702790e-01  1.24078860e+00 -1.20814528e-02
  -2.15384279e-01  2.36118576e-01  2.98708154e+00  1.16245000e+00
  -1.48120996e+00  1.10788291e+00 -4.43767156e-01  5.26757172e-01
  -1.73696417e+00 -9.17577130e-01  1.22708996e+00 -1.70025144e+00
   1.14661279e+00  1.52469710e+00 -2.75715696e-01 -1.86809299e+00
   5.54885694e-02  2.29265574e+00  1.55361574e+00 -1.17102150e+00
   3.30295699e-01  1.07814721e+00 -9.10421406e-01  2.43713425e+00
   1.57494341e-01 -9.64049986e-01  1.17718000e+00  7.17874323e-01
  -2.86421454e-01  1.38055570e+00 -6.71700035e-01 -1.53073005e+00
  -6.67337145e-01  8.68912867e-01  4.58247185e-01  1.91085427e+00
   5.31499897e-02 -1.05983857e+00  2.14847435e+00 -1.76589135e+00
   9.96118443e-01  1.67396140e+00 -2.87558590e-01  1.98950005e-01
   1.85988855e+00  6.05487074e-01 -2.00984325e-01 -6.01375716e-01
  -4.93581380e-01 -7.97584236e-01 -1.20517717e+00 -1.96175987e+00
  -7.82705801e-01  2.37253993e+00 -9.65232849e-01  1.46642140e+00
   9.28110106e-01  9.71890041e-01  9.36614377e-01  1.70681477e-01
   6.95519992e-01  1.78790855e+00 -1.37858561e-01 -8.49281379e-01
  -5.27077164e-01 -1.18158136e+00  2.03347147e-01  1.23146003e+00
   1.05444573e+00 -1.29362581e+00  2.92297278e+00 -2.47605715e-01
  -1.38947112e-01 -6.97771481e-02 -8.32347138e-01  1.81591558e+00
  -2.16377572e+00  1.49755282e+00  1.91945004e+00 -1.63314002e-02
   5.94771385e-01  5.71377124e-01 -8.21928552e-02 -2.39456143e+00
   2.13335676e-01  1.26987151e-01  1.12052568e+00  5.23152828e-01
   2.39326440e+00 -8.75281453e-01  2.20946005e+00  1.01463706e+00
  -6.80542776e-01 -2.53636421e+00 -1.75415713e+00  1.65989579e+00
  -3.46411450e-01 -2.04121283e+00  2.04600421e+00 -1.18296571e+00
  -2.02540288e+00  2.35304222e-01 -1.77294284e-01  3.84458559e-01
   1.23050009e-01  2.29855750e-01  1.30325140e+00  3.65242745e-02
   3.88704308e-01  1.77716303e+00  1.25147211e-01 -1.60794147e+00
   1.32640865e+00 -7.05030033e-01  1.98759982e-01 -1.18761706e+00
   1.66221000e+00  9.40812801e-01 -8.05214814e-02  6.61627156e-01
   9.92654290e-01  5.56942889e-01  8.43614084e-02  8.52142062e-03
   6.24072960e-01  2.81728145e+00  2.70313992e+00 -6.61942840e-01
   1.41732293e+00 -2.92281968e+00 -1.49835430e+00 -3.96560022e-01
  -7.52589992e-01  1.32658855e+00  8.39211464e-01  1.91453849e+00
  -5.61109986e-01  1.07024152e+00  8.91087123e-01  2.91802011e+00
  -1.07796997e+00 -4.50895854e-01  9.83629908e-01 -9.03834258e-01
   4.38854286e-01  1.04514711e+00  1.80634996e+00  1.93009960e-01
  -1.71670714e+00  1.08051998e+00  3.30985785e-02  2.63045423e+00
   4.64932850e+00  1.05768142e+00 -1.57995428e+00  5.12204272e-01
  -1.03572437e-03 -5.75331432e-01  1.47189425e+00  1.05092716e+00
   1.63343436e+00  1.32448847e+00  1.45362705e+00 -6.16738592e-01
   3.61127070e-01  1.23908714e+00 -7.93585777e-02  1.84062890e-01]]