[[-1.00292809e+00  3.67201569e-01 -5.92260304e-02  4.92302236e-01
   9.97147683e-01 -4.25840664e-01  9.16537742e-01 -3.15727419e-02
  -1.10263491e+00  3.34557591e-01  1.36720691e-01  2.28766971e+00
  -6.63611187e-01 -2.31732290e+00 -4.13342890e-02 -3.77956027e-01
  -5.07885273e-01 -1.29674220e-02 -1.03420120e+00  1.08459051e+00
  -6.59828266e-01  2.35210085e+00 -6.61127757e-01  5.83829371e-02
  -7.73223768e-01 -7.10375134e-01  1.21478985e+00  2.14703432e+00
  -3.84381903e-01 -5.42513428e-01  3.32208768e-01 -5.93981204e-01
  -1.20847840e+00  7.35642246e-01  1.88846509e+00  1.82610616e+00
  -6.08609030e-01 -1.79537759e-01 -1.78587944e+00  3.98244815e-01
  -1.38220785e+00 -9.74523622e-01  1.70479701e+00 -6.41329189e-01
   6.36953966e-01  1.59902125e+00 -2.02112575e-01 -2.07210169e-01
  -3.96644123e-01  6.33325680e-01 -8.00560392e-02  6.98831691e-01
  -3.57119632e-01  2.05022922e+00 -5.34671948e-01  1.15637330e+00
  -1.75142406e-01  6.01185179e-01  5.24323830e-01  8.83533975e-01
  -3.61863111e-01  1.36448441e+00 -1.51809826e-01 -1.12256270e+00
   4.52932054e-01  6.65285854e-01 -6.14081038e-02  5.58293910e-01
   7.03396359e-01  3.24903516e-02  1.16406036e+00 -9.72214362e-01
   6.57152032e-01  1.57430790e+00 -1.02452654e+00  1.08733349e+00
   1.21948472e+00  1.85857780e-01 -1.07028721e+00 -6.54870509e-01
   3.27687935e-01 -1.05920512e+00 -3.89133981e-01 -8.60215559e-01
   7.45253108e-01  2.48795331e+00 -1.59972176e+00  2.80969333e-01
   6.50129317e-01  2.84225335e-01  1.19505372e+00  2.35479992e-01
   5.20592909e-01 -1.09652234e-01 -1.01000169e-01 -4.01286331e-01
  -4.02231386e-01 -6.18908302e-01  1.82366232e-01  8.35724319e-01
   2.02816725e-01 -1.63841883e+00  1.41235236e+00  1.69914847e+00
   1.00374574e+00  1.36498653e+00 -7.66723781e-01  3.64148626e-01
  -1.04328963e+00  9.83824997e-01 -2.54676381e-01 -1.46529462e+00
  -1.24463696e+00  3.29405363e-01  1.32346550e-01 -1.90885125e+00
   5.48952742e-01  4.74845512e-01  1.62258507e-03  2.95670837e-01
   1.04311120e+00 -1.42292546e+00  1.30992085e+00  1.78273734e+00
  -1.42627326e+00 -1.36025803e+00 -9.34630211e-01 -1.47147641e+00
   1.48981176e-01 -1.52282402e+00  6.08527341e-02 -1.26244726e+00
  -1.11436999e+00  6.48401205e-01  1.10853791e-01  5.36355705e-01
  -1.50006206e-01  1.10429544e+00  1.48659311e+00  3.56163125e-01
  -9.16620635e-03  1.77745126e+00  5.62549323e-01 -1.24310728e+00
   1.03847015e+00 -3.87201911e-01  4.49925707e-01 -1.58404626e+00
   1.00603004e+00  1.71903500e-02 -1.42366701e-01 -1.10378620e+00
   1.13620173e+00  1.19553638e+00  4.94626184e-01  1.13499917e+00
   6.82390833e-01  1.33452403e+00  1.23726034e+00 -7.99526057e-01
   2.22401720e+00 -1.64454201e+00 -4.87409469e-01 -1.05710534e+00
   9.08731026e-02 -3.36325502e-01  1.61968791e-01  3.29748615e+00
  -3.25408454e-01  3.77264171e-01  4.88362934e-01  9.34203781e-01
  -7.43769067e-01 -9.25653618e-01  2.37004662e-01  3.10475386e-01
  -2.07947224e-01  1.16921343e+00  1.60371137e+00 -5.83593252e-01
  -1.86994266e+00  1.21896894e+00 -2.26801898e-01  1.30838003e+00
   2.45758455e+00  3.91589845e-01  4.29798610e-01  7.10084003e-01
   4.61399810e-01 -7.28922296e-02  1.48684931e+00  3.69622260e-01
   1.43180743e+00  5.31502580e-01  8.92441124e-01  3.09260016e-01
   5.23338095e-01  3.39333112e-01 -3.30945177e-01 -5.97824236e-02]]