[-7.45874941e-01 -9.65174586e-02  1.15713382e+00  1.10189879e+00
  8.31513703e-01 -5.85408747e-01  1.95022762e+00 -1.31452131e+00
 -1.21696877e+00 -3.09057534e-01  3.08897555e-01  3.02029371e+00
 -9.77917492e-01 -2.22217131e+00 -2.29606226e-01  1.96409971e-01
 -3.77191246e-01 -4.70707506e-01 -7.37272561e-01  7.99944937e-01
 -1.18652456e-01  2.90889764e+00 -1.32460248e+00  5.60628772e-01
 -6.35484993e-01 -1.93960750e+00  8.32347572e-01  2.39000893e+00
 -3.49036247e-01 -2.09369636e+00  1.17819995e-01 -2.62421250e-01
 -2.07248998e+00 -3.24749947e-02  3.08933759e+00  1.82159007e+00
 -1.51286757e+00  1.36519969e-01 -2.99519992e+00  6.45805001e-01
 -2.47928977e+00 -1.54665625e+00  2.00898480e+00 -1.04562116e+00
  1.19240749e+00  1.95132744e+00  2.85538137e-02  2.83483773e-01
 -1.41873747e-01  7.75962472e-02  6.81502581e-01  1.09003258e+00
 -4.37532514e-01  3.33925509e+00 -2.06285024e+00  2.65802121e+00
  1.39178133e+00  4.86404985e-01  6.32861257e-01  2.62835860e+00
 -9.90831256e-01  1.79813874e+00 -4.99611318e-01 -7.21353710e-01
  4.28246289e-01  4.38897491e-01  7.02605009e-01  5.10416269e-01
  1.05509627e+00 -5.83563805e-01  1.01505744e+00 -1.59757006e+00
  4.21532512e-01  1.42182994e+00 -2.25339127e+00  1.76867127e+00
  1.16404986e+00  2.79036909e-02 -1.25363374e+00  8.13106179e-01
  1.11558765e-01 -5.64357460e-01  2.90118754e-01 -1.89359879e+00
  1.09372866e+00  2.82151985e+00 -1.49963248e+00  1.04214740e+00
  5.89628696e-01 -3.15151215e-01  7.01326251e-01  4.80976254e-01
  2.08836198e-01  1.91692516e-01  1.72562510e-01 -1.24024129e+00
 -3.10322523e-01 -8.80579948e-01  7.73562193e-02  2.24998713e-01
  2.05153748e-01 -2.43218613e+00  2.95800495e+00  2.75705385e+00
  1.08779514e+00  8.26201260e-01 -8.52946281e-01 -1.70783713e-01
 -2.00900126e+00  1.02507615e+00 -1.02204382e+00 -1.18432498e+00
 -2.91948509e+00  6.43543720e-01  1.22818255e+00 -2.47421241e+00
  6.00422502e-01 -5.50682545e-01  4.83210027e-01 -3.09825003e-01
  8.73341262e-01 -1.61770630e+00  1.94520617e+00  2.61384916e+00
 -1.65215504e+00 -1.77282989e+00 -1.98221123e+00 -1.13451743e+00
 -7.34374940e-01 -2.58371878e+00  1.19962883e+00 -1.88318384e+00
 -1.93753862e+00  1.40046620e+00 -3.92850041e-01  4.08109963e-01
 -8.83901238e-01  1.30828750e+00  1.46967494e+00  5.47671199e-01
  2.91260004e-01  2.59823871e+00  4.09613729e-01 -9.88850117e-01
  1.53802383e+00 -2.51499563e-03 -8.13498735e-01 -2.31383896e+00
  1.46726000e+00 -1.81911230e-01  1.54449970e-01 -2.75374246e+00
  1.53386617e+00  8.71662498e-01  7.08868742e-01  1.94130623e+00
  1.90339994e+00  2.62478876e+00  1.55578113e+00 -1.03961766e+00
  2.89509487e+00 -3.01649117e+00 -1.31621504e+00 -6.10124946e-01
 -4.00206208e-01 -4.67692524e-01  4.08377469e-01  3.84683990e+00
 -7.66232550e-01  7.83987269e-02  5.27814984e-01  5.80663800e-01
 -2.01392365e+00 -1.91582751e+00  1.31506252e+00  5.40590048e-01
  5.10573804e-01  9.17533696e-01  9.02733743e-01 -2.67334998e-01
 -3.51921606e+00  2.25356483e+00 -6.11778796e-01  1.60824370e+00
  2.78797483e+00 -4.31661248e-01  9.24694896e-01  1.42664504e+00
  6.11355066e-01  1.51859140e+00  1.07327116e+00 -1.94427520e-01
  2.58140230e+00  9.28732455e-01  8.63260031e-01  9.46091413e-01
  8.65327537e-01  1.58129132e+00 -7.08711267e-01 -1.16725123e+00]