[[-0.63170777  0.61145505 -0.3690528   0.52127323  0.98783113 -0.20276898
   1.08140484  0.10073742 -1.05740102  0.4731764   0.16142229  1.74752484
  -0.66533125 -2.35536269  0.24262563  0.00676291 -0.80861237  0.07554071
  -1.1711149   1.19175023  0.16713724  2.16672225 -0.84446418 -0.28525596
  -0.77319796 -0.89807875  0.69146688  2.44638066 -0.86633142 -0.59365329
   0.59774459 -0.63528896 -0.68989069  0.32958408  2.14356778  1.92678817
  -1.085014   -0.02040159 -1.4427407   0.02900478 -1.43521904 -1.34486324
   1.76797464 -0.77438196  0.977472    1.0959083  -0.43897332 -0.57987008
   0.03050813  0.40658018  0.13745308  0.24687404 -0.04932738  0.83572562
  -0.66047465  1.40141857 -0.81122273  0.06524534  0.8679323   1.54009752
  -0.63763233  0.86511962  0.72222369 -1.25005683  0.56823126  0.28497464
   0.16633666  0.80010624  0.61246841  0.04882913  1.68733809 -0.74700871
   0.75451829  1.28262118 -1.53222266  0.74602849  1.19370238 -0.15308783
  -1.42002888 -0.15476171 -0.52227407 -0.99070452 -0.96553347 -0.81253236
   0.93216317  2.77168995 -1.5714935   0.36577495  1.09760101  0.87770103
   0.59789691  0.21402669  0.85355567  0.27971831  0.27418412 -0.95055624
  -0.09418783 -0.51782614 -0.54013712  0.8101821   0.60090232 -1.47361205
   1.9356935   1.45195471  1.26235871  1.0587504  -0.77766773  0.48451707
  -1.07922019  1.79740507 -0.23798073 -1.53097019 -1.22323899  1.04637074
   0.27943742 -1.68963413  0.67975945  0.74783404  0.47353873  0.0667948
   1.16338713 -1.67549124  1.30834687  1.49427516 -0.70076171 -2.20147808
  -0.99893949 -0.3142416   0.48406565 -1.14034061  0.62179373 -1.17064598
  -0.68679514  0.48935907 -0.34508183  0.53652991 -0.40152017  1.50804655
   1.52422864  0.59039763  0.16318591  1.32353483  0.37423131 -1.62929364
   1.40176494 -0.0071177   0.14024278 -1.70561135  1.19529932  0.24977738
  -0.28144759 -0.706963    0.92279656  0.29708235  0.60757458  0.67418765
   0.89628726  1.6252818   1.28910682 -0.65507582  2.03616591 -1.69489828
  -0.22612511 -0.59040766 -0.07987886 -0.11899275  0.24565636  2.73630767
  -0.5053543   0.15071536  0.11699278  0.98123989 -1.0213573  -0.88739822
   0.58913947  0.50789263 -0.39223589  1.0620633   1.49069892 -0.24405677
  -1.92796057  1.15467907 -0.66088647  1.49688313  2.52461534  0.3202429
   0.01766127  1.28531639  0.47483897 -0.51346217  1.26343494  0.19145143
   1.70736989  0.49902729  1.26288482  0.06450074  0.9054837   0.03649567
  -1.03920761 -0.05683769]]