[[-0.71666368  0.41881982 -0.44967297  0.95519614  1.17918558  0.10045649
   0.80385104  0.19530824 -1.35492703  0.79476842  0.70407632  2.40486266
  -0.72883807 -2.4220623   0.00698035 -0.10303263 -1.04891037  0.09789124
  -1.24130684  1.25621244  0.30698895  2.50893315 -0.90351035 -0.10031529
  -0.60117175 -0.88558544  0.68234263  2.27132175 -0.34007914 -1.16055824
   0.54134173 -0.77697315 -0.97119737 -0.55678632  2.28134649  1.41561926
  -1.00185141  0.48162438 -1.45768035 -0.05946438 -1.99376811 -1.06053122
   1.58316597 -0.8962628   1.01435035  1.65982036 -0.91544808 -0.4070807
  -0.00347438  0.78122982  0.34452158  0.64635773  0.26904403  1.6012456
  -0.77174421  1.37167632 -0.30576489  0.14980894  1.22988227  1.53759664
  -0.22847841  0.92010142  0.26320069 -1.20086685  0.5714642   0.79592824
   0.56865386  0.76918613  0.53910525 -0.31845158  1.4213242  -1.39175525
   0.77685892  1.23648874 -1.30368422  1.4786879   1.03315878  0.44937527
  -1.22586807 -0.32578122 -0.32394403 -1.17741542 -0.49697944 -1.61031669
   0.32361717  1.98470736 -1.23780562  0.66216964  0.28709929  0.70394194
   0.80515649  0.01926456  0.23473018  0.25792227  0.09310124 -0.48418894
  -0.6932072  -1.00134999 -0.14044316  0.57540896  0.47546265 -1.49468051
   1.98632543  1.38699335  0.28838142  0.93342349 -0.72336615  0.20722106
  -1.63750423  1.33293928  0.28972439 -0.69741159 -1.61584159  1.00010263
   0.25510176 -1.91365122  0.45876334 -0.05727123  0.47889702  0.13068718
   1.57502263 -1.30775247  1.60671986  2.16554825 -1.17604665 -1.98127699
  -1.04965912 -0.37245002 -0.39699736 -1.36162825  0.74624124 -1.09476809
  -0.98692317  0.62265246 -0.6738844   0.26235281 -1.09364737  1.27108439
   1.94274108  0.30577983  0.22933073  1.25796262  0.1455507  -1.36804438
   1.42194388 -0.76134229  0.45060124 -1.70258789  1.02023     0.02696526
  -0.32251527 -0.91690914  1.07949772  0.67816088  0.39640598  0.69995755
   1.14474227  1.59978452  1.1992744  -0.85369632  2.31473162 -2.32171194
  -0.84986475 -0.55531965  0.23099159  0.13633159  0.2460214   2.92242911
  -0.70803877  0.65678875  0.64461455  0.94084666 -0.88398911 -1.09463229
   0.30313437 -0.03217473 -0.01996157  1.11631175  1.30731473 -0.25774437
  -2.44350668  1.52322211 -0.41639616  1.40240562  3.23575478  0.42105141
  -0.07354949  1.20854597  0.47098089 -0.39808595  1.3618709   0.51576912
   1.49776421  1.02452421  1.16000034  0.14618807  0.64173508  0.44031894
  -0.20624894 -0.134157  ]]