[[ 5.83199535e-01  9.72524098e-01  6.84308965e-02  2.96170008e-01
   9.95050447e-01 -9.97476343e-01  1.03013180e-01  1.67613452e+00
  -1.87924091e+00 -1.98278184e-01 -3.72929542e-01  2.13776229e+00
   4.33985011e-01 -7.12336808e-01 -2.09320009e-01  1.82286815e-01
  -7.45456364e-01  8.12652278e-01 -6.68841367e-01  1.88982223e+00
   5.51109082e-01  1.91390681e+00 -3.53946844e-01  6.02529093e-01
  -2.66935446e-01  2.37414536e-01  2.44908854e-02  1.40475591e+00
  -2.38213830e-02 -1.21669501e+00  6.92587714e-01 -1.23493191e-01
  -1.11319636e+00 -1.94993209e-01  1.64744091e+00  9.89991345e-01
  -1.20396457e+00  4.26921347e-01 -1.10774819e+00  4.91218213e-02
  -7.83276357e-01 -1.71954537e-02  9.78969522e-01 -1.42994865e+00
   1.36167271e+00  1.59355634e+00 -7.31979557e-01  4.83967750e-01
   1.23630000e-01  4.24260448e-01  3.79381431e-01  1.60808956e-02
   4.35746821e-01  1.08524272e+00 -1.85213927e-02  1.15607183e+00
  -7.70617967e-02 -2.47893194e-01  1.61279866e+00  4.19892712e-01
  -4.56844543e-01  1.18407045e+00  5.51634085e-01 -1.50179546e+00
   8.17355442e-01 -1.55827744e-01 -7.17837277e-01  1.31612225e+00
   8.44551822e-01 -2.62243623e-01  1.55717044e+00 -9.59630023e-01
   2.21893640e-01  7.27344529e-01 -7.01241323e-01  7.04632732e-01
   1.01785725e+00  1.28215478e-01 -6.29960905e-01 -6.56954996e-01
  -1.19078090e+00 -7.49205446e-01 -1.04945317e+00 -9.81024089e-01
   3.79059159e-02  1.87789233e+00 -1.59915684e+00  4.90936285e-02
   9.68811361e-01  1.03395681e+00  1.37398044e+00  1.86809539e-01
   6.79962262e-01  9.83559110e-02 -2.15181573e-03  3.37769079e-01
  -9.22430915e-01 -3.14778159e-01  1.08612502e+00  1.01573137e+00
   1.17109137e+00 -8.42714093e-01  1.62047544e+00  7.70140866e-01
   6.50722755e-02 -6.16668200e-01 -2.74775448e-01 -1.91112265e-01
  -1.83424500e+00  1.50902499e+00  3.45061799e-01 -6.16835487e-01
  -1.37683954e+00  6.51033639e-01 -2.86441356e-01 -2.52399911e+00
   7.37544528e-01  8.12822797e-02  2.74684551e-01 -3.75691148e-02
   7.37864975e-01 -1.20865728e+00  1.89260954e+00  1.56856950e+00
  -2.19793624e-01 -2.20220730e+00 -7.92880906e-01  1.49860909e-01
  -1.39583228e+00 -1.27387047e+00  9.25860474e-01 -1.49130227e+00
  -5.89501804e-01  3.63589982e-01 -7.77879088e-01 -2.58172274e-01
  -7.04964099e-01  7.38206372e-01  1.71117365e+00  1.37892724e-01
   7.11840960e-02  9.56780920e-01  3.02183629e-01 -1.26032135e+00
   1.10438593e+00  2.93479086e-01  5.85824552e-01  3.54084100e-01
   6.15412243e-01  1.42746366e-01 -3.81658168e-01 -1.34134136e+00
   1.25296955e+00  4.02876812e-01 -2.53814993e-01  6.71474584e-01
   2.22360093e+00  9.78158179e-01  8.52529527e-01 -9.59386326e-01
   9.43887274e-01 -1.86822818e+00 -2.84010921e-01 -2.92970900e-01
  -2.78660009e-01 -1.18482005e-02  5.42989102e-01  1.69134182e+00
  -3.48904994e-01  3.99044981e-01 -3.07318647e-01  4.86622273e-01
  -1.69664956e+00 -1.64386386e-02  1.07855863e+00  8.43041835e-01
  -7.33245893e-01  1.07137047e+00  2.13631830e-01 -3.19983179e-01
  -1.28421590e+00  6.67400465e-01 -1.19151500e+00  2.02403681e+00
   2.80126727e+00  6.96207290e-01 -6.08845931e-01  1.46772047e+00
  -4.72375917e-01  2.52371376e-01  2.26151592e+00  3.17644994e-01
   8.35274566e-01  6.81814107e-01  1.13726730e+00 -7.37568628e-01
   8.63708644e-01  4.49081797e-01  8.22877234e-02 -6.57611824e-01]]