[[-5.82249744e-01  6.88974915e-01 -2.00685626e-01  7.57852403e-01
   1.32246213e+00 -2.54220366e-02  8.15125150e-01  3.17261438e-01
  -1.85972663e+00  3.65180148e-01  4.47735756e-01  2.07904782e+00
  -9.23320196e-01 -2.71095932e+00  3.58380136e-01 -2.43063583e-01
  -1.00140794e+00 -5.69046271e-01 -1.28228564e+00  1.56008073e+00
   2.83511848e-01  2.52572339e+00 -6.85847042e-01 -2.67152941e-01
  -7.59800875e-01 -6.52398801e-01  7.01412765e-01  2.42655681e+00
  -5.30180864e-01 -9.03138529e-01  6.79921457e-01 -3.50279987e-01
  -8.92431882e-01  9.94919236e-02  2.61938640e+00  1.87205067e+00
  -1.19287517e+00  2.44153462e-01 -1.99417285e+00  4.38389802e-01
  -1.97271776e+00 -1.16079870e+00  2.01103200e+00 -5.25418202e-01
   1.15713612e+00  1.16868291e+00 -7.31810641e-01 -7.50982055e-01
   7.69938305e-02  8.86385834e-01  2.48049367e-01  4.21883451e-01
  -9.58012949e-03  9.95348577e-01 -1.05800124e+00  1.17209577e+00
  -2.96797671e-01  4.28240649e-01  8.62256189e-01  1.27379104e+00
  -2.64263094e-01  1.22822346e+00  3.40020627e-01 -1.16790385e+00
   7.42360511e-01  4.02662722e-01  3.14469229e-01  1.00429274e+00
   9.26675094e-01  1.17476781e-03  1.57887761e+00 -8.92760258e-01
   8.55836141e-01  1.49959440e+00 -1.27734436e+00  1.20856645e+00
   1.85707978e+00 -2.12361399e-01 -1.77957766e+00 -2.04629365e-01
  -5.00256299e-01 -1.03026639e+00 -6.40994068e-01 -1.46040886e+00
   9.29899753e-01  2.70124553e+00 -1.44741380e+00  5.60124603e-01
   8.45834729e-01  8.35497689e-01  1.10014048e+00  1.49655269e-01
   6.61314713e-01 -3.76342070e-02 -2.83717984e-01 -4.12598323e-01
  -4.05600648e-01 -9.69511563e-01 -3.91539553e-02  6.94002008e-01
   7.62684239e-01 -1.76309449e+00  1.83711198e+00  1.31215438e+00
   8.63975059e-01  7.43236185e-01 -6.76112053e-01  3.67362211e-01
  -1.28655304e+00  1.38238678e+00  2.56975354e-01 -1.68395421e+00
  -1.21178068e+00  9.70579074e-01  5.01278070e-01 -1.78942613e+00
   7.62896991e-01  4.93777904e-01  3.66637388e-01  7.08472449e-01
   1.12999149e+00 -1.44929379e+00  1.60479070e+00  1.84375661e+00
  -9.53791774e-01 -2.34257306e+00 -1.24850611e+00 -6.10973460e-01
   1.59037161e-01 -1.38131165e+00  3.30527285e-01 -1.27961886e+00
  -9.63506535e-01  7.59620577e-01 -2.93574877e-01  5.73254844e-01
  -3.56295554e-01  1.33704167e+00  1.56559533e+00  6.27053346e-01
  -9.56682037e-02  1.36977992e+00  9.37918741e-01 -1.51063003e+00
   1.61793548e+00 -7.98314456e-01  4.04818052e-01 -1.97017522e+00
   1.51140922e+00  8.14038018e-03 -4.30212666e-01 -4.93972049e-01
   1.22144244e+00  9.66671894e-01  3.72916655e-01  6.39719865e-01
   1.13846808e+00  2.14240555e+00  9.82568870e-01 -6.76051040e-01
   2.29290753e+00 -2.10967147e+00 -8.49672564e-01 -1.15851485e+00
  -3.56361916e-01 -1.95363458e-01  7.70408956e-02  3.27576657e+00
  -7.43327043e-01  3.76777068e-01  9.76438748e-01  1.17701326e+00
  -8.87299140e-01 -8.55852051e-01  3.56807678e-01  2.54040780e-01
   1.31107708e-01  8.86105325e-01  1.17114757e+00 -2.71589881e-01
  -2.41776380e+00  1.54070129e+00 -5.37955877e-01  1.70829425e+00
   3.08335355e+00  5.04704121e-01 -9.38486785e-03  1.20273111e+00
   3.09153193e-01 -4.82812986e-01  1.39700720e+00  5.10017403e-01
   1.96261698e+00  9.64137173e-01  1.55498274e+00 -7.81437294e-03
   5.92249355e-01  3.84372560e-01 -4.40560107e-01 -3.01960654e-01]]