[[-0.05359578  0.62290313 -0.05222938  0.77865968  1.09429155 -0.51949374
   0.47234612  1.63180696 -1.55493219  0.16465233  0.38371438  2.23356303
  -0.47146766 -2.04521814  0.89529838 -0.11396187 -0.90865716  0.8465008
  -1.72572758  2.2790198   0.32885764  2.46233482 -0.98519274  0.01019314
  -0.83061428 -0.96453031  0.68378523  2.06636821  0.25958874 -1.25736028
   0.69772941 -0.64522019 -1.1181003   0.01910671  2.63983539  1.36962201
  -1.2090954   0.80847991 -1.30976614  0.42275719 -2.05621762 -0.65628062
   1.37694743 -1.51018628  1.45424721  1.59104004 -0.95646005  0.0911875
  -0.22682998  0.84318858  0.45416733  0.57192672 -0.20035362  2.15784769
  -0.57343732  1.7550696  -0.27967442 -0.01262874  0.88808926  0.94631739
  -0.61486689  0.93915889  0.4091722  -1.0961247   0.34718953  0.79977843
   0.38312278  0.72884892  0.59290873  0.37611016  1.1368981  -1.30602677
   0.22756107  1.49024204 -1.28741031  1.71805142  1.69518417  0.4225881
  -1.34909737 -1.07145086 -0.66903796 -0.69693482 -1.14211879 -1.63378189
   0.23849313  3.0420279  -0.81184112  0.5514245   0.23041281  0.90111724
   1.47231764  0.3214625   1.2625644   0.47573342  0.22288668 -0.22050609
  -0.40335066 -0.36039962  1.13184175  0.49713547  1.0488341  -1.48456465
   1.92395397  1.11016099  0.52536272  0.56529401 -1.2465632  -0.29986874
  -1.99202861  1.76066067  0.80188503 -0.75515672 -1.13939546  0.41164796
   0.73693173 -2.60253337  0.71949545  0.21392595  0.65386047  0.57374262
   2.13601405 -1.28423928  1.7746531   2.01995351 -1.12193109 -2.75112427
  -0.84440355 -0.1509114  -0.78212556 -1.91134833  0.15041702 -0.83346433
  -1.13154928  0.77948361 -0.16168595  0.18487333 -0.9111178   1.08595475
   1.27738901 -0.46072671  0.3966086   1.61788732  0.3930461  -1.95673458
   1.11676121  0.13920139  0.84467123 -1.207793    0.77347832  0.22628547
  -0.87177469 -0.95798808  0.9686661   0.71980498 -0.25758717  1.35523682
   1.03250405  1.51315893  1.42469016 -0.91149431  2.53227239 -2.57689777
  -0.78869907 -0.17599644  0.08212422 -0.01532688  0.23884764  2.85098758
  -1.10976167  0.2709722   0.44510824  1.19377511 -1.19634425 -0.98773781
   1.544913    0.26116327 -0.07237984  1.20319934  0.2465736   0.15768141
  -2.2067606   1.75989239 -1.27047312  2.38292569  3.68536707  0.95972387
  -0.58358967  0.73922972  0.29728424  0.28901533  1.75373744 -0.04097624
   1.3566688   1.17848487  1.27668465  0.16775279  0.68650892  1.28309281
   0.48050621  0.41391437]]