[[-1.0991736   0.99704788  0.03357356  0.42062138  1.0767257  -0.50412929
   0.91100504 -0.14992571 -1.78169504  0.31720142  0.44622284  2.29077002
  -0.60933141 -1.38456995 -0.1612207  -0.38302428 -1.09191926  0.20421078
  -0.46817642  1.15501782  0.29850358  1.98220271 -0.55550003 -0.441985
  -0.65628429 -0.52265934  1.13250139  2.23012575 -0.72109429  0.04150784
   0.18590932 -1.06689576 -0.2587178  -0.6939672   1.14391865  1.31634859
  -0.88657721  0.74908144 -1.38351863  0.45129362 -1.78961352 -0.64408504
   1.27571922 -0.59855218  0.22328429  0.85526863 -1.28078917 -0.67205647
  -0.96690362  0.7812079   0.40072645 -0.04920143 -0.18821     1.86823212
  -1.09329854  1.07445856 -0.23740279 -0.17120501  1.16687499  1.20240927
  -0.33575284  1.05140428 -0.08822358 -0.61335785  1.01970144  0.97643644
   1.22655499  0.70254503  0.86147715 -0.34642432  1.57791204 -0.40687209
   0.99502861  1.05317782 -1.08771219  0.20509931  1.2002628  -0.22809644
  -0.64352359 -0.3229993  -0.06844072 -0.97288139 -0.3602293  -1.23200801
   0.15683856  1.79765061 -0.66789005  1.23130711  0.46674504  1.1958407
   0.29910574 -0.38420355  0.60171425  0.22030785  0.8145728  -0.86550001
  -0.43612497 -0.33129497 -0.32156788  1.13549637  0.82260927 -1.23737357
   1.66278853  1.1924579   0.64410144 -0.09385713 -0.54680208 -0.64192927
  -1.75779345  1.76447209  0.08101433 -0.79845789 -0.41149858  0.97592355
   0.964025   -1.28940793  0.30824069  0.99618285  0.59508645 -0.55583288
   2.26378792 -1.70569932  0.88363789  1.37517355 -1.48461437 -1.50356489
  -0.59526423 -0.92356133  0.23266004 -1.18754649  1.97032275 -0.86880714
  -1.05062003  0.81823434 -0.12650571  0.56435353 -0.824995    0.83960138
   0.68324141  0.49454142  0.10638784  1.4522021   1.24095074 -1.6135093
   0.53045365 -0.57334573 -0.25536217 -1.69662149  1.28487141 -0.32173356
  -0.41261425 -1.4622507   1.69274436 -0.41252644 -0.22135355 -0.73629354
   1.96400848  1.55089644  1.37478208 -0.49912786  1.75044993 -1.57916928
  -0.09838786 -0.44970361  0.39443931  0.39245571  0.71267     2.46187707
  -1.04422422  0.54796357  0.25325143  0.23349785 -1.26679213 -0.82154569
   1.24631999  1.00473644 -0.87330143  1.41561991  1.43063366 -0.3084264
  -2.05224713  0.99516072 -0.35533072  1.42132222  2.1966098  -0.1035564
  -0.32955715  1.28264296  0.79094939 -0.49691997  1.50573365  0.54004145
   1.22264074  0.56385362  0.39101502  0.88620926  0.663345   -0.26156935
  -0.45449858  0.1108493 ]]