[[-5.40564662e-01  8.12755671e-01 -7.03660663e-01  9.25947325e-01
   6.77435317e-01 -1.08429333e-01  1.40150601e+00  9.42233676e-01
  -1.02462666e+00 -1.59285662e-01  2.80299991e-01  1.45408266e+00
  -9.81076395e-02 -1.33651935e+00 -2.14725663e-01  9.77849862e-02
  -1.89201011e-01  3.88603337e-01 -1.09254400e+00  1.47060233e+00
  -1.09729319e-01  1.44464197e+00 -3.17481339e-01 -8.61546795e-02
  -6.11607657e-01 -7.28346022e-01  1.30108006e-01  1.83529235e+00
   1.24582003e-01 -6.94336005e-01  1.33543233e+00  3.28521679e-01
  -4.04480651e-01 -7.84329316e-01  2.30970064e+00  9.00604334e-01
  -8.81680337e-01  3.69346662e-01 -1.51590765e+00 -5.69713314e-02
  -1.97016168e+00  8.97650093e-02  5.96636632e-01 -4.88969853e-02
   7.67438671e-01  1.15720535e+00 -5.65528337e-01 -4.00659676e-01
  -3.40006659e-02 -3.05775328e-01  5.97729348e-01  2.71308006e-01
   2.46479336e-01  1.85477600e+00 -8.99847001e-01  7.55811014e-01
   1.39138665e-01  1.69007666e-01  1.15468732e+00  1.23819465e+00
  -3.21120683e-01  8.81598010e-01  1.07970897e+00 -1.03624701e+00
   8.15600356e-01  4.17349679e-01  3.23295671e-01  9.54156652e-01
   4.01442347e-01 -1.25248325e-01  1.48225535e+00 -7.68811009e-01
   5.22302348e-01  1.69419668e+00 -4.97760999e-01  4.29348320e-01
   1.08053733e+00 -2.68589663e-01 -3.16288346e-01 -1.63979798e+00
   2.39213342e-01 -4.32252679e-01 -9.96538317e-01 -6.18168335e-01
   7.08517667e-01  1.43240301e+00 -1.00099634e+00  4.62387970e-01
   4.01573024e-01  6.07970004e-01  5.85087675e-01  1.20687992e-01
   3.27718676e-01  7.40467686e-01  3.69242336e-01  1.86819012e-01
  -3.07208670e-01 -3.87857669e-01  1.49296992e-01  9.24178336e-01
   1.18715066e+00 -2.75933977e-01  1.46379400e+00  7.73781647e-01
   6.18681673e-01  7.68698351e-01 -1.95778999e-01  2.64918329e-01
  -4.05013988e-01  9.35886673e-01  5.52426662e-01 -1.12179568e+00
  -5.06454321e-01 -2.84973675e-01  4.89368008e-01 -1.36852366e+00
  -9.06679998e-02  3.33931674e-01  4.55940002e-01  8.24420653e-01
   2.05531269e+00 -6.40556342e-01  1.43019168e+00  8.96141339e-01
  -1.06920163e+00 -1.76526701e+00 -1.18925365e+00 -3.63542353e-01
  -2.35553683e-01 -9.71216983e-01  2.24521008e-01 -1.17562465e+00
  -4.39511667e-01  9.86336986e-02  2.06746686e-01  1.74764325e-01
  -8.33213384e-02  2.08260638e-01  6.62021319e-01 -1.04260067e-02
  -3.01578338e-01  5.29328352e-01  3.02878667e-01 -8.13546345e-01
   8.46928339e-01 -7.67615342e-01  4.28989355e-01 -1.50231068e+00
   7.72874677e-01  1.19802334e-01 -2.94307664e-01 -8.87782001e-01
   1.63170564e+00  9.01400137e-02 -7.57010017e-02  6.79263998e-01
   1.13934967e+00  2.09638067e+00  1.16656733e+00 -3.29279010e-01
   1.12743170e+00 -1.40913665e+00 -5.40917671e-01 -4.25930657e-01
  -3.21411000e-01 -7.38455983e-01  8.60005641e-01  2.06041732e+00
  -7.86227362e-01 -1.48305982e-01  1.42698201e-03  5.29034354e-01
  -9.29251679e-01 -9.01766354e-01  1.99779668e-01  1.54026999e-01
  -2.92486672e-01  7.72225670e-01  1.50113658e-01 -4.58220651e-01
  -1.78440633e+00  5.81447659e-01 -8.99353430e-02  1.46621165e+00
   1.69072568e+00  9.31450023e-01 -8.15926631e-02  1.97598974e-01
  -4.20933217e-03  5.44751678e-01  1.09277566e+00  4.97512001e-01
   1.69726632e+00  9.69413991e-01  5.26305689e-01 -3.14267653e-01
   3.16316987e-01  7.10349326e-01  1.98040345e-01  6.71310691e-01]]