[[-0.45194441  1.15352758  0.270088    0.66822559  1.00590961 -0.08323559
   0.8696632   0.75878619 -1.56812342  0.7234062  -0.01338019  2.02146402
  -1.33745579 -2.82364719  0.6161698   0.2560966  -0.57111261  0.1429256
  -1.20937599  1.88762601  0.2415554   2.60565819 -0.76035499 -0.18122318
  -0.72908839 -0.58991578  1.00413338  1.9161876  -0.34093941 -0.89162701
   0.45707321 -0.85339538 -1.1704328   0.20225839  2.30053899  1.66712721
  -1.32583699  0.20633239 -2.36486182  0.58417    -2.21501321 -1.01040579
   1.6227914  -0.89316922  1.28444359  1.278792   -0.90989739 -0.50115421
   0.16066821  0.81088902  0.3511286   0.0609516  -0.24215738  1.37758178
  -0.93481781  0.9405832  -0.31130261 -0.14537059  0.87096562  1.42883899
  -0.14811279  1.13653642  0.2982332  -1.63986364  0.85601541  1.17334981
   0.30358958  0.84437921  1.06982138  0.23970921  1.1943328  -0.56955101
   0.33445719  1.13911061 -1.4363372   1.4431432   1.1152724  -0.12374279
  -1.846995   -0.24461999 -0.36797719 -0.95336201 -0.4665722  -0.94851198
   0.43869959  2.96020261 -1.11352019  0.4841816   0.36788581  1.10966782
   1.24326739  0.18561958  0.8068726   0.04575779 -0.55637718  0.16940919
  -0.43456819 -1.04655382 -0.26799418  0.75431301  0.71274701 -1.25141939
   1.7898428   1.75100862  0.99841721  1.07262161 -0.5179292   0.00477399
  -1.0656724   1.44117078 -0.01888742 -0.9115858  -1.53994541  1.05983759
   0.09967781 -2.07071819  1.24607041  0.56523302  0.7808748   0.63510199
   1.55252861 -1.41964697  1.97877362  1.27182459 -0.9785556  -2.54122222
  -0.73631639 -0.0559324  -0.32167599 -1.2356476   0.10337161 -1.32122379
  -0.6882394   0.6751576   0.18441101  0.84250999 -0.42183919  0.86455821
   1.25970297  0.48904722 -0.14411241  1.4004894   0.60710138 -1.29328821
   0.8857138  -0.90624399  0.52561602 -1.4080684   1.31328898  0.12860299
  -0.47776479 -0.715368    1.12116597  0.7350902   0.21881839  1.01589721
   0.7444226   1.2561212   0.93669142 -0.3694382   2.25835398 -1.99627521
  -0.96735319 -0.8652694  -0.05289419  0.11640299 -0.05805801  2.09073559
  -0.2853372   0.46272639  0.6245414   1.33575602 -0.58800221 -0.98413601
   0.52495179 -0.19349    -0.33607061  1.36722941  1.50334217 -0.51661319
  -2.1180092   1.3483826  -0.62266662  1.70511318  2.84994076  0.4852612
  -0.2744904   1.2583494   0.33783621  0.13901501  2.14867217  0.35501839
   1.84454218  1.01186061  0.94213282  0.04896299  0.52925839  0.62566197
  -0.34205921 -0.46888659]]