[[ 0.10487889  0.31917832 -0.19734276  0.23381056  1.04954778  0.28382275
   0.17763944  0.29481168 -0.69753277 -0.11740444  0.53807392  1.42139942
  -0.55452001 -1.32040833  1.61938223  0.17274221 -1.11838163 -0.59937667
  -0.71280556  1.03462055 -0.33923611  1.43278611 -0.70358612 -0.61281279
  -0.27191611  0.24432333  0.52976389  1.70361498  0.24102054 -0.67851724
   0.74790999 -0.36832221 -0.08032946  0.6190039   1.62947331  1.74302611
  -1.69339609 -0.250145   -1.37812168 -0.60462445 -1.96428286 -1.33178775
   1.04418614 -1.16329945  0.79710055  0.8758139  -0.74496832 -0.49752444
   0.33679776  0.65561221  0.40271999  0.56824    -0.42296055  0.75116997
  -0.4983339   1.20491611 -0.30918168  0.38150112  0.89155387  1.03637501
  -0.21413554  0.67514334  0.90312221 -1.48529944  0.14454612  0.72493447
   0.46847669  0.49588334 -0.35857499  0.59240893  1.42001388 -0.61597166
   0.3325739   1.15780943 -1.24017611  0.40937057  0.69724889  0.62514165
  -0.56904334 -0.69916558  0.60573166 -0.82775    -0.26073723 -1.37060332
   0.69852667  1.6067167  -0.3705189  -0.0679072   0.51108724  0.66085057
   0.74982109 -0.15103557  0.8683772  -0.24334056 -0.444775   -0.65596169
  -0.96755    -0.65234668 -0.59795501  0.39325775  0.23929332 -0.90467944
   2.56964498  0.34430777  0.32160442  0.03835889 -0.61854222  0.41463055
  -1.66563224  2.16445502  0.00642999 -1.2469111  -0.97294054  0.70460833
   0.21477611 -1.10062776  0.40271     0.10517388  0.39045611  0.24852222
   0.86190668 -0.89619945  1.50546778  1.50073561 -0.43932669 -1.26872167
  -1.12040444  0.03407389  0.99088499 -1.0055439  -0.09231224 -1.3582872
  -0.26141056 -0.3188028   0.00694279 -0.02086221 -0.13929056  0.89703388
   0.91821723 -0.36330554  0.22249446  0.65999946  0.29041389 -1.35761663
  -0.01587777 -0.63125554  1.15541166 -1.35456558  0.67573946  0.854405
  -1.23383501 -0.81506169  0.17545722  0.71358613 -0.36176612  0.98670001
   1.77902389  0.71134887  0.62476331 -0.21775833  1.96406057 -1.68879448
  -0.54158945  0.16740222 -0.49065778  0.094135   -0.53925606  2.57639221
  -1.57026276  0.91267835  0.57432167  1.2887244  -0.69956999 -1.14435832
   0.51022167 -0.71617888 -0.25938055  0.90447499  0.79046111 -0.40809886
  -1.61277443  1.33526947 -0.68581668  1.76252829  2.07959053 -0.07147112
  -0.63258166  0.63584389  0.0199611  -0.76125112  0.9840922   0.04233724
   0.84799499  1.69848385  0.82736442 -0.06080833  0.64108278  0.15576057
  -0.00262834  0.22068613]]