[-5.4704994e-01  1.8539475e-01 -3.1927761e-01  1.1575304e+00
  1.2687323e+00 -9.1870189e-01  1.0793624e+00  3.1631240e-01
 -1.6353544e+00 -9.8454282e-02  1.3517669e-01  2.9752665e+00
 -6.0934192e-01 -1.6984106e+00 -4.1505009e-01  1.0634812e-01
 -1.0470186e+00  1.3579357e+00 -6.7394572e-01  1.9518020e+00
 -5.7593789e-02  3.4396114e+00 -4.0162578e-01 -7.3339999e-02
 -1.0618705e+00 -5.9126943e-01  1.0354099e+00  2.3702672e+00
  2.4912570e-01 -1.1253110e+00  1.1266053e+00 -4.2630619e-01
 -1.8108622e+00  6.4539516e-01  3.2199750e+00  1.8659269e+00
 -1.2491616e+00  2.0671999e-01 -2.1743329e+00  2.9702237e-01
 -2.1730704e+00 -2.9621428e-01  2.2341690e+00 -9.9912900e-01
  1.0148381e+00  1.2325662e+00 -5.2120090e-01 -4.9242142e-01
  2.7857995e-01  9.4416630e-01 -1.3803522e-01  6.1392248e-01
 -1.3972764e-01  1.5174053e+00 -1.7888451e+00  1.8421870e+00
  1.9522424e-01  1.1567954e-01  1.6970818e+00  7.3416805e-01
 -1.5550852e+00  1.0787733e+00  2.5064236e-01 -1.9061266e+00
  6.8397003e-01  4.4818279e-01  6.5167135e-01  1.2096018e+00
  1.0883272e+00 -7.2522387e-02  1.6027975e+00 -8.9898336e-01
  5.2902955e-01  2.1466494e+00 -1.4001019e+00  2.2155097e+00
  1.7404025e+00 -3.1470910e-01 -9.2401767e-01 -6.3905525e-01
 -4.8946686e-02 -1.1197249e+00 -1.0552270e+00 -9.9182904e-01
  1.5602895e+00  3.2667284e+00 -1.0788368e+00 -2.9000964e-02
  1.1992810e+00  4.8889914e-01  1.2886225e+00 -8.6072385e-02
  7.1397620e-01  3.2212281e-01  4.8021325e-01 -5.4195905e-01
 -9.8705254e-02 -9.4011670e-01  2.7516338e-01  9.5769137e-01
  1.0316707e+00 -1.3540766e+00  1.9429044e+00  1.4686457e+00
  1.0798143e+00  1.1450946e+00 -7.8533238e-01  2.7324522e-01
 -2.1533568e+00  1.8190137e+00  1.7592764e-01 -1.1930838e+00
 -1.5823818e+00  7.8590667e-01  4.7496960e-01 -2.7281940e+00
  1.4201335e+00  1.3798809e-01  1.2572463e+00  3.0765337e-01
  7.8256279e-01 -1.8892490e+00  2.3264415e+00  2.3830199e+00
 -9.5703381e-01 -2.9056120e+00 -1.0660019e+00 -4.2986012e-01
 -2.3435761e-01 -1.9202038e+00  7.5912958e-01 -2.0464578e+00
 -1.3172878e+00  4.6306533e-01 -6.1432332e-01 -1.5620099e-01
 -5.6221628e-01  7.9816180e-01  2.6033452e+00  3.8656718e-01
  1.2238820e-04  1.8529705e+00  1.3020951e-01 -1.2691958e+00
  1.9422880e+00  1.5725477e-01  9.1442424e-01 -2.2586005e+00
  1.1763667e+00  4.9771439e-02 -7.8931236e-01 -1.8837321e+00
  1.7035357e+00  7.3054373e-01  9.3990536e-03  9.8597729e-01
  1.9777972e+00  1.8875525e+00  1.0161966e+00 -1.5058019e+00
  2.9850705e+00 -2.7929575e+00 -3.6909524e-01 -9.0753907e-01
 -1.8538372e-01 -4.7386718e-01  5.4544151e-01  3.2854538e+00
 -1.1058443e+00  4.3060139e-01  2.8371096e-01  6.2548381e-01
 -1.3141890e+00 -1.6505086e+00  7.7543861e-01  2.8061336e-01
  4.1703615e-01  1.0890491e+00  7.0958757e-01 -1.7816152e-02
 -2.9570706e+00  1.1519351e+00 -4.3561000e-01  1.9924645e+00
  3.6183138e+00  7.1139759e-01  9.6302837e-02  1.1419809e+00
  4.6284739e-02  1.1915001e-01  1.7832826e+00 -3.4922665e-01
  2.1494575e+00  1.4449204e+00  1.8239341e+00 -9.8363332e-02
  1.0636570e+00  9.9806005e-01 -7.6491378e-02 -7.6852578e-01]