[[-0.27325821  0.88513001  0.10149113  0.8090711   0.82935166  0.0810564
   0.55869554  0.33352334 -1.35887947  0.8439957   0.1772582   2.89862846
  -0.47846042 -2.84111459  0.35790012 -0.08536752 -0.40634332  0.48529918
  -1.2979125   2.01746709 -0.29221667  2.90292155 -0.78020402 -0.05102249
  -0.40098932 -0.83642182  0.86899556  2.33963013 -0.31922555 -0.78203459
   0.54131166 -0.64294415 -1.30847917  0.07271583  2.12043224  1.78199818
  -0.90634166  0.25798139 -1.64521153  0.46814792 -2.24883321 -1.11272971
   1.35965735 -0.15025472  0.82810944  1.40551208 -0.55930055 -0.66438889
  -0.31662276  0.75758806  0.06902626  0.71508958 -0.56700972  1.41248235
  -0.60147846  1.38810722  0.30256362  0.63730959  0.38602541  1.17651584
  -0.29308736  1.06292943 -0.37670459 -1.34411526  0.90587567  0.85208167
  -0.12756138  0.87000348  1.23767625  0.62520682  1.37282723 -0.89876568
   0.49584473  1.1537132  -1.07839666  1.20710542  1.43879624  0.26262136
  -1.39393694 -0.85757139 -0.0580932  -0.80309918 -0.8779121  -1.45219264
   0.65109015  2.72453903 -1.4133757   0.41828069  0.98305917  0.62884959
   0.82123248  0.26578695  1.07452348  0.19822361  0.2850778  -0.25641722
   0.48749818 -1.15054085  0.05339401  0.47103305  0.71283556 -1.40055498
   1.9067957   1.71657596  0.88038389  0.62813986 -0.96233153  0.3666932
  -1.09231183  0.75950846 -0.09971527 -1.29876488 -1.34022763  0.54904152
  -0.04103847 -2.30652571  0.37537791  0.64790293  0.49489361  0.17684112
   1.71124721 -1.11345069  1.71347249  1.86846123 -1.40050988 -2.39591945
  -0.68563057 -0.79687083 -0.03970903 -1.58175515  0.0646036  -1.43278763
  -1.37480069  0.57465318 -0.19324861  0.77088124 -0.63182958  1.52924265
   1.85015763  0.85898502  0.41770138  1.44098722  0.59115625 -1.65290807
   1.27340487 -0.44991529  0.28634902 -1.47906875  1.70724571  0.16804791
  -0.76699375 -1.16214263  1.28239194  0.89209085  0.50416333  0.85006319
   1.2943686   1.72393569  2.05691028 -0.99198331  1.92018515 -2.10959763
  -0.78865138 -0.84048584 -0.17760638  0.28087237  0.52342404  2.78598554
  -0.55961487  0.17596876  0.84085125  0.88697916 -0.62024375 -0.66048306
   0.91909655  0.08923514  0.35143987  0.78036959  1.34064126 -0.38563152
  -2.46143751  1.76991668 -0.65294043  1.90777223  3.23004915  0.61468571
   0.40106001  1.50007376  0.13173861  0.21853557  1.77536348  0.68445027
   1.85909029  1.20339084  0.81657627  0.57527764  0.65552513  0.62399736
  -0.68560985 -0.49436305]]