[[-6.26700912e-01  1.31300798e+00  3.36805186e-03  8.73370030e-01
   3.31229480e-01 -6.40872907e-01  5.88908305e-01  6.40746348e-02
  -1.39322853e+00  1.21393773e+00  1.30758549e-01  2.71290209e+00
  -8.06125810e-01 -1.66811394e+00  7.63260911e-02  3.15178316e-01
  -1.08024607e+00 -4.88688786e-01 -1.57276073e+00  1.41798294e+00
   5.52765868e-01  1.89891761e+00 -1.07999705e+00  6.49034132e-02
  -8.93435219e-01 -7.14980211e-01  1.07330073e+00  2.28996682e+00
  -7.61061920e-01 -2.64415103e-01  1.07734882e-01 -4.20615583e-01
  -1.46957995e+00  5.52139015e-01  2.16892620e+00  1.15664268e+00
  -9.26585364e-01 -2.70353673e-01 -2.68757128e+00  7.77205409e-01
  -1.63674946e+00 -1.49980903e+00  1.43406635e+00 -4.16394146e-01
   9.72233832e-01  1.40849001e+00 -5.81313886e-01 -4.91222430e-01
  -2.57133898e-01  1.04571068e+00  2.84851227e-01  4.50786335e-01
  -5.95221961e-01  1.29342145e+00 -7.95764410e-01  9.20534620e-01
  -2.62976821e-01  3.06775544e-01  2.33075115e-01  9.06160717e-01
  -5.44923705e-01  1.41963586e+00  8.43893160e-01 -1.53979763e+00
   1.00532068e+00 -2.19515851e-01 -1.57190225e-01  1.21980388e+00
   1.20705171e+00  1.93581954e-01  2.34860851e+00 -4.18425827e-01
   7.28103661e-01  1.01973328e+00 -9.23613450e-01  9.78436871e-01
   1.43112149e+00  4.45478056e-01 -1.38703103e+00 -5.25931694e-01
  -9.19213429e-01 -1.09113312e+00 -3.50774133e-01 -1.23544440e+00
   6.48120482e-03  3.13687872e+00 -1.31251948e+00  2.16716577e-01
   1.08926043e+00  4.03757811e-01  1.12514004e+00  2.34668280e-02
   7.20585645e-01  3.38425328e-01 -1.69309515e-01 -3.41214164e-01
  -2.78438300e-01 -5.25919369e-01 -4.06903418e-01  1.04161448e+00
   7.14673958e-01 -1.34787659e+00  1.57438244e+00  1.30883599e+00
   1.74398732e+00  1.04189469e+00 -8.20680046e-01  5.14806091e-01
  -1.17763167e+00  1.48938881e+00 -7.80772223e-01 -1.55888615e+00
  -1.19482495e+00  1.07076872e+00  4.65955836e-01 -2.14936031e+00
   1.00931193e+00  3.83922705e-01  1.72977605e-01 -8.85004641e-02
   9.56152488e-01 -1.30378995e+00  1.27801518e+00  2.15431593e+00
  -1.20436140e+00 -2.81100448e+00 -9.17134106e-01 -7.40797807e-01
   4.09291971e-01 -1.20910660e+00  4.49183862e-01 -1.47471726e+00
  -7.28260938e-01  4.81540492e-01 -2.32384392e-01  1.15998559e+00
  -4.80144199e-01  1.84519976e+00  1.48541827e+00  5.16958739e-01
   1.52164392e-01  1.58664655e+00  7.86288254e-01 -1.92540406e+00
   1.70578215e+00 -3.41741437e-01  3.72472925e-01 -1.37025166e+00
   1.90660212e+00  1.82169030e-01 -7.94993189e-01 -1.62427176e+00
   1.31271383e+00  7.39443990e-01  7.67378833e-01  2.13977589e-01
   1.18630978e+00  1.52716363e+00  1.39803873e+00 -2.62759049e-01
   1.52055713e+00 -1.92006878e+00 -3.47590983e-01 -8.31831678e-01
   5.84793938e-01  3.70921238e-01  5.08585840e-01  2.93858169e+00
  -2.78854176e-01  1.35131907e-04  8.26068310e-02  8.18006089e-01
  -1.12293097e+00 -9.40955333e-01  1.09297370e+00  2.57033427e-01
   1.83394663e-01  1.50536435e+00  1.72190040e+00 -1.79566548e-01
  -2.25326554e+00  1.00633146e+00 -9.77680735e-01  1.35296431e+00
   2.90003293e+00  1.15540220e+00  3.33099671e-02  1.99131213e+00
  -2.66211682e-01 -2.09156819e-01  1.22447516e+00  4.93640956e-01
   2.11561511e+00  6.68444651e-01  1.87809097e+00 -3.04311221e-01
   9.87173184e-01  5.71074872e-01 -7.92648085e-01 -2.85492680e-01]]