[-0.700378    0.95220804 -0.99408996  1.438122    1.6801859   0.55381805
  1.826428    0.30637196 -2.4185343  -0.64278203  1.0728519   2.697442
 -1.007026   -2.8360438   0.55480605  1.140886   -0.27839795 -0.13330403
 -2.0870562   2.0308602  -0.612444    3.23956    -0.722946   -0.132564
 -0.92924005 -1.796612    0.96742594  4.653364   -0.35157198 -1.307994
  0.258182    0.18435001 -0.699026   -0.482706    2.7120843   2.7907958
 -2.656436    0.21324396 -1.6088539   0.2909     -4.052628   -0.01912992
  2.068598   -1.280044    1.8521478   1.5520561  -0.86076003  0.15923598
 -0.05731006  0.567774    1.09398    -0.18910596  0.70115393  1.892606
 -0.84259397  2.30682    -0.9492499  -0.28833398  1.684152    2.8752682
 -0.778608    1.2016139   0.07732401 -0.940518    1.975758    0.031586
 -0.06450997  1.205962    0.10550205  0.00580201  1.265488    0.095996
  1.3831401   2.302296   -1.43951     2.144002    1.8365141   0.46388802
 -1.529312   -0.38407     0.35531002 -1.675896   -2.05129    -0.69447005
  0.51175606  2.161194   -1.798844    0.608324    0.41144198  0.24812397
  1.310942    1.529824    0.65076     0.09621    -0.704216   -1.1594598
 -1.8906839  -0.609758    1.0227859  -0.32349402  1.7058601  -1.234474
  2.28367     3.032312    1.01529     1.207922   -0.29893202 -0.23805599
 -1.732332    2.7766242   0.48383397 -2.296804   -2.8540661   1.145232
  1.399472   -0.8009241   0.452612    1.4059579  -0.38987     0.481538
  0.76150405 -2.1248739   2.3807998   1.6405538   0.2157621  -2.8578439
 -0.887988   -1.02404    -0.97854793 -1.251406    0.27780795 -0.60566396
 -1.5991399   0.59902203 -0.813008   -0.242004    0.30069798 -0.24949999
  2.0359778   0.52166206 -0.91245     1.262862    0.73966795 -1.4717321
  2.22468    -0.9270941   1.6072781  -1.70886     3.080014    1.588168
  0.585516    0.567212    0.746866    1.239316    0.15092805  1.7392519
  1.866676    2.598204    1.045994   -1.7321199   2.386454   -2.265372
 -0.34983805 -0.93063796 -1.6283239  -0.196854    0.562482    4.0150137
  0.570994    1.13454     0.33957404  1.127974   -1.1474459  -1.9634359
  0.508824   -0.8033279  -0.28969806  0.67833406  0.94501     0.737976
 -2.5015619   0.900572    0.69977397  2.430856    3.479442    1.6622082
 -1.940286    1.403126    0.47684398 -0.194026    2.0860221   0.41736603
  0.73015     1.3348781   3.7187524  -0.18071796 -0.36106005  0.36626595
 -0.19907995  0.06663197]