[-2.07282495e+00  2.59163499e+00 -2.04998255e-03  3.40951514e+00
  1.53501999e+00  4.50977504e-01  2.19767261e+00  2.53360033e-01
 -2.26718998e+00  9.79084969e-01  2.01053238e+00  2.19724751e+00
 -1.81430507e+00 -3.27265263e+00 -1.06434262e+00 -8.64872515e-01
 -1.81109762e+00  5.89804947e-01 -6.64767504e-01  2.66889763e+00
  2.81547517e-01  4.03371525e+00 -7.58974969e-01  1.23468006e+00
 -2.74439502e+00  1.00099754e+00  9.24432516e-01  2.85342979e+00
  7.21132576e-01  3.02399993e-02  1.02385485e+00 -8.60064983e-01
 -3.32094997e-01 -7.67334998e-01  3.12657762e+00  2.49655008e+00
 -1.40528750e+00  2.09581995e+00 -4.02015734e+00  3.35772514e-01
 -1.82524014e+00 -4.25150007e-01  2.39622474e-01  5.01197577e-01
  1.81101751e+00  2.00614738e+00 -1.93917990e+00 -1.30612755e+00
 -7.77142465e-01 -7.10380018e-01  7.51055002e-01 -1.92650020e-01
 -6.66537464e-01  2.17180490e+00 -1.75521755e+00  3.34387481e-01
 -7.17500001e-02  1.53297007e+00 -3.27800512e-02  3.92492747e+00
 -9.34117496e-01  2.14020991e+00  2.87202764e+00 -6.36000037e-01
  4.55752552e-01  2.43075752e+00  3.61062497e-01  2.00828743e+00
  1.41864502e+00  1.72827512e-01  4.77097464e+00 -2.95508242e+00
  1.79592991e+00  3.03460503e+00 -4.26285028e-01 -4.86847460e-01
  1.46326745e+00  3.66477460e-01  5.50732493e-01 -1.29004991e+00
 -4.62299883e-02 -2.08379269e+00 -2.36695743e+00 -1.53275502e+00
  9.49527502e-01  2.19744730e+00 -2.16123509e+00  1.24043989e+00
  2.22384501e+00  3.45950985e+00  2.00044489e+00 -6.38480008e-01
  1.62158251e+00  1.34768510e+00  5.76537490e-01  4.66324955e-01
 -1.17111492e+00 -1.05732250e+00 -6.13007605e-01  2.59019732e+00
  1.72917974e+00 -2.95827508e-01  1.05841255e+00  9.11927402e-01
  6.16310000e-01  2.92540979e+00  6.77289963e-01 -6.63649976e-01
 -1.31834245e+00  2.42799497e+00 -1.44045025e-01 -1.09609747e+00
 -1.19464919e-01  6.11467481e-01 -8.36854994e-01 -2.56336737e+00
  3.29885095e-01  5.36080003e-01 -3.88954937e-01  2.47921753e+00
  3.26863480e+00 -4.48317558e-01  1.33155501e+00  5.74187398e-01
 -1.62266743e+00 -3.84491491e+00 -1.20982265e+00  1.02996492e+00
 -2.40502536e-01 -1.64539993e+00  5.61289907e-01 -1.85435009e+00
 -2.02524990e-01 -2.24377513e-01 -1.02191997e+00  1.92161489e+00
  2.08262473e-01  2.13104749e+00  1.17425501e+00  4.03845012e-01
  1.70403242e+00  1.31902993e+00  2.17486262e+00 -6.62865043e-01
  2.43969250e+00 -1.39948738e+00  1.03713000e+00 -1.85615504e+00
  5.45310020e-01  2.82835007e-01  6.29160106e-01 -1.50493002e+00
  3.84548998e+00  2.60006237e+00  1.46516991e+00 -1.66812754e+00
  1.42255497e+00  2.74067497e+00  2.47384977e+00 -1.56845498e+00
  1.23596752e+00 -2.73475981e+00 -6.76259995e-01 -5.70072532e-01
 -3.15892518e-01 -3.63755226e-03  4.61932570e-01  4.11036015e+00
  1.40391493e+00  2.68342584e-01  2.51442552e-01  2.45976257e+00
  8.39050114e-02 -1.14741993e+00 -1.13597250e+00 -5.55250049e-01
 -1.32699981e-01  1.43452501e+00 -1.36498499e+00 -5.28927445e-01
 -4.20591021e+00  1.10112500e+00 -7.29700327e-02  3.40256500e+00
  1.81813991e+00  1.87199759e+00  2.20867753e+00  3.22962523e-01
 -1.29004252e+00  4.01719987e-01  2.08130741e+00  1.10483253e+00
  3.18189001e+00  1.17869747e+00  9.03854966e-01 -1.23387575e-01
  1.35220003e+00 -1.62524968e-01 -8.95379961e-01 -3.64167452e-01]