[[-0.49132872  0.69488877  0.04224527  0.80999048  0.91865278 -0.25102365
   1.11783452  0.21644578 -1.5339613   0.45663914  0.18482832  1.9183616
  -1.01493933 -2.06976105  0.22585531  0.1931443  -1.10386386  0.07234355
  -1.09939808  1.39941086 -0.10836233  1.97613076 -0.59012696  0.29680729
  -0.63051976 -0.91548163  0.79682315  2.00979806 -0.45733406 -0.82966079
   0.9218737  -0.47879158 -0.9943414   0.01576395  2.12823755  1.04682341
  -0.96817391  0.26948432 -1.47112387  0.10250271 -1.89520988 -1.08336676
   1.48967101 -0.92163473  1.04042718  1.36082174 -0.62898614 -0.30643926
  -0.30153532  0.79174885  0.32821066  0.28198801 -0.0577216   1.79430523
  -0.71422183  1.27840042 -0.07561467  0.30387631  1.11439992  1.32877829
  -0.27749636  1.11491474  0.14386978 -1.43752754  0.50108288  0.51291202
   0.40173695  0.70798933  0.70969416 -0.04821975  1.47420981 -0.85554695
   0.57723264  1.30986306 -0.80356076  1.06123296  1.06976658  0.08810274
  -1.17090279 -0.54532955 -0.33973997 -0.75413388 -0.75326866 -1.32677505
   0.50875692  2.09886623 -0.78100367  0.28242683  0.2381512   0.6970624
   0.63151449  0.28877148  0.91087047 -0.02643048  0.09500912 -0.3127879
  -0.45343867 -0.4708349  -0.07409309  0.59616695  0.46626616 -1.53319732
   1.91022118  1.16082669  0.74351843  0.74875762 -0.81971042  0.29601712
  -1.3952765   1.53854858  0.03555949 -1.06663333 -1.38694876  0.81655927
   0.19313127 -2.00976487  0.57121135  0.54111817  0.34119606  0.33138901
   1.46575749 -1.43605708  1.64979339  1.508195   -0.92865995 -1.5696326
  -0.54589944 -0.37839394 -0.05885024 -1.50488813  0.3481131  -0.9341999
  -1.00938689  0.61997037 -0.08538014  0.4918234  -0.33941189  1.34449363
   1.32664676 -0.02496929  0.02186383  1.56651679  0.63939627 -1.41452156
   0.96701044  0.06539074  0.49254515 -1.11785937  1.11857633 -0.04752099
  -0.68510142 -0.71349768  0.99855575  0.61032699  0.28636499  0.64481819
   0.93302233  1.40000114  0.90837163 -0.79176056  2.20802547 -1.86855481
  -0.58829054 -0.64340893 -0.31736218  0.16865569  0.37975239  2.74365439
  -0.79702745  0.08649987  0.52724886  0.90220003 -1.07160916 -0.96486661
   0.79642084 -0.01989617 -0.06345344  1.19675297  1.18700731 -0.19568002
  -2.32225068  1.55730483 -0.60099998  1.60244471  2.63126002  0.56726414
  -0.49725318  0.79880608  0.6031443  -0.20203915  1.20947699  0.13273977
   1.50221554  1.05835651  1.23939727  0.16618137  0.7312481   0.72402348
  -0.4121606  -0.2279917 ]]