[[-0.47875402  0.91486807 -0.89328906  0.13337618 -0.10959188 -0.74979023
   0.84956163  2.35286206 -1.5492688   0.06112714  0.10198882  2.63839739
  -0.10440809 -0.94273333  0.82844552 -0.16956381 -1.49464342  0.68812603
  -0.26642334  2.46159572  0.50232185  1.21065544 -0.51195645 -0.68205767
   0.31349788  0.79908619  0.3187486   3.01267487  0.23613288 -1.21819701
   1.79541192  0.17112217 -0.87579119 -0.99915361  1.96686417 -0.12794929
   0.6943476   0.14515192 -2.34237727  0.94429581 -0.30095351  1.17056966
   0.58770658 -0.74964809  2.44852062 -0.62948197  0.46320503 -0.66688357
  -0.24487716  1.90305351  1.27379575 -1.73207177  0.1618205   1.66284998
  -1.62775121  2.1290903  -0.65652842 -0.72971842  1.94408874  1.76297454
  -0.51814454  1.3744025   0.33141426 -1.01257292  1.61289051 -0.19899473
  -0.09028237  0.75237784  0.96817037 -0.79662595  0.84257828  0.12646117
   0.33996376  0.66055933  0.1886374   0.72388829  0.53495311  0.86443574
  -0.4698231  -1.24259618 -1.72998989 -1.1246117  -0.0844514  -0.16162882
   1.03931853  2.34454684 -0.49863954  0.17615594  0.4787431   0.63782143
   1.4513696   0.08145711 -0.41054882  0.6089445   1.27551648 -0.28227215
   0.5038152   0.32492429  1.17921946  1.3606929   1.20891942 -0.8038674
   1.90872223 -0.80875598  1.19081686 -0.81584521 -0.24636335  0.76052258
  -2.24753569  0.53119881  0.74855519 -1.05761908 -1.61139737 -0.23579641
   0.35295736 -2.73951297  1.1942565   0.62921928 -0.34426765 -1.03790206
   2.53230945 -0.93293066  0.68562859  1.98414093 -0.65823981 -1.94532087
  -1.04706599 -0.41122906  0.22232329 -2.39884563  0.57996255 -0.70700907
  -0.8620385   0.162395   -0.8638374   0.03610404 -0.22823732  0.54689687
   0.78495269 -0.5481807   0.32855193  1.6147655   0.20972382 -2.30623171
   0.69369836  0.1406821  -0.00851452  0.29547239  1.09247156  0.8911242
  -0.0977124  -1.40991879  0.77389285  0.35507331 -0.58841683  1.55548429
   1.85144357  1.22816903  2.13606996 -1.55685894  0.72563524 -0.9234969
  -0.84807804  0.17013098 -0.4528836   0.84308603  0.83688573  1.3661329
  -1.00109483  0.95972902 -0.18942474  0.10123216 -1.74580124 -0.10491548
   0.89685743 -1.07227447 -1.35286286  1.02491854  1.2555058   1.63324568
  -1.31881079  1.23267645 -1.73088208  2.33217229  2.8309643  -0.18470048
  -1.36505399  1.46045617 -0.28627141 -1.10950887  0.94451524  0.70721282
   1.46404592  0.44935376  1.75715104 -1.10768193  0.36933831  0.60577261
  -0.30648856  0.28363571]]