[-7.9429942e-01  9.9226654e-01  2.5551334e-01  7.9207295e-01
  1.2039467e+00  5.3917283e-01  1.1690742e+00 -2.3006192e-01
 -2.2966237e+00  2.1151140e-01  7.9300052e-01  2.4535985e+00
 -1.0074733e+00 -3.6885936e+00  7.5615758e-01  2.1714093e-01
 -1.1712503e+00 -7.8673202e-01 -1.5078287e+00  1.5579209e+00
 -6.7310756e-01  2.9616508e+00 -7.6688564e-01  6.6370040e-01
 -3.0746616e-02 -5.6485003e-01  1.2626143e+00  2.3346310e+00
 -5.4984331e-01 -1.2424386e+00  8.1179476e-01 -8.7595761e-01
 -7.5220239e-01 -8.6554182e-01  3.3425984e+00  1.9763649e+00
 -1.6996970e+00  7.0210725e-01 -1.6085556e+00  3.2835901e-01
 -2.6764219e+00 -9.1651279e-01  2.0703621e+00 -1.7682572e-01
  9.3970138e-01  2.0660503e+00 -8.7874329e-01 -1.0673732e+00
  5.1928335e-01  2.4094548e+00  3.1316376e-01  4.7662091e-01
  4.6208712e-01  2.9008136e+00 -9.6444046e-01  1.4759810e+00
 -4.6519810e-01  3.2581338e-01  5.5778992e-01  1.6417191e+00
 -6.8048376e-01  1.2492483e+00  1.5300095e-01 -1.3430166e+00
  1.2374877e+00  8.4775424e-01  7.5836325e-01  4.7562763e-01
  4.5374715e-01 -8.7126511e-01  1.1963296e+00 -9.2312956e-01
  1.0582191e+00  1.7305300e+00 -1.2835340e+00  1.6210436e+00
  1.1415167e+00  2.9865718e-01 -2.3492131e+00 -6.0675240e-01
 -2.3628089e-01 -1.3702511e+00  4.8857617e-01 -1.4430076e+00
  8.2407236e-01  2.3706126e+00 -4.5761579e-01  1.6585600e+00
  4.8331723e-01  1.8543485e+00 -2.7219171e-03  3.8231191e-01
  9.3998808e-01 -5.9503335e-01 -2.7011666e-01 -6.1302507e-01
 -1.1681414e+00 -7.2645396e-01 -7.7192044e-01  1.1217227e+00
  1.0041995e+00 -1.6147968e+00  2.7786012e+00  1.6992086e+00
  1.2527343e+00  9.6935529e-01  2.0883191e-01  4.7885051e-01
 -2.1304343e+00  6.9100672e-01  1.7469381e-01 -9.6059519e-01
 -1.0000352e+00 -4.1987625e-01  8.8201153e-01 -2.0178099e+00
  5.9086049e-01 -1.0687383e-01  4.0368903e-01  7.7017856e-01
  2.1201901e+00 -2.1284726e+00  2.6227460e+00  2.1464741e+00
 -1.4966331e+00 -1.6848512e+00 -1.7620684e+00 -1.9026189e-01
 -5.6276128e-02 -1.7691790e+00  9.5503473e-01 -1.9314455e+00
 -2.0013976e+00  5.6359720e-01 -3.2701379e-01  6.1489707e-01
 -1.0910728e+00 -1.8570380e-01  8.3508664e-01  6.9660485e-01
  5.9517664e-01  2.4742985e+00  5.3183186e-01 -1.0967672e+00
  7.9643941e-01 -1.6937377e+00 -1.8702953e-01 -2.0223215e+00
  1.6639426e+00  5.5217522e-01 -5.3022569e-01 -9.9681652e-01
  1.0935776e+00  1.4164239e+00 -9.8670441e-01 -6.6621864e-01
  1.1082268e+00  2.3539708e+00  2.5434642e+00 -4.0446669e-01
  2.8074923e+00 -2.2464051e+00 -6.5802348e-01 -3.0715716e-01
 -5.9145617e-01 -6.4934283e-01  7.2675717e-01  3.5287938e+00
 -1.1265520e+00  3.5719714e-01  4.8451665e-01  1.2968930e+00
 -1.3066618e+00 -1.5735557e+00  5.4848945e-01  2.2753856e-01
  2.4843904e-01  1.0947834e+00  1.2593428e+00 -9.0801440e-02
 -3.0180676e+00  1.4307461e+00  8.9533344e-02  1.1461252e+00
  3.2793927e+00  7.3575765e-01 -1.4824468e+00  1.5862089e+00
  1.1285052e+00 -2.2780187e-01  1.3816403e+00  2.0371763e-01
  1.2364404e+00  1.2680724e+00  8.0424553e-01  1.5573761e-01
  7.6323038e-01  1.6933156e+00 -9.5437419e-01  2.7935147e-01]