[ 0.02339274  1.02332    -0.4055582   2.0660985   0.822479   -1.0039109
  1.0661716   0.07369273 -2.1789694   0.2647109  -0.20370999  1.8969619
 -1.0897635  -3.0902734   0.64990276 -0.0781264  -0.91029    -0.47208998
 -1.8328327   1.2884091  -1.2057027   2.7667925  -1.8575528  -0.04326912
 -0.6628418  -1.0120445   1.2984973   3.5125656  -0.5739655  -1.5967281
  0.34831002 -1.5059762  -1.4730811  -0.07338181  3.1300583   1.5510554
 -1.655859    0.4611882  -1.8615364  -0.31751636 -2.6767972  -1.1052146
  1.8201083  -0.50473094  0.1274455   1.8232518  -0.7580164  -0.13141724
  0.09618818  0.37428635 -0.20823997  1.14718    -0.51983     1.7311455
 -1.3697928   1.65661    -0.69478     1.4878719   1.5201801   1.6040727
 -0.9124317   1.5332619   0.39690268 -1.0176455   0.37998086  0.37493733
  1.076078    1.2975837   1.0677238   0.3754764   2.1026545  -1.0514554
  1.0467227   1.9710118  -1.7993275   1.7391492   1.3979608  -0.23404542
 -1.0120109  -0.6806918   0.11864185 -0.38042003 -0.6748646  -1.6040235
  1.0385135   2.0598564  -0.71780276  0.15224186  0.02174185  0.9684782
  1.2283583  -0.27547365  1.1332246  -0.27205908  0.00682724 -0.25132453
 -1.4138037  -0.36712447  0.39550638  0.9356155   0.7383591  -2.761991
  3.4120848   1.4926628   1.5993454   1.4436727  -0.47482002  0.17177182
 -1.186391    1.6589702  -0.2980282  -0.78425825 -2.0154335   0.76954
  0.49897993 -2.122697    0.49433997  0.23233181  0.43078092  0.35889724
  2.2119408  -1.7228801   2.1055863   1.4072     -1.9795827  -1.5152416
 -0.49374822 -0.7475555  -0.12528454 -1.1257237   0.9732637  -1.6739419
 -2.0023983   1.7065552  -0.8411918   1.1084727  -0.41543913  1.346151
  0.7413836   0.73843455  0.02741908  2.1090574   1.2881955  -1.7891644
  2.2080271  -0.4443017   1.3026019  -2.0867329   1.6994698  -0.48519096
 -0.56679904 -1.7118545   1.9622555   0.8029627  -0.5130936   0.5172336
  0.9465781   1.9348106   1.2494254  -0.5821154   2.903269   -1.9166782
 -1.0968764  -0.4377409  -0.2203318  -0.6223636   0.1200918   3.151428
 -0.60438544  0.46108726  0.80149895  1.9014083  -1.2415409  -1.5993927
  1.494719   -0.08203637  0.32230818  1.7180054   1.0931607  -0.5413055
 -2.4020193   1.5801517  -0.9351663   1.9806209   3.4032843   1.1434373
  0.21676363  1.5634818   1.7548856   0.35314357  1.613898    0.5472118
  2.6481326   1.1067582   0.6474674   0.5270318   0.91411644  0.22118363
  0.18001543 -0.15453361]