[-2.73999870e-01  9.08767104e-01 -1.31498063e-02  1.30426884e+00
  1.20598853e+00 -2.10106567e-01  6.47526741e-01  6.95068985e-02
 -1.62871373e+00  1.19085096e-01  2.63698041e-01  2.52398992e+00
 -5.44301927e-01 -2.25160408e+00  1.22230947e-01  1.92497626e-01
 -1.10668969e+00  1.01456285e-01 -1.54984570e+00  1.23461437e+00
  7.37546831e-02  2.66642570e+00 -1.32730496e+00  4.98407841e-01
 -6.89250410e-01 -1.04623950e+00  4.97685611e-01  2.72879601e+00
  1.92964785e-02 -1.06953239e+00  6.24794304e-01 -5.66615105e-01
 -1.06386602e+00  3.38567235e-03  2.67472458e+00  1.50695050e+00
 -7.92018831e-01  3.53149652e-01 -1.77330124e+00  3.02957386e-01
 -2.05868912e+00 -1.15947020e+00  1.85604191e+00 -6.64177775e-01
  9.37718511e-01  1.48425579e+00 -5.83466291e-01 -1.86898038e-01
  1.42843693e-01  4.70727831e-01  4.80781011e-02  3.95345092e-01
 -5.04076242e-01  1.39561820e+00 -1.03670633e+00  1.73605394e+00
  3.35586304e-03  2.55004495e-01  1.02877820e+00  1.13363600e+00
 -6.79574549e-01  1.26907563e+00  1.20374717e-01 -1.41756094e+00
  8.13068211e-01  2.28635862e-01  2.00620010e-01  1.08916485e+00
  9.69788551e-01  8.92203897e-02  1.39624798e+00 -1.32085931e+00
  8.57032239e-01  1.78938746e+00 -1.31575286e+00  1.43099105e+00
  1.18102753e+00 -3.16726267e-01 -1.25303376e+00 -3.46780598e-01
 -5.50842345e-01 -1.18161356e+00 -5.93172550e-01 -1.51849186e+00
  7.21723974e-01  2.36123991e+00 -9.51571822e-01  7.66723096e-01
  6.29405022e-01  6.18032932e-01  7.22848713e-01  6.51402354e-01
  1.14497280e+00  5.62103629e-01  3.48874368e-02 -3.52347106e-01
 -4.37115550e-01 -8.11816216e-01 -1.69503525e-01  4.73962516e-01
  5.97704351e-01 -1.46989655e+00  1.94585049e+00  1.46203542e+00
  6.77717566e-01  7.91060627e-01 -3.21962357e-01  2.76945114e-01
 -1.31800425e+00  1.41210699e+00 -6.35731295e-02 -1.49036348e+00
 -1.72596085e+00  7.75315285e-01  3.56892377e-01 -1.95222044e+00
  9.74993110e-01 -8.86407569e-02  3.73688459e-01  3.66145790e-01
  7.61757731e-01 -1.35541463e+00  1.85607970e+00  1.97818816e+00
 -1.39326596e+00 -2.21969342e+00 -1.24787211e+00 -1.55639604e-01
  3.00451934e-01 -1.52855611e+00  2.74555683e-01 -1.32309246e+00
 -1.15600467e+00  7.95815051e-01 -3.01725720e-03  7.31274784e-01
 -8.06707501e-01  1.18617976e+00  1.49362302e+00  3.60902756e-01
 -1.56797647e-01  1.25237906e+00  9.49421525e-01 -1.58588398e+00
  1.75171709e+00 -4.83417660e-01  1.02325952e+00 -2.03595376e+00
  1.71560180e+00  5.32495499e-01 -3.94895464e-01 -3.97497654e-01
  1.19311774e+00  1.27529562e+00  4.40974504e-01  5.58720708e-01
  1.25280607e+00  2.06756544e+00  9.00313854e-01 -9.75688100e-01
  2.29047179e+00 -1.85957563e+00 -8.48829031e-01 -7.54323781e-01
 -5.41557848e-01  3.14555675e-01  4.80747312e-01  3.10745716e+00
 -6.49533391e-01  1.45942375e-01  9.57911789e-01  1.06503165e+00
 -9.63664114e-01 -1.00083792e+00  5.11036992e-01  2.40010619e-01
  1.71621397e-01  1.44547081e+00  9.47399437e-01 -4.47357625e-01
 -2.03102708e+00  1.42091382e+00 -4.98227000e-01  1.57434011e+00
  3.27894354e+00  5.24522960e-01 -3.40498835e-01  1.49871063e+00
  5.10307491e-01 -3.44554722e-01  1.53391957e+00  7.13174403e-01
  1.98042130e+00  1.12046421e+00  1.10961223e+00 -1.99976698e-01
  9.61519659e-01  1.82256654e-01 -2.53815114e-01 -2.43844688e-01]