[[-0.40374831  0.39367122 -0.38407221  0.38384865  0.55417152 -0.18831407
   0.49112253  0.20062762 -1.6152439   0.48094034  0.18230916  1.85625792
  -0.46448222 -2.25117167  0.20760152  0.17869898 -1.04281339  0.0525917
  -0.88882155  1.31078219 -0.34999049  2.05787783 -0.87621234  0.1468983
  -0.75120592 -1.04466136  0.5885078   1.86897999 -0.6851056  -0.85498593
   0.53972424 -0.97645204 -1.01927135 -0.16939205  2.09376542  1.35305456
  -1.18153562  0.3546844  -1.52473538  0.35367847 -2.01684118 -0.99296679
   1.39565951 -0.0929159   0.93931119  0.96349848 -0.85978118 -0.24499458
  -0.0607356   0.79270083 -0.13581152  0.52721645 -0.32492967  1.11630118
  -0.97344998  1.26216017 -0.27424662  0.37248881  0.85758727  1.42055438
  -0.6302661   1.14687678  0.26422777 -1.08242137  0.75997542  0.2679066
   0.54106271  0.64859831  0.7288166  -0.08981423  1.41433612 -0.8997995
   0.77629033  1.34301745 -1.21038507  0.54088422  1.43171694  0.16055424
  -0.8817602  -0.5208261   0.01835577 -0.96066901 -0.49618034 -1.3007873
   0.35918678  2.28101151 -1.28852102  0.9409234  -0.03077355  0.34058324
   0.60312221  0.58882442  0.94794679  0.26313998  0.08872493 -0.43859731
  -0.34078019 -0.23105306  0.14477728  0.7911644   0.8327534  -1.43002696
   1.82438915  1.12341731  1.01331338  0.75909948 -1.15143068  0.10595646
  -1.60617033  1.58188218  0.12309288 -0.84287881 -1.19209455  0.9283822
   0.28524542 -1.45449392  0.51790201 -0.0299844   0.50875965  0.44519102
   1.22635896 -1.65041034  1.34223424  1.32159997 -1.47621017 -1.87198353
  -0.94406862 -0.27204304  0.3299695  -1.20274236  0.4079151  -1.28212594
  -1.15571661  0.80219782 -0.55144169  0.67722084 -1.06711172  1.2772273
   1.12481033 -0.01313051  0.16641796  1.05052133  0.81349117 -1.59880526
   1.04837307 -0.59645576  0.34419184 -1.55246135  1.27627797  0.00647237
  -0.61313492 -0.62414286  1.02245339  0.74505153 -0.02529474  0.35396628
   0.9532112   1.50841882  1.24954676 -0.59096864  2.17671187 -1.45008796
  -0.66656305 -0.64292035  0.07843711  0.21853     0.19247306  2.99577096
  -0.52597032  0.62879796  0.18720677  0.48048084 -0.7737083  -1.26301136
   1.10217932  0.15684644 -0.53291831  1.13098072  1.33297116 -0.19273881
  -2.19193118  1.31333035 -0.49772204  1.42312508  2.44729637  0.22111508
  -0.13136864  1.03800509  0.39626119  0.13181305  1.40067051  0.45384915
   1.37607796  0.64755864  0.77376678 -0.01823272  0.66647307  0.55064984
  -0.4054171  -0.25320866]]