[-0.12004772  0.5439244   0.1529374   1.195701    0.91283965 -0.34773538
  0.7258828   0.45184278 -1.6103383   0.59724486 -0.2141618   2.908856
 -1.260317   -1.9092002   0.49485818 -0.10133055 -0.37505177  0.27440792
 -1.2767712   1.2399929  -0.09129433  2.735642   -0.80065584  0.28229025
 -1.0740447  -1.0322497   0.3991818   2.4682956  -0.42799592 -1.202483
  0.6832261  -0.27495974 -1.2438781   0.23691696  1.9621829   1.9089631
 -0.9131326  -0.30334717 -1.991131    0.15430462 -2.6550395  -1.0815928
  1.3789512  -0.32540232  1.1841776   1.018717   -0.8030318  -0.38266978
 -0.26038507  0.49058852  0.35151282  0.83173907 -0.9072128   2.2953718
 -1.2128707   1.596377    0.20662564  0.08945616  0.8973842   1.0126388
 -0.7519661   1.4454485  -0.42759752 -1.6533023   0.894196    1.0347948
  0.84706026  0.50749636  1.7541052   0.23664516  1.4387517  -0.5512416
 -0.04452232  1.5079434  -1.059518    1.0980184   1.6097331   0.28142256
 -1.4917035  -0.9429323  -0.02656358 -0.6685379  -0.5971438  -1.493171
  0.17268822  2.4045973  -1.163796   -0.18568102 -0.07571306  0.7787965
  0.5323939   0.5375508   0.86678725 -0.08394618  0.0851936  -0.38163772
  0.19410668 -0.61755127  0.5119723   0.30971768  1.2009     -1.1892537
  1.5777318   1.3012252   1.3068982   0.5905239  -0.7388165  -0.08839693
 -1.1949509   1.1787829  -0.55471325 -1.0636287  -1.8663238   0.6325395
  0.31133947 -2.1454391   0.68230945  0.15122902  0.5985492   0.37465617
  1.3377093  -1.9047424   1.2836001   1.6107825  -1.4647958  -2.339776
 -0.97917664 -0.9393686   0.24065049 -1.4284871   0.4465513  -0.7012889
 -1.640428    0.78372234 -0.30103332  0.9846896  -0.5408982   1.2702024
  2.3389783   0.5268469   0.15012872  1.6858692   0.6193236  -1.7081903
  1.1331269   0.04307899 -0.06194254 -1.4129193   1.330758    0.34448153
 -0.59786147 -1.3261266   1.687546    0.20660305  0.35787076  0.7154006
  0.8350382   1.9049532   1.7441962  -1.1684341   2.0220475  -1.8165
 -0.8156179  -0.3031339   0.10912895  0.01326128  0.3406336   3.2816994
 -0.5150013   0.44275132  0.6149984   0.8540874  -0.43565774 -1.5077233
  0.90232563  0.11655431 -0.17713203  1.2553986   1.7414346  -0.25391954
 -2.363709    1.477307   -0.97377884  1.3473613   2.7396986   0.03747253
  0.04775328  1.679892    0.50618184 -0.08372715  1.3444303   0.5792184
  2.055026    0.8325812   1.4428604   0.10906178  0.6197285   0.92743695
 -0.4304387  -0.38831818]