[-6.06686056e-01  1.52659905e+00 -1.14241913e-01  8.78361881e-01
  1.34995341e+00  4.72289979e-01  2.96780795e-01 -1.69298664e-01
 -1.88335168e+00  6.52366400e-01  5.20516515e-01  2.57208872e+00
 -1.16026139e+00 -3.12893605e+00  3.11350659e-03 -4.38151658e-01
 -7.43725121e-01 -4.86597210e-01 -1.95285738e+00  1.39221978e+00
  2.23075718e-01  2.94005156e+00 -1.43622756e+00  4.55672853e-02
 -7.10115254e-01 -9.93992984e-01  9.43408430e-01  2.61491990e+00
 -1.42011106e-01 -9.37123299e-01  8.24371636e-01 -1.10665846e+00
 -9.17313755e-01  3.00364047e-01  2.83991194e+00  1.22515750e+00
 -7.76134908e-01  6.50391519e-01 -2.30680275e+00  5.41863024e-01
 -2.83925867e+00 -1.11219418e+00  2.25475073e+00 -3.14611375e-01
  1.38406742e+00  1.13543224e+00 -1.07201612e+00 -7.73561120e-01
 -3.78286876e-02  8.65923524e-01  8.48147273e-01  1.22990765e-01
 -2.40638599e-01  1.64759994e+00 -1.16708326e+00  1.87092507e+00
 -4.71424371e-01  3.65931630e-01  7.52528191e-01  2.13611841e+00
 -5.07855713e-01  1.28101742e+00  5.37966251e-01 -1.39218915e+00
  5.63247085e-01  2.67070264e-01  4.60055649e-01  1.51908779e+00
  9.53210592e-01  5.76224446e-01  1.86091363e+00 -1.68256867e+00
  1.33919263e+00  1.22759187e+00 -1.91802669e+00  1.08792889e+00
  1.10839581e+00  9.80770528e-01 -1.67012703e+00 -1.90444902e-01
 -2.94632137e-01 -1.19082701e+00 -3.58003289e-01 -1.59968066e+00
  4.25907552e-01  3.16910148e+00 -1.14319193e+00  2.08035207e+00
  7.06744373e-01  1.43094349e+00  7.60118723e-01  9.66331482e-01
  1.13059306e+00  8.52421522e-02 -1.67052135e-01 -5.36226451e-01
 -5.29408634e-01 -6.28440201e-01 -2.43661627e-01  8.42016459e-01
  6.54661834e-01 -1.44157147e+00  2.10133505e+00  8.06441545e-01
  6.17549717e-01  6.00905359e-01 -5.75212121e-01  9.95537862e-02
 -1.75660622e+00  2.13215804e+00 -2.63116043e-02 -1.54610479e+00
 -1.64363039e+00  1.01058924e+00  5.22351384e-01 -2.41862035e+00
  8.83201480e-01  7.23251462e-01  8.62466872e-01  1.08294025e-01
  1.04979360e+00 -2.05774784e+00  1.67226744e+00  1.73592341e+00
 -7.60954559e-01 -2.83780074e+00 -1.62828124e+00 -5.88268399e-01
  6.78691939e-02 -9.64516699e-01  1.02178788e+00 -1.60893607e+00
 -1.17531085e+00  7.30832458e-01 -5.87261617e-01  7.29895055e-01
 -1.14813828e+00  1.47304261e+00  2.03784132e+00  1.16025198e+00
 -2.50952423e-01  1.08566403e+00  1.21290684e+00 -1.62519360e+00
  2.09767437e+00 -9.90755022e-01  3.11052412e-01 -1.58435309e+00
  1.86534429e+00 -1.36968926e-01 -5.77453017e-01 -9.27349091e-01
  1.31441879e+00  1.26331151e+00 -1.70484744e-03 -2.25694533e-02
  1.62243176e+00  2.06065822e+00  2.08542824e+00 -9.95566189e-01
  2.96660829e+00 -2.79382014e+00 -6.40455723e-01 -1.24393880e+00
 -1.84782699e-01 -4.05740626e-02  7.36040115e-01  4.06156588e+00
 -7.54770339e-01  1.00294256e+00  5.74858308e-01  1.04976845e+00
 -7.01828599e-01 -1.50950086e+00 -7.40713850e-02  5.56153990e-02
 -4.21348996e-02  9.71057296e-01  1.53245914e+00 -3.07869762e-01
 -2.95744729e+00  2.00758481e+00 -7.70574629e-01  2.10027051e+00
  4.22369480e+00  4.07789707e-01 -1.93870306e-01  1.00787866e+00
 -1.11523785e-01 -1.22175433e-01  2.02957392e+00  1.50100276e-01
  1.78076363e+00  6.62945926e-01  2.02690101e+00 -1.57702699e-01
  3.73707473e-01  4.85598326e-01 -2.68075436e-01 -1.40235126e-01]