[[-3.61886611e-01  4.92324643e-01  6.53406543e-02  4.59283851e-01
   9.08261027e-01  5.08246166e-02  5.50238344e-01  2.00765830e-01
  -1.00681212e+00  3.73232077e-01  1.42389551e-01  1.96030330e+00
  -8.40770131e-01 -2.48321762e+00  4.67182438e-01 -1.79127693e-01
  -5.09964935e-01 -3.03070099e-01 -1.02483209e+00  1.24221670e+00
  -2.39006680e-01  1.98241716e+00 -7.77544514e-01 -4.07697612e-01
  -3.15311414e-01 -1.05233831e+00  1.00641408e+00  1.93832656e+00
  -3.30933310e-01 -1.02765195e+00  6.89860849e-01 -7.06764829e-01
  -7.22140456e-01  2.11934058e-02  2.20646009e+00  1.40744609e+00
  -9.87127132e-01 -1.21194295e-01 -1.25230361e+00  2.64104274e-01
  -1.60173904e+00 -8.87547720e-01  1.13303477e+00 -4.14843605e-01
   7.53980851e-01  1.16963615e+00 -6.05525392e-01 -7.10175621e-01
  -1.05980665e-01  7.08912249e-01  3.44556105e-02 -1.10316153e-01
  -6.84868510e-03  1.17166387e+00 -5.08991328e-01  1.05016978e+00
  -4.54487458e-01  4.80529011e-01  3.91231414e-01  1.16103120e+00
  -3.41418979e-01  1.46428233e+00  1.34529327e-01 -8.95152633e-01
   1.34098667e-01  4.05061770e-01  1.32936053e-01  7.79712166e-01
   8.15427103e-01 -1.08857046e-01  1.35269506e+00 -9.47628217e-01
   9.11858217e-01  1.24048459e+00 -1.03377297e+00  1.18448700e+00
   8.06995742e-01  4.17715841e-01 -1.03154989e+00 -4.95600136e-01
   1.05121103e-01 -4.89797986e-01 -6.16690585e-01 -1.30859902e+00
   4.35569484e-01  2.27641802e+00 -1.11087338e+00  6.52611849e-01
   7.63956244e-01  3.81948241e-01  6.34825037e-01  4.70372106e-01
   6.87349593e-01 -1.28498890e-01 -1.18797367e-01 -6.70616902e-01
  -7.33809435e-01 -1.19279886e-01 -3.15645005e-02  5.58104406e-01
   7.89275788e-01 -1.61106852e+00  1.74126749e+00  8.76725173e-01
   7.88958356e-01  5.97399450e-01 -5.62054726e-01  8.67936409e-02
  -1.06564243e+00  9.93326260e-01  7.54546203e-02 -1.21140864e+00
  -1.03019802e+00  7.46994491e-01  2.57627241e-01 -1.85354225e+00
   7.34395738e-01  3.66882741e-01  1.75267065e-01  1.85877802e-01
   1.24769804e+00 -1.35295855e+00  1.44373479e+00  1.09565766e+00
  -1.04377790e+00 -1.53127255e+00 -8.68517430e-01 -6.25975721e-01
   6.20506465e-02 -1.17585729e+00  5.72220884e-01 -1.40546119e+00
  -1.10288507e+00  3.32324062e-01 -2.78386481e-01  5.94510650e-01
  -4.34284828e-01  1.37740449e+00  7.57240005e-01  1.99277587e-01
   4.96323290e-01  1.27345516e+00  7.87644501e-01 -1.16818666e+00
   1.36610460e+00 -4.98690105e-01  4.71462298e-01 -1.54484238e+00
   1.07980951e+00  1.20193845e-01 -6.82697169e-01 -1.21087433e+00
   5.33020659e-01  1.10124724e+00  9.64290288e-04  3.29846709e-01
   1.02836232e+00  1.50003470e+00  1.55774968e+00 -3.36543524e-01
   2.27701891e+00 -1.40989747e+00 -7.61627555e-01 -9.77485378e-01
  -1.25121445e-01 -7.60090960e-02  2.67305722e-01  2.58295020e+00
  -2.44011964e-01  3.46601971e-01  5.37445157e-01  1.28916490e+00
  -6.28120554e-01 -1.08288544e+00  6.84726291e-01 -2.77486372e-01
  -4.00236155e-01  9.71055522e-01  1.54725355e+00 -4.21367270e-01
  -1.90987914e+00  1.41802467e+00 -5.29056943e-01  1.61633367e+00
   2.46108686e+00  6.05825061e-01 -4.95983979e-01  5.46192974e-01
   1.15730976e-01 -3.17423862e-01  1.35870257e+00  8.47986806e-02
   1.22608023e+00  1.07880434e+00  9.36843488e-01  2.19885380e-01
   7.08326346e-01  7.93742084e-01 -2.79804741e-01  1.76641983e-01]]