[[-4.50458925e-01  6.32229469e-01 -1.03470813e-01  6.92774324e-01
   9.55681605e-01  4.56682361e-02  5.79428632e-01  5.08524564e-01
  -1.72180705e+00  3.55847283e-01  3.22143101e-01  2.22746866e+00
  -5.59305686e-01 -2.19013428e+00  1.55300953e-01  1.67713096e-01
  -6.28558535e-01 -2.80521452e-02 -1.19017281e+00  1.51192199e+00
  -1.79115403e-01  2.36698503e+00 -7.04189716e-01 -3.55451306e-02
  -7.08945671e-01 -1.30259855e+00  3.28190144e-01  2.25660639e+00
  -6.35754744e-01 -8.69237715e-01  8.55866914e-01 -7.66670942e-01
  -9.96517857e-01  3.42573112e-01  2.06217014e+00  1.36373930e+00
  -1.35382495e+00 -1.15762044e-01 -1.87554909e+00  3.64874999e-01
  -1.87747747e+00 -1.02801892e+00  1.16111124e+00 -1.06380434e+00
   9.35573893e-01  1.66809431e+00 -8.03417570e-01 -6.47841096e-01
  -2.43480268e-01  8.34117944e-01  4.30570809e-01  6.58722676e-01
  -7.95409511e-02  1.76622673e+00 -4.41620813e-01  1.69737259e+00
  -2.03676743e-03  5.62138372e-01  8.73647423e-01  7.84425139e-01
  -2.08372838e-01  1.23103688e+00 -4.15139216e-02 -1.44256540e+00
   6.01013262e-01  5.50810685e-01 -1.13476072e-01  5.53115133e-01
   9.87969457e-01  1.79869728e-01  2.05739385e+00 -1.04157178e+00
   8.34127309e-01  1.36332509e+00 -1.25607552e+00  1.39540487e+00
   1.22593351e+00  9.41079946e-03 -1.42004473e+00 -4.66922559e-01
  -4.22117565e-01 -7.79930021e-01 -1.01348691e+00 -1.62949055e+00
   4.68801360e-01  2.51439220e+00 -1.04792432e+00  4.35158367e-01
   7.58057333e-01  9.92246227e-01  9.16890136e-01  4.01795840e-01
   1.01566560e+00 -8.28144533e-02  4.91416502e-02 -5.03069462e-01
  -2.63928781e-01 -6.62081337e-01  3.08121614e-02  6.40143493e-01
   6.96745534e-01 -1.89406817e+00  1.91310609e+00  1.32250054e+00
   7.91796323e-01  8.18698937e-01 -6.89242818e-01  1.91537843e-01
  -1.68945041e+00  1.40373204e+00 -1.32072303e-01 -1.36242135e+00
  -1.67526228e+00  6.19132005e-01  5.03641509e-01 -2.11062213e+00
   6.64403238e-01  2.46978236e-01  1.64698493e-01  5.74244059e-01
   9.18021895e-01 -1.53748931e+00  1.54092474e+00  1.55152336e+00
  -1.35579295e+00 -2.14381629e+00 -1.08274471e+00 -1.66839868e-01
   4.25551907e-01 -1.79212865e+00  6.37155290e-01 -1.04813311e+00
  -7.56913119e-01  9.96909183e-01 -4.88595533e-01  5.74607693e-01
  -7.52980564e-01  1.83510780e+00  1.13766418e+00  5.16605652e-01
   1.07327167e-01  1.49094862e+00  8.31786735e-01 -1.85241693e+00
   1.42167433e+00 -4.71703102e-01  3.31703647e-01 -1.77307329e+00
   1.42580947e+00  2.94798521e-01 -6.48027991e-01 -8.97442413e-01
   1.22395853e+00  1.22111513e+00  6.40580673e-01  9.44164453e-01
   9.51572025e-01  1.95366162e+00  1.10574150e+00 -5.43242844e-01
   2.33427042e+00 -1.94026310e+00 -8.59853498e-01 -6.86747301e-01
  -7.06414931e-02  6.96521402e-02  1.52345818e-01  3.37868984e+00
  -7.60427843e-01  7.32436102e-01  6.24973119e-01  1.10617675e+00
  -7.14273483e-01 -7.78759327e-01  8.54034447e-01  2.52334332e-01
   1.49110891e-02  1.54190777e+00  1.38359216e+00 -4.68233656e-01
  -2.25172172e+00  1.31547295e+00 -8.99541637e-01  1.34017945e+00
   2.83057422e+00  6.49222278e-01 -1.38521629e-01  1.03108187e+00
   2.39331479e-01 -2.48448679e-02  1.40944226e+00  5.71268365e-01
   1.79900903e+00  6.33063516e-01  1.49914391e+00  2.33409331e-01
   6.48492414e-01  8.70992175e-01 -3.91577021e-01 -9.02283987e-03]]