[[-0.24350955  1.38763631  0.09876687  0.74013414  0.98274255 -0.06229732
   0.77585627 -0.0226621  -1.24625995  0.46412495  0.66057455  2.38424752
  -0.64928907 -2.59872066  0.01552519  0.14218464 -0.90103672  0.1582715
  -1.7519306   1.4613359  -0.07613195  2.51863571 -0.62808494 -0.06102779
  -0.75140461 -0.71054173  1.30679467  2.35932388 -0.88023077 -0.34721207
   0.44580322 -0.96391605 -0.73166344  0.41972062  2.01840996  1.90565543
  -0.53271631  0.22807087 -1.5518564   0.38135702 -1.97828509 -1.20380209
   1.50570843 -0.37298536  0.97177252  1.29150382 -0.9025492  -0.81220712
  -0.06641344  0.84140296  0.12202284  0.7497812  -0.11131251  0.70503785
  -0.67133431  1.20123113 -0.46068537  0.5460848   0.36981923  1.13503118
  -0.42914145  1.1595771   0.56321274 -1.18142124  0.92440407  0.01704881
   0.46894029  0.68851483  0.81709014 -0.00756328  1.94674031 -0.86847841
   0.73492092  1.52649504 -1.6738057   0.83471764  1.31340506  0.48434744
  -1.80426833 -0.00608505 -0.67994623 -0.98826082 -0.62257649 -1.19949303
   0.14480554  2.81189564 -1.28352963  0.56153294  1.35679402  0.94562719
   0.55923283  0.59942376  1.20266896  0.02782789 -0.15843104 -0.51314108
  -0.1965557  -0.95160813 -0.62881266  0.80952065  1.14875626 -1.7439399
   1.60907121  1.08915585  0.68596605  1.34288059 -0.86282004  0.53543597
  -0.67874265  1.54918015 -0.52605197 -1.32128219 -1.48981726  1.13144265
   0.13207325 -1.66722538  0.73993671  0.59284415  0.24534884  0.27184013
   1.23817646 -1.5311277   1.73246544  1.58678639 -0.83736595 -2.34438469
  -0.84908078 -0.28979883  0.07170567 -1.17202852  0.51053439 -1.30454271
  -0.8426017   0.60072373 -0.24540117  0.57495008 -0.74074361  1.45411827
   1.24331664  0.78498997  0.05792286  1.22825069  1.2222882  -1.12154565
   1.25246926 -0.47291658  0.24287986 -1.72208198  1.30224344  0.29284836
  -0.39768668 -0.82162852  1.50303608  0.88163313  0.53652851  0.20677792
   0.96088695  1.33866333  1.33313739 -0.37241537  1.96528889 -1.69573221
  -0.06043701 -0.87267202 -0.00886164  0.03573955  0.69663061  2.78786501
  -0.75301056  0.60258193  0.52816315  1.26449982 -0.3390985  -1.10076561
   0.04326358  0.13658044 -0.16206179  1.32589572  1.17421412 -0.34164086
  -2.44358225  1.27633351 -0.50017208  1.26483236  2.72720248  0.39952675
   0.14105864  1.21089229  0.13421313 -0.32261644  1.76146627  0.13346463
   1.90147225  0.49197626  1.03561718 -0.12467822  0.41699252  0.50889818
  -0.90688605 -0.1558036 ]]