[[-4.61976415e-01  1.07389679e+00 -2.82517848e-01  1.02853255e+00
   1.22552925e+00 -3.50378424e-02  3.78878223e-01  2.85468555e-01
  -1.94699331e+00  3.50997863e-03  4.64659985e-01  2.27210998e+00
  -7.23672508e-01 -2.12240997e+00 -2.70841116e-01 -1.54178936e-01
  -8.88406793e-01  2.49254619e-01 -2.07805071e+00  9.33533932e-01
  -8.40885565e-02  3.13932282e+00 -1.22913002e+00  1.08704610e+00
  -8.29384657e-01 -3.72559654e-01  4.43732511e-01  2.62229073e+00
  -1.25301429e-01 -6.60292878e-01  6.65072144e-01 -6.29079986e-01
  -6.62488554e-01 -1.42401767e-01  2.58111115e+00  1.85264496e+00
  -8.48807191e-01  1.92429990e-01 -1.72918886e+00  1.02682114e-01
  -2.32967844e+00 -1.37375967e+00  1.83667042e+00 -1.09554292e-01
   1.27691286e+00  1.53110108e+00 -7.53005707e-01 -8.08574632e-01
  -5.46074339e-04  9.76496113e-01  2.50817166e-01  3.56999993e-01
  -2.08946288e-02  1.25927926e+00 -1.19455465e+00  1.37448458e+00
   9.99703554e-02  2.47448236e-01  3.62706462e-01  1.14894604e+00
  -2.77947100e-01  1.05897218e+00  6.14786405e-01 -1.46420204e+00
   7.83280036e-01  6.82883217e-01  3.44054287e-01  1.42162896e+00
   7.77935705e-01 -3.60541423e-01  1.96524115e+00 -1.09691931e+00
   3.51397840e-01  1.53745426e+00 -1.42851964e+00  1.29741602e+00
   1.54323999e+00  6.79835720e-01 -1.39825432e+00  1.58405351e-01
  -3.73095727e-01 -1.32294785e+00 -5.49174234e-01 -1.10467606e+00
   5.13078933e-01  1.98075861e+00 -8.95419638e-01  6.26349269e-01
   1.22098932e+00  1.43870854e+00  1.15117217e+00 -1.11662873e-01
   1.26558109e+00  5.44417926e-02 -6.76857250e-02 -2.18862505e-01
  -6.93465016e-01 -9.61161417e-01 -5.74733556e-01  7.39495706e-01
   6.39107877e-01 -1.26227605e+00  1.85412464e+00  1.40909386e+00
   7.63078575e-01  6.64394662e-01 -4.15092495e-01 -2.99221425e-01
  -1.34216924e+00  2.36183644e+00  8.56081087e-01 -1.37813151e+00
  -1.23530852e+00  1.11927643e+00  4.26784660e-01 -1.74938826e+00
   5.22647864e-01  7.18930036e-01  5.24408583e-01  3.00288548e-01
   1.05388530e+00 -1.57828606e+00  1.15187931e+00  1.81866175e+00
  -7.16657102e-01 -1.91735849e+00 -1.56054174e+00 -5.75113956e-01
  -2.47580364e-01 -1.14055649e+00  6.72676800e-01 -1.52731711e+00
  -8.92194635e-01  6.46187492e-01 -2.82182513e-01 -3.48714952e-03
   1.18739860e-02  1.21447504e+00  1.26977718e+00  6.27599304e-01
  -1.72120371e-01  2.00512040e+00  6.69483925e-01 -7.96781074e-01
   1.73112534e+00  1.67233563e-01 -2.28919696e-01 -1.64081540e+00
   1.17720109e+00  2.50835363e-01  1.00492851e-01 -7.64335001e-01
   1.47921926e+00  1.56809174e+00  2.47775366e-01  1.82129994e-01
   1.40374284e+00  2.38639502e+00  9.95301469e-01 -5.39336408e-01
   2.22226533e+00 -2.33773310e+00 -1.09325608e+00 -5.14361059e-01
  -5.66364974e-01  5.51574933e-02  7.10795343e-01  3.03107928e+00
  -9.72682113e-01  1.86227485e-01  9.44092139e-01  1.47733713e+00
  -5.05507142e-01 -8.47260761e-01  3.14448906e-01 -6.83832115e-02
  -8.63460884e-02  6.89747194e-01  8.33545772e-01  4.75414496e-02
  -2.42620541e+00  1.64061647e+00 -6.76503557e-01  1.90314610e+00
   2.99814319e+00  4.09987870e-01 -2.77802846e-01  1.50616283e+00
   1.88888580e-01 -2.35896073e-01  1.52909966e+00  4.13388544e-01
   1.90516545e+00  1.01092529e+00  2.35344963e+00 -5.71887146e-01
   6.50621467e-01  7.16280718e-01 -5.90701801e-01 -4.39637489e-01]]