[[-3.57481930e-01  7.32801268e-01 -4.85111625e-01  9.19662237e-01
   1.41489880e+00 -7.02487176e-01  1.01227708e+00  2.23703861e-01
  -1.32897897e+00  2.71585811e-01  8.49593780e-01  3.69058544e+00
  -7.64426539e-01 -2.40782347e+00  8.42006741e-01  1.44286925e-02
  -1.14815533e+00 -3.91757965e-01 -8.23812589e-01  1.70362170e+00
  -6.15531902e-01  2.95484214e+00 -5.86626437e-01 -4.43845103e-02
  -8.83147101e-01  2.25548590e-02  1.49761554e+00  2.58049119e+00
  -6.54818827e-01 -6.95643825e-01  6.39836588e-01 -6.28654572e-02
  -1.09211328e+00  1.02580102e+00  2.77947203e+00  1.75887605e+00
  -1.14139664e+00 -1.04646117e-01 -1.37400158e+00  4.09632210e-02
  -2.09922490e+00 -1.16881840e+00  2.39691266e+00 -2.42502570e-01
   1.58510588e+00  1.74120091e+00 -6.25392306e-01  2.62245017e-02
  -1.85647088e-01  5.62232233e-01 -2.14123518e-01  2.28999776e-02
   2.27664132e-02  1.15623899e+00 -7.47803027e-01  1.87904928e+00
  -6.79790285e-01  2.45827759e-01  1.78798626e+00  8.79032289e-01
  -5.09031588e-01  1.22880966e+00  4.09161014e-01 -1.76899632e+00
   8.16231058e-01  5.86519334e-01  3.85820023e-01  1.48994225e+00
   9.99478504e-01  4.68294548e-01  1.86096362e+00 -1.09843004e+00
   1.06853193e-01  2.77737444e+00 -9.18203219e-01  5.00614782e-01
   1.70978360e+00 -2.05633259e-01 -1.55528899e+00 -9.94884829e-01
  -5.56301632e-01 -1.13409193e+00 -1.11692022e+00 -1.01856333e+00
   7.50495180e-01  3.38611261e+00 -1.15749994e+00  8.50571971e-02
   8.94266069e-01  7.63427704e-01  1.22516718e+00  2.27352588e-01
   1.59304626e+00  2.73557117e-01  2.83351629e-01  2.49371267e-01
  -3.18271268e-01 -1.18908703e+00 -1.26909594e-02  3.54240948e-01
   1.06803230e+00 -1.92602733e+00  2.59584825e+00  1.10525409e+00
   1.25246493e+00  1.05918677e+00 -3.87019696e-01 -3.14400348e-01
  -1.29769592e+00  1.13058170e+00  8.50832155e-02 -1.15657513e+00
  -9.61551297e-01  6.94333161e-01 -3.53121580e-01 -2.72366153e+00
   9.36786583e-01  7.85268968e-01  7.38366412e-01  5.53369084e-01
   1.87347844e+00 -1.61076875e+00  1.55888055e+00  2.27884577e+00
  -1.15525031e+00 -2.73049383e+00 -9.49432988e-01 -6.35974184e-01
   1.25546360e+00 -1.63606033e+00  6.01028742e-01 -1.61543030e+00
  -7.88516829e-01  5.73159110e-01 -6.84886409e-01  5.67908391e-01
  -5.42457442e-01  8.76100286e-01  2.45548999e+00  2.34159731e-03
   9.18806753e-03  9.82108748e-01  4.33435840e-01 -1.40621817e+00
   1.79665093e+00 -2.22445834e-01  7.51048696e-01 -2.35240186e+00
   1.52582639e+00  7.99436469e-01 -9.25583544e-01 -8.10260369e-01
   7.16464819e-01  9.61380651e-01  7.49940249e-01  9.15656636e-01
   1.04858588e+00  2.14869225e+00  1.00825289e+00 -1.03143927e+00
   2.68851233e+00 -1.80551428e+00 -3.50877147e-01 -8.16152004e-01
   4.97483480e-01  6.28712677e-02  1.92131689e-01  2.94512517e+00
  -4.02062856e-01  1.55480612e-01  2.46623854e-01  1.22857200e+00
  -1.01011701e+00 -8.82341639e-01  5.83091536e-01  3.12460642e-01
  -4.65222597e-02  1.67726744e+00  5.56086090e-01 -1.10466310e+00
  -2.50279001e+00  1.32170007e+00 -4.27991006e-01  2.23710743e+00
   3.61134298e+00  6.88033772e-01 -5.17528011e-01  1.58845179e+00
   1.81690943e-01  9.47678474e-03  1.73418088e+00  3.03769004e-01
   2.18988420e+00  1.85389907e+00  1.52968871e+00 -2.32477088e-01
   9.61059986e-01  1.69866460e-01 -1.17045693e+00 -6.28956110e-01]]