[[ 0.15921039  0.61865119 -0.16770846  1.33370502  1.19033882  0.31942771
   0.73805229  1.01860117 -1.1535319   0.76431424  0.6051431   2.06517918
   0.09489537 -2.97649493  0.86346921 -0.73483851 -1.287595    1.04058231
  -1.76877384  1.55424962 -0.10465115  2.62852881 -0.63738886 -0.15250999
  -0.53546537 -0.19794038  0.01107309  2.17628497 -0.41460311 -1.52622575
   0.47851654 -0.6323589  -1.28750618 -0.22569922  3.01056921  2.16053688
  -1.41681423  0.80229422 -1.06738655  0.11538114 -1.9002285  -0.90975501
   1.63323655 -0.99388463  1.76625038  1.32917346 -1.30502847 -1.05561386
   0.08035921  0.91157806  0.96644536  0.93453614  0.50138     1.48955461
  -0.44004886  1.31124496 -0.14787154  0.72713998  0.78794423  1.27685686
  -0.6325227   1.12558386 -0.18512424 -0.93421002  0.49102612  1.73350959
   0.04093002  0.69695925 -0.50792922 -0.20278461  1.49551075 -0.99336459
   0.78472997  1.76177076 -1.5177004   1.59819923  1.61683619  0.13306117
  -2.1515527  -0.55654575 -1.12657038 -1.00988232 -1.38072919 -1.24995422
   0.94527345  3.26862493 -0.90175883  0.20071305  1.3051812   1.27545614
   1.24948387  0.6753689   1.47456687 -0.08413384  0.53971885 -0.26776656
  -0.80082693 -0.83601687  0.25050424  0.5213404   1.19599808 -1.59179539
   1.90448419  0.53561424 -0.28747654  0.42119499 -0.74102654  0.61449615
  -1.71363733  2.3040616   0.94620191 -1.10903958 -1.78777268  0.48495768
   1.0241773  -2.60035391  0.38428881  0.70895998 -0.23868807 -0.08644924
   1.74731766 -1.20546154  1.84269196  1.95537463 -1.27861845 -2.50217727
  -1.32903729  0.04638461 -1.20439347 -2.17541692  0.49024115 -0.6704623
  -0.40880345  0.35020845 -0.18548191  0.72132308 -0.67948925  0.38765075
   1.39141804 -0.33200309  0.25084962  0.59667078  0.89818694 -1.59930125
   1.65006343 -0.39843538  0.95451847 -1.78963233  0.72667885  0.17451346
  -0.49159076 -0.88141696  1.10350732  1.75945347  0.1515288   0.87146692
   1.57761346  2.39705996  1.22223348 -1.00297421  2.93264278 -2.59626852
  -0.32756    -0.23144774 -0.49907349 -0.30737306  0.42670732  2.95115337
  -1.34426926  0.42375268  0.60661618  1.45114499 -1.51904116 -0.94829578
   0.06752962  0.23562966 -0.05356192  1.53251156  0.75927269  0.51959772
  -2.52240766  1.56233269 -0.90353004  2.25880427  3.84696657  1.21825614
  -0.81717195  1.03462038  0.47504693 -0.84204693  2.05074116 -0.36309615
   1.64866302  2.31698959  0.72666848  0.27871462 -0.24502692  0.81413192
  -0.08138112  0.01909923]]