[[-0.19407366  1.28451469 -0.28856734  0.64742534  1.41828068  0.23612285
   1.08656332  0.48407733 -1.90079787  0.4526845   0.66931882  2.15181703
  -0.17993099 -2.815145    0.28307349  0.10197566 -0.4888315  -0.2769965
  -1.24328617  1.36152265 -0.06901986  2.56893791 -0.71284366  0.06688518
  -0.43993584 -1.02009232  0.98911484  2.35850168 -0.49493217 -0.789864
   0.55619999 -0.43024782 -0.81709315 -0.02860834  2.32021531  2.06989448
  -1.66806216  0.16047166 -1.60080035  0.18115384 -2.24218631 -0.6278535
   1.57198802 -0.47319101  1.36842749  1.14323264 -0.64843817 -0.58089384
   0.29856233  1.20127718  0.090829   -0.20387532  0.07869751  1.43350464
  -0.992901    0.99113115 -0.18195416  0.19602835  0.57166585  1.73909552
  -0.23906683  1.14129303  0.52352399 -1.34505085  0.62723033  0.61542732
   0.55334332  0.82106034  1.08871565  0.277714    1.4853632  -0.854515
   0.42823267  1.0215563  -1.38389032  1.38021982  0.73900121  0.39543232
  -1.35030218 -0.74991401 -0.24663982 -1.31713832 -0.36462951 -1.28174451
   1.00154581  2.83528206 -1.19203632  0.55278917  1.22485282  1.19299601
   0.680307   -0.06477483  1.00093101  0.41019966 -0.01883984 -0.31737266
  -1.05729918 -0.51283652 -0.58769367  0.6611355   1.00785882 -1.571275
   2.29855198  0.93936836  0.81907166  0.79639467 -0.63244799 -0.32996466
  -1.50992851  2.49846967  0.59691916 -1.38306718 -1.18586998  0.84055433
   0.580704   -2.25967244  0.90806433  0.42814034  0.46965249  0.44987117
   1.25358416 -1.51241101  1.43202018  1.60143266 -0.54817082 -1.93015432
  -1.12987834 -0.66137034  0.12387216 -1.78611432  0.19654117 -1.51035434
  -1.04731283  0.50551417 -0.2860715   0.25204167 -0.94943284  1.03358883
   1.51289964  0.20302502  0.39612432  1.58628933  1.05807436 -1.40752818
   1.04470364 -0.61338233  0.71136467 -1.58149367  1.71741084  0.08438267
  -0.86233735 -1.21441033  0.58298001  0.67636869  0.18757367  0.90935167
   1.05457368  1.49308118  1.76270064 -0.52366498  2.171584   -1.60841296
  -0.04316701 -0.60909051 -0.0066155  -0.11017951  0.17292     3.29329632
  -0.8012015   0.4073775   0.65925532  1.51380633 -1.10191762 -1.02803316
   0.60777416 -0.1456955  -0.35590432  1.21352149  1.26441701 -0.30081734
  -1.88519283  1.64156832 -0.57518251  1.6319257   2.762139    0.53292632
  -0.66956999  1.38830934  0.11624083  0.13329351  1.55277865  0.07113516
   1.61446581  0.66969984  1.38540435  0.47229934  0.5230035   0.442996
  -0.1349075   0.03372082]]