[ 0.07877252  1.4867775  -0.5122075   0.9077675   1.0617425  -2.7705173
 -1.5033525   1.5021274  -2.5306602  -0.34499    -0.6691575   2.021455
  0.20527503 -0.2528925   0.72061     0.23747252 -1.375875    2.0611475
 -0.48202503  0.8940151  -0.52344     2.8786998  -1.0569025   1.5431974
 -0.46110752  0.28869748  1.0543826   2.3151474   0.17260501  1.2839575
  1.1780325   0.57150245 -2.8657598  -0.0948      3.094195    0.4639025
 -1.10297    -0.5349225  -1.7839875   0.67128253 -2.7280874  -0.47649497
  2.9000099   0.35266754  2.333915    0.92614245  0.29837    -0.13142
  0.29595     0.13116251 -2.8027325   0.839785   -1.258355    0.18003999
 -0.94233996  2.5272624  -0.17747498  0.7008075   1.9951175   1.0439525
 -0.885985    0.8854375   0.151595   -2.2126575   2.0089176   0.24915999
  1.5488275   3.10994     1.5755775   0.20351502  2.7307377  -0.10400251
 -1.2283425   2.3917625  -0.41737503  1.1965849   1.9100974  -1.6091149
 -1.09243    -2.53488    -1.4378151  -0.9387525  -1.2792101   0.0142575
  0.7500325   1.4169924  -2.7686775  -0.92506504 -0.51257503  0.9716025
  3.2948174  -0.5457574   1.017005    1.3843626   0.2430475  -0.50381505
  0.93077755 -0.75353754  2.41433    -0.16206498  1.1258426  -0.49375993
  0.79435754  0.96386     3.11229    -0.14747001 -0.6402575  -0.17128749
 -1.6665199   1.07955     0.38377506  0.76995754 -1.725445   -1.5755249
 -1.1268774  -3.9295526   1.6984      1.4446149   2.27384     0.825795
  0.57130504 -2.83362    -0.52354     2.8254328  -0.93868744 -1.7484776
 -1.071455    0.679355    0.823585   -1.681145    0.284105   -2.0815349
 -0.62459004  0.40422502 -0.94573504  0.4795325   0.30855498 -0.18620747
  2.20502     1.4267275   0.6434275   0.6573975   0.05238999 -1.9831799
  0.32507002  1.5841525   1.25644    -1.1593726   1.3480976   2.0290623
 -1.0705324   0.92956245  1.36644     0.22374752  0.46798995  1.1240076
  2.21496     2.954705    0.06456494 -1.4264749   2.33388    -1.1619849
 -0.1513875  -0.24004251 -0.22426248 -0.21745    -0.83228004  0.80212253
 -0.26982749 -0.5136975  -1.04604    -0.53166753 -1.227505    1.0217099
  3.1954775   0.21579248 -0.23514253  1.36445     1.5738225  -0.6258575
 -0.42085248  1.3256426  -2.0252075   0.4728325   1.6268026  -0.33998752
 -0.70971495  1.864615    1.3030875   1.4046425   1.5512375   1.62813
  1.4397676   1.3044724   2.0358074   0.2410275   1.3129975   0.6952375
  0.21038748  0.3721025 ]