[-0.307026    1.0714161  -1.2843239   0.945936    0.8775641   0.773512
  0.134814    0.680334   -2.3358898   0.94005805  0.358306    4.430132
 -0.708152   -0.869792    0.99218005  1.1834959  -0.196624    1.3598261
 -1.31435     1.7466199   1.142658    3.4362519   1.066032    0.483634
 -0.31629    -0.29048806 -0.49931803  2.936334   -1.2064359  -1.130582
  0.722154   -0.630422    0.40102     0.89569795  3.190718    1.70443
 -0.45095605 -0.554292   -2.208536    1.2419721  -2.694994   -2.016008
  2.356626    0.18376403  1.144624    0.357632   -1.22876     0.06740199
  0.50905     0.145582    0.896074    0.30438602 -0.10256199  0.29890004
 -1.1649281  -0.079036   -0.832966   -1.9451523   1.6557081  -0.461272
  0.90256196  1.529774    0.72404796 -1.4889939   0.60107195  1.271214
 -0.34435397  1.971558    0.09695198 -0.86303794  1.54452    -0.59266794
 -0.76199603  1.8514502  -0.61446     2.198564    1.701482   -0.09056199
 -2.513134   -1.465634   -1.3568839  -1.067288   -2.4307342  -0.87636006
  1.6075001   2.8687377  -1.8601401  -0.83512     1.8787521   2.7810218
  1.7294121  -0.07658602  1.660084    0.11045995 -0.11891005  0.43182403
  0.64307594 -1.0812941   0.691388    0.713988    1.88248    -1.026754
  1.187216    2.49341     1.546046   -0.277346   -0.70185006  0.49518004
 -1.5468299   2.00617    -0.32084003 -2.504626   -1.51343     2.252532
 -1.0116279  -2.435526    2.825936    0.375964    0.08231597  0.6213719
  1.625746   -1.9416962   1.5437081   2.802882   -0.634418   -3.533506
 -0.66143197  0.67862403  1.12799    -2.3345218   0.28182194 -1.158686
 -0.902604    0.389284   -2.2577758   0.783216    0.934416    1.005436
  3.363446    0.230184   -0.177772    1.156004    0.853862   -2.33983
  1.796574    1.056454    0.18215606 -1.4745139   3.3672318   0.13002206
 -0.204272   -0.781966    1.50728     0.74301803  0.32705203 -0.840174
  1.4590161   1.5500519   1.2373841  -0.75276214  1.213716   -2.6915917
 -0.95954007 -0.697556    0.725354    0.57800597  2.154542    1.8220621
 -0.46308202  0.51136595  1.6785462   1.3076419  -1.1319501  -1.1325461
  1.5260619  -0.370756   -0.02383201  1.8641402   1.1840659   0.579594
 -1.9751699   0.38562    -0.84415007  2.0736198   3.437638    0.64019793
 -0.130654    2.487786    0.44644004 -1.468554    1.9667059   1.124354
  2.2885602   0.38296193  3.562006   -1.7333      0.331254    0.534676
  0.08033001 -0.24836597]