[[-0.20747226  0.89023527  0.07498868  0.72083527  0.87764716  0.4526451
   0.72837568  0.05771868 -1.61730096  0.45574019  0.32799301  1.95516951
  -0.59464643 -2.26018187 -0.34782566 -0.34307886 -0.44487418  0.18192434
  -1.56324225  1.20522584 -0.38423303  2.61920225 -0.94350926  0.24137831
  -0.35538279 -1.15684684  0.81994868  2.31405649 -0.29620001 -1.22654019
   1.00039375 -0.89580961 -1.18751056 -0.12438321  2.36535471  1.59385491
  -0.65243019  0.44500116 -1.61057999  0.45087075 -1.68907909 -0.94308921
   1.14332992 -0.94469965  0.76435412  1.64741772 -0.96183831 -0.83001133
   0.01152811  0.94929718  0.50150945  0.69881474  0.2296053   1.77601642
  -0.75833225  1.83243338 -0.22132924  0.92858     0.63035921  1.27471036
  -0.42807828  1.52103414  0.06759131 -0.98774289  0.50596509  0.48155772
   0.16808678  1.14672625  0.7603664  -0.05352736  1.5593479  -1.29936302
   0.7181917   1.27045716 -1.3610502   1.35314682  1.55318814  0.4917385
  -1.36159492 -0.05191735 -0.03902002 -1.03218509 -0.39665529 -1.46622836
   0.90092038  2.54989792 -0.80387886  0.84200417  0.83746436  0.5144834
   0.41478453  0.51602923  0.56515358  0.1216585   0.13377642 -0.55046171
  -0.96398415 -0.8839096  -0.35508169  0.82050865  0.69634792 -1.78783509
   1.71135302  1.4533505   0.63390188  0.79673171 -0.65480037  0.23353114
  -1.35114134  0.98913433 -0.13419644 -1.35811569 -1.34050962  0.77553169
   0.29471641 -2.21584586  0.61130378  0.12218869  0.24152074  0.30439151
   1.21959965 -1.1619649   1.59168978  1.51120014 -0.83973433 -1.88747188
  -1.10870734 -0.57349944  0.15406228 -1.98442174  0.82170588 -1.60199112
  -1.02535939  1.16318279 -0.0054866   0.37286148 -0.85825078  1.80939529
   0.72317625  0.94684903 -0.16188191  1.42446685  0.8791983  -1.27652584
   1.19896719 -0.62574432 -0.29379226 -1.74356095  1.49070016 -0.02763849
  -0.03153282 -0.85850564  1.48951639  0.99339981  0.40196395  0.7508087
   0.58755209  1.83653755  1.39920359 -0.48820339  2.52080396 -1.93624012
  -0.72097698 -0.55887435 -0.52352755 -0.37146019  0.25795244  2.92968395
  -0.79112451  0.44160246  0.91174433  1.33360376 -0.79053659 -0.90596303
   0.31066715  0.34768566  0.37727585  0.80381792  0.69661661 -0.49459209
  -2.37530119  1.52274603 -0.47699359  1.41795507  3.02705567  0.89943641
  -0.09509735  0.91108967 -0.0408832  -0.31996241  1.23352714  0.67981885
   1.47717644  0.76754962  0.97939488  0.25117813  0.16679227  0.81067453
  -0.46273189 -0.1228945 ]]