[[-0.12996583  0.1919175  -0.65554329  0.42317581  1.20342414  0.1114042
   1.11824822  0.61248501 -1.91509008 -1.1199375   0.20279169  2.49329233
  -0.80517673 -2.31482506  0.34130164  0.23884249 -1.31978178  0.30962586
  -1.02508839  1.41704416  0.70510419  2.39078013 -1.0057226  -0.38819416
  -0.7618866  -0.96808338  0.39415582  2.54956913  0.35867834 -2.145425
   1.14699006 -0.15695248 -1.49730412 -0.08332501  1.76572847  1.09068004
  -0.51656254  0.52764833 -1.87945016  1.41942088 -1.9678599  -0.58546837
   1.77909327 -1.80664094  0.90862338  1.34195185 -0.42936166 -0.59834663
  -0.48058665  1.10985335  0.39669164 -1.15378157  0.54452666  1.65112607
  -1.59731309  1.88878409  0.4532783  -0.69998995  1.18257078  1.61408997
  -0.0150075   0.77045091 -0.36899249 -1.48425166 -0.27910749  1.00543086
   0.7921025   1.15161339  0.86795823  0.09727168  1.08627748 -0.91492001
   0.70420424  1.0977575  -0.43880916  1.46686649  0.51627417 -0.5221984
  -0.72728419 -0.59003584 -0.44041912 -0.55621084 -0.55818582 -1.17159168
   1.00095415  2.6920859  -0.63725336  0.63127247 -0.05583745  0.65255332
   1.65392749  0.1294225  -0.44192004 -0.41252247  0.62194081 -0.61563579
   0.22958084 -0.76631498  0.23938584  0.53535577  0.47521337 -1.69510921
   1.6535484   1.01706584  0.70269171 -0.0311975  -0.95483581 -0.20272585
  -1.66590325  1.49381081  0.9600083  -0.91324989 -1.00551494  0.61991171
   0.40045333 -2.24284108  0.97376005  0.09238498  0.54765085 -0.09184666
   1.80077235 -1.41840172  1.90761423  1.60715167 -0.20067499 -2.26960929
  -0.7752258  -1.06332246 -0.73912501 -2.46467082  0.81666668 -1.35020177
  -1.5958759   0.87042824 -0.32353    -0.3186142  -1.08749922  1.01022498
   1.40642993 -0.37407084  0.09254414  1.32121658  1.06809251 -2.4969457
   1.74840498  0.555215   -0.24729162 -0.73377577  1.85791492  0.7928942
  -0.3295808  -0.1986358   1.29447659  0.77195589  0.65415168  1.22197747
   1.86967723  1.80073595  0.50949168 -0.70471994  1.69306421 -2.16666826
  -1.29434752  0.31199582 -0.7784458   1.16119337  0.68001493  2.47235092
  -1.06978838  0.91235582  0.21747667  0.12452416 -2.04877504 -0.5015225
   1.02481079 -0.55121334 -0.53027999  0.75422581  1.49318345  0.140865
  -2.13097906  1.51713419 -0.178925    1.64565754  2.93516     0.36123749
  -0.0996567   0.18398499 -0.09566498 -0.23696748  1.20114255  0.11630752
   1.61436923  0.66328172  2.02459002  0.30440501 -0.27653086  0.98349261
   0.41954668 -0.09773413]]