[-0.3802375   1.8761463  -0.21069998  1.1253474   2.34211     0.33077624
  1.0521687   0.61270994 -3.0659628  -0.79054374  1.4586214   2.5644462
 -0.8350225  -3.0650826  -0.6901587   0.28304124 -2.419995   -0.39476374
 -1.1452463   1.5310813   0.44877747  2.8492672  -0.691375    0.0607525
  0.33090872 -0.14225122  0.19869125  3.265255   -0.36521497 -1.107645
  1.4606962  -0.22145745 -1.35314     0.57283     4.2318234   1.2236049
 -2.0928214   0.15053377 -1.8707888   0.22758743 -3.5006213  -0.7238288
  3.2353835  -0.5962263   2.48678     1.7376187  -0.0539275   0.54827374
 -0.07712501  1.1933662  -0.31486872 -0.75781125  0.6180825   1.6927862
 -1.5061436   2.6105413  -1.1923587  -0.70439374  1.4262649   3.4369411
 -1.0095288   1.8502488   0.7899749  -1.5244437   1.5663062   0.17635123
  1.1353912   1.911835    0.53880745 -0.5644525   2.9031527  -1.7438136
  1.7641238   2.0495923  -2.0128238   1.0848075   2.4568713   0.18067496
 -1.8773675  -0.13658622  0.19236001 -1.7980863  -1.5146625  -1.3918098
  1.2516762   3.1753025  -1.6497475   0.402825    0.6696263   0.47062624
  1.1005476   0.37500247  1.9059627   1.6216063   0.84817636 -1.1172612
 -0.9504638  -1.2753088  -0.42445996  1.4952261   1.8503689  -2.162649
  2.9487512   0.7354475   1.2172337   0.54159254 -0.5427875  -0.16237995
 -1.6724763   2.5013027   1.0045298  -1.9683213  -1.9330175   0.37501886
  0.54921126 -1.8083112   0.8936849   0.7865063   0.66492     1.5049802
  1.8811624  -2.3202264   1.4312512   1.94696    -0.17760125 -2.6441336
 -1.67015     0.09509373 -0.01042246 -1.3737938   1.4466851  -2.0939286
 -0.18575749  2.0152426  -1.2067274   0.43532002  0.13419004  1.2089288
  1.800995   -0.14446875 -1.5477324   1.52899     0.97237384 -1.1325063
  2.892045   -0.49842626  0.47270626 -2.3779674   2.4959803   0.59278876
 -0.02846248 -0.11928998  1.1182086   1.0385675  -0.24485132  1.1871914
  0.49474376  3.0184684   0.83972746 -1.4252701   3.250589   -0.6406512
  0.11101627  0.47972873  0.10798499 -0.23113     1.6363436   4.0981183
 -0.20971873  0.30244756  0.23427626  1.7895637  -1.8356926  -1.81654
  0.38933507  0.04859002  0.30083132  0.60761124  0.4984988   0.10343748
 -1.8367436   0.52469     0.65983754  1.6243412   3.8458176   0.8830162
 -1.486785    1.343485    0.67698     0.21020377  2.6003337   0.39100617
  1.6269776   0.8670625   3.7367525   0.6719275   1.6376326   0.10571255
 -0.43850124  0.11762628]