[[-6.89645076e-03  9.32953872e-01  6.54152911e-01  7.82746455e-01
   9.46199646e-01 -3.16693864e-01  7.23521616e-01  1.85533240e-01
  -2.07543775e+00  6.71364523e-01  1.76341602e-01  2.10714128e+00
  -1.22613421e+00 -2.17897678e+00  2.68164489e-01  4.47151925e-01
  -1.10611163e+00  8.10670872e-02 -1.19458001e+00  1.58531873e+00
  -6.00418080e-01  2.22611128e+00 -4.89454553e-01 -6.68406568e-02
  -3.61534496e-01 -1.94781302e-01  7.69256782e-01  2.27766617e+00
  -5.81034207e-01 -1.05463742e+00  9.87100024e-01 -6.18272890e-01
  -7.59131293e-01  3.19733856e-01  3.03285161e+00  1.65138482e+00
  -1.47428132e+00  6.47254503e-01 -1.01721678e+00  4.10144512e-01
  -2.25750161e+00 -1.06760484e+00  1.46557772e+00 -7.72092246e-01
   1.18139224e+00  8.57576144e-01  1.86312732e-02 -1.83295176e-01
   1.61279369e-01  9.26160966e-01 -4.15528376e-01  8.71040327e-01
  -3.48860986e-01  2.16062029e+00 -6.64992913e-01  2.11744713e+00
  -7.40581916e-01 -6.91332711e-02  9.20975777e-01  1.19675096e+00
  -1.09888610e+00  1.90089226e+00 -1.60893558e-01 -1.54891388e+00
   7.23305500e-01 -6.77138673e-02  3.38484218e-01  9.48365151e-01
   7.84041606e-01 -5.50283222e-01  1.52673094e+00 -7.95084826e-01
   6.36549999e-01  1.93998064e+00 -9.40360007e-01  5.18994834e-01
   1.55093419e+00  1.74563551e-01 -1.34037866e+00 -1.07919387e+00
  -1.24243560e-01 -8.72197132e-01 -7.14660022e-01 -1.20257385e+00
   6.70243552e-01  2.75216581e+00 -7.64795461e-01  1.10021387e+00
   4.79154815e-01  6.14469368e-01 -1.97929316e-02  7.93062588e-01
   7.84142239e-01 -2.07980634e-01  1.20328691e-01 -7.28046121e-01
  -6.24325814e-02 -8.53944826e-01  4.80173894e-01  9.05187450e-01
   1.36404520e+00 -1.38346189e+00  1.45925937e+00  1.18700904e+00
   1.08370805e+00  1.35039064e+00 -6.78699345e-01  9.91945209e-02
  -9.84028713e-01  1.36582549e+00  5.01183863e-01 -1.68833029e+00
  -1.65434934e+00  2.77330980e-01  1.19874044e-02 -2.02506419e+00
   4.89700967e-01  1.78371623e-01  5.69551501e-02  3.10221602e-01
   1.55289677e+00 -1.35752869e+00  1.35488743e+00  2.24753326e+00
  -5.23194841e-01 -1.84714388e+00 -8.97379975e-01  2.92999940e-03
  -2.63340638e-01 -1.90453001e+00  7.02695802e-01 -1.76181482e+00
  -7.47119349e-01  2.92535166e-01 -2.68889987e-01  5.19032886e-01
  -5.73076786e-01  7.45517094e-01  1.42511030e+00  3.89151932e-01
  -4.54450980e-01  1.67017613e+00  9.16970003e-01 -1.73026133e+00
   1.41975938e+00 -5.65748385e-01  1.02896648e+00 -2.04241427e+00
   1.90360645e+00 -5.79716188e-02 -4.03744864e-01 -8.79707098e-01
   1.01281096e+00  2.81958042e-01 -1.14407072e-01  1.05421517e+00
   1.19265514e+00  2.60999870e+00  1.44111710e+00 -2.11688381e-01
   2.45797613e+00 -1.80866580e+00 -6.41205484e-01 -4.71747726e-01
  -5.51284842e-01 -3.60684839e-01  6.00387743e-01  2.45020875e+00
  -7.94132223e-01  6.28294506e-01  5.70915471e-01  1.03126679e+00
  -2.00216767e-01 -1.02454098e+00  1.30527261e+00  5.03858300e-02
  -4.38697093e-01  8.65224836e-01  1.53444455e+00 -3.74161380e-03
  -2.27361802e+00  1.46909259e+00 -6.63262298e-01  1.66596452e+00
   2.95639031e+00  5.78425157e-01 -9.17201247e-01  1.14538159e+00
   1.00257775e+00 -2.28561180e-02  1.46653194e+00  5.90153214e-01
   1.82238675e+00  1.30889128e+00  1.57349966e+00 -3.99325476e-01
   4.97583231e-01  5.60142891e-01 -2.18634195e-01  3.10596782e-01]]