[[-0.39214404  0.6751386   0.08685046  0.38557135  0.8997646  -0.66026754
   0.72098065  0.33470503 -1.46689041  0.18695661  0.15930539  2.12104644
  -0.64675295 -2.14269374  0.19419848  0.36748367 -1.06090443 -0.0102623
  -0.97865364  1.12847421  0.18811753  2.44915744 -0.89238043 -0.11206934
  -0.79669132 -0.62925932  0.7423938   2.23086311 -0.30581348 -0.69950797
   0.53221749 -0.69132813 -0.9346605   0.17675474  2.0050922   1.32936008
  -0.92700807 -0.02121877 -1.59617803  0.29056382 -1.89099773 -0.94377145
   1.91945162 -0.48783173  0.88038295  1.26164392 -0.71463764 -0.31178324
   0.07716184  0.30175486  0.0351666  -0.06248678 -0.25716297  1.35419884
  -0.83708741  1.57594491 -0.05533372  0.03943846  1.35579797  1.33848524
  -0.54013143  1.26493779  0.05110588 -1.22332137  0.93301602  0.36601491
   0.55059813  0.89112453  0.80637805  0.14245323  1.22427873 -0.49359444
   0.38270477  1.25669805 -1.04351923  0.96547422  1.32628839 -0.11888738
  -1.08137334 -0.22802307 -0.32334813 -0.96045689 -0.45727122 -0.8490944
   0.816917    2.44850949 -1.04128935  0.76072555  0.36753954  0.83122334
   0.8493535   0.06318783  0.92262253  0.1810866   0.01928155 -0.50491528
  -0.40083863 -0.44001355 -0.14156952  0.77178048  0.40192144 -1.18854092
   1.66798569  1.18416557  1.07435308  1.04036167 -0.61776368  0.33247783
  -1.37097029  1.66590775 -0.10673141 -1.14406461 -1.21336857  0.46976123
   0.34402001 -1.80298939  0.7790564   0.71053721  0.57090928 -0.23110709
   0.92500291 -1.36919659  1.00462413  1.36255282 -0.89562056 -2.07434309
  -0.97702898 -0.71420528  0.16482439 -1.44233684  0.37345675 -1.44056684
  -0.62467298  0.59422813  0.00398879  0.20823862 -0.40834708  1.03955668
   1.51967173  0.21853558  0.14568782  1.25076416  0.66053839 -1.37286913
   1.37557576 -0.17237648  0.24761554 -1.51831984  1.31500424  0.1892912
  -0.71901291 -0.60428551  0.98743544  0.69580428  0.55987251  0.61265667
   1.16324103  1.58731751  0.80916395 -0.59508239  2.14546021 -1.32757428
  -0.19469092 -0.4024005  -0.06468262 -0.12238321  0.71054603  2.68200979
  -0.75905517  0.17189089  0.4584188   1.03692751 -1.04389061 -1.09853544
   0.69385316  0.04076907 -0.03861206  1.06762983  0.91777911 -0.41554929
  -1.96015224  1.45823757 -0.41349694  1.56256913  2.4736388   0.44450645
  -0.02826232  1.18718226  0.22472614  0.0384483   1.25279395  0.38998199
   1.58998385  0.90541375  1.32393792  0.09400816  0.934509    0.36062631
  -0.364116   -0.32104274]]