[-0.22646366  0.8390039  -0.19536363  0.4979468   0.7465528  -0.4447541
  0.59181887  0.38960177 -1.5705335   0.7149733   0.31013158  1.9440475
 -0.7147439  -1.8786288   0.07227534  0.04967412 -0.5452808   0.12070572
 -1.1117376   0.95797956 -0.34380913  2.4739716  -0.42769197 -0.3578472
 -0.833793   -0.801551    1.1175507   2.131324   -1.1135446  -0.646024
  0.5429869  -0.14173827 -1.161574    0.24774344  2.2093794   1.7027769
 -0.8748933   0.17485791 -1.5926633   0.26962757 -1.8265709  -0.60382074
  1.3543241  -0.41030228  1.0045426   0.58877206 -0.36230856 -0.39914295
  0.20451745  0.57294065 -0.2633763   0.07476813  0.35215256  0.8560711
 -0.8165961   1.0334435  -0.5647977   0.60681456  0.6890158   0.5569322
 -0.7406724   1.2106521   0.4167719  -0.5478379   0.75507414  0.5127986
  0.59273547  1.5799056   1.0357429  -0.14394587  1.7904658  -0.8997294
  0.6191591   1.4901818  -1.2817527   1.4959476   1.395681    0.5166372
 -1.7827034  -0.22399126 -0.32796136 -0.97006977 -0.8609503  -0.84901
  0.6334198   2.6433232  -1.4746677   0.21005002  1.5168041   1.1559293
  0.410109   -0.17499447  0.968423   -0.02755779 -0.29305288 -0.21985929
 -0.4885729  -1.4704645  -0.11468003  0.7397648   0.7917144  -1.3194463
  1.5719203   1.386747    0.8464132   1.1882689  -0.59710866  0.27397278
 -0.5806091   1.1125346  -0.27385667 -1.2641187  -1.5535651   1.051265
 -0.24421605 -1.7023399   0.9206881  -0.03808536  0.46509454  0.3724289
  0.90228707 -0.988633    1.823827    1.9534358  -1.3767092  -2.3106277
 -0.2589126  -0.2443738   0.17712767 -1.5224919   0.34135795 -1.5176206
 -1.1736168   0.7850067  -0.4956536   0.5420845  -0.30089587  1.2394205
  0.7955195   0.68380046 -0.00456446  1.3167615   0.940853   -1.1829596
  0.7987685   0.0411711   0.89612925 -1.8337679   1.9495181   0.11050847
 -0.23747726 -0.9752953   0.62782484  0.641192    0.56603414  0.20770492
  0.5081815   1.4242146   1.5457531  -0.7154024   2.3063512  -1.5768876
 -0.5510671  -0.9443424  -0.00500742 -0.27863744  0.09038696  2.4051802
 -0.5089436   0.5106364   1.0967968   1.2306656  -0.58766514 -0.9262475
  0.6455528  -0.02883017 -0.07652983  0.98364407  0.9995115  -0.72558135
 -2.670263    1.1049899  -0.84301454  1.514315    2.3247454   0.8666857
 -0.10701278  0.9853743  -0.07820881 -0.33205503  1.8263357   0.49354827
  1.9308108   0.86016744  0.97282726 -0.53080505  0.36148     0.73941594
 -0.6891047  -0.27692804]