[-1.0808649e+00  1.7420950e+00  2.9600501e-01  9.6249497e-01
  9.8054492e-01  1.9812050e+00  1.5604000e+00  8.1998503e-01
 -3.6810598e+00  4.9323997e-01  1.0527949e+00  3.0348201e+00
 -2.8859651e+00 -3.2986701e+00 -3.1582487e-01 -7.9013997e-01
 -4.3332901e+00 -7.3954999e-01 -1.1554650e+00  2.1568949e+00
  2.7778201e+00  2.9805350e+00 -1.2791950e+00 -2.8722998e-01
  1.3331051e+00 -1.1654799e+00 -3.3360502e-01  2.7209549e+00
 -4.3283999e-01 -1.9367249e+00  9.3918502e-01  3.0964503e-01
  6.4067000e-01 -1.5516901e+00  2.7710099e+00  4.1053500e+00
 -2.5775151e+00  1.8886495e-01 -1.9572098e+00 -1.1761600e+00
 -2.1907048e+00 -1.5885600e+00  1.3647549e+00 -1.6540450e+00
  2.2861999e-01  1.6515750e+00 -1.8576450e+00 -1.0771300e+00
 -8.6725004e-02 -3.9850008e-01  8.1076992e-01 -2.8670502e-01
  8.6856496e-01 -2.3452501e-01 -1.5962601e+00  1.5552549e+00
 -6.5538496e-01  1.1827950e+00  3.0057502e+00  4.1085000e+00
  3.4232002e-01  7.6966000e-01  1.4356600e+00 -8.6657995e-01
 -8.9511490e-01  2.8791199e+00 -5.5885005e-01 -7.9277003e-01
  1.5263151e+00 -2.1328650e+00  2.3630800e+00 -9.4775504e-01
  7.5756997e-01  4.1019493e-01 -3.8435001e+00  2.2921400e+00
  2.4030950e+00  2.7979250e+00 -1.1210550e+00  4.2182994e-01
 -1.9892499e-01 -2.7581201e+00 -2.6058898e+00 -3.8282099e+00
  1.8711699e+00  3.2632499e+00 -1.5075450e+00  2.2809502e-01
  1.0913950e+00  2.1048000e+00 -1.6193401e+00  1.1544499e+00
  1.1791749e+00  1.8535800e+00  8.6195505e-01 -1.9726450e+00
 -1.4085751e+00 -3.6585003e-01 -4.3347999e-01  6.2642002e-01
 -5.8399498e-01 -2.4494801e+00  2.6129451e+00  1.8067500e-01
 -1.7687994e-01 -1.8051004e-01 -1.7721504e-01 -9.0114498e-01
 -3.5090201e+00  3.7356200e+00  1.4236449e+00 -1.6943749e+00
 -2.6376901e+00  1.1864350e+00  1.0530699e+00 -2.5239301e+00
  7.9699498e-01  9.4433999e-01 -1.1981250e+00 -1.0106200e+00
  2.9438300e+00 -2.1723800e+00  1.7626300e+00  3.5653250e+00
 -1.0902150e+00 -2.7269497e+00 -1.8626000e+00 -5.2605003e-02
  3.4128499e-01  8.1206995e-01  1.0294850e+00 -2.6694651e+00
 -1.4458499e+00  7.9578996e-01 -1.6669250e+00  1.4445499e-01
 -1.9082750e+00  1.7204499e+00  1.3339450e+00  1.4652500e-01
 -1.6900003e-03  1.4138551e+00  3.3310497e-01 -3.6651051e+00
  2.5666001e+00 -1.1889499e+00  2.3068494e-01 -2.0340948e+00
  1.8236650e+00  2.6436999e-01  8.7708998e-01  3.4957501e-01
 -1.0604978e-02  1.3567100e+00  6.1469972e-02 -1.2192249e+00
  1.9565651e+00  3.2166548e+00 -4.2940497e-01 -3.2014999e-01
  3.2118101e+00 -3.6265600e+00  1.6004995e-02 -1.5661900e+00
 -4.9885035e-02  1.1877999e+00  3.0892503e-01  5.1447897e+00
  3.2791999e-01  1.7315550e+00  1.3933201e+00 -9.2764008e-01
 -2.0657201e+00 -2.8129002e-01 -7.3367000e-01 -7.2519994e-01
  7.9405010e-02  1.2124100e+00 -1.5753502e-01 -1.0941250e+00
 -2.2588801e+00  1.7606449e+00 -2.1381750e+00  9.6143001e-01
  2.1617799e+00  1.3281499e+00 -2.8170550e+00  1.8962799e+00
 -1.1125350e+00  2.1816000e-01  8.4921503e-01 -1.2302150e+00
  3.1570001e+00  1.5624499e+00  3.0047948e+00  1.1207449e+00
 -1.8138101e+00 -2.9550502e-01 -2.2028098e+00 -9.5558500e-01]