[-1.15883991e-01  1.43560398e+00  1.96328014e-01  9.22559723e-02
  1.53939795e+00  4.49431986e-01  6.51378036e-01  4.52370018e-01
 -1.98903811e+00  7.35521972e-01 -5.43880105e-01  2.22662973e+00
  2.52967983e-01 -2.89774990e+00  1.79775393e+00  9.55155969e-01
 -1.52706027e+00  1.30025196e+00 -1.42314792e+00  2.28682590e+00
 -9.93107975e-01  3.64282846e+00 -2.59793967e-01 -6.25671983e-01
  8.27185988e-01 -1.55466795e+00  3.37845981e-01  1.83008409e+00
  6.04559779e-02 -1.85461998e+00  1.41359806e+00 -5.89340031e-01
  1.04620206e+00 -1.34829402e+00  3.83666611e+00  2.54977608e+00
 -3.88719177e+00 -1.00973403e+00  3.72973919e-01 -2.65169948e-01
 -3.34042406e+00 -2.27744603e+00  8.90076041e-01 -1.24800611e+00
  9.16933894e-01  1.26279998e+00  9.22840610e-02 -4.22790051e-01
  2.61328042e-01  2.13060808e+00 -5.60424030e-01 -6.45628035e-01
  3.15195978e-01  1.86093783e+00 -1.20816791e+00  1.83802986e+00
 -2.09385395e+00  2.81068027e-01  3.68402064e-01  1.37588406e+00
 -2.96900225e+00  2.45288014e+00 -1.19236207e+00 -2.49062586e+00
  1.25804400e+00 -1.55965969e-01  3.28728020e-01  1.60012400e+00
  2.08387971e-01  2.05701977e-01  4.29132366e+00  2.24271968e-01
  2.20511580e+00  1.89399409e+00 -1.54162598e+00  1.34687388e+00
  1.65063405e+00 -4.38566029e-01 -1.88319802e+00 -2.14395595e+00
  1.65961981e-01 -2.36538410e+00 -6.90630019e-01 -2.23260075e-01
  1.41878200e+00  3.42983389e+00  7.71364033e-01  4.98795986e-01
  2.93786192e+00  1.99071193e+00  2.62389958e-01  3.51333946e-01
  1.39351809e+00 -4.68234003e-01  2.84270048e-01 -1.09206212e+00
 -1.60308802e+00 -5.25858045e-01 -2.03312397e+00  2.00110003e-01
  4.54863966e-01 -7.87169933e-01  3.78279161e+00 -1.30000025e-01
  6.29545987e-01  1.25564992e+00  9.10581946e-01  5.15201986e-01
 -1.37240005e+00  1.81128001e+00  2.14934397e+00 -6.13045990e-01
 -7.18475938e-01 -3.45777929e-01 -9.43130016e-01 -1.84238398e+00
  5.86513877e-01 -1.91718012e-01  1.80813789e+00  1.51877606e+00
  2.93493199e+00 -1.51368201e+00  2.87856817e+00  3.89780045e-01
 -6.13263965e-01 -1.40358400e+00 -1.16107798e+00  9.14424062e-01
 -5.80699980e-01 -3.08588600e+00  1.79116213e+00 -7.50720054e-02
 -1.32766402e+00 -5.69059849e-02  1.58043951e-01  1.30298400e+00
 -2.22905397e+00  1.04531801e+00  5.70176005e-01  5.09584069e-01
  1.13139987e+00  7.97786057e-01  4.49153990e-01 -8.83720040e-01
  1.21830201e+00 -9.50109839e-01  5.75693965e-01 -2.00252795e+00
  2.73768187e+00  1.24284613e+00 -2.30230832e+00 -9.23803985e-01
  5.83782017e-01  7.24861979e-01 -1.47542608e+00  2.03759623e+00
  2.50131392e+00  3.31246424e+00  2.03084803e+00 -2.35074806e+00
  3.00750804e+00 -6.28723979e-01 -2.83312023e-01  1.97108001e-01
 -1.81617618e+00  1.02480006e+00  4.02309984e-01  3.56329608e+00
 -5.38493991e-01  2.28199968e-03  1.47770405e+00  2.48095393e+00
  4.01294053e-01 -1.49219000e+00  2.39050603e+00  5.62837958e-01
 -1.07774198e+00  1.69566023e+00  1.17980397e+00  1.09969996e-01
 -2.26280808e+00  2.20329618e+00 -4.30956125e-01  2.57158208e+00
  2.45551610e+00  4.92360026e-01 -1.36257803e+00  9.74756062e-01
  1.00942802e+00 -5.80025971e-01  2.26801991e+00  2.22525999e-01
  1.28711402e+00  3.98686361e+00 -1.96126014e-01 -3.64056021e-01
  1.15994608e+00  9.59504008e-01 -2.83734024e-01  1.04082799e+00]