[[-0.45771131 -0.12294155  0.27469216  0.709081    1.26991316 -0.13035399
   0.83247667  0.26889028 -1.63406936  0.45368917  0.10601571  2.185694
  -0.45489701 -2.07777011  0.26952731  0.05020814 -0.76988434  0.22044998
  -0.92615212  1.21648781  0.37365613  2.29351229 -0.97096934 -0.16377142
  -0.99777551 -1.00201141  0.55138632  1.84636701 -0.35739845 -1.39270176
   0.99942666 -0.55946579 -1.27269341  0.286721    2.98446243  0.8189831
  -0.87894069  0.11438355 -1.66572394  0.32154986 -2.19030588 -0.98496907
   1.43487617 -0.64314896  1.05656093  1.26072564 -0.32609772 -0.18274661
  -0.36408724  0.67452513  0.05277415  0.27395212 -0.65023146  1.95611181
  -0.80286981  1.21287128  0.29121502 -0.20973773  1.10421051  1.54237142
  -0.33779342  1.7454887  -0.22899986 -1.2928763   0.63201947  0.18941928
   0.37934344  0.40956039  0.78516096 -0.10973528  1.141948   -0.772245
   0.86160446  1.71391095 -1.18598268  1.48300667  0.83988787  0.04000675
  -1.11280113 -0.70386417 -0.05178501 -0.88300962 -0.76409089 -1.23029355
   0.452685    2.21028539 -0.83567091  0.451336    0.2949991   0.49336331
   1.05915168  0.36514429  0.54008402  0.20714886  0.10750744 -0.24386747
  -0.44642129 -0.41707001  0.3110943   0.444988    0.97929127 -1.2131513
   1.87319758  1.242937    0.8925737   1.04212325 -0.47328915  0.01816316
  -1.4457672   1.5309137   0.16108127 -1.31216348 -1.63351588  0.64171817
   0.49027939 -2.24992294  0.35649398  0.31220887  0.46311373  0.33632069
   1.29593989 -1.4725493   1.24500071  1.56180325 -0.92529004 -2.09730845
  -0.99049174 -0.73426109  0.02432756 -1.45925264 -0.02613174 -1.34057045
  -1.24100529  0.52321543  0.02250243  0.31502153 -0.36970212  0.69246789
   1.61542301 -0.01948014  0.09060914  1.44962306  0.45395234 -1.41735677
   1.62138255 -0.37108829  0.20195469 -1.24040592  1.22047703 -0.00460613
  -0.47410175 -1.19797139  1.19180742  0.70570024  0.32253928  1.0040205
   0.90428026  1.75137451  1.02071357 -0.54480129  2.4018486  -2.10357031
  -0.723141   -0.83313801 -0.026163    0.08979031  0.40554142  3.11875326
  -0.65287484  0.06963872  0.64623573  1.1876676  -0.83211552 -1.3253391
   0.5802567   0.16345404 -0.10528627  1.13579203  1.57018264 -0.39550917
  -2.12513952  1.81189932 -0.77404545  1.44597388  2.62195159  0.74153859
  -0.37951188  0.86330274  0.57166403  0.05520029  1.47694326  0.54166355
   1.41086685  1.02269334  1.56140884  0.122103    0.61914831  1.0800711
   0.13517842 -0.06028284]]