[-4.7575843e-01  8.4873390e-01 -8.4827530e-01  5.0911158e-01
  3.5078460e-01 -1.4730593e+00  5.0828165e-01 -1.5049079e-01
 -1.4201992e+00  1.0816400e+00  9.1895080e-01  1.9142483e+00
 -4.2276233e-01 -1.7053546e+00  4.0477005e-01  3.5486919e-01
  3.5552289e-02 -6.9954151e-01 -1.0730455e+00  1.5812615e+00
  2.4460694e-01  2.1316447e+00 -2.1088839e+00  2.6000690e-01
 -5.0651228e-01 -2.6767224e-01  1.5408930e+00  2.0493677e+00
 -5.4400229e-01 -3.4900314e-01  6.7967153e-01 -1.2394638e+00
 -8.4566760e-01  4.5144156e-01  1.6582808e+00  1.7231454e+00
  2.4338463e-01 -1.2831151e-01 -1.4446461e+00  7.5084770e-01
 -7.9081154e-01 -2.1331842e-01  1.9606162e+00  8.9881921e-01
  1.2080384e+00  1.0824091e+00 -4.5413616e-01 -6.5182614e-01
  2.2413769e-01  3.1596997e-01  1.9792303e-01  1.3491151e-01
 -6.0400784e-02  2.6611252e+00 -4.7288844e-01  1.4088593e+00
 -7.0863223e-01  8.0094850e-01  7.1120846e-01  1.2447431e+00
  1.2487385e-01  1.2708601e+00  1.5266076e-01 -1.3793387e-01
  9.1368318e-01  2.6449767e-01  5.0530380e-01  1.0160215e+00
  1.6031998e+00  4.1793230e-01  1.6174645e+00 -1.0020846e+00
 -1.2666921e-01  1.5588053e+00 -2.1334553e+00  1.3766785e+00
  7.8893924e-01 -2.9748458e-01 -1.4313191e+00 -8.9834911e-01
  1.0476998e-01 -9.5398682e-01  3.2620460e-01 -5.9553617e-01
  3.9624846e-01  2.9364314e+00 -2.3961332e+00  1.4552100e+00
  1.1057000e+00  5.4444385e-01  2.8097618e-01 -8.1024688e-01
  1.8930309e-01 -2.8598076e-01  6.2425226e-01 -9.7140306e-01
 -3.0819541e-01  5.2572155e-01 -6.5760845e-01  1.5693389e-01
  6.3985920e-01 -1.2846515e+00  1.9838455e+00  1.5278562e+00
  6.3843161e-01  1.7161909e+00 -8.8856846e-01  7.7546537e-01
 -3.3213922e-01  6.9629848e-01 -2.8704771e-01 -8.5206997e-01
 -1.2006555e+00  8.4625155e-01  2.0886615e-01 -1.4481639e+00
  4.1026619e-01  9.3960547e-01  4.5089155e-01 -2.9071462e-01
  9.7865158e-01 -1.9458314e+00  1.0986253e+00  2.4109039e+00
 -2.0333884e+00 -1.8568324e+00 -4.6285388e-01 -6.7840153e-01
  6.1327308e-01 -1.7645359e+00  4.1516930e-01 -1.3110193e+00
 -1.7331376e+00  7.4241459e-01 -4.5153692e-01  7.8055847e-01
 -2.4933544e-01  1.0989708e+00  1.8352898e+00  5.9452075e-01
  3.1369078e-01  1.8500093e+00 -2.1238439e-02 -1.5735101e+00
  1.4390486e+00 -1.1638848e-01  7.7490039e-02 -1.7036353e+00
  8.7009388e-01  5.0299776e-01 -6.6090149e-01 -2.7713699e+00
  1.1261408e+00 -3.2819189e-02 -9.0574157e-01  8.3068079e-01
  1.9753591e+00  4.4347236e-01  2.5794661e+00 -7.1908081e-01
  1.7677124e+00 -1.0710207e+00 -4.8715767e-01 -1.0735484e+00
  3.9649919e-01 -7.3544377e-01  9.9972385e-01  3.1180422e+00
 -1.0825300e+00  5.0522000e-01  2.7573153e-01  1.1149770e+00
 -1.8618946e+00 -4.2615765e-01 -5.8181387e-01  3.3841309e-01
 -4.2353389e-01  1.3651578e+00  9.8157090e-01  8.3567671e-02
 -1.5449884e+00  2.9452591e+00 -6.8953544e-01  1.4339808e+00
  2.9703393e+00  1.1073908e+00  5.2328610e-01  1.0349401e+00
  2.5856462e-01 -6.0791773e-01  1.5017077e+00 -8.0464897e-04
  1.7782516e+00 -5.7016921e-01  8.6940545e-01  7.2734231e-01
  3.1998003e-01  4.2271465e-01 -1.0993669e+00 -2.5910309e-01]