[[-0.27513294  1.20642503 -0.04673266  0.58624451  0.98222214 -0.50344707
   0.84101131 -0.08654776 -1.49815463  0.39451961  0.55221282  2.09832334
  -0.97292574 -2.25521418 -0.0273364  -0.02527466 -1.27369175  0.19671707
  -1.51512076  1.19570206  0.07726283  1.91225465 -0.59194867 -0.02129121
  -0.23369239 -0.73155986  1.06032585  2.5263289  -0.30215347 -0.68025212
   1.01310161 -0.53307041 -1.12502306 -0.1802372   2.21630367  1.48057492
  -0.72208962  0.13747462 -1.90707909  0.43952401 -1.72936333 -0.81986175
   1.47431474 -0.37924852  1.4606791   1.53324907 -0.27886332 -0.64908494
   0.32015094  0.64786918  0.23010147 -0.01511333 -0.18773735  1.07965049
  -0.79595853  1.13005084 -0.2982255   0.84182425  1.10490701  1.03721823
  -0.72305665  1.49092002  0.30711971 -1.08110291  0.67527386  0.25816707
   0.40915147  1.27256734  1.17577928  0.21153893  1.87447017 -0.8911788
   0.91805363  1.24613409 -1.19441278  0.98704467  1.55933961  0.26900787
  -1.50537768 -0.1896888  -0.58492268 -0.78956132 -0.29023081 -1.08440309
   0.33327507  2.78153874 -1.40893107  0.26463546  1.0678796   0.89389307
   0.45809038  0.33626026  0.61918174  0.36321947  0.10054426 -0.59857986
  -0.14479548 -0.21662453  0.34914069  0.58506902  1.08783139 -1.48538417
   1.49488318  0.94487828  1.16837728  1.06466961 -0.20789147  0.07215414
  -0.92179508  1.10930846 -0.07150334 -0.95760386 -1.54083668  0.65594454
   0.04544468 -2.3319033   0.22826358  0.43289599  0.41624135  0.38953748
   1.51055237 -1.91974608  1.51474373  1.86526362 -0.91947618 -2.45773493
  -1.01957263 -0.36523467 -0.03170321 -1.60844702  0.90572268 -1.23730628
  -1.10462171  0.66556612 -0.70191862  0.77312774 -0.70756988  1.29611333
   1.26143864  0.23358894  0.21431814  1.50851052  0.81099493 -1.87389808
   1.17679489 -0.0523244   0.37058493 -1.35555316  1.82561019  0.19218492
  -0.53097975 -1.38932764  0.7776092   0.51442347  0.28448708  0.3856532
   1.31535213  1.7637154   1.70248741 -0.65438962  1.83421439 -1.65723919
  -0.38699959 -0.77109705  0.20135934  0.22239133  0.62222069  2.85156416
  -0.83013669  0.37873964  0.13232615  0.71371279 -1.05786911 -1.35497426
   0.22153094  0.09752415  0.37566854  0.808506    1.06098332  0.06226187
  -2.12330585  1.35630795 -0.87051293  1.77906457  2.39431672  0.66233186
  -0.60751627  1.04393506 -0.24544466 -0.45765984  1.32623058 -0.07298693
   1.64517031  0.52766746  1.51221712 -0.28249705  0.58602265  0.64168548
  -1.12899655 -0.03049172]]