[-8.1856817e-01  7.4808449e-01 -3.3822817e-01  8.5022265e-01
  1.2470708e+00 -8.2011724e-01  9.8467088e-01  3.0303094e-01
 -1.5202831e+00  1.9503273e-01 -1.4613356e-01  2.4354341e+00
 -4.0922907e-01 -2.8062372e+00  3.8790637e-01 -3.8894960e-01
 -1.6398835e+00  7.3034322e-01 -1.0808463e+00  1.7203532e+00
  2.2773547e-01  3.3110621e+00 -8.2666856e-01  1.8285316e-01
 -6.1513495e-01 -1.7543498e+00 -2.7136842e-04  2.8380413e+00
 -9.0362507e-01 -1.0995101e+00  1.2157419e+00 -9.1049951e-01
 -9.4316083e-01  2.4739538e-01  2.8255970e+00  1.4832172e+00
 -1.1326594e+00  9.3253165e-02 -1.8752391e+00  3.4829366e-01
 -2.4252005e+00 -1.2435836e+00  2.5123301e+00 -1.3649659e+00
  1.0423654e+00  8.8480455e-01 -5.2883589e-01 -3.1957275e-01
 -3.0988958e-01  1.4798064e+00  6.7965776e-01  1.7780459e-01
 -1.5087999e-01  2.3457491e+00 -1.0547395e+00  2.0312910e+00
  2.1692680e-01 -2.7654457e-01  1.3649369e+00  1.6009457e+00
 -5.8112866e-01  1.3354968e+00 -1.3966912e-01 -1.8795499e+00
  9.8810577e-01 -2.2948724e-01  2.4452996e-01  9.1109091e-01
  1.4589279e+00 -1.2265496e-01  2.0015814e+00 -4.8842815e-01
  1.1830297e+00  1.2939352e+00 -1.0882114e+00  6.2047684e-01
  1.9549966e+00 -3.5895911e-01 -2.0877421e+00 -7.1863908e-01
 -6.9695592e-01 -1.6116676e+00 -2.7903622e-02 -1.9995612e+00
  3.1176132e-01  2.8187335e+00 -1.8869145e+00  2.9950410e-01
 -2.0972590e-01  7.8575605e-01  1.0179977e+00  4.3109635e-01
  7.5972098e-01  7.8900479e-02  4.5445907e-01 -5.8818132e-01
 -3.8639364e-01 -9.9084508e-01  7.2257712e-02  8.1783140e-01
  1.1959077e+00 -1.8987521e+00  1.7724713e+00  1.6485966e+00
  1.3904185e+00  1.0231709e+00 -4.9517000e-01  4.5322272e-01
 -1.7536628e+00  1.8725834e+00 -8.7768322e-01 -1.8105816e+00
 -1.0456358e+00  1.0155591e+00  1.8879825e-01 -2.7205172e+00
  1.2526722e+00  3.3762497e-01  9.3759912e-01  3.0031049e-01
  1.9803752e+00 -1.9873158e+00  2.0046816e+00  1.4034175e+00
 -9.1081548e-01 -2.3792665e+00 -1.3743608e+00 -4.3033952e-01
 -9.4042748e-02 -2.2340460e+00  5.7533956e-01 -1.4173141e+00
 -1.0528378e+00  8.8166368e-01 -1.1710412e-01  8.8791221e-01
 -2.4015041e-01  1.3545728e+00  2.1099176e+00 -2.0764045e-01
  3.3192861e-01  1.7251897e+00  5.7731676e-01 -1.5227818e+00
  1.7027515e+00  2.1323456e-01  2.7734408e-01 -2.0991919e+00
  2.3603563e+00 -3.5230938e-02 -5.8876222e-01 -2.0926593e-01
  1.4858779e+00  6.2308639e-01  1.1859614e+00  7.1967506e-01
  8.1854588e-01  2.5676613e+00  7.8495353e-01 -5.7125771e-01
  2.6936929e+00 -1.9359988e+00 -7.3849320e-01 -3.3403090e-01
 -1.1445279e+00  2.8288814e-01  1.0952200e+00  3.4356308e+00
 -5.9988594e-01  8.8342720e-01  4.8404095e-01  1.4148152e+00
 -1.1288387e+00 -1.3524227e+00  9.6772230e-01  3.5991916e-01
 -4.6098650e-02  1.0691254e+00  1.1336523e+00 -7.1729177e-01
 -2.3777604e+00  1.9796231e+00 -5.4181999e-01  1.9488292e+00
  3.7418113e+00  6.5074861e-01  7.1363449e-03  1.5383058e+00
  5.4828089e-01 -4.2417911e-01  1.5293746e+00  1.2816120e+00
  2.6865387e+00  1.5204304e+00  2.0665045e+00  2.7543497e-01
  9.5510674e-01  1.0578446e+00 -4.9893406e-01 -4.0808183e-01]