[-0.9568012   1.04466     0.4314725   2.1042213   2.355425    0.98243004
  1.13678     0.16330877 -1.8342988   0.5611087   1.319415    1.7952588
 -1.3037562  -3.12217     0.9266063  -0.1097838  -1.2535439   0.37332743
 -2.3628674   2.554706    0.16649248  3.9992912  -1.2268701   0.12370624
 -0.283225   -1.9188726  -0.20665754  3.8189876   0.1993975  -1.3434788
  1.8441114   0.628435    0.83685124 -0.32057375  2.5312176   1.3411524
 -1.3003738   0.8815388   0.02947257 -0.10453375 -2.936325   -0.96230996
  3.424165   -0.96276134  0.5948801   1.8844875  -1.8822073  -1.1579013
  0.77944374  1.7753563   1.7289588   0.35078746  0.84384626  1.363575
 -1.3384962   1.1589262  -0.35071254 -0.50042117  0.5808612   2.230886
 -0.04701126 -0.22879626  1.0665463  -2.242216    1.1959561   0.7736
  1.2172413   0.7281487   0.574665   -0.8893487   1.8387737  -2.0700014
  0.6777363   1.3719387  -2.3779187   1.8598862   2.6034274   1.2441837
 -2.4731376   0.1102     -0.37774375 -1.8500737  -0.8263237  -1.7925837
  0.07829753  2.4141188  -1.2029926   0.58397996  0.943135    1.4253399
  0.40233505  0.14622252  1.4848224   0.73818874  0.7514151  -0.87026376
 -2.2339838  -0.9544663  -0.3760325   0.47429377  0.6272476  -2.5533152
  3.5883512   1.3711699   0.44423878  0.9665376   0.451465   -0.28598124
 -3.4350662   3.1477437   0.20045996 -1.8181987  -1.26355     1.8112338
  1.1212437  -2.6705685   1.2405112   0.3958938  -0.02387626 -0.26156121
  2.4152563  -2.4321637   2.45437     2.7091324  -1.25321    -1.1108087
 -3.0031085   0.41177624 -1.4081275  -1.2511163   1.7321125  -0.70846874
 -0.52138245  0.78286374 -0.71751255  0.14425245 -0.37095004  1.3735013
  0.93986636  0.42347127 -0.3760625   1.9487288   0.3294275  -1.2271638
  2.061905   -1.5300437   0.98004866 -1.783935    2.320305    0.07399129
 -0.19280504  0.6325562   0.76275504  0.21973374 -0.5111226   0.22978249
  1.2375937   3.1311097   1.065075    0.28232002  3.1189961  -2.7506661
 -1.2402775  -0.8498812  -0.43397623  0.39483625  0.9601925   3.544301
 -0.19562627  0.50696754  1.5278475   1.2526213  -1.1893438  -1.6922313
 -0.10176247 -0.9390775  -0.10997625  1.5912551   0.46910626  0.89074755
 -3.273994    1.9582602  -0.10599375  2.7884853   4.05276     1.4657488
 -1.0525626   0.9849487   0.6222113  -0.23696375  2.6836777  -1.1874137
  2.2417989   1.5365174   3.00974    -0.18223003  0.24957375  0.41292253
 -1.2830775   0.10839501]