[-0.28875002  1.3098826   0.14524275  0.96903485  1.2580439   0.31926218
  0.6213311  -0.23424166 -1.6813772   0.791091    0.30534387  2.868865
 -1.7900443  -2.6162848   0.9233411   0.10910162 -1.0624317   0.16919556
 -1.5116105   1.5902483   0.13676661  2.1621299  -1.0077727  -0.07869391
 -0.86465    -1.6519884   1.414691    2.9035842  -0.64486223 -1.2673572
  0.39756054 -0.17192057 -0.49681446 -0.7467844   2.3386245   3.232633
 -0.36012167  0.5937878  -2.1620255   0.5403     -2.938338   -2.1123896
  1.4511995  -1.2511572   0.87916446  1.1065273  -0.6738267  -0.15992607
  0.31315666  1.2793689   0.17515057  0.44537613  0.44984612  0.86951333
 -1.3582277   0.8986344  -0.73937726  0.6422939   0.9555717   1.6640594
 -0.14735168  0.96292496  1.0791317  -1.1337751   0.15351388  1.538032
  0.39706388  1.7120087  -0.08222776 -0.7612878   1.9642035  -0.92656326
  1.2104473   2.2599795  -1.8656156   1.5112351   1.2996249   0.5208094
 -2.3060675  -0.04727722 -0.05002    -1.2811599  -0.8106255  -0.987545
  1.3490868   3.1798737  -0.83140063  1.6751579   2.4709241   2.2243643
 -0.6895906   0.44160277  0.3801911  -0.87222564  0.22845443 -1.0843077
 -0.09511943 -1.3100967  -1.0141438   1.6260828   0.598614   -2.2823567
  2.1934428   1.0401655   0.9499133   1.5226641  -0.27549392  0.7600283
 -2.089141    1.7197927   0.26035166 -1.0220883  -1.6400656   0.78802556
  0.8260239  -1.7750133   0.3760478   0.5691073  -0.13419777  0.28892276
  1.8909774  -2.0777178   2.297366    1.5805755  -1.0727916  -2.9012494
 -1.3468194  -0.5103762   0.45141554 -1.5307611   1.4045224  -1.3139762
 -0.23260331  1.1746812  -0.70027226  0.45543003 -0.8992067   1.6169832
 -0.03838558  0.78867835 -0.520185    1.9900451   0.88512176 -1.7726761
  0.92322826 -0.7092367   1.3152404  -1.944745    1.2548454  -0.05869224
  0.03579834 -1.2439098   0.9183288   0.59579223  0.28799614 -0.19517332
  1.0987273   2.156914    1.4006367  -0.11488729  2.7609038  -2.353857
 -0.2463572  -0.35434502  0.03707443  0.13477056  0.82234055  3.6413078
 -1.6924626  -0.18086784  0.24069388  1.0179467  -0.6297644  -1.71456
  0.48401055  0.38644114 -0.54505336  1.3131343   1.0730405  -0.3235611
 -2.6208968   1.1290271  -0.5411856   1.3403548   3.4941177   0.63919663
 -0.15630275  1.0718927   0.52831614 -0.80157614  1.2673112  -0.4204178
  2.6864977   0.02330335  1.0395678   0.0205861   0.13113114  0.18417946
 -1.6155938  -0.22440222]