[-6.04532480e-01 -2.27675438e-02 -7.20810056e-01  1.77956009e+00
  1.25503993e+00 -6.38199985e-01  1.72557998e+00  1.78887546e-01
 -1.34879494e+00 -1.57554746e+00 -8.43129992e-01  4.31134748e+00
  8.14357519e-01 -1.10774255e+00  1.21555001e-01 -5.49499989e-02
 -8.04264963e-01  2.86999989e+00 -2.98099995e-01  9.78897572e-01
 -5.00909925e-01  2.56501007e+00 -9.07355070e-01 -5.36012530e-01
 -1.78961992e+00  5.78075051e-01  1.21725249e+00  1.96750498e+00
  4.85997438e-01 -6.43344998e-01 -3.18375051e-01 -2.28723764e+00
 -2.02437997e+00 -9.23799872e-02  2.01119232e+00  1.49888742e+00
 -3.95742476e-01  5.13964951e-01 -1.80428493e+00 -3.07637513e-01
 -3.08408976e+00  5.49450040e-01  8.53962541e-01 -5.38330019e-01
  1.99736738e+00  2.06948996e+00 -1.07231998e+00  8.12182546e-01
  5.91947436e-01  3.31815004e-01  1.85775161e-02  1.05685025e-01
  8.11657608e-01  1.60335743e+00  3.22219968e-01  2.50378251e+00
 -5.00217557e-01  5.24964988e-01  2.87389517e+00  2.05848002e+00
 -1.26459992e+00  1.60612261e+00 -4.18739974e-01 -9.00394976e-01
  2.58314937e-01  2.54494238e+00  1.50530493e+00  9.58075047e-01
  1.23197758e+00 -1.21542491e-01  2.04411983e+00 -2.88788009e+00
  2.14977503e-01  2.26679254e+00 -1.23831236e+00  1.99819255e+00
  1.56764495e+00 -1.61815250e+00 -4.93314952e-01 -1.45258999e+00
 -1.56857252e+00 -1.23028755e+00 -2.12345049e-01 -9.90437508e-01
  1.05512249e+00  3.04505253e+00 -4.00287509e-01 -4.98892426e-01
 -8.03917468e-01  1.99138987e+00  9.54522491e-01  1.56100750e+00
  7.71965027e-01 -1.05551744e+00  1.06710017e-01  3.06182384e-01
 -7.13217497e-01 -2.30068493e+00  4.76130009e-01  1.34920061e-01
  3.16077501e-01 -1.44124508e+00  2.25655222e+00  8.96847546e-01
  9.66047525e-01  5.07012486e-01 -1.13589001e+00 -3.02055001e-01
 -1.90705502e+00  1.34420490e+00 -5.20997524e-01 -2.05089986e-01
 -2.20952511e+00  7.35540032e-01  8.60899985e-01 -3.44166517e+00
  7.27109909e-01  8.38479877e-01  5.27804971e-01  2.23890036e-01
  2.78603005e+00 -5.01975417e-02  2.38206506e+00  2.87071753e+00
 -6.48532510e-01 -2.17196512e+00  4.52024937e-01  4.76060033e-01
  6.78924918e-02 -2.87716246e+00  1.56267500e+00 -1.78481483e+00
 -1.11632466e-01  1.23607516e-01 -1.88997757e+00 -1.72752142e-03
 -1.24744999e+00  2.70250022e-01  3.17195010e+00 -6.41092539e-01
 -2.09924996e-01  1.54489243e+00  1.73650384e-02 -2.39402246e+00
  3.35535002e+00 -1.01624981e-01  2.98925042e-01 -1.71554494e+00
  7.71982551e-01  7.23720074e-01 -3.58684987e-01  2.47337490e-01
  2.89306760e+00  2.00796247e+00 -1.75307572e-01  1.34274745e+00
  5.84182501e-01  1.78284001e+00  6.35752439e-01 -2.09822989e+00
  2.46805239e+00 -2.46256995e+00 -6.53027534e-01 -6.67664945e-01
 -5.09397507e-01 -3.71754974e-01  4.31020021e-01  3.17412519e+00
  2.49524862e-02  1.17213500e+00  2.45289996e-01  1.19417429e-01
 -4.71220016e-01 -2.65996003e+00  9.13059950e-01 -5.85094988e-01
 -8.53527546e-01  2.53317761e+00  1.05518258e+00 -2.31357455e-01
 -3.08584261e+00  1.78129756e+00 -6.53650165e-02  2.26033998e+00
  3.97704268e+00 -2.30419993e-01  9.56440032e-01  1.92208481e+00
  9.34307575e-01 -1.51417553e-01  3.06020260e+00  1.45644748e+00
  1.54674506e+00  1.37423253e+00  7.14695036e-01  4.65287507e-01
 -8.61222506e-01  1.63042998e+00  6.61795020e-01 -9.71374989e-01]