[[-0.09092613  0.18140611 -0.21987832  1.80120945  0.67289165  0.11283891
   0.65535831  0.15882055 -1.24899106  0.39354781  0.807895    1.36305444
  -0.40588112 -1.87028776  0.37898112 -0.30489725 -0.99115334 -0.45393058
  -1.4283244   0.80135442  0.03976332  1.50083163 -1.26839832 -0.24299943
  -1.14523332 -1.20542721  0.09506779  1.92853499 -0.18421331 -0.69815503
   1.40780775 -0.47216112 -1.10189502  0.76703331  2.6963445   1.67154053
  -0.72310114  0.86557222 -1.12455167 -0.29831614 -2.37132222 -0.44660667
   1.68439556 -0.37123612  1.23150109  1.64892887 -0.82301774 -0.7032022
  -0.67948667  1.04013216  0.80886885  0.54230888 -0.03349112  1.64986109
  -0.59291164  0.89495438  0.25754834  0.81631779  0.54008998  0.76434613
   0.03842668  1.19520166 -0.40407166 -1.0989367   0.42132059  0.59404164
  -0.23581779  0.70673947  0.78296444  0.53799218  1.48462333 -0.94435332
   0.87728499  1.70605437 -1.19287114  1.03114216  0.83884612  0.60715444
  -0.59252171 -0.1150911  -0.50039277  0.05783888  0.18492111 -1.3690333
   0.22015777  1.86876723 -1.32966445  0.71494502  1.0107772  -0.00972277
   1.14924336  1.13752771 -0.02442056  0.30946447  0.32499776 -0.36136887
  -0.45991445 -1.03704217 -0.23711948  0.01194334  0.52016724 -1.49088995
   1.2681023   1.83318444  0.27336892  0.7415817  -0.29662664  0.31860782
   0.1282189   0.82276052  0.19132553 -0.85872057 -1.27356722 -0.1603639
   0.53382671 -1.92633666  0.11298167  0.16117671  0.21335997  0.16268447
   1.57170831 -2.19605112  1.26792223  1.25799163 -0.67215502 -1.97486159
  -0.71422943 -0.25017389 -0.2930617  -1.08109779  0.10784999 -0.37444667
  -1.32148618 -0.00789722  0.21290055  1.04054441 -0.86233444  1.0683061
   1.64952951  0.14380168  0.23074447  1.79779614  0.61510003 -1.31573282
   0.80013058 -0.57106222 -0.27771613 -1.08044443  1.72156893 -0.14387833
  -0.83225999 -1.78707     1.31068943  0.33013221  0.24452165  0.63433945
   1.67784449  1.69471001  1.21343444 -0.02947774  1.11879663 -2.44951884
  -1.12363998 -0.83392778 -0.36602221  0.33411166  0.14160945  3.03101934
  -0.3923011   0.06823667  0.12450613  1.30581836 -0.25756726 -1.31543997
  -0.33641666 -0.09926223  0.28756387  0.98437224  1.38560059  0.21089053
  -2.2226294   0.6540339  -1.11766225  1.38905999  3.19789216  0.99916113
  -0.08868165  0.91278946  1.18239667 -0.29253334  1.96135607  1.03043721
   1.59236055  0.69151278  1.0100839  -0.24126335  0.51024775  0.76115834
  -0.29983448 -0.71390557]]