[[-0.25563655  1.15200852 -0.08892201  0.78235575  1.05574627 -0.15328465
   0.7424813   0.07279754 -1.95149942  0.57398017 -0.00571535  2.29424587
  -0.81955348 -2.40288182 -0.06735812  0.07625261 -0.50955146  0.01338419
  -1.34629938  1.38492585 -0.22206769  2.67889327 -0.45713436 -0.03750524
  -0.94228089 -0.82909162  0.87354794  2.29216915 -0.53441955 -0.59417218
   0.38434452 -0.53887954 -1.28943657  0.10712434  2.50763569  1.68897691
  -1.60205023 -0.31454318 -2.01810703  0.29076521 -1.82271223 -1.15209123
   1.88149942 -0.61220837  1.33259809  0.98678144 -0.46978044 -0.66513144
   0.23963117  0.62037519 -0.09830289  0.29042593 -0.38570844  0.95578484
  -0.96465807  1.31425502  0.13034519  0.76628955  0.29995608  0.76029822
  -0.52938372  1.5797344   0.51300407 -1.47874896  0.99643884  0.42902058
   0.51790179  1.1847685   1.47217779  0.05275639  2.08946353 -0.62654748
   1.00898878  1.43486143 -1.43271805  1.34387116  1.46735783  0.21473321
  -1.99132312 -0.35127811 -0.38979363 -1.12082191 -0.67301462 -1.13422358
   0.56332018  2.80437769 -0.93893224  0.51249399  1.25512673  1.47750977
   0.89537898  0.28963825  1.16223028  0.02466505  0.00960626 -0.39293974
  -0.24058203 -1.08238708  0.08376291  1.07860161  0.75146836 -1.22126448
   1.87580128  1.49454718  1.28018986  0.99183473 -0.47075113  0.1480226
  -0.99013206  1.58265578  0.01398926 -1.8715529  -1.83793459  0.67696099
  -0.15429941 -2.47382242  1.13491584  0.23726967  0.56641378  0.48338112
   1.33012327 -1.1631968   1.53107733  1.86767424 -1.17897751 -2.61265888
  -0.82152035 -0.78101302  0.31689234 -1.46191609  0.20675262 -1.11243757
  -0.82107622  0.97734223 -0.4289426   0.47606331 -0.41692854  1.58635766
   1.36144937  0.87841673  0.15044419  1.89743566  0.97799053 -1.76074436
   1.3027727  -0.48641671  0.92040901 -1.68811242  1.8832366   0.15576927
  -0.61339599 -1.20865421  0.99293253  0.68537554  0.73767156  0.58473867
   1.38207813  1.51011653  1.62242186 -0.59196561  2.11941765 -1.80728585
  -0.55305487 -0.75205813  0.0843467  -0.03112785  0.44666961  2.56333298
  -0.77202388  0.37104509  0.50407073  1.11606247 -0.35007551 -1.01206025
   0.48859045  0.26888363 -0.0101758   0.96538191  1.01444018 -0.9424634
  -2.06027483  1.10820843 -0.85812215  1.58441514  3.06034588  0.57755086
  -0.03701046  2.07766686  0.02450073 -0.11244317  2.02626406  0.5315514
   1.61589239  0.71063887  1.53688301 -0.24673507  0.53734829  0.48331262
  -0.68291153 -0.36060218]]