[-1.0804092   1.1433482  -1.0773754   1.7416455   1.5052737  -0.27942002
  1.1044618   0.62611544 -2.2104363  -0.05944184 -0.08153456  2.0276027
 -0.89646095 -2.3632102   0.27865     0.61891997 -1.0587598   1.1399919
 -1.7197673   1.7968792   0.6443255   1.4941791  -0.38341716 -0.01007181
 -0.2903654  -0.7084246   0.16115452  2.6266556  -0.34427187 -0.44445089
  1.2817556  -1.0805827  -1.5001508  -0.3000627   4.0272593   1.56704
 -1.293742    0.26174    -2.4539237   0.01615544 -2.6051319  -0.89035434
  2.5348551  -0.6328782   1.6541119   1.3289691  -0.64673    -0.27648723
  0.3826091   0.33101088  1.1455363  -0.2175991   0.8691364   1.1359646
 -1.1813873   1.617419    0.21906637 -0.7941391   1.6455665   1.0145336
 -0.52975     0.87912905  1.0095227  -1.8328719   0.4612236   0.46759635
  0.42024633  0.82007635  0.86310005 -0.29740733  1.969679   -1.041198
  0.40315646  1.815059   -0.7115719   0.2527909   1.9934611  -0.07163274
 -0.6526673   0.29455182 -0.7136427  -0.5838872  -1.1024418  -1.6732711
  0.94102997  2.5744028  -1.112329   -0.01258183  1.3783517   1.6355209
  1.2013781   1.036071    0.5685773   0.8929417   0.10398092 -0.20314537
 -0.99335366 -0.49702358  0.8370709   1.4850243   1.229349   -2.362341
  2.4222052   1.2408538   0.40061998  0.42167455 -0.55823636 -0.2917545
 -1.9010472   2.224759    1.374401   -1.877639   -1.5618936   0.6416201
  0.9002481  -1.9921691   0.5050318   0.06751455  0.7517008   0.3139718
  0.84569645 -1.8971772   1.580818    1.811441    0.02723817 -3.5079463
 -1.5456146  -0.34691727  0.29830357 -1.0996156   0.44300452 -1.9962108
 -0.8852864   0.7953573  -1.1880945  -0.67794913  0.68966     0.8168219
  2.009637    0.733821   -0.26876912  0.9216436   1.3490101  -2.8610046
  1.9858092   0.30241546  1.4083283  -1.7208928   1.4964901   0.45891362
 -0.48217002 -0.28835908  0.1708818   0.7062891  -0.23256817  0.5154328
  1.5726273   2.1020753   0.9898882  -0.42525628  2.3229818  -2.8399465
 -0.57549095  0.09273639 -0.5734891   0.01940728  0.45678997  2.6714718
 -0.7404017   0.627109    0.68977094  2.0014474  -1.9939843  -0.7279982
  0.4536582  -0.7155127  -0.70471454  0.81457096  1.6912526  -0.62808186
 -1.7442653   0.88129276 -1.3378836   2.1655855   3.5325868   0.58269364
 -0.7140865   1.7508454   0.30613184 -0.38127822  1.7799546  -0.22340542
  2.1981292   0.6116782   3.6507583  -0.7535046  -0.75950277  0.9737573
 -0.61954814 -0.7635937 ]