[-0.2941225   0.7189888  -0.0155475   0.4954662   2.4814062  -0.8150637
  1.0735787   1.1594788  -0.78958374  0.83953494  0.4895525   3.3075848
 -1.2573351  -1.7360477  -0.04067501  0.89482003 -0.9624662   0.38757873
 -2.1576624   2.204625    0.22768876  2.3098736  -0.6464388   0.5096525
 -0.9824412  -0.27299377  1.1134576   3.3932524   0.3577775  -0.49707752
  0.33005124  0.05050627 -1.4941788  -0.34107754  2.7693162   1.1289612
 -1.8764312   0.61722124 -1.8186862   0.7336525  -2.3073     -1.749779
  2.276305   -0.52121747  0.7888613   2.45193    -1.0455388  -1.2460587
  0.33174753  0.9326087   0.15344125 -0.18448879 -0.56060994  0.6022975
 -2.775856    1.9047225  -0.95835376  0.5250325   0.99642503  2.5003164
 -2.8558125   1.835355    0.58975005 -2.3428938   1.4505863   0.18340118
  0.53960747  1.6112001   1.6445838   0.77242875  1.7136514  -0.21390626
  0.34555623  1.35316    -1.0456438   1.51477     1.7819412   1.3534863
 -1.7876061   0.2807337   0.5841175  -1.0040975  -1.7162738  -1.1804576
  0.84379137  3.227089   -3.5522761   0.10433     2.622295    0.9032724
  0.4104651   0.43338376  1.3848449   0.29850253  0.9776225  -1.8493762
  0.31989998 -0.69262123 -0.9778563   1.7939676   1.3416451  -1.0150399
  1.4518838   1.0731838   0.85310614  1.0738999  -1.3470576  -0.39393875
 -0.90109     1.7056324   0.11525752 -1.9433174  -1.1272612   1.3869374
  0.35062495 -2.0780714   0.23630002  0.8482538   0.19494125  0.7587362
  1.1919463  -0.97286     2.9662201   1.6813612   0.20206875 -3.9949822
 -1.6107411  -0.5486963   0.7866624  -1.0144264   1.0142362  -3.172679
 -1.5541024  -0.08371374 -0.45496744  0.23211625 -0.97069377  1.4782312
  0.97993743 -0.453555    0.75216997  1.2833375   0.914295   -1.6653614
  2.9004552  -0.21115625  0.9695751  -2.916524    1.3220176   0.66200745
 -0.766965   -1.9919312   0.06564249  1.4099612   0.33169746  0.9364774
  0.7538363   2.0638413   2.4339502  -0.5269738   2.319234   -2.08581
  0.43998125  0.47672755  0.50622    -0.29782623  1.2738214   3.348086
 -0.9831376  -0.02350248 -0.33192375  0.14571124 -1.5076525  -1.6226674
  0.3504575  -0.009615    0.95309997  0.5939013   1.6116737  -0.08185121
 -1.91356     1.5663338   0.10140872  1.8774412   3.67127     0.2988788
 -0.20339003  3.1376488  -0.2501625   0.08063871  2.6985126   0.3932487
  1.4740387   1.2939038   2.6823263   0.09847495  0.33286625  1.3517113
 -1.0820075  -1.9799912 ]