[-0.6363359   0.62960833 -0.4884147   1.071613    0.7587747  -0.40782323
  1.0367142   0.2546762  -1.458821    0.87662905  0.44510567  2.020504
 -1.175422   -2.442238    0.53120625 -0.01774299 -0.17161103 -0.22026832
 -1.8888872   0.9980914  -0.15181701  2.5322297  -1.2765962  -0.21537273
 -1.151362   -1.5519518   0.76086557  2.9306679  -0.69582427 -1.0862439
  0.49650028 -1.0855539  -0.7208009  -0.06478001  2.5700223   1.9645985
 -0.75143534  0.14905056 -1.5968919   0.29562432 -2.4756203  -1.4715941
  1.8213656  -0.4826636   0.6145144   1.5109477  -1.1670135  -0.5198263
 -0.72050244  0.22691433  0.8098149   1.1538365  -0.28377944  2.480121
 -0.9436429   1.2035804  -0.5557738   0.38853273  0.4462219   1.681897
  0.12190323  1.6745266  -0.12145731 -1.2506703   0.60703325  0.7887224
  0.48294216  0.7631866   0.7790701  -0.06098809  1.6046194  -0.41441107
  1.1432748   1.1112283  -1.5944026   1.462317    1.4018376   0.23202543
 -1.6556736  -0.5998038  -0.07449567 -0.6006771  -0.7573046  -1.0214914
  0.30687162  2.5019631  -0.98602337  0.91710776  0.9153838   0.83732927
  0.87458515  0.35702133  0.660251   -0.1366208   0.03038653 -0.847051
  0.15992026 -1.0789121  -0.833374    0.5759197   0.40639573 -2.1457534
  2.0625284   1.7668624   0.657577    1.2085515  -0.890688    0.5518351
 -1.7104546   1.6971726  -0.835103   -1.4707978  -1.4928089   0.98950946
  1.19212    -1.2782261   0.4129598   0.28344622 -0.25230753  0.24460264
  1.4534967  -1.7590001   1.4448093   1.7530258  -1.77104    -1.7924364
 -1.1036941  -0.53527546  0.03904027 -1.4842302   0.23215644 -1.1797014
 -0.752824    0.7278654  -0.3904354   1.1560619  -0.04954299  1.4820797
  1.4003941   0.13819426 -0.22895566  2.2528243   1.1167095  -1.5180225
  1.1828738  -0.11173679  0.14564975 -1.6716007   1.388104    0.4557604
 -0.72248006 -1.563458    1.379962    1.1757187   0.0302035   0.5507944
  1.2001226   1.8442943   1.5742975  -0.40821525  2.7470129  -2.3449314
 -0.3018735  -0.5772657  -0.15870994 -0.2924538   0.54501647  3.1557806
 -0.7278838   0.26357645  0.55242294  1.489111   -0.7046298  -1.1709387
  0.9573286  -0.06490619 -0.6178823   1.4350927   1.645584   -0.41543454
 -2.6680565   1.8691884  -0.61646974  1.5960599   2.6095743   0.07939003
 -0.37967673  1.1208206   0.7193708  -0.5839292   1.671131    0.25301322
  2.0160453   0.9582627   0.790856    0.71231806  0.77397275  0.48366404
 -0.70621127 -0.08108542]