[-0.43752483  0.9231776  -0.51649415  1.147614    1.5273405  -0.3425264
  1.1253576   0.38368282 -1.3905585   0.2448966   0.47238734  2.7837155
 -1.0562644  -2.5576406   0.31932628  0.6439071  -1.0373602  -0.72623205
 -1.5817366   1.8438243  -0.6766029   2.8006344  -0.98845124 -0.36003283
 -1.0528979  -0.73841405  0.6260258   3.2151613  -0.71899647 -1.1534239
  0.24350494 -0.85276365 -0.8152923   0.4800483   2.6232512   1.9916708
 -1.7231268  -0.16125    -2.818954    0.2527794  -2.6666193  -1.7246357
  1.9911941  -0.94955176  1.7412906   1.1871641  -1.0848761   0.01677356
  0.1736025   1.111357    0.2753466   0.38938436 -0.24014017  1.3357837
 -1.0302591   1.9980161  -0.63691133  0.22558056  1.0850844   1.497766
  0.33450246  1.429268    0.5053585  -1.7610464   0.8286174   0.64859605
  0.8422852   1.4508079   0.4624471  -0.1085681   2.3907716  -1.392474
  0.6773117   1.7198641  -1.0723352   1.1487662   1.5064224  -0.18956676
 -2.2326608  -1.0016085  -0.36923787 -0.52635115 -0.7311058  -1.5150036
  0.1517556   2.340324   -0.95160973  0.39367792 -0.04847566  0.99428
  1.1051073   0.21469264  1.3529925   0.5847646   0.33222955 -0.13713188
 -0.42537567 -0.58358395 -0.47196975  0.85705054  0.9048187  -1.7396265
  3.25153     0.9198308   1.3910758   1.3729066  -1.1549246  -0.03291469
 -1.8044775   2.577457    0.00770902 -1.5095155  -2.1335492   1.2806945
  0.66539305 -1.7764044   0.7943411   1.0554434  -0.11946037  0.7407615
  1.8691249  -2.1857867   1.7676172   2.069779   -1.0115194  -2.6698818
 -1.1758686  -0.6755561   0.46519008 -1.2611581   0.8329967  -1.2524651
 -0.7526481   0.96978897 -0.3865606   0.2585302  -0.6304498   1.0802187
  1.4111468  -0.06319355 -0.45505062  1.3854053   0.87807184 -1.606286
  1.4410067  -0.31379113  1.2517285  -1.5336478   1.8201764   0.4927243
 -0.9163208  -0.7426352   1.0055509   1.2071418  -0.03490606  0.5722686
  1.2601074   1.9865006   1.0170144  -0.9467121   2.448669   -1.933355
 -0.28404433 -0.6920338   0.01389335  0.03251941  0.6347175   3.6045003
 -0.7449855   0.74624294  0.49367794  1.3795344  -0.76742077 -1.2479618
  1.9797713   0.15732834 -1.1534944   1.7440158   1.4181993  -0.28698605
 -2.7343996   1.7297033  -0.9443118   2.019458    3.186524    0.4525861
 -0.81659496  1.8057104   0.72602457 -0.37418938  1.3981864   0.50677794
  1.949325    1.4141449   1.2830428   0.20467038  0.7323789   0.5379995
 -0.34944493  0.11449112]