[-0.42616102  0.5486153  -0.5594631   1.8438016   0.7228721   0.332731
  1.5598078   0.27410424 -1.0084496   0.7962921   0.20150316  2.98913
 -0.96082056 -2.7220616   0.6083611   0.38115054 -0.82214946 -0.13393208
 -1.327789    1.4293147   0.07194791  3.0221465  -0.6464578  -0.19541
 -0.864591   -1.0662336  -0.08120791  1.9237278  -0.89663535 -0.80040634
  0.952822   -0.35222733 -0.31247264 -0.5534432   2.7148504   1.7673316
 -1.1113057   0.20404789 -1.5423546   0.5944579  -2.1243246  -1.1006294
  2.4621506  -1.4044747   1.487412    1.585578   -0.9987232  -1.0366974
  0.01490634  1.0473531   0.5376163   0.36204267  0.7202874   0.83164483
 -0.5644537   1.5048105  -0.3732663  -0.28240472  1.7264642   1.1098421
  0.06518998  0.9473984   0.6426447  -1.661681    1.0396584   0.39787474
  0.76644844  0.8748459   1.4445559  -0.565309    1.4478874  -1.162991
  1.0887283   1.3592268  -1.4417332   1.910271    0.8702211   0.6870138
 -1.5774432  -0.16794527 -0.18624052 -1.3438847  -0.6983995  -0.7648279
  0.46237102  2.2300131  -1.3806301   0.92484045  1.4768927   1.9517698
  0.49047586  0.68607694  1.4947159  -0.02897103 -0.28663743 -0.17442684
 -1.298571   -1.7345634  -0.96064365 -0.19508104  0.52562743 -2.2151847
  2.6324794   1.2637411   0.75666     2.013315   -0.6538784   0.47915688
 -1.6363406   2.8694782   0.9078689  -1.4399996  -1.5236173   0.7582458
  0.44148254 -1.9031469   0.40760893  1.0375489   0.9481763   0.48643532
  1.6382133  -2.176957    2.3499835   2.1389868  -0.8804521  -2.6020043
 -0.47574526 -0.16050313  0.11270631 -1.4446126   0.69996214 -1.2425182
 -1.2317588   0.7368948  -0.5502194   0.70173836 -0.5299037   1.1810584
  0.97543263  0.7556246   0.24450728  1.6244879   0.52100956 -2.4046855
  0.7713647  -0.75509423  0.78913534 -1.9026093   2.5886486   0.58836365
 -0.6507389  -0.38687205  1.1641525  -0.11358791  0.36497366  1.0663695
  1.2651459   2.5851624   0.92988616 -0.80418277  1.9576553  -2.8314648
 -0.89747316 -0.19726633 -0.79021317  0.31376368  0.8671383   4.04723
 -0.9378975   0.620399    0.72014475  2.0244224  -1.0107147  -2.2497153
  0.36573786 -0.3606663   0.34885737  0.7002196   0.7755958  -0.7289037
 -3.5431335   1.2264615  -0.6621326   1.2642047   3.6106896   0.94359475
 -1.0050484   1.4338363   0.5579179   0.22512315  1.5547253   0.6021085
  1.8996769   1.404771    2.4470494  -0.26017103 -0.13799106  0.7524505
 -0.7613036   0.35981998]