[[-0.04537369  1.13319867  0.04193513  0.41491368  0.81509064 -0.56495328
   0.39347895 -0.12799671 -1.24689118  0.39812092  0.15104119  1.84947763
  -0.91478711 -1.88943    -0.43898711  0.14297934 -1.33896577 -0.29087355
  -1.35733975  1.06894369  0.03211776  2.209375   -0.52821198  0.35840433
  -0.72390723 -0.90269539  1.03433039  1.75750356 -0.62918106 -0.63852801
   0.57162461 -0.40670276 -0.9581729  -0.19853487  2.14792133  1.29420683
  -1.07771948  0.36962802 -1.24081815 -0.01431762 -1.44738383 -0.94359054
   1.36874394 -0.25864973  1.08461593  1.02408185 -0.5973287  -0.34717106
   0.05295315  0.68036763  0.20347014  0.02410841 -0.05123264  1.33505855
  -0.74679896  1.35738473 -0.41510093  0.65305579  0.89252869  0.72452566
  -0.74049461  0.87232039  0.39369697 -0.80907856  0.69737433  0.33333804
   0.25944474  0.80857895  0.79344014 -0.04115579  1.38237815 -0.73963264
   0.54724197  1.40968091 -1.34370698  0.22165659  1.20012552 -0.18784052
  -0.98782171 -0.25137185 -0.26019763 -0.50802303 -0.14668012 -1.21609447
   0.08262788  2.24968355 -1.0500192   0.59698342  0.44870289  0.76085579
   0.50475751  0.22261671  0.77627841  0.38903988  0.13626829 -0.5917504
  -0.32543619 -0.63227961 -0.15106276  0.2616488   1.16364605 -1.40763856
   1.47762711  0.80227974  1.00562026  0.97576567 -0.19166698  0.492235
  -0.83067092  0.87240473 -0.2790954  -0.62388762 -1.29019778  0.53517185
   0.14467027 -1.90712882  0.51016433  0.40363828  0.26314605  0.13942751
   0.85536987 -1.17474738  1.49198882  1.41744593 -1.07226054 -1.64800038
  -0.47431843 -0.63938921  0.30248501 -0.87012528  0.37660922 -1.4590771
  -0.75265145  0.30612644 -0.19773106  0.4079558  -0.32016947  1.26317157
   1.36828526  0.32145197  0.1567671   1.40168894  0.76740184 -1.03569566
   1.00763157 -0.08322356  0.00682066 -1.1995938   1.1025371  -0.13222802
  -0.79850988 -1.09491262  0.8847975   0.29337012  0.24012474 -0.07913262
   1.26489974  1.2803779   1.57293039 -0.41201906  1.79314736 -1.17469618
  -0.01458606 -0.14661592  0.05065223 -0.0457208   0.59308486  2.56281395
  -0.84724987  0.38653658  0.24833869  0.55708895 -0.84624026 -0.70048539
   0.43657752 -0.17645565 -0.43684907  0.80194843  0.89603395 -0.53113026
  -1.84213987  1.15716486 -0.49315211  1.1900304   2.14838092  0.37361067
  -0.12413185  1.06945816  0.13086158 -0.15673118  1.25501093  0.06185961
   1.64032605  0.51359683  1.53569923  0.35515777  0.85195802  0.52962171
  -0.90741091 -0.18026211]]