[-0.61461544  0.70603377  0.3871423   1.3592371   1.0850776   1.0339793
  0.98872     0.9437437  -1.4671737   0.6997799   0.09200774  2.467378
 -1.2471055  -2.3091931   0.26002228 -0.00858693 -0.17177615 -0.50930923
 -1.9643939   1.60437     0.25477234  2.3230524  -0.9043315  -0.41266537
 -0.77279854 -0.7487599   0.56933314  2.9956565  -0.6459     -0.3061899
  0.58632535 -1.6957986  -0.7369146   0.5380754   1.5087446   1.8188946
 -0.9288877   0.18126768 -1.8401946  -0.0189569  -1.8041929  -1.616244
  1.7631315  -0.18715769  0.86402535  0.7616147  -0.9627647  -0.99624
 -0.28517997  0.20184156  1.2486501   0.30523232 -0.05446694  1.1608685
 -0.71084845  0.27227923  0.42569765  0.38996765  0.60572     0.5391908
  0.14849     1.8000407   0.03823846 -1.1457877   0.8701285   0.0321592
 -0.2579977   1.509584    2.2304945   0.45351     1.3011239  -0.13432461
  0.5912977   1.1944307  -0.86611694  2.0026515   1.5026761   0.86943614
 -2.3633444   0.28615695 -0.30262998 -1.9457245  -1.4143201  -1.5625122
  0.28759     3.0472732  -1.7006792   0.24168617  0.4881569   0.7148393
  0.90621316  1.070657    1.6030867  -0.07660151  0.04886384  0.09443844
 -0.17514385 -0.5826754  -0.38299152  0.40719536  0.68697697 -1.2121338
  1.2205116   1.1544278   1.697253    0.6693892  -1.3621546   0.79135156
 -0.06073923  1.3894316  -0.44706234 -2.1116152  -1.7283922   1.3941015
  1.4589938  -1.7859477   1.6180922   1.2900716  -0.14304693  0.32178614
  1.6768076  -1.4683454   1.3931955   1.8847277  -0.77338386 -2.4669468
  0.2217954  -1.2002331   0.2643408  -1.7647978  -0.9401214  -1.5233878
 -0.32187384  0.5385408  -0.8073085   1.6397891  -0.11653309  2.5790823
  1.4265963   1.3785915   0.21566695  1.5012392  -0.15356232 -2.4525323
  0.85775155  0.7256661   0.7454108  -0.6162585   2.359266    0.3975746
 -0.6653084  -2.1657178   0.9177408   0.6999      0.5794377   0.6290699
  0.8006947   1.56557     1.9373784   0.24571228  1.5751401  -2.489718
 -0.6671477  -0.7233492   0.7677946   0.40846226  0.56472236  3.2974284
 -0.15730613 -0.5564331   1.418883    1.5023208  -1.7536145  -1.3836061
 -0.22304846 -0.45821542  0.11495762  1.2200885   1.8385484  -0.18308464
 -3.063033    1.0621676  -0.8072077   0.71449316  3.2874339  -0.6314554
  0.00512539  1.7894969   0.36688694 -0.38099003  0.39194232  1.7172878
  1.7608569   0.23504001  1.835093   -0.26526308 -0.41654077  0.9098431
 -0.52545696 -0.35864383]