[-0.6505454   0.8151264  -0.5270383   1.2259254   1.9902972   0.02180001
  0.08756635 -0.06559179 -2.5407846   0.3573127  -0.01719     2.4960475
 -0.3786027  -2.8786545  -0.00568727  0.08655546 -0.81680816 -0.5840255
 -1.6948929   1.2007372   0.6772554   2.4338646  -1.1209902   0.5546308
 -0.8042745  -1.2159036   0.7572191   3.3074522  -0.03217455 -0.7660873
  0.59378445 -0.8130936  -1.1232446  -0.12423363  2.177909    2.1676238
 -1.8326374   0.5137228  -1.8586593  -0.2344082  -1.9227909  -1.5468128
  1.5299736  -0.58212817  0.88150823  2.0855744  -1.2157784  -0.87405455
  0.01052729  0.5200109   0.47773278  0.40561637  0.30638912  2.3410344
 -1.7195362   1.9208717   0.2704009   0.51531273  1.2667435   1.5717908
 -0.3418109   0.79406905 -0.07644726 -1.2712582  -0.09213997  0.42703637
  1.378391    1.5945446   1.2025409  -0.12047725  1.9201137  -0.7984118
  1.5955592   1.4908563  -1.6791382   1.6066537   1.4138291   0.1020027
 -1.8873538  -1.1584474  -0.9182463  -0.96934086  0.02772    -1.5747873
  1.2959354   3.243703   -0.73591995  1.0823619   1.3965209   0.8159527
 -0.70722544  0.57291454  0.8690281   0.04304546 -1.3338263  -1.1511091
 -1.4764609  -0.74367356 -0.7466991   0.7610927   0.9429845  -1.218628
  2.4273636   1.6906663   0.3232973   0.7775908  -0.1725391  -0.16019817
 -2.1229055   1.9212036  -0.18511997 -0.99011    -2.034452    0.54132915
  0.34239548 -2.0474892   0.63042825  0.34167814  0.36896002  0.3671318
  0.6829509  -1.1524919   1.9368827   2.0805917  -1.0161881  -1.8566788
 -2.0581026  -1.1181508  -0.27206364 -1.68777     1.3692446  -2.0386546
 -0.9116636   1.9061347   0.00671275  0.15034363 -2.05586     2.1888309
  1.0551864  -0.10941272  0.72966456  1.6806298   1.0731     -2.1920545
  1.5947356  -0.30958545  0.08925087 -2.0971708   1.5181408  -0.4248081
 -0.59423274 -1.4800465   0.83454996  0.22572908 -0.3365491   0.5815782
  1.321241    1.4605156   2.0245283  -0.14885089  3.2306135  -2.6188798
 -1.7062844  -0.72069    -0.05820724 -0.37152728 -0.6845527   3.557049
 -0.82904094  1.0713409   1.007959    1.3815246  -0.76546    -1.6566128
  0.6048     -0.14317364 -0.39940822  1.0177227   1.1498017  -0.5888991
 -2.3385973   1.1276846  -0.9025991   1.5906316   3.685253    0.612791
 -1.6792436   1.3530282   0.5384628  -1.3432827   1.7265809   0.4133964
  1.7633938   1.0086955   1.5123454   0.55460364  0.47393     1.2947083
 -0.43684995  0.6758027 ]