[[-0.88295915  0.90818587  0.18946501  0.64349499  0.38440253 -0.028795
   0.7097425   0.49263086 -0.88764996  0.46714502  0.30557746  2.32156751
  -0.73278085 -2.88707092  0.05640419  0.37913001 -0.73537339 -0.21707085
  -1.76495832  1.90861169 -0.80290911  2.26744746  0.68410415 -0.69814912
  -1.73701243 -1.36592418  1.40918166  2.25573082 -1.71240494 -1.02651913
   1.02196078  0.21746329 -1.37909664  0.58535502  2.72371501  2.52338248
  -1.16935417 -0.0992492  -1.71757243  0.4053008  -1.69217328 -2.17300839
   2.62826084 -0.91442334  1.03761583  1.73516169  0.04067667 -0.24122833
  -0.74179585  0.78778166 -0.11685165  0.40126663 -0.1707358   1.11470752
  -0.39041251  1.15230329 -1.51895582  0.49280837  0.65796413  0.06742835
  -0.42039996  1.78657671  0.52357831 -1.74337497 -0.16124919  0.34131913
   0.94818497  1.22401081  1.46387416  1.16552832  1.80880252 -0.1771475
   0.95953418  1.64877175 -1.52674501  1.32991918  1.86923746 -0.56788916
  -1.31899758  0.35612668  0.10268169 -0.45770502 -0.97608998 -0.77376749
   0.47141503  2.81956496 -1.50856249  0.48321335  1.37407171  0.87289833
   0.87750331 -0.20620251  1.06563251  0.30531004 -0.16083832  0.19879164
  -1.04317586 -1.34106587  0.80630584  0.82963667  0.25698332 -1.55072578
   1.64957082  2.3869425   1.08140833  2.72446578 -0.83987415  0.28206417
  -0.75421997  1.10216412 -0.1852375  -1.94899423 -2.14998168  0.99605582
  -0.56468418 -1.63936837  1.02918834  0.63458413  0.60377586  0.78945836
   1.14209747 -0.88564667  2.59954999  1.66243172 -2.0625025  -2.22939417
  -0.5245583  -0.47651002  0.01997751 -1.99562666  1.07403252 -1.71109919
  -0.18871252  1.14053336 -0.68133165  1.35689083  0.65950168  0.951405
   0.69255416  0.55907416  0.65967334  1.63805165  1.15830583 -1.89886748
   1.66018161 -0.65534833  1.11606337 -1.96555499  2.19467256  0.91705334
  -0.13274833 -0.86216913  0.45478332  0.32853665  1.77231092  0.97120503
   0.96839669  1.67940328  1.75841081 -0.37001752  3.11928675 -2.56827748
  -0.86772582 -1.03824753 -0.28414082 -0.11718415  0.69628251  2.46177591
  -0.280795   -0.37651665  1.2629192   2.62720908 -0.35720082 -1.08058337
  -0.08371087 -0.21348917  0.76237667  1.35234664  0.82591337 -1.47813669
  -2.67757164  1.83322084 -0.8157725   1.13991245  3.2903525   1.1144175
  -0.06626333  1.72138588  0.275165    0.53300834  2.19621665  0.38843
   2.10995327  1.20217499  0.90286997 -0.98089332  0.33305334  0.35168503
  -1.0763208  -0.85638499]]