[[-0.30298892  0.58059112 -0.20367377  0.8624216   0.97696809 -0.45710755
   0.53143378  0.84695623 -1.71435942 -0.00763837  1.02136733  2.39200221
  -0.80999921 -2.15435861 -0.42322918 -0.16823028 -1.73765757  0.29429081
  -1.45088238  2.33015374 -0.51401893  3.09239097 -0.74907813  0.53781189
  -0.47305731 -0.93777028  0.63336326  2.28895944 -0.20330134 -1.03699678
   0.94023031 -0.58953489 -1.43654034 -0.35643705  2.24141193  1.20030785
  -0.97351407  0.35954838 -1.54520373  0.58764833 -1.99299727 -0.76773348
   1.64363462 -0.98345213  1.44125429  1.70852221 -0.46245268 -1.14259864
  -0.63876272  1.04773166  0.93669674  0.50261784 -0.49860597  1.15831757
  -1.0021346   1.71851515  0.02323703  0.26841218  0.77909464  0.73634216
  -0.38651218  1.3913484   0.9404281  -1.0019608   0.35466214  1.1057851
   0.83748191  1.19705022  1.64221945 -0.21845919  1.96967611 -0.4736408
   0.69420893  1.79888057 -0.81305164  1.48348997  1.33007754  0.48574057
  -1.59719564 -1.02594649 -0.74625002 -0.55418271 -1.03798323 -0.83775378
  -0.20808569  2.29883142 -1.34918704  0.75229247  0.33795194  0.32208757
   1.71389701  0.51126945  0.83110112  0.11811079  0.42780296 -0.0202054
  -0.57213242 -0.91186161  0.45673624  0.4182057   1.08071811 -1.63277489
   2.68650136  0.70148599  0.43314189  1.37967734 -0.61149594 -0.31125002
  -1.11841299  1.21544375  0.16306837 -1.02773675 -1.19975273  0.53452324
  -0.02067352 -2.35969594  0.32271241  0.61234917  0.85008999  0.38222435
   1.71328166 -1.62089028  1.21704811  1.61213914 -1.47963892 -2.88761381
  -0.73606054 -0.32053864  0.1189354  -1.4194211   0.31994297 -1.31019321
  -0.99212947  0.46755892 -0.38965649  0.45625834 -0.39897326  1.50066755
   1.49512086 -0.06346    -0.3259011   1.48939776  0.60347461 -1.23497919
   1.53521271 -0.22863187  0.56522434 -1.32511917  1.5028681   0.95712164
  -0.84135325 -0.9590432   1.17122245  1.13372107  0.08378137  1.01568837
   0.89607972  1.42587649  1.6703422  -0.71146162  2.07870645 -1.65154702
  -0.97618082 -0.30569999  0.30307701  0.16449244  0.45851622  2.8956382
  -0.37890354  0.19483727  1.20559649  1.32779353 -0.53539323 -1.11001376
   0.69570136 -0.06828001  0.08910756  0.99370028  0.85354323  0.11270567
  -1.852966    1.91047751 -0.90959296  2.19045675  3.19969854  0.57871381
   0.38355781  1.35799403 -0.41007971  0.3307727   1.83444592  0.58065297
   1.68921383  1.29914296  1.65291026 -0.30036162  0.67436432  0.80094161
  -0.16963973 -0.13709273]]