[-2.35916555e-01  8.93712461e-01 -4.12427902e-01  1.37291729e+00
  1.12333691e+00  5.28515160e-01  8.04226279e-01  1.31806940e-01
 -2.05045652e+00  2.19955314e-02  9.64878976e-01  1.84200764e+00
 -1.02648342e+00 -2.75218034e+00  7.26155519e-01 -4.85880621e-04
 -9.46111798e-01 -2.02839285e-01 -1.92753816e+00  1.51005900e+00
  7.90208764e-03  2.79033828e+00 -1.49974549e+00  2.70369709e-01
 -1.58123806e-01 -1.22320139e+00  6.28212750e-01  2.50086260e+00
 -1.69013500e-01 -1.61859381e+00  8.29478443e-01 -9.88541782e-01
 -2.81809628e-01  1.74010649e-01  3.03245139e+00  1.77047741e+00
 -1.58412635e+00  3.03286195e-01 -1.61021936e+00 -3.78716558e-01
 -2.27612114e+00 -1.15216017e+00  2.23806405e+00 -1.28249633e+00
  7.77082086e-01  1.52798569e+00 -9.05890346e-01 -5.99373400e-01
  3.99325490e-01  1.08130860e+00  5.01902342e-01  1.03585541e-01
  1.59924492e-01  1.86282873e+00 -5.94795167e-01  1.19218624e+00
 -5.82809269e-01  5.21600723e-01  6.09682441e-01  2.17238426e+00
  1.41908288e-01  1.17176592e+00  4.11819667e-01 -1.61459720e+00
  4.27036196e-01  8.42250407e-01  6.74710333e-01  5.83288610e-01
  5.25834143e-01 -6.62648156e-02  1.68986595e+00 -1.80715919e+00
  8.29272091e-01  1.48972058e+00 -1.39807463e+00  1.21002805e+00
  1.36873698e+00  5.45549631e-01 -1.41376078e+00 -3.76052678e-01
 -5.16880393e-01 -7.75223434e-01 -7.04982042e-01 -1.40417612e+00
  9.57873762e-01  2.02265072e+00 -4.91148621e-01  8.58604848e-01
  8.79086614e-01  1.05719674e+00  8.24805140e-01 -1.03773773e-01
  5.24077535e-01  7.79682696e-02  3.72555524e-01 -2.65101701e-01
 -1.78114855e+00 -5.55830821e-02 -4.17818278e-01  5.95387936e-01
  3.59730333e-01 -1.89076209e+00  3.10262156e+00  1.25375223e+00
  1.11462057e+00  8.77781093e-01 -6.28454804e-01  1.46041373e-02
 -2.28023100e+00  2.64100218e+00  4.16322440e-01 -1.08398414e+00
 -1.77592850e+00  1.63766944e+00  1.17337894e+00 -2.12919378e+00
  4.80179250e-01  4.80175555e-01  1.19891055e-01  1.64301023e-01
  1.35792112e+00 -1.67668295e+00  1.92790484e+00  1.21142149e+00
 -8.17683280e-01 -1.41782725e+00 -1.51460481e+00  1.58559993e-01
 -5.20793162e-02 -8.90761435e-01  1.27497584e-01 -1.29726434e+00
 -7.54142284e-01  5.86739957e-01 -4.41117257e-01 -6.18820712e-02
 -5.39061368e-01  1.20901597e+00  1.04234850e+00  6.47155121e-02
 -5.30762732e-01  1.63353431e+00  9.07455564e-01 -1.76439273e+00
  1.43447649e+00 -4.96803463e-01  6.00416899e-01 -2.04593635e+00
  1.45868862e+00  9.52954888e-02 -7.32790351e-01 -8.57861042e-01
  8.16356122e-01  7.58450329e-01 -4.92325962e-01  4.34323430e-01
  2.06675029e+00  2.04158735e+00  1.87762722e-01 -7.43591368e-01
  2.60012245e+00 -1.87723708e+00 -7.69750655e-01 -8.59573424e-01
 -4.01156545e-01  2.15305895e-01  2.50804186e-01  3.48274422e+00
 -8.49960089e-01  5.88389277e-01  5.18121362e-01  1.65927327e+00
 -1.03349805e+00 -1.28111112e+00  4.53073144e-01 -2.92727560e-01
 -5.82251072e-01  1.42062354e+00  1.38767600e+00  1.97687924e-01
 -2.44097877e+00  1.36668468e+00 -7.54926860e-01  1.74620819e+00
  2.72718620e+00  3.96807909e-01 -6.31811023e-01  8.28636885e-01
  6.79254115e-01 -1.65461034e-01  1.53397632e+00  3.19265351e-02
  1.82259822e+00  1.44947767e+00  1.64550996e+00  2.91165143e-01
  4.07781035e-01  4.61479932e-01 -6.03705525e-01 -4.66348082e-02]