[-0.5815613   0.95746803 -0.5993753   1.30413     1.7406433  -0.5485593
  0.852488    0.29775393 -2.401397    0.7405187   0.8232793   1.986937
 -0.31531134 -3.0331507   0.02215998 -0.61274135 -0.99517876 -1.0328761
 -1.6631254   0.69239    -0.579598    2.5426433  -1.541166    0.80042267
 -1.158942   -0.9289194   0.4680687   2.446912   -0.53151804 -0.39040604
  0.6933447  -1.6448975  -0.9533838   0.86463606  2.8971207   1.9557735
 -0.6769914   0.7419619  -1.8639281   0.35344535 -1.7540708  -1.5022013
  2.1178453  -0.12004466  0.55450135  2.0307925  -1.5027621  -0.10950068
 -0.13672797  1.0499413   0.38190195  0.881632   -0.47536337  2.0435486
 -1.4322785   1.5077946  -0.27258798  0.65762264  0.36275592  0.70334876
 -0.7347907   0.7341341   0.24091268 -1.4200805   0.77066135  0.3554167
  0.44877332  1.1637132   0.86866075  0.34040403  2.0131419  -1.1206573
  1.3516042   1.2753108  -1.8692108   1.6339452   1.9961699   0.06048404
 -1.6119915  -0.6199427  -1.0634     -1.2544314  -0.18916269 -1.6165252
  0.8515847   3.3143194  -0.99941075  1.2075955   1.1618087   1.0059826
  0.36887342  0.9025574   1.049982   -0.30698532  0.03925933 -0.426014
 -1.2895595  -0.39286467 -0.09248001  0.25377333  0.10929067 -1.9545993
  2.231107    2.0027335   1.3531386   1.0961331  -1.1505567   0.25937533
 -1.5364573   1.713346   -0.2970553  -0.70626265 -1.7075727   0.62690264
  1.0750381  -1.9451841   0.74400735  0.88042736  0.442926    0.3426107
  1.0855787  -2.1710439   2.1483319   1.9516087  -1.5057877  -2.18261
 -1.9447968  -0.68179     0.24644734 -1.9741309   0.8178587  -1.2124593
 -0.74228656  1.7375239   0.09484001  1.3656007  -0.93935937  1.7844273
  1.026956    0.3840627   0.03701203  1.7242992   0.98838264 -1.767594
  1.3755866  -0.9404954   0.15391263 -2.1127512   1.3082842  -0.12780865
 -1.0072206  -1.3009973   0.9703753   1.006144    0.16661267  0.3490106
  1.63706     1.6740667   2.0539286  -0.87969726  3.7928405  -2.2969818
 -1.3780614  -1.2090787   0.12726267 -0.5149707   0.5279873   3.3853805
 -0.9433006  -0.01697534  0.79938203  1.988846   -1.16795    -1.5775754
  0.24028404  0.35605335  0.44096866  1.7489026   1.4480633  -0.3078881
 -2.2397468   0.9160213  -0.38845336  1.7703807   3.0276594   0.36739406
 -0.3042413   1.4815639   1.044186   -0.55364263  1.8736813   0.6874527
  2.357032    0.55572796  0.70887935 -0.07525866  1.2409554   0.5625407
 -0.76878667 -0.41343734]