[[-0.14582986  0.56852971  0.22006394  0.4047769   0.57499225 -0.0400035
   0.57088929  0.15265478 -1.55845619  0.81305253  0.5375193   2.60651501
  -0.61176439 -2.25839076  0.14863904 -0.14118069  0.10203097 -0.06779945
  -1.06200971  1.14932056 -0.29751902  2.60199384 -0.60060661 -0.48569662
  -0.90887999 -0.54032576  1.05981792  1.96626098 -0.60064393 -0.61814212
   0.38676606 -0.88789491 -0.77760592  0.04217618  1.78915523  1.92749886
  -0.82105112 -0.12574198 -1.64126855  0.05075028 -2.18876891 -0.81922465
   1.02779564 -0.04075027  0.95018     0.95548606 -0.75374225 -0.66991803
   0.1763524   0.70012466 -0.04145254  0.51174887 -0.45641593  1.16170026
  -0.93175253  1.25945924 -0.34072889  0.3404362   0.25853959  0.83754704
  -0.92482509  1.64302962 -0.04313875 -1.20715312  0.25010662  0.8712021
   0.30615186  0.56136154  0.88824013  0.24575155  1.08359086 -0.61736365
   0.44367437  1.40029867 -1.46497818  1.23188575  0.94309282  0.13276745
  -0.94400887 -0.60158482  0.28140775 -0.87737717 -0.60353085 -0.81077706
   0.50698363  2.67754321 -1.12825616  0.66042955  0.54421549  0.92591606
   0.14608732  0.27932747  1.2967013  -0.31603945 -0.2060924  -0.33494227
  -0.2980338  -0.93866846 -0.19976549  0.60115323  0.65235013 -1.19891506
   1.90286126  1.25728028  1.61901043  1.26551522 -0.68639     0.5026172
  -1.20242408  0.73756929 -0.15925213 -1.39503155 -1.19689379  0.67471098
  -0.30122379 -1.86124086  0.89221129  0.13572607  0.11521523  0.28754663
   1.18272947 -1.31212941  1.58864692  2.03919733 -1.46378054 -2.20936927
  -0.48670816 -0.86771     0.17265591 -1.48724101  0.16197029 -1.48013705
  -1.5034031   0.841161   -0.07196339  0.88095338 -0.87657256  1.2098814
   1.17939308  0.80525139  0.33086226  1.64749026  0.85449999 -1.57069493
   0.66946465 -0.51302677  0.82078338 -1.64210731  1.40056899 -0.21790099
  -0.181671   -1.02430248  1.03564788  0.99380903  0.53665422  0.42930675
   0.89564017  1.21160689  1.84940429 -0.59730946  2.17187331 -1.58466268
  -0.4511048  -0.78884928 -0.17966788 -0.30501085 -0.14230789  2.71210871
  -0.70112903  0.33487549  1.12705057  1.23489495 -0.37317196 -1.1779067
   0.51760124  0.13303127 -0.20898689  1.21688265  1.16894251 -0.42472494
  -2.27043016  1.71303689 -0.74435958  1.43770168  2.51073481  0.37408507
   0.17984802  1.07456144  0.15718281  0.06465129  1.4708209   0.56159662
   1.67636813  0.91378618  0.61654637  0.27382875  0.51741056  1.17530346
  -0.16890379 -0.22706198]]