[[-0.1318213   1.10272292 -0.08613855  0.82529765  1.18429348 -0.40816487
   0.59100763  0.21095908 -1.73860833  0.139924    0.23737261  2.28089569
  -0.74414121 -2.11254959  0.06917196 -0.22579013 -1.0146586   0.00852107
  -1.15508078  1.08573233  0.37811586  2.83069546 -0.76204702  0.29021703
  -0.79967588 -0.85009235  0.67353544  2.20688873 -0.97784451 -0.78274727
   0.57456871 -0.6146588  -0.93988318 -0.02737626  2.0310405   1.52013783
  -0.85102483  0.17156209 -1.7831614   0.24288844 -2.06005811 -1.14325948
   1.58463642 -0.63406367  1.15849044  0.97402596 -0.7091913  -0.52600741
  -0.03594299  0.41399273  0.46258857  0.09524991 -0.14492583  1.36343691
  -1.00778304  1.04104153  0.13642635  0.08569859  1.06278193  1.28605147
  -0.44239623  1.30306964  0.55476007 -1.23262355  1.08585721  0.37702353
   0.27094401  0.93600463  1.34890546  0.28584054  1.44673491 -0.92738934
   0.75725205  0.87470594 -1.28098926  0.84378443  1.28511095  0.21244919
  -1.16022327  0.13342406 -0.35319181 -0.96216036 -0.48416023 -1.18871184
   0.19670767  2.54080976 -1.33186028  0.560439    0.47099767  0.9615966
   0.81606686  0.03076479  1.06314223  0.13617143  0.13096842 -0.31673587
  -0.51870563 -0.40677858  0.14960556  0.74771547  0.60192559 -1.51538394
   1.80959422  1.16195798  0.82322168  0.71657374 -0.5014143   0.19789355
  -1.2390151   1.51175311 -0.1013391  -1.10098819 -1.51007717  0.96187106
   0.28283312 -2.15183915  1.30731554  0.21887882  0.95915257 -0.00746076
   1.43571817 -1.18979144  1.51202583  1.86937264 -0.63788471 -2.56668597
  -0.64255921 -0.43317208  0.03085468 -1.21148679  0.80572752 -1.35529659
  -1.30523655  0.68729351 -0.60819876  0.8324266  -0.45728783  1.28100477
   1.67927651  0.20527559 -0.21407726  1.54200513  0.58976974 -1.46363615
   1.6756731  -0.00541261  0.20990804 -1.42858217  1.29677383  0.01184001
  -0.73933674 -0.70062469  1.09451651  0.82796014  0.44077487  0.11218276
   0.95907184  1.41297023  1.39550605 -0.6435761   2.15057434 -1.70273175
  -0.43661934 -0.3021217   0.06662284 -0.05064247  0.62426481  2.86506188
  -0.67272918  0.82109455  0.6096509   0.86497353 -0.89062742 -0.61206867
   0.67587036 -0.08225892 -0.25404363  0.86030505  1.02597259 -0.42285564
  -2.17130999  1.31459794 -0.88199517  1.32576199  2.73681938  0.36735911
  -0.21942872  1.14296896  0.29924715 -0.31137349  1.53162532  0.42977062
   1.61999599  0.57129922  1.80384288  0.23572624  1.04072093  0.33443897
  -0.71109481 -0.42936949]]