[[-0.73004085  0.55087352 -0.42102029  0.84376826  1.59518019 -0.15398881
   0.61261264  0.13849002 -2.54341982  0.46223055  0.37914144  2.66070721
  -0.75136412 -3.02773974  0.01701735 -0.21083354 -0.91455797 -0.11217264
  -1.48775764  1.24669448  0.65823887  2.5845518  -1.21033145  0.17278411
  -0.5776638  -1.11773778  0.20398472  2.31440437 -0.67341499 -0.86887737
   1.13259029 -0.89390974 -0.97941617 -0.32506622  2.13362198  2.04136539
  -1.16984096  0.24941385 -2.19004317  0.62882001 -2.242816   -1.80945951
   1.67516031 -0.44974735  0.94522035  1.34564595 -0.70027825 -0.59455328
  -0.17953293  0.82699654  0.55836083  0.41809824 -0.00567178  1.34771119
  -0.93885704  1.81791142 -0.12539266  0.08248589  0.9646561   1.60854058
  -0.19458703  0.83796378  0.20589765 -1.4141687   0.43025709  1.08822795
   0.05157763  1.06693884  1.26384558  0.11153148  2.29846555 -0.97701995
   0.68910352  1.39565826 -1.36859327  1.30740477  1.78589516  0.50952375
  -1.65283127 -0.13592528 -0.55355779 -1.19456032 -1.04642918 -1.92698641
   1.17839709  2.90194292 -1.38573022  0.88949816  0.60924299  0.8392276
   0.12649236  0.78448472  0.89919706  0.18386326  0.19776144 -0.60819236
  -0.62107473 -1.17285476  0.11679619  1.23963614  0.68795059 -1.80426874
   2.26784354  2.17775155  0.80587704  0.51602649 -0.77671966 -0.15711057
  -1.6112351   2.08840399 -0.18217055 -1.18619324 -1.81014542  1.11980679
   0.05783384 -2.26936031  1.60556091  0.1557406   0.24819383  0.29061883
   1.1056082  -1.53606481  1.67824326  2.09596358 -1.21355034 -1.94621847
  -1.43888706 -0.32386383  0.34438915 -1.63539546  0.69825441 -1.37650832
  -1.13146351  1.00850614 -0.43586943  0.76259913 -0.58864086  1.48008032
   1.71544039  0.06754235  0.02372911  1.55845882  1.21979196 -2.08537274
   1.44819782 -0.47441067  0.18139969 -1.89027465  1.25235146  0.70033021
  -0.16454383 -0.48432499  1.79109774  1.01021771  0.17442735  0.34033824
   0.89235238  2.22144535  1.28076498 -0.45047531  2.43785178 -2.2443976
  -1.55780672 -1.19298706  0.09627676 -0.29427411  0.51849265  3.49909375
  -0.65399939  0.64198439  0.79917381  1.32889818 -1.05813141 -0.97500589
   0.74652146  0.10034911  0.1636106   0.91501649  1.58905472 -0.07286411
  -2.90631486  1.09744584 -0.83560288  1.858225    2.59886559  0.25818587
  -0.55396263  1.24748145  0.63916911 -0.3480123   1.51661643  0.66190441
   1.87980649  0.76676117  1.79336479 -0.31219559  0.67392475  0.5035641
  -0.27429377  0.21276059]]