[-0.81605005  1.0444521  -0.18491396  1.109552    1.195998    0.03812397
 -0.34534398  0.82319796 -1.76931    -0.11608203 -0.11874799  3.160204
 -1.0817479  -4.8230796   1.4931939  -0.36404604 -0.435982    0.649046
 -1.6362641   2.5023541  -0.58864796  3.9156365  -0.323498   -0.03013201
 -1.59577    -0.7027001   0.259444    3.1280463  -1.46052    -0.530606
  1.4956081   0.00911801 -0.716438   -0.13133004  4.049802    2.296566
 -1.78493     0.36359     0.09300604 -1.5876139  -2.5554998  -1.8296798
  1.9177383  -1.178364    0.45999202  1.305498   -0.50092    -1.0074619
 -0.719128    0.517968    1.013072   -0.148204    0.17182203  1.207214
 -0.45788795  2.0799022  -1.0919421   0.03900998  0.25579602  1.3679581
  0.58451796  0.80781    -0.12350406 -0.04832001  1.39856     2.4670482
  0.45161206  1.6319519   0.010972   -0.16329801  0.928644   -2.10131
 -0.16158597  3.4043622  -1.8507462   1.023216    3.0960498   1.1570419
 -0.6655439   0.787578    0.81838    -1.9561199  -2.0377078  -1.6283581
  1.061136    2.3670802  -1.573932    0.7054781   2.715434   -0.17073599
  0.13956401  0.964954    0.7384219   2.053108    0.708516   -0.39805597
 -0.01126001 -0.150316   -0.04029603  0.54831594  0.627298   -0.38110194
  2.90801     1.703192    1.5389979   1.016876   -0.392538    1.6426799
 -1.848882    1.4041059   0.07123001 -3.0083299  -1.225756    2.262104
 -0.476438   -2.687994    0.97728    -0.04022403  1.034664    0.742766
  1.125728   -1.268014    3.7596962   1.440916    0.01140802 -3.4490578
 -1.6524719   1.758898    0.08788202 -0.8140459   0.57124597 -2.099992
 -2.074702   -0.07716998 -0.56305003  0.763908    0.23914194  1.4864622
  1.8951241  -0.539374   -0.31415796  1.86332     2.1163738  -2.474238
  2.457312   -0.08532001  1.8875259  -3.9873557   2.5301318   1.392216
 -0.3405      0.95340407  0.10654803  0.13599601 -0.04356804 -0.16363603
  0.617304    2.9847279   2.3263938  -0.745152    2.016412   -3.5321136
 -1.145568   -0.554486    0.12397001 -0.68767     1.7725542   1.8952601
 -0.6801761   0.70652604  2.088524    1.7815139  -1.1980422  -1.7805618
 -0.24523    -0.06906996  1.15343     1.4219139   0.78812     0.96876013
 -3.7893002   0.00708609 -0.68668604  0.872492    4.227702    0.999468
 -1.7562721   1.279056    1.184224    0.929166    1.8547558   1.290058
  2.1325982   2.331052    3.0143044  -1.3780639   0.70118797  0.29724795
 -1.458084   -0.44508204]