[[-3.67951307e-01  1.76061342e-01 -3.89786669e-01  1.01583068e+00
   1.41614141e+00 -2.25036644e-01  1.07865266e+00  1.34599798e+00
  -2.33825737e+00  2.62085355e-01  1.57228134e+00  1.99412067e+00
  -7.30183979e-01 -2.60260599e+00  9.66744013e-01 -4.69667589e-03
  -8.50139316e-01 -3.86659816e-02 -8.20251354e-01  2.44592998e+00
   4.87456002e-01  1.85828796e+00 -1.49717201e+00 -1.33105999e-01
   4.20760021e-02 -5.38009359e-01 -1.99994655e-01  2.25729531e+00
   4.86807291e-01 -1.65865535e+00  1.03307733e+00  3.28078006e-01
  -9.09421319e-01 -3.19334004e-01  3.29219602e+00  4.49766003e-01
  -6.45839344e-01  1.77391534e+00 -1.69834068e+00  6.99094003e-01
  -1.62317067e+00 -1.09837464e+00  1.68490398e+00 -1.26670937e+00
   2.00431869e+00  1.29050004e+00 -3.12919313e-01 -5.91676664e-01
  -5.84162656e-01  8.93002654e-01  1.09753666e+00 -3.11400668e-01
   3.18267312e-01  2.24098601e+00 -1.29528466e+00  2.36198738e+00
  -9.71726683e-02 -5.37724686e-01  1.48266201e+00  1.30143065e+00
   2.41334656e-01  1.06242402e+00 -3.46393334e-02 -1.73558929e+00
   6.76510655e-01  2.17213322e-01  4.26943348e-01  1.37178470e+00
   1.03781333e+00 -2.75081336e-01  9.01049316e-01 -1.60281734e+00
   1.35296733e+00  1.45907597e+00 -1.29940537e+00  2.00673067e+00
   1.03162599e+00  6.10127322e-01 -1.81216197e+00 -8.07438675e-01
  -1.47167403e+00 -9.99746660e-01 -5.56144662e-01 -1.68846198e+00
   3.82353998e-01  2.96545402e+00 -1.27406998e+00  7.62770665e-01
   9.32671344e-01  7.05571361e-01  1.12928734e+00  1.11684130e+00
   1.91093306e-01 -3.60866621e-02  1.10786003e-01 -4.90900008e-01
  -4.34538049e-01 -6.87573612e-02  1.05467133e+00  1.56244624e-01
   1.28290132e+00 -1.26369532e+00  1.84903401e+00 -1.73376000e-01
   6.57680134e-02  6.37434014e-01 -9.87828674e-01 -5.02433161e-02
  -2.33520599e+00  1.78382933e+00  8.31945999e-01 -4.01813328e-01
  -1.43444334e+00  4.95411990e-01  1.05783868e+00 -3.39370731e+00
  -5.65060288e-02  1.18252869e+00 -8.05726588e-02 -2.47926007e-01
   1.87772868e+00 -1.55853065e+00  1.26298332e+00  1.53695998e+00
  -2.51117980e-01 -3.39529270e+00 -1.95443669e+00 -6.65599843e-02
  -6.20454005e-01 -2.36113067e+00  5.15238005e-01 -4.58482002e-01
  -1.24684996e+00  3.99453990e-01 -3.21258688e-01  4.29081335e-01
  -9.68546674e-01  8.95808007e-01  1.77886199e+00 -4.80071349e-01
   6.76820022e-01  3.23958682e-01  3.47952675e-01 -2.50705466e+00
   1.41829667e+00  3.26807981e-01  4.24569358e-01 -1.65593376e-02
   1.40361797e+00  2.27387993e-01 -6.99392683e-01 -6.25553316e-01
   1.47333403e-02  1.16176066e+00  3.69450002e-01  1.22572130e+00
   2.57730469e+00  2.89682931e+00  1.35923932e+00 -1.54209977e-01
   2.10588135e+00 -2.09179128e+00 -1.64661870e+00 -2.89265352e-01
   1.04100009e-02  1.21066535e+00  8.40837326e-01  2.31594335e+00
  -9.16507983e-01  1.13410798e+00 -2.64437998e-01  7.61924686e-01
  -1.76985199e+00 -9.31517341e-01  1.30503534e+00 -1.37203342e-01
   5.72806783e-02 -2.59273315e-02  1.37546865e+00  4.23212643e-01
  -2.10308866e+00  1.49222466e+00 -1.11722868e+00  1.96475135e+00
   3.16547204e+00  1.10707332e+00 -1.80405460e+00 -2.34064658e-03
   5.41348656e-01 -1.17160865e+00  1.49019664e+00 -1.71433979e-01
   1.84776798e+00  6.94978672e-01  2.48695860e+00 -4.79408669e-01
  -9.81239994e-02  1.07674534e+00 -9.44066770e-02 -4.85226717e-02]]