[[-0.21906002  1.98572326 -0.76125    -0.53992665  0.38841335 -1.68289996
   1.42036668  0.61181013 -0.56729334  1.63534002  1.8168234   1.70696338
  -0.38382666 -1.17176334  0.45776002  0.01975667 -2.56222669  0.49048003
  -0.5828767   2.3401099   0.84279994 -0.01026333  0.66218998 -2.22896671
  -0.03680333 -0.66005673  1.66018999  3.09456992 -0.28536998  0.69075666
   1.69488001 -0.02702666 -0.49193664 -1.93702004  2.52168333  2.53441
   0.11324668 -0.1698     -1.25574998  3.33094676 -2.19031334 -0.45037659
   0.26052666 -0.08214666  2.29769667  2.46091     0.91881003 -1.02015662
  -0.30433667  0.0901833  -0.46509999  1.06088996  0.46826001  0.82020003
  -0.62177332  1.48367329  0.96077998  1.18036664  1.12716993 -0.59018664
  -1.30897662  0.59209994 -0.39901     0.29032334 -0.66014663  0.29170666
  -2.15593322 -0.72234998  0.63107336  0.23865334  1.19189338 -0.89782
   0.53073668  0.01109    -3.36211014  2.32609669 -0.06870333  2.89164329
  -0.77045     0.85116333  0.34626667 -1.90676665 -0.03067668 -1.00648338
   0.07593334  2.01183335 -2.89027993 -0.10900333  0.29783996  2.07769672
   1.03473999  0.76297005 -0.6231167   1.65726339 -0.0521367  -2.40008998
   0.52347664 -0.68845999 -1.55391006  2.28908324  1.49479    -1.06089004
   1.79169337 -0.55115     0.12194999  1.20415003 -0.59857663 -0.11925999
   1.09007001 -0.33608997 -0.08708004 -1.28506664 -0.29947003  1.7263599
  -1.84494662 -2.06043673 -1.61856669  0.05138333 -1.19204334  0.35589665
   0.77320997 -2.25641326  1.99077002  0.42764667 -1.44193339 -0.75642331
   0.65619334  1.1012367  -0.05135666 -0.54792664  0.50887332  0.6775534
  -0.87649    -0.46671334 -2.51177327  3.06029018 -0.66250332 -0.08629998
   2.19208002  0.25578328 -0.78849    -1.28819338  1.25981325 -3.34052658
   2.1957767   0.45993331 -1.59221001 -1.45174332  0.75862    -0.2762167
   0.72148667 -1.75417662 -0.76793663 -0.93063998  0.17341667  1.70891003
   0.13456334  0.43296667  0.10344998 -0.98281328  0.58473996 -1.10494665
   1.20097    -0.19426004  1.00330667 -0.40557331  0.59585992  1.67973002
  -1.37524994  0.92537667  0.35364    -0.32725    -1.60466003  0.20106665
  -0.93170329 -0.2406733  -0.44104    -0.00696333  1.05911334  0.19073666
  -2.50694331 -0.69947    -1.89550002  2.37328005  3.64042664 -0.59488666
   0.22008999 -1.60076328 -2.28943336  1.18106329  0.95148667 -1.01794664
  -0.04541663  0.03278669  1.56602327  1.12156002 -0.20764335  2.16191669
   0.50930668 -0.12515668]]