[[ 1.94019823 -0.85706587 -1.5690841  -0.90605    -0.27013471 -0.02220352
  -0.23044292  2.05108821 -0.13509882 -0.9076082  -0.02480881  2.26085826
   1.58965353  2.79392765  0.33790764 -1.27751178  0.12558349  1.6227959
  -0.07829002  1.27615768  0.62473057  3.32267061  0.95499471  0.70884998
  -0.51435998 -1.99451822  0.45441765  2.09897945 -0.38660706 -0.46919118
   2.6390353  -1.25628177  0.96046588 -0.94884825  0.81547999 -1.09865001
  -1.93229001 -0.86369589 -1.47157295 -0.19987943 -2.60794118  0.27516114
  -2.46480704 -3.86319001  1.97441878  0.87740942 -1.43098228 -3.0672359
  -1.3629641   0.51324822  0.24929881  1.09316298  1.13455589  1.89729173
   0.46725236  1.95910938 -0.8177347   3.35901943  1.12079473 -0.17331472
  -2.13794765  2.02246354  2.15860181  0.09639651  0.78596175  1.32190236
  -0.41778943  0.63091823  2.67612353 -0.89929174  0.07170648  0.2920553
   0.03633291  2.06189471  0.56231176  1.53104706  0.22965822  0.2650094
  -1.24993293 -2.63914408 -1.65332118 -0.0044347  -0.88331826 -1.1962335
  -2.49555236  3.47265884 -1.70152177 -1.19990766 -0.8165447   0.7520447
  -0.02581469 -1.68937413 -0.93476826  0.32249058  0.92376178  1.18656057
   0.16784647 -1.20600708  1.52265528 -1.13676176  1.23830881 -0.71282351
   1.54821767  1.19076061 -0.97024531 -0.13165822 -2.00969646 -0.19010706
  -1.75989232 -0.55068001  0.55614    -0.87265234 -2.88522354 -1.95214647
  -0.93819172 -4.31012122 -0.01286233  0.33812588 -0.36880115  1.56110061
   1.15155236 -1.15178293 -0.59531294 -0.33187116 -1.97225181 -3.35877597
  -0.19021943 -1.52081293  3.76796768 -2.79945176 -0.23740352 -0.91433824
  -0.20203645  1.1000353  -0.5871406  -0.18459706 -1.87373876  0.33219354
  -2.14885757  1.2663859   0.01031648  0.4814406   0.51322235 -3.11684058
  -0.70411234  0.13993236 -0.47497531 -1.29424002  2.4036718   1.36865175
  -0.23318943 -0.69287529  2.2207276   1.2901959  -1.11874236  1.64939468
   0.85192824 -1.39980471  2.9359447  -0.43909174  1.7641359  -1.18059997
  -0.09056     0.1688294  -1.25787588 -2.30797059  1.27261585  0.85804293
  -0.79288647  0.3186459   0.38267531  1.01287413 -1.8053894  -1.51193062
   0.69999882  1.11344    -0.93255177  1.94153823  1.86101005  0.89781824
  -0.8828659   2.26284474 -2.9225447   1.37757291  2.2975247   1.45364059
   2.46800294 -0.34446648 -1.48084823  1.42897056 -0.06439412  0.66504643
   0.05241235  0.78800175  1.16787233 -0.50869176 -2.00034704 -0.05244528
   0.42626882 -0.89820587]]