[[-1.90407031e-01  4.40424865e-01 -4.14103103e-01  1.04718664e+00
   7.81474439e-01 -2.95202707e-01  5.34075400e-01  4.85202714e-01
  -1.90592855e+00  4.03459048e-01  3.38382036e-01  1.86023119e+00
  -7.07544596e-01 -2.15566814e+00  1.66526240e-01 -1.28841243e-01
  -8.27465135e-01 -3.96929452e-01 -1.20509594e+00  1.43108040e+00
  -2.83420005e-01  2.54475754e+00 -6.99697551e-01  1.49460850e-02
  -9.87279476e-01 -9.28357013e-01  2.98655499e-02  2.10950685e+00
  -2.68970267e-01 -1.07544771e+00  8.79302698e-01 -4.62404155e-01
  -1.25694409e+00  1.80616491e-01  2.46072663e+00  1.26912890e+00
  -1.04445080e+00  3.64290672e-01 -1.78932083e+00  1.51502944e-01
  -2.03994098e+00 -4.24504319e-01  1.36604593e+00 -9.43463250e-01
   1.13482728e+00  1.51954893e+00 -8.73090909e-01 -4.26573252e-01
  -2.28555948e-01  1.03363093e+00  3.93340934e-01  8.03514064e-01
   1.71832419e-01  1.45483393e+00 -6.27516625e-01  1.33109321e+00
  -4.69460825e-02  8.45933283e-01  1.06533891e+00  7.78419612e-01
  -3.05100515e-01  7.44870410e-01  7.90364677e-02 -9.83771339e-01
   5.49963375e-01  4.62759897e-01  6.80550416e-01  6.13281769e-01
   1.00159624e+00  1.84549060e-01  1.71306552e+00 -8.68243522e-01
   5.59049997e-01  1.59171499e+00 -1.42474160e+00  1.43059191e+00
   1.27157660e+00 -1.27927569e-01 -1.26375868e+00 -1.61020945e-01
  -3.28906077e-01 -1.01432918e+00 -6.34217305e-01 -1.24346891e+00
   2.78054444e-01  2.18474842e+00 -9.30261213e-01  4.79100963e-01
   4.55376091e-01  6.65695780e-01  1.10607028e+00  2.81804598e-01
   8.31685136e-01  5.03193653e-01  3.18832155e-01 -3.08188770e-01
  -6.29601915e-01 -7.75388102e-01  3.63090269e-01  2.04200397e-01
   1.32629338e+00 -1.42187974e+00  1.78110094e+00  1.25094539e+00
   6.64914466e-01  7.73440545e-01 -6.85308125e-01  1.62151762e-01
  -1.52808130e+00  1.15302631e+00 -1.78172300e-01 -1.32738985e+00
  -1.69858017e+00  4.76836097e-01  3.26162709e-01 -2.11064031e+00
   4.03781732e-01  2.72957857e-01  2.71123241e-01  5.73999775e-02
   1.73300148e+00 -1.08594244e+00  1.69140238e+00  1.90799262e+00
  -1.30751176e+00 -1.90479700e+00 -4.89874847e-01 -1.66300261e-01
   4.34120311e-02 -1.55803313e+00  3.41113927e-01 -1.48054148e+00
  -1.30841981e+00  9.84026234e-01 -7.07061113e-01  1.64772419e-01
  -5.62349873e-01  1.49934347e+00  1.39841230e+00  3.87956188e-01
   6.97979750e-02  1.56245633e+00  9.15210819e-01 -1.67935148e+00
   1.47065418e+00 -4.18945669e-01  3.07595408e-01 -1.76337053e+00
   1.34210298e+00  4.17962164e-01 -7.54329350e-01 -8.59810962e-01
   1.43513459e+00  6.23535118e-01  1.43229321e-01  3.15306622e-01
   1.08491419e+00  1.72265348e+00  1.34722541e+00 -9.48034586e-01
   2.31417867e+00 -2.05049756e+00 -8.00280406e-01 -7.18236217e-01
  -1.61093833e-03  1.62189475e-01 -9.01541943e-02  2.84591831e+00
  -6.72904870e-01  3.17601486e-01  9.92472813e-01  1.39653511e+00
  -9.14853272e-01 -7.37376069e-01  4.05433356e-01 -2.22602694e-01
  -9.00767424e-02  1.22327838e+00  1.21191216e+00 -5.08606726e-01
  -2.15542060e+00  1.37547296e+00 -4.53873512e-01  2.14535800e+00
   3.14806011e+00  9.84202567e-01 -3.15202724e-02  1.29203108e+00
   2.97572020e-01 -1.16220943e-01  1.91181569e+00  5.31863112e-01
   1.86314997e+00  1.34894473e+00  1.38947180e+00 -3.40636222e-01
   2.94030689e-01  7.37217683e-01 -5.44378387e-01 -1.50186746e-01]]