[ 6.6341007e-01  2.3465700e+00 -2.8880501e-01  2.9211051e+00
 -3.1408995e-01 -3.6932549e+00  6.3997000e-01  7.5203502e-01
 -1.6259749e+00  1.3098950e+00  7.6437002e-01  3.0248799e+00
 -1.5664651e+00 -4.2492499e+00 -7.2940516e-01  1.4662650e+00
 -6.2520003e-01  1.7269498e-01 -6.0430497e-01  2.6454701e+00
 -1.2215750e+00  2.9498098e+00  1.8468000e+00 -1.4596801e+00
 -3.9643502e-01  4.0957001e-01  1.7926000e+00  1.5986799e+00
 -3.7893400e+00 -1.0266750e+00 -2.8283601e+00  8.2461500e-01
 -9.7407997e-01 -1.4445751e+00  1.9144351e+00  6.5333498e-01
 -1.2759800e+00 -1.8494099e+00 -3.0811003e-01  2.9269099e+00
 -4.8350999e-01 -7.7166003e-01 -1.1863501e+00  2.0837650e+00
  4.5471996e-01  1.1154300e+00 -1.0424000e+00 -1.2005500e+00
 -2.4929352e+00  1.5642252e+00  1.2994150e+00 -1.3262349e+00
  9.8684508e-01  7.2245002e-02 -2.4407451e+00  4.6265507e-01
 -2.3544002e+00  3.9703751e+00  5.8140498e-01 -2.3669801e+00
 -2.2108002e+00  3.8674500e+00  6.8839502e-01 -1.3682700e+00
  8.5223997e-01 -1.1681950e+00 -3.2162002e-01 -1.4097450e+00
  1.2474495e-01  1.3471502e-01  2.5827401e+00 -1.3890351e+00
  3.2902300e+00  1.6797700e+00 -3.5836799e+00 -5.1473999e-01
  2.3029850e+00  1.1217499e-01 -4.2282548e+00  1.3940450e+00
  1.0688400e+00  1.3344250e+00 -2.0051050e+00  1.1326702e+00
 -1.1858001e+00  1.0571650e+00 -4.1841049e+00 -1.6284800e+00
  1.9660600e+00  6.5505505e-04  5.6034005e-01  7.7906501e-01
  7.9389501e-01  1.2327504e-01  1.5283999e-01 -4.5690003e-01
 -1.2914497e-01 -9.6739995e-01 -1.9712100e+00  2.8270001e+00
  4.4777851e+00 -2.4849495e-01  2.3176999e-01 -3.5221002e-01
  2.4300551e+00 -6.5489495e-01  7.3328996e-01  3.2891998e+00
  2.0085797e+00 -3.2819998e-01  2.5095301e+00  5.8149993e-02
 -1.1107250e+00  4.8341012e-01  6.5748000e-01 -1.9847502e-01
  1.2626499e-01  1.8287201e+00 -3.4188101e+00  2.8540149e+00
  2.3361201e+00  1.2381301e+00  2.8662200e+00  2.1450250e+00
 -2.0895997e-01 -3.3820598e+00  3.9665351e+00 -2.1420801e+00
  3.2049599e+00 -1.2971900e+00 -3.1044960e-02 -6.6680503e-01
 -2.5012701e+00  1.0569400e+00 -3.2861550e+00  2.2859001e-01
  5.2057999e-01 -1.2024751e+00  2.3129950e+00  3.9134502e+00
  4.7641993e-01 -1.7731005e-01  2.6077349e+00 -3.1654148e+00
  2.5002749e+00  4.6048003e-01 -4.6714962e-02  3.6539000e-01
  4.0338850e+00 -7.3840004e-01 -3.2534850e+00 -1.5639000e+00
  1.3357750e+00 -1.2670400e+00 -1.1676600e+00  1.0217497e-01
 -5.6521499e-01 -3.3541150e+00  4.2100048e+00 -1.9645699e+00
  8.6478996e-01 -1.4264250e+00  3.9017849e+00  1.1009350e+00
  9.1114002e-01  4.6433997e-01  7.5981998e-01  4.1647000e+00
 -6.5749002e-01 -2.0339849e+00  4.7943249e+00 -5.1846999e-01
  9.5151502e-01 -2.6378551e+00  7.7216500e-01 -4.9827000e-01
 -2.3250499e+00  1.9821450e+00  1.0132750e+00  4.6162000e-01
 -4.4189796e+00  2.0373549e+00 -2.5545249e+00 -4.6055502e-01
  2.1044250e+00  1.4631050e+00  2.5927448e+00 -4.8510015e-02
  2.4720490e-01 -1.6507299e+00 -1.7559004e-01  7.1038502e-01
  1.2429100e+00  2.1329551e+00 -4.2985502e-01 -6.6189528e-01
  4.9142992e-01  7.6252997e-01 -4.4204197e+00 -7.2510499e-01]