[[-0.34299678  0.80412034 -0.04081822  0.4062363   0.84588095 -0.21722323
   0.97194063  0.79409131 -1.34567789 -0.11820759  0.51024934  1.05872935
  -0.00316177 -0.88718696 -0.33364241  0.13106596 -0.46365547  0.09249195
  -0.96702241  1.33776595  0.39716984  1.63948079 -0.13582017  0.16510547
  -0.71616692 -0.9029787  -0.18125629  1.21904376  0.22919468 -0.30259613
   0.9230434  -0.20144646 -0.08137726 -0.25208161  1.98628421  0.75675372
  -0.86048791  0.25378016 -1.0713392  -0.04220468 -1.33226372 -0.33200065
   0.21746435 -0.32789434  0.97638288  1.03548405 -0.59800372 -1.01883519
  -0.14506063 -0.27755468  0.44320806  0.08766146  0.30528339  1.53547756
  -0.50733096  1.180429   -0.28167469  0.7016242   1.00036949  0.7436258
  -0.03306936  1.12870867  0.72727677 -1.20543163  0.21913179  0.36648291
  -0.00911372  0.98333825  0.48269983  0.16743177  1.52091108 -1.00105533
   0.50688031  1.18556838 -0.92846759  0.44563871  1.04434676 -0.24540568
  -0.57149646 -1.4144443  -0.100125   -0.65361981 -1.01060599 -0.59359598
   0.59957885  1.86469887 -1.09098982  0.4311795   0.3577513   0.88390709
   0.74398951  0.34419726  0.20349274  0.38022404  0.24878548  0.01974063
  -0.42846565 -0.38753031  0.17020678  0.57168258  1.25940859 -0.58227436
   1.15538643  0.77440841  0.43068434  0.57837775 -0.25587662 -0.21028161
  -0.38242498  0.93211677  0.29987323 -1.39332889 -0.18085016  0.22075371
   0.45946935 -1.45187384  0.31558661  0.13995677  0.06978048  0.20868838
   1.53423335 -0.17286401  1.06047609  1.18783225 -1.58166422 -1.88879388
  -0.83580436  0.09834274 -0.29055903 -1.07052436  0.19518823 -1.20486985
  -0.59542131  0.16036759  0.11307629  0.40025631 -0.07430273  0.69836096
   0.42251727 -0.12630805  0.15327016  0.3964416   0.30940871 -1.36281888
   0.90091871 -0.116915    0.41950646 -1.17233821  0.77921256  0.32406581
  -0.74140889 -0.9551269   0.92519903  0.66426677  0.17684241  0.28004469
   1.25194885  1.56219888  1.51553163 -0.36059691  0.83107969 -1.34958709
  -0.31495209 -0.29821049 -0.11943902 -0.38946839  0.49530647  1.70573196
  -0.68498388  0.28222002  0.18688339  0.70619726 -0.97930178 -0.63373613
   0.36202131  0.18498904  0.21021018  0.86513805  0.13985953 -0.87176665
  -1.93830437  1.20441145 -0.33241194  1.38673386  1.96119092  1.00754273
  -0.05172902  0.06223048 -0.29845467  0.08206338  1.10280355  0.13864645
   1.65905757  0.63287449  0.94698403 -0.21353711  0.38796584  0.30368305
  -0.42032711  0.2519347 ]]