[-0.47884694  0.99006087  0.1776294   0.7936383   1.1922183  -0.05847504
  0.54715127  0.09741492 -1.3856081   0.5261211   0.48020357  2.252205
 -0.3781992  -2.0864968  -0.3366056   0.3942534  -0.9903518   0.25096396
 -1.5560887   1.2867177   0.41548675  2.158735   -0.75303066  0.4875571
 -0.75107616 -1.0612302   0.548986    2.206093   -0.40015185 -1.0370257
  1.0407128  -0.78548676 -1.0646509  -0.10111566  2.5931554   1.4866748
 -0.9139794   0.37942007 -1.9391001   0.2531624  -1.5359297  -1.1845789
  1.6868229  -0.59290266  1.136755    0.8284571  -0.6368606  -0.59346205
 -0.10591001  0.55307996  0.02327209  0.19675525  0.06054716  0.8529501
 -1.0609648   1.3728647  -0.377644    0.38863546  0.7533563   1.1962049
 -0.35254395  1.1530466   0.5278358  -1.3553711   0.56023365  0.4938675
  0.10806128  1.3746166   1.1873366  -0.4653885   1.4663883  -0.60499376
  0.9319128   1.3062527  -1.1674886   1.2217125   1.4021268   0.1603066
 -1.7129655  -0.27483696 -0.37637734 -0.9547973  -0.60040414 -1.3356946
  1.3394608   2.538628   -0.98982507  0.4785291   0.69328433  0.29810113
  0.89149165  0.6007776   0.4834019   0.02883231  0.23633324 -0.36817747
 -0.426965   -0.5466382  -0.08156589  0.97535706  1.0949972  -1.6830071
  1.403731    0.76023114  0.7985188   0.6781571  -0.4148745   0.0213419
 -1.466987    1.743981    0.29450828 -1.5327021  -1.2016481   0.6291521
  0.36568984 -2.153348    0.91457963  0.74660134  0.30066076  0.45156926
  1.3611403  -1.3069819   1.4144132   1.5804507  -0.88214314 -2.6278641
 -1.3904694  -0.3801857  -0.23066318 -1.2866032   0.79654586 -1.1197593
 -0.8937613   0.39268857  0.11998997  0.1946748  -0.48135033  1.4487561
  1.1547478   0.32842672 -0.03705395  1.1520011   0.80754215 -1.4245805
  1.528545   -0.27187958  0.6338484  -1.9942185   1.8313268   0.10006513
 -0.35489574 -0.38049036  1.0018072   0.7474784   0.0252711   0.5813287
  1.006417    1.7060741   1.1926117  -0.21381095  2.301195   -1.4512352
 -0.517684   -0.62211007  0.23006412 -0.02120717  0.48715076  2.710422
 -0.45178413  0.6430543   0.21910381  0.97429526 -0.6024364  -0.8354777
  0.4716157   0.0766449   0.02201566  0.6803447   0.978405   -0.36906642
 -2.1351683   1.2208629  -0.36924842  1.2658143   3.1895611   0.78690153
 -0.5941671   1.1671596   0.35067248 -0.8853369   1.8232366   0.12519151
  1.6045353   0.8406098   2.1452723   0.01044945  0.42972693  0.48058358
 -1.0297583  -0.09181886]