[[-2.43680802e-01  7.28517227e-01  2.00700021e-02  4.31865979e-01
   9.79818416e-01 -5.00630406e-01  3.30075971e-01  5.86003200e-01
  -6.84691619e-01  1.40393210e-01  2.77100176e-02  1.69883601e+00
  -5.21401216e-01 -1.45580160e+00  5.43787599e-01  4.21214797e-01
  -9.95764006e-01  2.63316143e-02 -7.75668418e-01  1.63395679e+00
   2.59912391e-01  2.08189077e+00 -4.20464786e-01  1.51769194e-01
  -9.73396111e-02 -4.64092399e-01  1.49695191e-01  1.37136599e+00
  -4.81467993e-01 -4.11274015e-01  2.80494406e-01  1.83500013e-01
  -9.85176010e-01  2.09355191e-01  1.44128760e+00  5.18356418e-01
  -5.56658008e-01  5.83801203e-01 -9.50694790e-01  2.51400812e-01
  -9.31352401e-01 -9.61363997e-01  1.30767078e+00 -9.79323874e-02
   9.72872813e-01  8.49000822e-01 -4.04806779e-01  1.44506400e-01
  -2.62427202e-01  3.85081207e-01  1.08456005e-01 -1.60873215e-01
   3.01605982e-01  9.31666836e-01 -5.80358400e-01  1.26374041e+00
   9.84244043e-02 -2.83019996e-02  1.02888280e+00  1.41644805e-01
  -1.98216039e-02  8.53975207e-01 -2.88547963e-02 -9.64855591e-01
   2.95094806e-01  1.03533995e-01 -2.45403814e-02  8.20550392e-01
   7.50216002e-01 -2.28640676e-03  3.90659998e-01 -7.27868805e-01
   4.44940010e-01  1.03881921e+00 -7.11300002e-01  1.49628803e+00
   6.96167219e-01 -2.16952014e-01 -7.68937969e-01 -6.40006791e-01
  -7.64430832e-01 -1.07606642e+00 -1.02066360e+00 -1.08147321e+00
   6.39283590e-01  1.86567278e+00 -8.47907598e-01  1.90387988e-02
   1.44608400e-01  1.88317623e-01  9.06357586e-01  1.63926786e-01
   1.15184119e+00  2.24162803e-01  2.18253207e-01  2.94752091e-02
  -5.94320420e-01 -3.52211607e-01  2.51603992e-01  2.21896801e-01
   2.70227598e-01 -1.03140678e+00  1.24854199e+00  5.71404407e-01
   2.89378421e-01  5.39000414e-01 -1.56530409e-01 -1.23043995e-01
  -8.80585189e-01  8.88320410e-01 -1.04616021e-01 -4.43084795e-01
  -9.12939599e-01  7.39603999e-01 -4.21835935e-02 -1.89611482e+00
   4.48713583e-01  4.46933602e-01  2.62424404e-01  3.64021986e-01
   7.93518410e-01 -7.48585593e-01  1.10402839e+00  1.15269958e+00
  -7.07707186e-01 -2.40007438e+00 -1.63267981e-01 -1.21679205e-01
  -4.06916808e-01 -1.46154121e+00  4.61774392e-01 -9.47374387e-01
  -1.30628999e+00  2.44324799e-01 -6.34068000e-02  2.59010793e-01
   3.18292093e-02  8.48457207e-01  1.34285841e+00  3.45079602e-01
  -3.53459596e-01  1.03407198e+00  5.10232792e-01 -1.18033963e+00
   1.29173441e+00  3.90064800e-01  3.87638411e-01 -6.83961177e-01
   1.37966001e+00 -1.89879972e-02 -7.73884406e-01 -4.41829576e-01
   8.65661995e-01  3.30035195e-01  3.23915996e-01  5.09921990e-01
   1.11888360e+00  1.52493080e+00  4.46537207e-01 -1.62420786e-01
   1.25394082e+00 -1.39047760e+00 -8.75768791e-01  7.34395981e-04
  -1.94814796e-01 -8.16927892e-02  8.21523586e-01  1.10308196e+00
  -2.44587191e-01  5.23666788e-01  4.30816793e-01  3.74381214e-01
  -9.64698010e-01 -3.73625994e-01  4.83276796e-01  7.23236001e-02
  -1.91528398e-01  6.99099212e-01  1.29666806e-01 -1.97318403e-01
  -1.35282040e+00  9.81970382e-01 -1.31027610e-01  1.09238041e+00
   2.01511360e+00  5.38062418e-01  3.31803876e-02  7.47626826e-01
   4.54150809e-01 -4.19480792e-01  1.10912561e+00  1.28031983e-01
   1.13832001e+00  5.37217204e-01  1.43001041e+00  8.66159836e-02
   1.71398796e-01  6.07846012e-01 -1.12947194e-01 -8.10628396e-01]]