[[ 0.57116997 -1.00316     0.52307999  2.14823993 -0.32417999 -0.14904667
   0.80749337  1.03106666 -1.24131004  0.29397003  0.34274332  1.72840341
   0.5261     -1.06081001  1.28275998 -0.41044998 -0.42364673 -0.98547673
  -2.29041338 -0.02820001 -1.12734334  0.50735998 -2.54215336 -0.97821999
  -0.89417998 -1.02614665 -1.57367992  1.40817006  0.78970671 -2.34821669
   2.2547768  -1.26955001 -1.10083     1.64298662  3.56391017  0.72657331
  -0.05582666  0.55376669 -0.40174003  0.38394332 -2.50813341 -1.63179684
   1.44315672 -0.03782666  2.12298679  3.0508035  -0.76615334  0.08368663
  -0.39545    -0.20775334 -0.03217332  0.72455001 -0.61812003  3.04334005
  -1.5813001   0.60855333  0.78454669 -0.10999664 -0.06903001  1.21471659
  -1.11175664  2.07797337 -0.98542666 -0.55581331 -0.51428334  0.7080667
  -0.81273333  0.61693001  1.4689099   1.59839344  0.37424334 -0.93841664
   0.86527332  1.46913671 -1.27159333  0.64193002  0.46366334 -1.28153658
   0.09332339  0.04630333  0.66245333 -0.38514002 -0.03534335 -1.41481002
  -1.2343634   1.60730012 -0.70685665  0.01754999 -0.91348004 -0.81318331
  -0.43533329  1.47541666 -0.00485001  0.33551002  0.27538669  0.12476333
   0.23053996 -0.8099033  -1.22375003 -0.6182367   0.96280336 -0.47411664
   0.9571867   1.25054669  0.56726336  0.79940669 -1.37112331  0.42320999
  -0.76194994 -1.28015669  0.73389665 -0.70592999 -1.60279671 -0.60439332
   0.5468533  -1.58257008  0.05121664 -0.69473998 -0.18446664 -1.61509673
  -0.02209666 -0.67650668 -0.68611336  2.30938657 -0.54912337 -2.67709668
  -0.39188    -0.62793326  0.60336657 -1.68588003  0.00666666 -1.24109666
  -2.15830008 -0.09021333  0.27730668  1.11508997 -2.19790332 -0.17886333
   2.7680432   0.1765      0.71257003  0.99293001  0.70185669 -2.25640996
  -0.02080003  0.28465666  0.83405002 -1.91185665  1.78097661 -0.40033003
  -0.13847667 -2.58870331  1.1332833   0.96196334 -0.01817     1.49130328
   0.87826999  2.38093344  0.30869333 -1.06453673  2.00229661 -2.56432994
  -2.72883002 -0.83361332  0.35876     1.57792664 -1.11633333  2.98814011
  -0.18583997 -0.0993133   0.28480669 -0.20699664 -0.06709663 -0.85683672
  -0.32589332  0.07096664  0.30081002  2.67894363  1.12468338  0.28916001
  -1.58808327  1.55969985 -2.53508329 -0.04891333  3.5691665   0.27952999
  -0.40890332  1.65284665  1.4459966   0.11885001  1.68403657  1.59811004
   1.40991338  1.5025034  -0.49788666 -0.23691336  0.87621331  0.40160998
   0.34704995 -0.60484664]]