[[-0.09714487  0.4351437   0.01366104  1.14755579  0.82446815 -0.05920499
   0.55657172 -0.09832765 -1.82650336  0.49513499 -0.15086092  2.13874824
  -0.72064619 -2.14109558 -0.15508619  0.38752025 -0.60442698  0.16386223
  -0.94662094  0.94934303 -0.09827304  2.42646256 -0.81206352  0.01780909
  -0.56874065 -1.08564514  0.71938579  2.11358955 -0.19297801 -0.78168144
   0.61993893 -0.85364644 -0.79212041 -0.2118333   1.85643263  1.35408028
  -0.49218501  0.22962659 -1.31907577  0.16712079 -1.84323459 -0.76156789
   1.27658904 -0.42902803  1.05622014  1.10370541 -0.39853828 -0.34860816
  -0.03181999  0.4160717   0.37148001  0.49671237 -0.38255816  1.19533633
  -0.80959657  1.33920278  0.084095    0.33371776  0.6414956   1.04389076
  -0.5060846   1.31064281 -0.24373277 -0.7304354   0.61159114  0.61989092
   0.7547525   0.5396512   1.28884805  0.1715121   1.51514803 -0.91524697
   0.83631041  0.90093394 -1.08095472  1.17663132  1.20143301  0.04441395
  -1.00154658 -0.33282461 -0.38338631 -1.02142065 -0.3197275  -1.20047339
   0.38393379  2.01150497 -0.8630796   0.75230159  0.11970001  0.72390763
   0.33201858  0.3900225   0.83998265  0.04250606  0.14825512 -0.07872223
  -0.29654604 -0.90354579  0.00895263  0.27145988  0.57340525 -1.0582928
   2.03948009  1.28027764  0.69231896  0.62828643 -0.36767686  0.27845343
  -1.15770498  1.02315866 -0.38806315 -0.85349222 -1.64783569  0.63989119
   0.14461368 -2.03005542  0.81770328  0.02063961  0.63739947 -0.06276342
   1.16718144 -1.58336367  1.54160343  1.75522118 -1.22699118 -1.74920249
  -0.88279923 -0.54481159 -0.15467211 -1.41618016  0.61594895 -1.28493104
  -1.02888696  1.28877145 -0.01957737  0.68650893 -1.06318895  1.08798619
   0.8230499   0.51252566 -0.06699171  1.37266248  0.74771788 -1.89086864
   1.24442198 -0.37803367  0.4539933  -1.37334579  1.28084698  0.26144343
  -0.73921749 -0.97016409  1.17556222  0.44395212  0.2455      0.26517777
   0.89885081  1.4803088   1.27981539 -0.61884105  2.13788219 -1.66867668
  -0.6760242  -0.78878556 -0.12966054  0.06442094  0.31214     2.28918791
  -0.79130066  0.37297853  0.81970182  0.30876763 -0.27649446 -0.94838371
   0.78638816  0.07844763  0.05846487  1.05662753  0.85892659 -0.42172093
  -1.84809375  1.3595265  -0.57908474  1.68877895  2.31319055  0.36823038
   0.16483391  1.22287828  0.45242515  0.29844527  1.34020404  0.32327958
   1.41827793  0.61604773  0.56708961  0.09198593  0.82255278  0.55385077
  -0.39669619 -0.24716777]]