[[-0.17072394  1.01228721  0.07134689  1.0239719   1.30046061  0.09027886
   0.68665485  0.36385016 -1.74933057  0.93585187  0.50702781  2.33790382
  -0.96592363 -2.41337205  0.79080305  0.20157556 -0.37355506 -0.03614903
  -1.61644676  2.00165519  0.14378804  2.09442774 -0.71678689 -0.40402755
  -0.62695946 -0.89927479  1.16958753  2.2640775  -0.28487623 -0.87347915
   0.39801871 -0.55437588 -0.27195884 -0.31692055  2.30288732  1.65052273
  -0.87866428 -0.23645424 -1.1428497   0.43827766 -2.1252875  -0.89562933
   1.07665977 -0.40866228  0.90580195  1.03053652 -0.7451534  -1.17160707
   0.48898017  1.26147583  0.42051505  0.85646204  0.40065773  1.32714192
  -1.06450811  0.55306834 -0.3371049   1.20192287  1.06756295  0.80069165
  -0.38789525  1.31530163  0.94120478 -1.47309666  0.33063293  0.84823725
   0.35264032  0.43741263  0.69716817  0.30201872  1.40929367 -0.37965178
   0.86089559  0.92431503 -1.49627259  1.3031726   1.07274853  0.61878573
  -1.32163496 -0.14674261 -0.39706963 -1.08694883 -0.74259921 -1.22679395
   0.65472353  2.74960066 -1.27097214  0.33395197  0.99458133  1.22854606
  -0.13841002  0.34151719  0.66691365 -0.5365615  -0.19867753 -0.0574507
  -0.65409004 -0.78666982 -0.51299935  0.91224805  1.01564144 -2.02123218
   1.98345472  1.33880082  0.59388545  0.76310495 -0.30930902 -0.07366262
  -0.62109507  1.60050807  0.21808786 -1.36290817 -1.42755788  0.91574739
  -0.02086081 -1.8989336   0.72499859  0.57207066  0.38311233  0.35921669
   1.6856412  -1.43654601  2.25252343  1.62719345 -0.46918845 -2.35273981
  -0.74371838 -0.22267624 -0.4557546  -1.59365039  0.66536382 -1.319057
  -0.98628584  0.89299388 -0.00742183  0.64364528 -0.91606256  0.80782395
   0.42730899  0.91280129  0.44994448  2.04209964  0.54745314 -1.4809183
   1.02245238 -0.59495558  0.28695524 -1.47642835  1.65908575 -0.27534969
  -0.37163935 -0.99306597  0.66098052  0.2965792  -0.17326267  0.20900471
   0.60531443  1.61478165  1.66038147 -0.48011524  1.74829408 -2.05629354
  -0.40495655 -0.5581172   0.16566506  0.0059749   0.3790508   2.81465211
  -1.37770412  0.75035815  0.93496025  1.30628371 -0.42179475 -1.05441058
   0.15407981 -0.15247409 -0.18476637  0.69923711  0.57995098 -0.35277635
  -2.63895398  1.50458306 -0.50716844  1.2444104   2.48750663  0.32770722
  -0.70694659  0.74825189  0.34050472 -0.48648623  1.33630123  0.0110159
   1.82889537  0.86301683  0.99482104  0.134912    0.4906237   0.79578135
   0.08909116 -0.33475998]]