[[-0.39092055  0.80420245 -0.30553014  0.82213439  0.86167651  0.11254494
   0.75231234  0.33064545 -1.19638459  0.63563629  0.6872972   2.09594558
  -0.95741875 -2.4482818   0.52727439 -0.03233522 -0.58820814 -0.60913641
  -1.34464825  1.47891251 -0.19921321  2.37621228 -0.89713173 -0.40693652
  -0.97120108 -0.75715095  0.78643701  2.22812878 -0.51016755 -0.86402895
   0.2862572  -0.85106902 -0.78979336  0.18322411  2.28448982  1.7453351
  -0.91313271  0.06905281 -1.99193663  0.60571242 -1.83433392 -1.18689052
   1.52422163 -0.25303628  1.22490941  1.34426589 -1.1015554  -0.48134932
  -0.07166069  0.8411613   0.2681384   0.93944346 -0.2624612   1.55225146
  -0.71596578  1.23969491 -0.09153774  0.45355734  0.57294733  1.42102072
  -0.52622913  1.05814311  0.14892397 -1.01971984  0.44979599  0.55291847
   0.20143065  0.31196757  1.15254592  0.39552     1.64383161 -0.68912772
   0.77761057  1.43429095 -1.30469131  1.35968021  1.03899895  0.30302705
  -1.31602411 -0.25419812 -0.27947666 -0.84616325 -0.56848281 -1.51671346
   0.52695904  2.91066331 -1.48873253  0.65074217  0.86133931  0.83325262
   0.60151163  0.40135938  1.02265572 -0.3267292   0.00801828 -0.26151362
  -0.48812747 -0.920887   -0.44188066  0.65321628  0.55666546 -1.64949413
   2.05023433  1.26334834  0.6115508   1.07595959 -0.65366982  0.67768239
  -1.47824475  1.36085722 -0.15531959 -1.13865379 -1.66270749  1.00142604
   0.22051878 -1.81471793  0.64938397  0.54676256  0.21079971  0.22531374
   1.44649312 -1.50944728  1.83682337  1.76768752 -1.18684473 -2.29733342
  -0.66059119 -0.50708145  0.07832626 -1.18047548  0.61972402 -1.33725539
  -1.15833264  0.73385468 -0.20701679  0.92721585 -0.36392334  1.70328695
   1.16929947  0.60332382  0.14963187  1.55491847  0.91907088 -1.79499396
   1.21209191 -0.3976251   0.25877825 -1.76056794  1.53797728 -0.01909055
  -0.4722275  -1.49249402  0.92384778  0.79754568  0.31400081  0.24470024
   1.24870735  1.46368076  1.59098172 -0.72417298  2.11950402 -2.41056135
  -0.45147282 -1.24997971  0.06244716  0.09205627  0.10417455  3.0407895
  -0.39093331  0.73044757  0.77559195  1.14408254 -0.77801985 -1.31322442
   0.34902824  0.18525828 -0.06789187  1.29744718  1.52083951 -0.6228594
  -2.84857306  1.5564252  -0.60976785  1.36074537  2.89538506  0.37908679
  -0.37884318  1.22711553  0.21601294  0.04011638  1.46489049  0.37759028
   1.96481561  0.88665556  1.21358759  0.03715412  0.65729652  0.97209078
  -0.18325504 -0.33893467]]