[-0.18088844  0.52026695 -0.83191305  0.9269685   1.217993   -0.77937466
  1.4520139   0.29436457 -1.3866622  -0.26117307 -0.02522617  1.9140422
 -0.4631031  -1.3118567   0.48823845  0.6622531  -0.6477962   1.2238153
 -1.3099      1.9906961  -0.04253458  1.3495977  -1.0818623   0.20662843
 -0.58727145 -0.77933     0.1521354   2.2589376  -0.21456769 -0.96971995
  0.5177584  -0.16312689 -0.42632315 -0.21969233  2.1916983   1.5505962
 -0.9758346   0.3501631  -0.9385615  -0.02919691 -1.444333   -0.18832387
  2.0435789  -1.2422624   1.6478939   2.0389745  -0.5287069  -0.08604459
  0.5620854   0.31790608  0.46341002  0.42807543  0.9012338   1.1717739
 -0.6526854   1.4549916   0.3030946  -0.21082233  1.4023916   1.4168993
 -0.25849774  0.6211415   0.03372153 -0.99064314  0.45268074  0.62524766
  0.00584076  1.2682699   0.68848926 -0.54306537  1.0898093  -0.41318768
  0.08106302  1.8255624  -1.3169161   1.4376185   1.7380683  -0.01521614
 -0.30311847  0.0618731  -0.7431217  -1.1131938  -0.93472075 -0.5856408
  0.86093843  2.308347   -1.2552569  -0.28060082  0.55513     1.1988231
  1.5211947   0.85638535  0.63816845  1.0670199   0.2050538   0.26332003
 -0.46680766 -1.1940145   0.8779393   0.8377523   1.1175929  -1.142957
  2.0117526   1.6432561   1.0076938  -0.15891999  0.3153739   0.7165992
 -1.23282     2.027983   -0.71593696 -1.5257586  -1.522166    0.7216162
  0.18058154 -2.2208102   0.48356307  0.39854228 -0.05864843  0.8801992
  0.8836577  -1.5066831   0.9711923   1.8687068  -0.37790614 -2.3366675
 -0.70623463  0.04586847 -0.10944    -2.0120492   0.5535785  -1.40265
 -0.8674146   0.1961123  -1.0929208   0.09507772  0.24100614  0.95915693
  2.2737262  -0.25780773 -0.49525622  1.1969609   0.26168615 -1.1805077
  2.2298908   0.39287382  0.07916384 -0.9057124   1.2134885   0.72584
  0.28994843 -0.5898062   0.82118315 -0.2393423   0.19529383  1.5590339
  1.1557162   1.9503293   0.8495338   0.14191388  1.3715646  -2.3790615
 -0.94613844 -0.84069604 -0.24036382  0.0361023   1.08203     1.7994306
 -0.20445386  0.7610746   0.39681536  0.6763353  -0.9612008  -0.75393146
  0.07314921  0.00680079  0.10611694  0.5342      0.8220485  -0.2893354
 -1.4365191   1.1744001  -1.2499815   1.658283    3.5059395   0.7713616
  0.00717683  1.5653822   0.5913292  -0.2373584   2.1574621   0.69349617
  1.7819016   1.016187    2.382181    0.01891618 -0.31746542  0.5718893
  0.37012005 -0.87410927]