[[-5.50036340e-01  8.69041230e-01 -6.60503496e-02  1.10017159e+00
   9.67209553e-01 -2.04508934e-01  8.55470192e-01  1.37854755e-01
  -1.68093235e+00  3.26859457e-01  2.78407467e-01  1.36977914e+00
  -6.83399324e-01 -2.40638747e+00  4.44601919e-01 -2.58690001e-01
  -1.02854983e+00 -3.45945228e-04 -1.45181934e+00  1.16091934e+00
  -3.59106744e-03  2.37452546e+00 -5.22563491e-01  1.48349444e-01
  -7.38094712e-01 -1.02811580e+00  3.34011885e-01  2.32096903e+00
  -6.01885807e-01 -1.06126958e+00  9.54988460e-01 -5.39761399e-01
  -1.02092243e+00 -1.07130209e-01  2.12863336e+00  1.54339400e+00
  -1.15003629e+00  3.02824902e-01 -1.42865958e+00  1.30270348e-01
  -1.84292919e+00 -1.07264158e+00  1.71592736e+00 -5.36545957e-01
   9.84994547e-01  9.36243427e-01 -2.68463996e-01 -3.78549219e-01
   2.34485796e-02  1.43758446e+00  5.54795281e-01  5.13592821e-01
   7.83266709e-02  1.11094124e+00 -9.60875771e-01  1.49115216e+00
  -3.09066132e-01  5.08105479e-01  8.29484732e-01  1.50610692e+00
  -5.13890711e-01  8.84958096e-01  2.61340690e-01 -1.04991999e+00
   8.40464381e-01  3.72857385e-01  5.08668429e-01  9.07046496e-01
   7.92294082e-01 -5.48013153e-01  1.75394737e+00 -1.35857347e+00
   6.11724710e-01  1.63015535e+00 -1.51595951e+00  1.27739429e+00
   1.46311526e+00  1.62897662e-01 -1.29038268e+00 -4.17773823e-01
  -6.23872816e-01 -7.80157367e-01 -7.93375070e-01 -1.33550554e+00
   7.85779865e-01  2.27698429e+00 -9.82630827e-01  3.96596628e-01
   6.73171885e-01  1.08444332e+00  8.61698611e-01  4.11660501e-01
   7.25550140e-01 -1.89913804e-02 -5.26718547e-03 -3.35738619e-01
  -7.33092471e-01 -8.20911441e-01  3.19182451e-01  8.56134408e-01
   7.09230489e-01 -1.84483166e+00  1.87841635e+00  1.12265964e+00
   8.10204910e-01  8.98447202e-01 -8.44057015e-01  4.02485956e-01
  -1.71515128e+00  1.14876193e+00  6.67305110e-01 -1.65333847e+00
  -1.30238178e+00  7.64546714e-01  3.34498767e-01 -1.85366576e+00
   7.86469306e-01  5.97515766e-01  4.32531256e-01  4.25412812e-01
   1.15918453e+00 -1.59932236e+00  1.25435407e+00  2.01133951e+00
  -1.13484419e+00 -1.64054008e+00 -1.26371811e+00 -1.02064573e-01
  -5.03410731e-01 -1.41822279e+00  7.90545870e-01 -1.55294129e+00
  -4.93100925e-01  4.77456578e-01 -3.41323143e-01  3.70889490e-01
  -2.58305077e-01  1.36473800e+00  1.47715369e+00  3.73175151e-02
   1.21822802e-01  1.49861871e+00  8.98102957e-01 -1.84811101e+00
   1.08922273e+00 -3.55592129e-01  6.74535935e-01 -1.69573780e+00
   1.55253163e+00  5.10133005e-01 -9.68617452e-02 -6.62468752e-01
   9.05275629e-01  5.09957893e-01  2.35056665e-01  4.03812644e-01
   8.54150736e-01  1.87385312e+00  1.04226693e+00 -6.07207859e-01
   2.30124910e+00 -1.97608293e+00 -1.10813881e+00 -1.05937427e+00
  -1.67451034e-02  1.30674561e-01  3.53200236e-01  3.05133396e+00
  -7.03065794e-01  4.51280886e-01  6.55368931e-01  1.44248971e+00
  -7.96128726e-01 -9.20401008e-01  3.93750693e-01 -6.16673775e-02
   8.03156181e-02  9.86260099e-01  8.62717542e-01 -3.25085797e-01
  -2.62423142e+00  1.67197556e+00 -8.18741412e-01  1.40394823e+00
   3.12125013e+00  5.75933336e-01 -1.24032661e-01  1.10521995e+00
   1.22462447e-01 -3.09212272e-01  1.66785177e+00 -1.30000162e-01
   1.60871215e+00  9.25476886e-01  1.48311431e+00  5.10075333e-02
   6.10767376e-01  6.92008950e-01 -5.83059650e-01 -1.23057012e-01]]