[-1.2976551   0.53336996 -2.4075198   1.9205451   2.31005     2.770455
  2.692215   -0.617185   -1.70452     0.67476004  0.941755    3.3106449
 -3.2503352  -0.97205997 -1.6747451  -0.31123003 -0.01842511  1.0207901
 -1.29766     1.6078      1.59372    -0.23358995 -1.2512951   0.46277
  0.267555   -1.5356199   1.001565    2.48416    -1.063995   -2.338845
  0.99807    -2.770155    1.31367     0.818675    1.9456899   0.48615503
 -1.2307899  -0.15881999 -2.7668948   1.3727     -2.055185   -1.2858651
  2.838315   -0.221165   -0.29968998  1.394485   -1.091185   -1.781385
  0.74122     0.11610999  0.74699503  1.4872451   1.7107649   1.0272651
 -1.4976751   2.874885   -2.061115   -0.42952996  0.74789     0.766485
 -1.0363451   0.3887      0.808555   -2.49558    -0.30103502  1.103365
 -0.61376995  0.34424502  0.765625   -1.037785    2.104105   -1.18949
 -0.6273149   1.462115   -0.71520495  3.2930999   2.8119102  -0.03098
 -3.0469651   1.32802    -1.8925     -0.20748    -1.2774401  -2.68543
  0.02186     3.0460699  -1.76843     1.010235    0.71881     0.86687505
  0.99345994  0.40561503  1.00702    -1.7657251  -0.97821     1.1802499
 -0.05978501 -0.29083502 -0.9491349   1.8517649   0.84502995 -3.55981
  2.344585    2.607285    0.75467503 -0.36488497 -1.97227     0.7001
 -2.6041052   3.324875    0.22268999 -3.6318002  -1.50441     1.922475
 -0.62977    -1.4432551   2.40244     0.394755   -1.038415    0.7782099
  0.914045   -1.8178151   2.0253      4.334795   -1.03142    -4.051815
 -1.79182    -1.186065   -1.60247    -1.18042     1.2860101   0.13307999
 -0.97936    -1.5063001  -0.28868     0.04940499 -0.04003012  0.932765
  3.11736     0.49780998 -1.63081     1.08994     0.98376995 -2.2360702
  3.483105    0.17985505 -0.94712996 -2.171895    2.8017402   0.98922
 -1.262645    0.47896     1.52406     0.61643994  0.28626502 -0.51765
  1.1337749   3.0063949   2.040595   -1.68971     3.104865   -3.203595
 -2.47217    -0.71878004  0.908355    0.01710504  1.284515    2.5456
 -0.337475    1.540345   -0.966345    1.31798    -0.63268495 -2.272565
  0.11105999 -1.3774201  -0.04777999 -0.337995    2.7639098  -0.04368997
 -3.374205    2.81163    -0.02193999  2.3561502   3.63589     0.33297
 -2.225855    1.95885     0.15938997 -3.71749     2.430235   -0.6592649
  0.651915   -1.1582301   4.20958    -0.24423501 -1.84303     0.660665
  0.41110998  0.9534349 ]