[-0.681916    1.0589982   0.62070245  1.7105585   1.6841758   0.14227168
  0.17448169 -0.02665582 -2.2793944   0.24766664  0.69203335  2.4681566
 -1.4942793  -3.4849198   1.2207409   0.6342499  -1.0349991   0.47261333
 -2.0901332   2.2206833   0.6857441   3.8190536  -0.5249175   0.6698067
 -0.6648025  -0.4181975   0.28329584  2.2445242  -1.2803341  -1.0948476
  1.4162483  -0.11436081 -0.370605   -0.68579245  2.9888227   1.7023798
 -2.0606108   0.8667291  -1.2046283  -0.9470033  -2.5260642  -2.1194592
  2.19217    -0.6998558   0.7105458   1.3088967  -0.7267658  -1.3162891
  0.88636404  1.2802982   0.31594917 -0.18943916  0.5371825   1.20077
 -1.4209167   1.9118348  -0.23149253 -0.1610075   0.84829336  1.7586566
 -0.60979754  1.4438483   0.31207323 -1.0656074   0.7204874   1.5065626
  0.30304667  1.1131992  -0.02079915 -0.863045    1.8199908  -1.7831799
  0.6064067   1.633506   -1.1344651   1.2763225   1.9030209   0.70189506
 -1.8178166  -0.1377225  -0.45109162 -1.9509207  -1.0962225  -1.4600674
  1.3414465   2.933801   -1.3927101   1.3755482   1.8012468   0.91817003
  1.01053     0.81146914  0.64581674  1.4840368  -0.07266168 -0.7896759
 -1.0021425  -0.8362066  -0.04654412  1.2889383   1.4719225  -1.7029251
  2.4659433   1.8097833   1.3603891   0.35060415  0.86107165  0.62860495
 -2.548107    3.1730611   0.9663791  -2.4182618  -1.6363641   1.2185017
  0.07961091 -2.647103    0.42120752 -0.36647916  0.73353416  0.6355283
  1.9616666  -1.9584732   2.7935925   2.080434   -1.1512817  -3.781491
 -2.4350464   0.27340245 -0.63247836 -0.63857085  1.8743266  -1.7808574
 -0.9889441   0.10598084 -0.14042585  0.7960525  -0.9004984   1.2845083
  2.1075099  -0.10116667 -0.96408004  2.6102557   0.8562867  -1.8223819
  2.4116466  -0.6944501   0.14302665 -2.567674    2.332836    1.0688142
  0.24901251  0.10493501  1.3828758   1.0129526  -0.15041506 -0.05061162
  1.0516891   4.025907    1.1460685  -0.5024758   2.5367148  -2.5455043
 -0.8175958  -0.17737502 -0.24834915  0.01849333  1.6642051   3.0973415
 -0.9675825   1.0477675   1.1762642   1.5208616  -1.6873993  -1.4292517
  0.11289582 -0.12273753  0.47556916  0.09997334  0.5453592   0.30920842
 -2.6819837   1.0812167  -0.1318425   1.5356299   4.7973557   0.5975159
 -1.4732326   1.0830151   0.44590497 -0.4370334   1.596385    0.6494583
  1.9958009   1.3008424   1.5546693  -0.71504664  0.25953832 -0.04191836
 -1.055524   -0.15815583]