[[-3.00864976e-03 -5.52006725e-01 -4.75093054e-01  1.31370715e+00
   1.14075962e+00  1.07825917e+00  9.51093598e-01 -3.98153226e-01
  -9.13975615e-01  5.67310397e-01  5.65698611e-01  2.88512452e+00
  -1.61016833e+00 -2.29405374e+00  1.77013886e-01  1.28531339e+00
  -1.52753514e+00 -4.49088969e-01 -1.61106058e+00  2.69380363e+00
  -5.01575049e-01  1.90390820e+00  1.59286645e-01 -6.11682712e-01
  -1.05386991e+00 -5.74006412e-01  1.60441329e+00  1.94015369e+00
  -9.03484347e-01 -1.18178879e+00  8.34100338e-01 -7.05701333e-01
  -3.11970313e-01  6.38218648e-02  1.84689244e+00  1.92643024e+00
  -9.52411507e-01  9.80171873e-01 -9.02170393e-01  9.10174679e-02
  -2.62805312e+00 -9.57874219e-01  2.55403775e+00  3.41049133e-02
   1.01624393e+00  1.20581047e+00 -9.28762705e-01 -9.53717602e-01
  -7.10874591e-01  7.86860545e-01  1.18644063e-01 -4.89058941e-01
   3.51237330e-01  1.36448082e+00 -3.87366079e-01  1.35309495e+00
  -2.34602531e-01  1.09562542e-01  1.09217367e+00  1.13458106e+00
   7.29103777e-01  1.35386455e+00  6.48374185e-01 -1.81287234e+00
  -7.36051520e-03  1.09542420e+00  2.82967652e-01  6.25541033e-03
   3.88921498e-01  4.40246545e-01  8.38818327e-01 -1.35013354e+00
   1.31448920e+00  1.26032298e+00 -1.18634354e+00  7.85116343e-01
   1.27800627e+00  8.17597912e-01 -1.80404063e+00 -4.56522253e-01
   4.76402659e-01 -1.09948997e+00 -7.48027645e-01 -7.29559828e-01
   4.70297316e-04  6.74822065e-01 -1.69864192e+00 -2.07596628e-01
   2.46831531e-01  8.32343940e-01  1.01050398e+00  7.11442477e-01
  -1.50498490e-01 -9.57999930e-01  3.65537972e-01 -2.69007272e-01
  -3.25549633e-01 -1.54654393e+00 -2.68429670e-01  7.00568581e-01
   9.80997387e-01 -2.36698570e+00  2.37799563e+00  8.67447680e-01
   2.29448642e-01  1.47000390e+00 -1.53881235e+00  5.53658890e-01
  -1.41603454e+00  1.21957575e+00  1.50810599e+00 -1.23325734e+00
   4.74683620e-02 -8.36157945e-02 -6.71037299e-03 -1.11027963e+00
   2.59776329e-02  8.55565937e-01  3.64261835e-01  8.20867973e-01
   1.96625670e+00 -1.74879251e+00  1.54942948e+00  1.29923819e+00
  -3.94743411e-01 -2.43758866e+00 -1.23284684e+00 -9.07498963e-01
   2.23414259e-01 -1.15785900e+00  4.11236766e-01 -9.93457497e-01
   1.82203424e-02 -1.76100485e-01 -4.83761267e-01  7.17121693e-01
  -1.13304782e+00  1.01239767e+00  1.16317892e+00  3.74284667e-02
   7.86595252e-01  1.72668090e+00  4.53555448e-01 -2.23337495e+00
   5.65546567e-01 -1.06806749e+00  1.06673212e+00 -1.64564616e+00
   1.57498739e+00  8.14798738e-01 -4.61063569e-01 -1.98500728e+00
   6.48123415e-01 -4.61220430e-01  1.86472075e-01  7.56838968e-01
   1.50585424e+00  1.53709573e+00  1.37303860e+00 -3.72577790e-01
   2.45189695e+00 -2.36669532e+00 -1.61827721e+00 -3.48518088e-01
   6.97416278e-01  3.99469563e-01  1.03090780e+00  2.82318155e+00
  -1.12915098e+00 -1.05522551e-01  3.52620359e-01  2.50386943e+00
  -1.83617549e+00 -3.03535251e-01  2.25341991e-01 -3.34332866e-01
  -1.35948812e-01  1.05658357e+00  8.93247633e-01 -1.15892164e+00
  -3.31974438e+00  1.37887508e+00 -9.90144471e-01  1.37711244e+00
   3.34748547e+00 -1.62992686e-01 -7.73570267e-01  1.58284573e+00
  -3.09346743e-01  8.18408224e-02  9.50374254e-01 -3.29867282e-01
   7.56608287e-01  8.01754213e-01  1.06349094e+00 -3.22963232e-01
   1.04431094e+00 -4.94123641e-01 -1.13259634e+00  3.39265080e-01]]