[[-0.48298478  0.5446548  -0.31314652  0.7296526   0.62178259  0.36356214
   0.69962389  0.09404305 -2.23495088  0.58280521  0.77332477  2.14253518
  -0.33291089 -2.64132738  0.31479476 -0.47334045 -0.99653132 -0.44817522
  -0.94966784  1.34538823 -0.2198213   2.50339481 -0.74649261 -0.04160388
  -0.78280781 -0.90212522  0.11838521  1.61150656 -0.7393248  -0.57080086
  -0.18894    -0.71234827 -1.05475001  0.25134     2.2521548   1.51935954
  -1.21081695  0.42473043 -1.4663026   0.04320218 -2.03915996 -0.87548132
   1.71355519 -0.26837259  0.43916827  1.36860174 -1.18343911 -0.22519263
  -0.36268867  0.84714172  0.2455739   0.85405431  0.18025217  1.97123347
  -1.04239305  1.41674741  0.02948565  0.78770348  0.85352042  0.88294217
  -0.0920026   1.0647339   0.19675999 -1.42022262  0.32503262  0.89760911
   0.77369607  0.51125523  0.34911868 -0.01416567  1.67487742 -0.95566087
   0.74569956  0.92376784 -0.97562129  1.24311084  1.19612781  0.01621347
  -1.39630395 -0.43412911 -0.43839217 -0.85381694 -0.60219652 -1.36620304
   0.78492262  2.67143871 -1.53264478  0.81181088  0.72534176  0.94605912
   0.04619612 -0.16276306  1.16654478  0.38096131  0.49321436 -0.38653219
  -0.98589262 -0.90877693  0.18306348  1.2285474   1.53342085 -1.90598521
   2.56684694  0.67795304  0.86018478  0.52050609 -0.59073652 -0.55278956
  -1.76359959  1.95415522  0.49668737 -0.85673783 -1.24220088  0.57872566
   0.61127824 -1.93797259  0.6547739   0.27437     0.30665175  0.28355566
   1.91020005 -1.11598131  1.88834302  1.18547826 -0.96415132 -2.16136914
  -1.81893431 -0.26299478 -0.34865955 -1.46544565  0.57779611 -1.16900696
  -1.09431958  1.05317566 -0.24516129  0.60777955 -0.65161783  0.88209
   1.03843783  0.08141346  0.34452958  1.33848308  0.78942477 -1.7752752
   1.61173131 -0.72807305  0.12622783 -1.27699568  1.56450742 -0.09352086
  -0.54615609 -0.91802563  1.32135085  0.96169216  0.06728957  0.3817322
   0.80541261  1.35679781  1.56394522 -0.92512783  1.98586525 -1.98994827
  -0.77620653 -0.3552613  -0.21171478 -0.14765696  0.32065262  2.49676951
  -1.10998653  1.19759869  1.31995391  1.08645088 -0.75266913 -0.98943393
   1.4138348  -0.11510695 -0.04581087  0.55656653  0.85085521 -0.10058522
  -2.22576522  1.35179042 -0.26580088  1.11531651  2.30033003  0.59704347
  -0.45296565  0.8802474   0.58603175 -0.23586606  1.06502087  0.0255974
   1.4630713   0.3317639   1.15756565  0.28661043  0.06530175  1.27921435
  -0.05913914  0.07947739]]