[[-0.14553794  0.9640031  -0.31498431  0.46799378  0.73021723 -0.30211707
   1.04093948 -0.28011448 -1.78978262  0.63097345  0.16236519  2.22791465
  -0.74893259 -1.9041402  -0.03259604  0.532905   -0.52995413  0.11298294
  -0.63253552  1.02282483  0.4119607   2.3775532  -0.7328138   0.22055708
  -0.97044503 -0.74320171  0.27281776  2.3245898  -0.67825414 -0.73140586
   0.42642206 -1.00082517 -1.53526411 -0.15809416  2.25684345  1.22564897
  -0.97622708 -0.20983207 -2.00426655  0.27375845 -1.68740933 -0.62302743
   1.31366774 -0.57739155  0.98554395  1.25852552 -0.72720913 -0.46991071
  -0.1042612   0.6618619   0.61361689  0.1685212  -0.49172848  1.67138414
  -1.12010464  1.35582896 -0.08632449  0.23419812  0.7239538   1.25889723
  -0.47057777  0.90607136  0.24663637 -1.43599775  0.58497673  0.43464569
   0.41981966  0.71080398  1.15533053  0.44457775  1.39053155 -0.28235811
   0.97689017  1.01073569 -1.2392307   1.16236795  0.81373604  0.11481208
  -1.44790554 -0.60174827 -0.33559016 -0.89943793 -0.20053051 -1.72341205
   0.7706174   2.64918793 -1.38089777  0.48484876  0.38435552  0.90869035
   0.53629327  0.17032396  0.64985912  0.14305156 -0.07303604 -0.94758275
   0.00738586 -0.65095671 -0.33327204  0.62969432  0.13317398 -1.15703912
   2.07354081  1.21144691  1.49195084  0.41172278 -0.87906568  0.51163552
  -1.44443499  1.73824687 -0.26830691 -1.04515844 -1.62403568  0.50512087
   0.50177483 -3.10095619  1.18545584  0.57316635  0.50141465  0.01370636
   1.16597396 -1.63853602  0.86078536  1.6255152  -1.41350362 -2.3357531
  -0.98059121 -0.6834219   0.12229085 -1.40575551  0.51818278 -1.13455243
  -1.00640344  0.7352426  -0.30758725  0.60475327 -0.69408013  1.48131878
   1.68551032  0.27286451 -0.18955242  1.68785914  0.92751743 -1.98174362
   1.24045689 -0.1680862  -0.20603759 -1.31539987  1.59961551  0.33128154
  -0.99752138 -1.21049206  1.68715324  0.45713932  0.19548032  0.48652432
   1.34650361  1.06522449  1.44466035 -0.25290275  1.98924948 -1.89982463
  -0.05446053 -0.68169484  0.5287812  -0.20520828  0.4332305   3.16675634
  -1.13240932  0.71141586  0.36710191 -0.00942707 -0.97681809 -1.40921639
   0.83847602  0.21685708 -0.24035933  1.16795259  1.83282171 -0.84197486
  -1.8324281   1.16370378 -0.90807518  1.788231    1.96983463 -0.04720431
   0.05160727  1.20425689  0.50341155  0.11408517  1.08650724  0.50662603
   1.62174553  0.3824481   1.77970932  0.47337101  1.03025346  0.66850846
  -0.35665072 -0.15801   ]]