[[ 0.79701287  0.31662641 -0.29950145 -0.51245499  0.33594574  0.04295286
   0.98464142  2.37711797 -1.28854997 -0.49900641 -0.08980218  0.8794679
   0.89066206  0.60392291 -0.00389642  0.16848784 -0.08951785  0.05773146
  -0.11826716  2.35190065  0.84075642  0.41481713  0.19144787  0.71756213
   0.30539717 -0.86638498  0.33782571  1.7523801  -0.15870716  0.36499075
   1.47288282  0.07149645 -0.78364863 -0.64104142  0.75351511  0.64541067
  -0.7989521   0.63737999 -0.45109711  0.08601    -1.0869642   0.0620336
  -0.80398355 -2.68420574  2.09758145  0.69302784 -0.94682789 -0.51579421
   0.2490093  -0.04152215  0.26457143 -1.23966013  0.67028141  1.51089287
   0.42021002  2.2995521   0.03886071  0.53406215  1.04286078 -0.0040957
  -0.50852285  1.13550847  1.43020139 -0.87845857 -0.09749215  1.64048277
  -0.82719639  1.33816351  0.26354429 -0.15856149  0.17215358 -0.24919786
   0.15574501  0.88227858 -0.67966645  1.27958161 -0.26066072 -0.48938996
  -0.6762664  -1.74537986 -1.05554506 -0.27314145 -2.16901766 -0.50169856
  -0.19427644  1.3701443  -0.52990859 -0.37087073 -0.56717283  0.83968353
   1.01023933  0.08714426  0.81555067  0.39092071  0.83815997  0.25486784
  -0.50137568 -0.48914501  0.92169353  0.30690428  1.33756992 -1.22588852
   1.52239854 -0.00699213 -1.30406434 -0.92227929 -1.52555874  0.10838
  -1.3886543  -0.95052923 -0.46058355  0.19986429 -1.98405429 -0.87181718
   0.37239361 -3.421378    0.14712712  0.99835287  0.3979593   1.02784504
   1.23132924  0.35917718 -0.58937359  1.02755642 -1.74764865 -3.12492016
  -0.06066002  0.1961643   1.52954292 -1.24210439  0.06599214 -0.60700566
  -0.28506352 -0.18052072 -0.70292636 -0.46620502 -0.88780492 -0.43733137
   0.23165073  0.32855429  0.87160935  0.93810429 -0.10996785 -1.65597207
   1.6161871   1.18424797  0.20401788 -0.74893788  0.88533286  0.63504573
  -0.31622859 -0.57998071  0.57313429  1.1287615  -0.19180145  1.68391282
   1.12873363 -0.09766427  0.90974576 -0.21800716  0.81088924 -0.14498925
   0.07015075  0.3538893   0.48703003  0.31582499  1.51698862  0.55017928
  -1.39911066  0.19151781  0.12660284 -0.18681499 -1.80416788 -0.90542998
   1.86748913  0.13662784 -0.8732479   0.74766418  1.03031642  0.54483642
  -1.41122219  1.30192866 -1.09487574  1.24121148  2.51675633 -0.68794285
   0.78047439  0.08136644 -0.52236646 -0.6404329   0.95294707 -0.45303294
  -0.05732142  0.84028217  2.5573458  -1.00043992 -0.73663357  1.13127647
  -0.11644357 -0.85593571]]