[[-4.43599608e-01  5.97259872e-01  1.48735916e-01  4.44580524e-01
   8.69530004e-01 -4.92292756e-01  4.45287882e-01  5.65849219e-01
  -1.59482672e+00  2.11830927e-01  1.03302106e-01  2.34075197e+00
  -5.15696854e-01 -2.03118384e+00  2.71936320e-01  2.32983022e-01
  -6.20054213e-01  2.29875672e-01 -8.73045539e-01  1.42769750e+00
   1.72890001e-01  2.48404841e+00 -6.55392776e-01 -2.50167086e-02
  -8.66194607e-01 -5.16423419e-01  5.51076976e-01  2.28708106e+00
  -4.63798416e-01 -9.12757240e-01  7.63396713e-01 -5.84829860e-01
  -1.26863804e+00  3.76054607e-01  2.30204669e+00  1.35734895e+00
  -6.09554473e-01  9.54224571e-03 -1.63440330e+00  5.55497372e-01
  -1.77506447e+00 -9.69878425e-01  1.66516274e+00 -6.82078954e-01
   1.22681093e+00  1.46973105e+00 -4.11552374e-01 -5.32818431e-01
  -3.46537901e-01  4.70771971e-01 -2.54110300e-02  3.62482105e-01
  -3.84061454e-01  1.53219277e+00 -8.55790672e-01  1.48322276e+00
   2.13918409e-02  3.64450794e-01  6.51556594e-01  4.32962380e-01
  -3.99062898e-01  1.28496580e+00  8.42232819e-02 -1.38692184e+00
   8.46312889e-01  3.31381317e-01  3.10877109e-01  1.13330106e+00
   1.09460132e+00 -3.32943427e-02  1.57045118e+00 -4.86560659e-01
   4.00471449e-01  1.47001513e+00 -1.39633671e+00  1.27211434e+00
   1.02522368e+00 -7.14512287e-03 -1.14762936e+00 -6.32784867e-01
  -6.82411442e-01 -9.91183020e-01 -7.57917637e-01 -1.41310856e+00
   8.32022902e-01  2.71393133e+00 -1.02252802e+00  3.05412897e-01
   9.26195922e-01  9.87275927e-01  6.85637766e-01  2.66504727e-01
   1.31235790e+00  9.41261932e-02 -1.88894223e-01 -2.98360259e-01
  -2.43017371e-01 -5.45081334e-01  1.37989615e-01  5.99025260e-01
   7.30470133e-01 -1.20567527e+00  1.60648553e+00  1.20858870e+00
   1.14014776e+00  1.14354370e+00 -7.10789879e-01  1.56983289e-01
  -9.28471850e-01  1.18219014e+00 -4.89156570e-01 -7.99232505e-01
  -1.50604881e+00  6.57290521e-01 -3.51513821e-01 -2.17997460e+00
   1.16540657e+00  3.90835528e-01  6.84330015e-01  2.87115124e-01
   9.26150795e-01 -1.07247460e+00  1.40512199e+00  1.06309986e+00
  -9.53416715e-01 -2.48163540e+00 -4.90136312e-01 -3.72214096e-01
   7.59264515e-02 -1.74089975e+00 -1.97366958e-04 -1.52419211e+00
  -1.24034606e+00  4.23811577e-01  2.03624078e-01  3.16055125e-01
  -3.41945664e-01  1.46390973e+00  1.58688381e+00  1.72186575e-01
   4.01522221e-01  1.40745658e+00  7.11953285e-01 -1.61877816e+00
   1.03992486e+00  4.80248582e-02  5.52418674e-01 -1.70386868e+00
   1.52567722e+00  2.96440792e-01 -6.51785917e-01 -6.94462497e-01
   1.10955434e+00  6.70255787e-01  6.54491843e-01  8.63417367e-01
   1.03584029e+00  1.71036146e+00  1.24647262e+00 -6.31435525e-01
   2.11447791e+00 -1.72774448e+00 -7.97154214e-01 -7.15780258e-01
  -1.07315604e-03  5.28106709e-01  3.55523950e-01  2.57160461e+00
  -6.12699215e-01  1.68346303e-01  8.25462779e-01  8.16518550e-01
  -8.61524620e-01 -1.01863843e+00  9.96024863e-01  3.11258814e-01
   5.67156842e-01  1.02462383e+00  7.57093690e-01 -8.09758160e-01
  -1.94564448e+00  1.42332198e+00 -1.51716315e-01  1.58753119e+00
   3.02275554e+00  8.84400651e-01  1.73528154e-01  1.53137842e+00
   4.06795784e-01 -4.86643399e-02  1.75742197e+00  5.00996196e-01
   1.89091118e+00  6.66714219e-01  1.40550409e+00 -5.27631444e-02
   1.03770724e+00  7.89369086e-01 -2.63960430e-02 -6.17584063e-01]]