[-3.9765835e-01  1.5699092e+00 -2.4137391e-01  5.7077688e-01
  1.3271971e+00 -3.3458158e-01  1.0248065e+00 -3.8513473e-01
 -1.4629190e+00  9.0460217e-01  7.7782249e-01  2.6258085e+00
 -1.1212697e+00 -3.1469800e+00  7.5714715e-02 -3.9397600e-01
 -6.5268224e-01 -7.5595742e-01 -1.8806623e+00  2.0084190e+00
 -1.4135295e-02  2.5800254e+00 -8.5254973e-01  2.2584584e-01
 -6.6045296e-01 -6.7692113e-01  1.1277436e+00  2.8915548e+00
 -1.4225117e+00 -1.8306395e-02  6.1419195e-01 -9.2941773e-01
 -1.4021788e+00  2.7193576e-02  2.8390934e+00  1.8376732e+00
 -9.5766151e-01  3.4880242e-01 -1.6283753e+00  3.4786755e-01
 -1.9273459e+00 -1.1988070e+00  1.6612128e+00  9.3578577e-02
  1.0479400e+00  1.2744056e+00 -3.6901090e-01 -8.5250640e-01
 -2.7733505e-01  8.4276778e-01  3.2955727e-01  1.1915668e-01
 -5.3365529e-01  1.3861712e+00 -9.4819897e-01  1.5233983e+00
 -4.7577032e-01  8.2548255e-01 -2.4686164e-01  7.9333490e-01
 -5.8011299e-01  1.4902481e+00  5.5899638e-01 -1.0405965e+00
  9.8471302e-01  2.3639305e-01  2.1696140e-01  1.1669729e+00
  1.5175654e+00  3.7878254e-01  2.7055376e+00 -1.2610326e+00
  1.0220004e+00  1.4552226e+00 -1.3469478e+00  5.8056933e-01
  2.2931311e+00  2.2444221e-01 -1.7308751e+00  4.6872336e-01
 -3.5937068e-01 -1.0275270e+00 -3.6249220e-01 -1.4945779e+00
  6.5644085e-01  3.6589780e+00 -2.1115687e+00  6.0564274e-01
  1.2543516e+00  1.0484235e+00  4.3576950e-01  7.6626629e-01
  1.1485310e+00 -5.0265443e-01  6.7226529e-01 -8.5168672e-01
 -7.7589440e-01 -7.6045245e-01 -8.2765311e-01  1.0714941e+00
  9.2975020e-01 -1.7772442e+00  2.5165074e+00  1.5876020e+00
  9.3259323e-01  8.6504257e-01 -9.3456584e-01  7.9182994e-01
 -1.2333617e+00  9.8757595e-01 -6.3575393e-01 -1.5437253e+00
 -1.1678598e+00  1.0870576e+00  2.9408392e-01 -2.4328294e+00
  5.7777745e-01  6.0913461e-01  6.4996940e-01 -3.4871656e-02
  9.4118702e-01 -2.0055881e+00  1.9998046e+00  2.0508590e+00
 -1.2269660e+00 -2.7012835e+00 -1.3255410e+00 -6.4969498e-01
  6.3105470e-01 -1.1615924e+00  6.7179608e-01 -1.4939442e+00
 -1.5034546e+00  1.1947680e+00 -5.7522827e-01  1.1326311e+00
 -1.1826261e+00  2.2229147e+00  1.2432418e+00  8.3440137e-01
  3.0700791e-01  2.0646935e+00  1.5064691e+00 -1.7878145e+00
  2.0190337e+00 -2.4391215e-04  1.1256610e-01 -2.2995059e+00
  1.8779852e+00 -1.0696780e-01 -5.5694139e-01 -8.2608914e-01
  1.2564234e+00  9.7421235e-01  7.0342505e-01  9.0957239e-02
  8.8623369e-01  2.5836158e+00  2.2537243e+00 -2.2565304e-01
  2.3388772e+00 -1.7536565e+00 -5.7629246e-01 -6.6878974e-01
 -1.5844780e-01 -8.5159391e-02  9.0071106e-01  3.8254781e+00
 -1.0419816e+00  1.9600277e-01  5.0001419e-01  1.3333706e+00
 -8.7086940e-01 -1.6110755e+00  3.0408418e-01  4.2100806e-02
 -2.5874221e-01  1.0756193e+00  1.6853285e+00 -6.4283198e-01
 -2.7357457e+00  1.5004393e+00 -1.1911092e+00  1.8551252e+00
  3.2969747e+00  3.2262385e-01  3.8555136e-01  1.2542595e+00
 -1.5155692e-01 -1.7177226e-01  1.6917828e+00  4.2853558e-01
  2.3057239e+00 -3.8467944e-01  1.5642314e+00  7.9522747e-01
  6.9692612e-01  1.0793512e+00 -1.0723283e+00 -4.1023886e-01]