[-1.07976210e+00  1.08028269e+00  3.68446052e-01  1.60051394e+00
  8.94925296e-01  3.58016610e-01  1.26274526e+00 -3.35949361e-01
 -1.87556195e+00  5.84594667e-01  7.03590035e-01  2.07593489e+00
 -2.83806790e-02 -3.63671613e+00 -3.49453360e-01  1.66881979e-01
 -1.64797950e+00  3.68560046e-01 -1.95288861e+00  1.07749796e+00
  1.96640655e-01  2.74098873e+00 -9.40827966e-01  2.70136190e-03
 -3.02391350e-01 -9.67858076e-01  1.68288088e+00  3.08461857e+00
 -8.65357995e-01 -1.02016401e+00  1.52903676e+00 -1.14636397e+00
 -1.95805478e+00 -3.11573356e-01  2.58810139e+00  1.60884464e+00
 -1.02979386e+00  5.20794094e-01 -2.20074987e+00  1.30575970e-01
 -1.73549199e+00 -7.86764741e-01  1.44698989e+00 -8.10198784e-01
  1.10148942e+00  1.60517526e+00 -4.65655953e-01 -2.46325329e-01
 -9.71533451e-03  1.02656543e+00  1.22843683e+00  8.05120245e-02
 -3.28335285e-01  2.08800960e+00 -7.68198669e-01  1.91252518e+00
  6.65471971e-01  4.98534650e-01  1.01238394e+00  2.34963727e+00
 -7.53860176e-02  1.33734941e+00 -1.91085324e-01 -6.50487304e-01
  5.65166652e-01  1.16580391e+00  9.14149344e-01  8.24432135e-01
  1.72395337e+00 -6.00726068e-01  2.43094015e+00 -1.69272017e+00
  4.11359966e-01  1.59550393e+00 -1.27479529e+00  8.94936621e-01
  1.14742672e+00  4.69615996e-01 -1.27256048e+00 -1.25493944e-01
 -6.07634664e-01 -1.36084092e+00  2.60192662e-01 -2.11566424e+00
  8.95798624e-01  3.31447196e+00 -7.74861991e-01  8.30870628e-01
  6.07915998e-01  1.34745061e+00  5.81899345e-01  3.52090687e-01
  7.33112633e-01 -1.55941397e-01 -1.89579278e-01 -1.05050540e+00
 -1.33862472e+00 -4.41758037e-01  1.80321321e-01  1.36175001e+00
  6.75015330e-01 -1.50186932e+00  2.10063529e+00  9.27826703e-01
  9.61552680e-01  8.14470053e-01 -1.65739343e-01  3.90272021e-01
 -1.58841264e+00  2.14754844e+00 -4.97943401e-01 -9.19021308e-01
 -1.60969865e+00  1.02793205e+00 -1.34660024e-02 -2.10416937e+00
  6.77014649e-01  9.07177508e-01  1.17690675e-01  2.64142662e-01
  1.85262811e+00 -1.73964930e+00  1.31700265e+00  1.87496805e+00
 -1.03699481e+00 -1.83796859e+00 -1.40672469e+00 -2.40325391e-01
 -6.94831312e-01 -1.24395251e+00  1.28493392e+00 -2.14702940e+00
 -1.59568930e+00  1.98322725e+00 -5.55296004e-01  1.92766622e-01
 -5.87289989e-01  1.62177336e+00  6.90007985e-01  7.41249979e-01
  6.82413995e-01  1.32509077e+00  1.68983734e+00 -2.24372530e+00
  1.70509529e+00 -3.02048028e-01 -5.82486570e-01 -1.58187342e+00
  1.93649685e+00  3.00070434e-03 -1.99270636e-01 -1.45404351e+00
  1.45632732e+00  1.07610190e+00 -1.34501979e-01  8.67479742e-02
  1.57712221e+00  1.65463078e+00  1.69959939e+00 -2.55081981e-01
  2.26130724e+00 -2.93041468e+00 -1.07142806e+00 -1.02958131e+00
 -3.28000635e-01  1.60978630e-01  5.62151253e-01  3.55722475e+00
 -4.46146637e-01  1.19402802e+00  9.05002654e-01  4.69267368e-01
 -1.21427989e+00 -2.61031359e-01  7.82100558e-01 -1.05845995e-01
 -3.24916691e-01  8.52298677e-01  1.98221850e+00 -7.74964035e-01
 -2.89721060e+00  8.20561349e-01 -4.33011323e-01  1.56771076e+00
  3.39772654e+00  4.08677369e-01 -6.41944706e-01  1.97847545e+00
  7.01241434e-01 -2.71052688e-01  2.32804418e+00  4.75413166e-02
  2.04309130e+00  1.34350538e+00  9.20312703e-01  9.41734731e-01
  2.43245989e-01  6.23112679e-01 -1.27649415e+00 -3.97165984e-01]