[-0.09442194  0.9874415  -0.17410634  0.57213724  0.6678102   0.12935583
  0.50352657  0.5740807  -1.513609    0.3041868   0.47189686  2.518182
 -0.81525123 -2.5823603   0.08444904  0.04797123 -1.6322396  -0.58891094
 -1.372589    1.7902242   0.24938437  2.5655966  -0.65582174  0.08668315
 -0.55990684 -0.9145772   1.3692244   2.6365106  -0.91475695 -0.71388006
  0.6343939  -0.38989103 -0.8283844   0.56841606  2.8046272   1.8216105
 -1.4361763   0.2412883  -1.969838    0.34794554 -2.2103217  -1.6722103
  1.9694105  -0.5323287   0.46209437  1.7622803  -0.96182454 -1.1369736
  0.67830944  1.1787708   0.47621584  0.19159082 -0.21463758  1.0276785
 -1.2068502   1.1891093  -0.3933196   0.588971    0.69545203  1.305813
 -0.1573795   1.4245275   0.2102334  -1.2077      0.67963713  0.8727443
 -0.03893996  0.7584675   0.8453124   0.08322808  2.1434348  -1.1529939
  0.72665465  1.5887797  -1.8810847   0.7626761   1.8623223   0.40867713
 -1.0698293   0.2295178  -0.06500804 -0.72144353 -0.8327469  -1.2190052
  0.8745786   2.8186486  -1.675672    0.8015367   0.4274961   1.2857465
  1.0112246   0.655971    0.9945462   0.24401906  0.35191762 -0.46843123
 -0.5442551  -1.1312262  -0.30440024  0.97710156  0.94532704 -2.0155149
  2.1912591   1.141396    0.68450105  0.73173827 -0.45300883 -0.17576097
 -1.1791885   1.5568737   0.33423144 -1.6932456  -1.1498004   1.1806864
  0.33012947 -1.6732845   0.7988268   0.2707219  -0.02421198  0.95817167
  2.006854   -1.8963742   1.7384447   1.5792828  -1.0104387  -2.7030723
 -1.306862   -0.38341367  0.4755069  -0.740912    0.88853973 -1.2870032
 -1.0317503   0.8946175  -0.7869087   0.5806562  -0.2076717   1.4315691
  1.2114439   0.39780733  0.30666974  1.3062649   1.1030853  -1.3356948
  1.4157971  -0.52228683  0.4793027  -1.7426665   1.5145136   0.17921558
 -0.02179656 -0.739575    1.3332416   0.30256072  0.11801413  0.6215034
  1.6128881   2.1718063   1.2868483  -1.1702726   2.077761   -2.1370633
  0.08486    -0.68865114  0.15514027  0.23752487  1.1525387   3.0438173
 -0.5217382   0.80185074  0.5421841   1.6047661  -0.79705334 -1.0340409
  0.46274698  0.20686857  0.14926103  1.1512319   1.1892407  -0.38846368
 -2.3242404   0.89079505 -0.5671963   1.5040685   3.4781933   0.96838194
 -0.8762053   0.53291607  0.17220221 -0.16782562  1.5211791   0.26758197
  1.8034254   1.4291235   1.1649143  -0.23795219  0.71190244  0.7118222
 -0.78865886  0.14455368]