[-1.1112578   1.1401545   0.2706389   1.5326633   2.1265278   0.16060448
  0.9870044  -0.23740551 -1.9027544  -0.08268224  0.8161333   2.4550478
 -1.0178711  -4.305525    0.19111776 -0.24519671 -1.08606    -0.11196224
 -1.89195     1.1264888   0.76933885  2.603931   -1.3135877   0.34387332
 -0.6064644  -1.1579757   1.1865089   2.2536333  -1.3134445  -0.84313995
  0.71990997 -0.7867244  -0.46870777 -0.53848004  2.7124624   2.417348
 -1.5251288   0.49046776 -2.2121878   0.00692998 -3.0774908  -1.827609
  2.089641    0.42704666  1.3366021   1.2332522  -0.42432338 -0.28758338
  1.0352834   1.2619423   0.6372156   0.05431222 -0.15886     1.1825411
 -1.5591189   1.4713601  -0.36993888  0.5048412   0.9648044   1.7323278
 -0.4764478   0.8695344   0.37802553 -2.1597834   0.24177557  1.4396322
 -0.09744554  0.99631435  0.99451894 -0.3526789   1.4627566  -0.45230442
  1.6539633   1.8305964  -1.291841    0.8937967   1.7156756   1.2970256
 -1.50749     0.7919289  -0.75045776 -1.1570655  -1.2954333  -1.7081256
  1.6476676   3.2392511  -1.48311     1.2076879   2.23111     1.2271712
 -0.20132333  0.9874011   1.6291556  -0.5046978   0.04773888 -1.1226324
 -0.5820923  -0.6910455  -0.4929268   1.4598777   0.8614878  -2.0253856
  2.0532656   0.77447104  0.92923886  0.9460056  -0.42068228  0.14213666
 -1.3328146   2.3836133   1.2074444  -1.5741644  -1.0622134   1.7429155
  0.01604666 -2.4563246   0.86964005  0.37778664  0.29132664  0.56794107
  1.75134    -2.3202558   1.5248244   0.9433222  -0.9261566  -2.5694258
 -1.6076343   0.5234      0.8216022  -0.99443775  1.3456712  -0.9273044
 -0.48644787  1.166719   -0.41451555 -0.09086004  0.00887776  1.9541289
  1.0195966   0.18864112  0.13046332  1.4698689   1.32212    -1.8848989
  1.6299099  -1.0599579   0.20391445 -1.8867632   2.1531522   0.5292289
  0.37679222  0.15552783  2.2984145   1.1551923   0.42543888 -0.10177001
  0.4521389   2.1554766   0.7876645  -0.34529108  2.2665865  -1.8219656
 -0.7796023  -1.2961555   0.35501888 -0.47467995  0.03620775  3.7077425
 -0.06983995  0.6202211   0.42357555  2.4172156  -0.90625    -1.6620612
  0.34503108 -0.2390311   0.3321611   1.2557666   1.6274511   0.42809778
 -2.76694     0.47812885  0.21499334  1.2307056   3.0513637   0.43867445
 -0.7195489   1.0930754   0.80712676 -1.0454067   2.1755254   0.17607218
  2.6520445   1.1573434   1.5928078   0.29650772  0.34724113  0.33656666
 -1.2633444  -0.74579006]