[[-1.59002796 -0.24650002  0.83631806  1.90272202  0.23492002 -0.70059403
   0.83926797 -0.18922399 -0.89196999 -0.89462802 -0.10462995  2.82069404
  -0.96187004 -0.90706401  0.66884803  0.25446798 -2.28792199  0.71205199
  -1.95747406  1.68249197 -0.35617602  3.21458592 -0.58536997 -0.36987201
  -0.88273402  0.50545404  0.28182797  2.85267396  0.15205199 -1.73117595
   0.651296    0.15480798 -0.61124799  0.84486001  2.87424011  2.00567198
  -0.50016599 -0.11713403 -1.48448404  0.04817201 -2.61154985 -0.77985804
   2.11862182 -1.36958396  1.85773597  1.38217397  0.62090211  0.09118
  -0.08651199  0.28349599  0.14552602  0.61587196 -0.40859199  1.76425611
  -1.05526404  2.62616217  0.39563001  0.19989991  2.04419789  1.80082796
   0.904928    0.31518604 -0.542046   -0.56613801  1.24852796  0.81614403
   2.14350004  0.73538194  1.53528001 -0.13161401  0.995626   -0.37028401
   0.38138203  1.78313804 -2.07092199  0.78911602  2.29246197 -0.76899806
  -0.03320202 -0.20387399  1.23371599 -1.76173806 -0.44543598 -0.85456194
   0.58773799  0.75562597 -0.30189201  0.48891    -1.63930597  0.03356601
   1.82335198  0.57084194  0.65337797 -0.16532203  0.53008002  1.22969204
  -0.55201397 -0.99310606  0.39569199 -0.74602804  1.042556   -0.05719799
   3.14834805  1.87802398 -0.21254801  0.56934998 -0.84430199 -0.67167199
  -1.69898997  1.37131791 -0.86793206 -0.32793996 -1.40047607  0.87723198
   1.21496203 -1.99684801  0.30659403 -0.43948796  0.69253795 -0.08937401
   1.11242597 -0.65398002  0.58042198  2.01749802 -1.199734   -2.44976411
  -0.30803802  0.57567002 -0.71751001 -2.58380609  1.06470196 -0.26873995
  -2.084326    2.03087392  0.43454795 -0.52200801  0.67588598  1.08361002
   1.23324606 -0.121412   -0.079684    1.15934193  0.85305999 -1.11120603
   1.72696798 -0.15003799  1.01412196 -0.890554    0.92273792  1.26056596
  -1.04514798 -0.687342    1.36382197  0.89827198  1.5728241   1.54956395
   1.08133803  2.199858    0.378734   -1.40286388  1.68558204 -1.88055599
  -2.50616798  0.70353003 -0.661294    1.02698803  0.72597202  2.59759998
  -0.09123599  0.57572396  1.69315402 -0.14698595 -0.15420402 -0.94154999
   1.06859199 -0.964466   -0.92782204  0.77194599 -0.515086    0.08578
  -2.19179597  0.99640198 -0.31038003  3.37079611  3.36776791  1.09860203
   0.756388    0.523364    0.40129006  1.33780406  1.76087604  1.00805396
   0.87746601  1.77519598  2.34406805  0.808298    0.23102003  0.09837799
   0.87879401  0.12283003]]