[[-0.69786     1.54045749 -0.14165252  0.82259753  0.86129504 -0.02559251
   0.94985755  2.95571744 -1.55690259  0.51448749  0.71738998  1.67025
   0.18747997 -0.26995498  0.43579251 -0.0810675   0.6964525   0.63085002
  -0.28301248  2.09618503  1.49370249  3.86554021  0.66156751 -0.33528501
  -2.59354487 -0.35378501 -0.98002498  3.14467001  0.74893505 -0.43520004
   0.66678995  1.52330494  0.13429248 -0.02886248  2.44336256  0.44406755
   0.4607175  -0.57828248 -3.31229496  0.15437752 -1.67409742 -0.9665575
   0.12303752  1.21358506  1.73455495  1.05029751 -1.83745506 -0.94634491
  -0.96873251 -0.91527244 -1.45579243  1.7122024  -0.17325255  3.21183503
  -0.91987004  0.72623748  1.10036755  0.47528252  1.41816241 -1.40558249
   0.12363255  0.35713501  0.63354489 -2.05260754  1.229485    0.45779502
  -0.49936746  0.24193507  1.20903003  0.85451753  3.54135245 -0.35024002
   0.02678749  3.40623498  1.11266252  0.55686504  0.97443499  0.52591742
  -0.40893503 -2.30089515 -0.24819994 -1.12129992 -2.27527255 -0.6212575
   0.80740499  3.27318501 -2.38184005 -0.7214525  -0.66176504  1.98218244
   2.55534494 -0.59365499  0.89368995  1.108705   -1.8825025   0.86312249
   0.81126501 -0.20187247 -0.37549249  0.29462996  1.15648249  1.1799975
   0.96639749  3.0426476   2.03163755  0.61065257 -1.40843758  0.50928009
   1.07733512  0.38542002 -0.48245002 -3.18787766  0.55907255  0.56019256
  -0.37120751 -1.23443997  1.45573997  0.73917502 -0.25119999  0.307785
   1.68430001  0.43781254  0.50715502  3.88452768 -4.19845986 -2.76523244
  -0.60840251 -0.70490497  2.40877753 -0.88700747 -0.50401003 -2.56603253
  -2.36558247 -1.5476625   1.25923994  2.31373736  0.53226499  1.09846506
   1.80938497 -0.90450001  0.34505999  0.38992746 -0.76407002 -2.74390507
   0.15476748 -0.50157249  1.41953492 -2.44611007 -0.46737501 -0.19606
  -1.31839747 -2.2125501   2.52477258  1.56564492  2.26170743  0.19757247
   1.54890248  1.80049014  2.2413376  -2.12399501  0.79457998 -1.55239007
   0.41172253 -2.05383503  0.4297325  -1.34386247 -0.83950505  4.56682253
   0.48545997 -1.09708002  0.07587248 -1.060415   -0.49574003  0.16014498
   2.87670505  1.24262989  0.23493999  3.68766743  1.41757753 -1.98726255
  -1.51972485 -1.03849751 -0.54443252  0.93060502  0.92078248 -0.27438501
   1.19317753  1.34806001  0.05613755  0.46684009  1.78476995  2.09451997
   2.87253755  1.67172003  0.01328003 -0.98745504  1.82832247  0.40811509
   0.65751499  0.73204249]]