[-0.62129     1.85963     0.05266247  0.5857438   0.9691412  -0.13629624
  0.49095193  0.29877746 -1.4029677   0.9349055   0.1977425   2.7518096
 -0.6716881  -2.7377305   0.2635369   0.36519992 -0.29375187  0.0140781
 -1.63499     1.7253962   0.04938252  2.9677866  -0.6085837  -0.12885375
 -0.49602813 -1.4610994   0.6499669   3.7817705  -0.9988756  -0.19597818
  0.27821058 -0.85576    -1.4164858   0.7622243   2.8302424   2.353516
 -0.9918168   0.26626188 -2.247354    0.8140856  -2.4155257  -1.3862588
  1.3086289  -0.03526316  1.1409901   0.77444434 -0.5113938  -1.146992
 -0.01052874  0.36066377  1.0640299   0.7573081  -1.7160664   1.3908906
 -0.5896725   1.3391619   0.45738813  0.57438004  0.37782058  0.9184188
 -0.88629556  0.9794788   0.42859626 -2.1747406   1.4977927  -0.27200627
  0.2682119   0.47166187  1.9628594   0.50448185  2.0600975  -0.19355689
  1.0175494   1.6495583  -1.8049924   0.16452998  1.0823824   0.09586626
 -2.198018   -0.39806682 -0.75967944 -0.8802644  -0.73983634 -1.8345201
  0.52278125  3.138112   -1.211078    1.1488589   0.77292186  1.0601724
  0.26391438  1.2502962   1.682458   -0.69605875  0.5143687  -1.3582577
  0.4313869  -1.3825217  -0.71295434  0.9654106   1.1609     -1.6260995
  2.3252397   1.9226599   1.0411295   1.0446124  -0.91146     0.9238475
 -1.0390569   1.5670512  -1.0570824  -2.1000369  -2.0630782   1.1601511
  1.3207662  -2.5919816   1.4234487   0.7580969   0.15767688 -0.4364587
  2.3684282  -1.885297    2.1740923   1.6016338  -1.4059193  -2.8574688
 -1.0003381  -0.03518501  1.064643   -1.957918    0.57415867 -0.9168593
 -0.23213813  1.5542738  -0.7386725   0.9150099  -0.60278624  3.0423074
  1.1136957   1.8425057  -0.62887436  2.5974429   1.3186988  -2.413515
  2.0287056  -0.53760123  0.5441762  -1.8969787   2.5132406  -0.1985994
 -0.52554    -0.31135687  2.5425758   0.4809      1.2045256  -0.555825
  0.01993751  1.8642725   1.4880476  -0.9684856   2.3415492  -2.6415484
 -0.11455186 -0.3855487  -0.17208251  0.6291376   0.65080565  3.9586568
 -1.1902299   0.74196935  0.7777881   0.9916844  -0.3644718  -0.98501563
  0.6494819   0.40354872 -0.00974998  1.4573681   1.2455137  -1.0677731
 -3.3771737   1.0870407  -0.84697     1.0263255   3.2696943  -0.03071625
  0.3193532   1.5541363   0.30741686 -0.6148513   2.2460783   1.1037257
  2.5642052   0.1297031   1.4896863   1.1761218   1.2371618   0.19178562
 -1.670523   -0.64764434]