[[-0.3528569   0.44554189 -0.04937968  0.73340242  1.06695155 -0.1065707
   0.5942243   0.27088102 -1.40775899 -0.08354534  0.08552811  1.71931929
  -0.46633447 -1.96430223  0.13705724 -0.16549413 -1.12142243  0.22008035
  -1.53679776  1.41085826 -0.24397293  2.0719931  -0.79874655  0.08518466
  -0.77767223 -1.40042725  0.31051001  2.23173466 -0.20616206 -1.41980982
   1.30903449 -0.48506292 -0.92958741 -0.10039309  2.84128035  1.63751759
  -1.48172002  0.05308913 -0.97753086  0.16195327 -2.02594812 -0.35902517
   1.27614722 -1.36648191  1.13360018  1.44417138 -0.23917138 -0.99588327
  -0.10883223  0.81537     0.62057863  0.53531206 -0.18363568  1.6387117
  -0.72889895  1.47188379  0.01200172  0.55316138  1.20854656  1.32356189
  -0.31491965  0.92468465  0.1263662  -1.49842258  0.67829121  0.90131034
   0.34839414  1.38769981  0.92335741 -0.38142396  1.04316068 -0.89733034
   0.78379259  1.39273569 -1.30594604  0.96368292  1.07300829  0.20832241
  -1.57249966 -0.60669862 -0.31856226 -1.16146913 -0.30607482 -1.46008224
   0.16324051  2.26320191 -0.75192274  0.32740708  0.45271345  0.76719448
   0.91161155  0.44501551  0.60447     0.36154415  0.35862965 -0.20928414
  -0.63998674 -0.96412862  0.261976    0.44201671  0.9136595  -1.86097739
   2.36090464  1.01818517  0.50912017  0.45939154 -1.14541224  0.3967331
  -1.60872653  1.12282554  0.59992741 -1.78885519 -1.29053225  0.73546914
   0.21547121 -2.21761018  0.53964241 -0.09368051  0.48526656  0.6621531
   1.74075415 -1.18194121  1.69600034  1.50360205 -1.36974292 -1.88246154
  -0.91446431 -0.23762156 -0.33575999 -1.88649137  0.24120413 -1.30845585
  -1.02453518  1.31067673 -0.02012103  0.31647154 -0.49565604  1.35191345
   1.19212863 -0.30299964 -0.00364982  1.37492673  0.79628136 -1.63114413
   1.47860447 -0.63115844  0.52488878 -1.97845051  1.90241825  0.23026258
  -0.21825999 -0.41455844  1.19309845  0.6018962  -0.06031844  0.98072967
   0.90017794  2.08477482  1.1247081  -0.62421931  2.57146932 -1.78201537
  -0.8595512  -0.32561344 -0.46265551  0.08101157  0.68467499  2.40515878
  -0.9232007   0.35596706  0.18609275  1.14321569 -0.68291172 -0.9809431
   0.75472344  0.05256017 -0.276385    1.17310329  0.97690536 -0.26659637
  -1.91851828  1.47494706 -1.32503311  1.96355915  3.19429791  0.69092226
  -0.31308743  1.23743828  0.36860501 -0.28822345  1.79659793 -0.07291
   1.84902864  1.06574156  1.57568069  0.13777619  0.14574518  1.02945102
  -0.56850948  0.21467001]]