[-2.2090499e+00  2.7039449e+00  2.8294981e-02  1.7344501e+00
  2.1313250e+00  2.2259851e+00  6.6899502e-01 -2.1540198e+00
 -1.1691951e+00  1.3996999e+00  6.9795001e-01  2.6025300e+00
 -1.0935950e+00 -3.9970651e+00 -1.4302399e+00  1.1934550e+00
 -1.2477051e+00 -6.6049993e-02 -1.0110149e+00  3.7542200e+00
 -6.1032504e-01  1.3629700e+00 -2.1872003e-01  1.3514349e+00
 -3.6807999e-01 -1.8506200e+00  2.3108506e-01  3.2392602e+00
 -2.6203299e+00  2.0152000e-01  2.3059950e+00 -2.2147901e+00
 -2.2310600e+00  6.6915995e-01  4.0914402e+00  4.5303102e+00
 -3.2442548e+00 -1.0165006e-02 -4.1987252e+00  4.7667003e-01
 -1.1256100e+00 -3.4024501e-01  2.4365101e+00 -1.0294600e+00
  1.9113799e+00  1.8111001e+00 -7.7562505e-01 -1.4011002e-01
  1.0314850e+00  3.2293501e-01 -3.2271504e-01  1.3943249e+00
  3.0401000e-01  2.4800799e+00  7.6409495e-01  4.5714998e-01
 -3.4533489e-01 -3.9665499e-01 -8.7700069e-02  1.9949150e+00
 -9.7998506e-01  1.3444550e+00  1.2088150e+00 -1.7644249e+00
 -1.2778800e+00  2.1829963e-02 -1.3941950e+00 -1.0173401e+00
  1.3738351e+00  1.1632550e+00  3.9507000e+00  5.3842002e-01
  1.0123050e+00  1.4374650e+00 -3.4296799e+00  2.3792901e+00
  1.3660499e-01  9.7644502e-01 -3.3426700e+00  1.6615601e+00
 -1.8754350e+00 -1.4381801e+00 -5.5467999e-01 -2.7220800e+00
  2.3450000e-02  2.3935251e+00 -3.4709001e-01  5.4101503e-01
  1.7799951e+00 -6.3837498e-01 -2.9320002e-02  2.5206800e+00
  5.2691001e-01 -8.7499619e-04  2.3708000e+00 -2.1846750e+00
 -4.4413003e-01 -1.0654249e+00 -8.5106492e-01  1.9414901e+00
  1.2673299e+00 -2.7133899e+00  1.1838950e+00  5.5516493e-01
  2.5317997e-01  2.2620003e-01 -9.9763501e-01  1.0260050e+00
 -3.6849004e-01  2.8628750e+00 -1.4456300e+00 -4.0678101e+00
 -1.7646450e+00  1.7990351e+00 -1.1630500e-01 -2.2465451e+00
 -7.9299998e-01  1.1967100e+00 -1.2651401e+00 -2.9896501e-01
  3.9827552e+00 -2.1200049e+00  2.5627100e+00  2.4237351e+00
 -1.9988549e+00 -2.7049751e+00 -3.0983548e+00  9.9201995e-01
 -1.1464400e+00 -2.6035051e+00 -3.2060492e-01 -5.1007003e-01
  5.9039998e-01  6.3192999e-01  5.4527998e-01  2.0145350e+00
 -5.7999498e-01  3.0987799e+00  1.5281150e+00  2.0512450e+00
  1.3572700e+00  1.1796551e+00  2.5575349e+00 -2.1250100e+00
  4.4872398e+00 -1.2474350e+00 -7.4342996e-01 -2.9742351e+00
  3.5094950e+00  1.2422499e-01  7.9107499e-01  8.9068496e-01
  2.7339602e+00  5.6951499e-01  3.0979997e-01 -2.9795498e-01
  1.8162050e+00  3.1918800e+00  2.7590501e-01  1.6819201e+00
  1.6768351e+00 -5.1053848e+00 -3.5329503e-01 -1.1650250e+00
 -3.5929000e-01  8.0154002e-01  9.2364997e-01  4.3791800e+00
 -4.1183501e-01  1.2658451e+00  5.5151004e-01 -5.7616007e-01
 -6.3257504e-01  1.1622000e-01 -1.2358550e+00 -2.0544100e+00
 -1.7650497e-01 -6.9265997e-01  1.3413451e+00 -8.1890506e-01
 -3.5554099e+00 -9.4186991e-01 -1.4654450e+00  1.5443449e+00
  2.9704199e+00  1.0662508e-01 -1.3624650e+00  8.9126992e-01
 -1.2209001e-01 -1.5162001e+00  1.5007200e+00  8.6835003e-01
  3.9649599e+00  1.1280150e+00  3.7515302e+00  4.2637002e-01
 -4.0176502e-01  2.5037500e-01 -2.8595753e+00 -1.2669998e-01]