[-6.30173385e-01  1.54712617e+00 -1.67482510e-01  1.17791748e+00
  6.97067022e-01  8.11104476e-02  7.58585870e-01  2.69082516e-01
 -2.06518722e+00  4.11697507e-01  1.41305125e+00  2.49809122e+00
 -7.62185395e-01 -3.15318942e+00 -8.95758271e-02  6.42125821e-03
 -1.00271213e+00 -5.43055356e-01 -1.97160447e+00  1.43922508e+00
  9.62265551e-01  1.97308934e+00 -7.25412548e-01  6.66999996e-01
 -4.21229511e-01 -7.30788291e-01  5.71534634e-01  2.55846286e+00
 -6.83425844e-01 -3.80110025e-01  3.77532125e-01 -9.79751289e-01
 -9.97115910e-01 -2.49072507e-01  2.76996136e+00  1.92828500e+00
 -1.23642874e+00  3.55404057e-02 -1.83030427e+00  1.11415863e-01
 -2.59795809e+00 -1.49240875e+00  1.74244201e+00 -6.04355812e-01
  1.04808795e+00  1.31149054e+00 -8.04126084e-01 -8.85244548e-01
  4.76957470e-01  1.72057593e+00  8.62979174e-01  6.73178807e-02
 -4.31876272e-01  7.87472546e-01 -1.45552301e+00  1.68628323e+00
 -3.20701212e-01 -2.04133093e-02  6.53779209e-01  1.91274405e+00
 -4.80477482e-01  1.24115419e+00  5.71124613e-01 -9.71810043e-01
  1.05991828e+00  1.24301636e+00  1.58929601e-01  1.74201334e+00
  3.88491660e-01 -3.56826633e-01  2.15831113e+00 -1.24322939e+00
  4.71483797e-01  1.58135211e+00 -8.66248786e-01  1.52567387e+00
  1.73196650e+00  1.06907380e+00 -1.51654446e+00  1.32406667e-01
 -1.31284392e+00 -1.14850748e+00 -6.23046696e-01 -1.39351261e+00
  1.10350084e+00  2.23814201e+00 -1.59724903e+00  5.92203736e-01
  1.46866512e+00  7.85772026e-01  6.06189609e-01  7.43916333e-01
  5.44614196e-01 -3.30829114e-01  3.71170849e-01 -5.81272542e-01
 -9.07624364e-02 -1.55656540e+00 -3.75532120e-01  1.55409539e+00
  1.48544323e+00 -1.58094490e+00  2.25728893e+00  1.07734215e+00
  1.87435821e-01  3.22144598e-01 -6.21181309e-01  2.62445837e-01
 -1.23584020e+00  2.65682888e+00  6.30309641e-01 -1.95894718e+00
 -9.05452549e-01  1.19359958e+00  7.55487502e-01 -1.87736893e+00
  1.11430967e+00  8.19283009e-01 -2.73477882e-01  3.41631263e-01
  1.21262467e+00 -1.81728613e+00  1.84138882e+00  1.71046591e+00
 -1.05991209e+00 -2.56500053e+00 -1.58335888e+00 -9.04127896e-01
  3.44762616e-02 -1.28106868e+00  1.28119552e+00 -1.69392157e+00
 -6.35425031e-01  1.19597208e+00 -1.29123762e-01  4.70029205e-01
 -4.13885355e-01  1.36622334e+00  1.04807365e+00  3.18472087e-01
 -2.20194578e-01  1.26782370e+00  8.25540483e-01 -1.97788465e+00
  1.81841373e+00 -6.76181614e-01  2.21838713e-01 -2.34354377e+00
  1.97913206e+00 -5.64229228e-02  4.13707132e-03 -1.28299129e+00
  9.19380426e-01  8.76375914e-01  4.98689562e-01  5.13366275e-02
  1.26657414e+00  2.60155940e+00  1.37317955e+00 -5.97722054e-01
  2.21272898e+00 -1.66140878e+00 -5.63324153e-01  3.13087590e-02
  1.83960295e-03  2.24298358e-01  8.65878820e-01  3.54273248e+00
 -5.92055023e-01  8.54029238e-01  1.11809933e+00  1.10670340e+00
 -1.22630370e+00 -9.87416685e-01  3.41667086e-01  2.19929993e-01
  1.05165035e-01  5.49345851e-01  1.28890502e+00  3.01274598e-01
 -2.07674551e+00  9.81514156e-01 -6.91436589e-01  1.98396873e+00
  3.20285249e+00  3.34210366e-01 -1.05763221e+00  1.68231165e+00
  5.38164198e-01 -8.56317818e-01  1.45572460e+00  3.42626184e-01
  2.01344180e+00  5.66547930e-01  2.01180935e+00 -4.84763294e-01
  3.78637552e-01  9.69879687e-01 -5.18995821e-01  6.84496090e-02]