[[-0.26843219  0.58109658  0.30962282  0.86488907  1.61289594  0.18733342
   0.64518435  0.25583249 -1.84205625  0.81412687  0.44980407  2.57994155
  -0.68870782 -3.20996062  0.7266672   0.27756405 -0.16981971 -0.14105156
  -1.14318847  1.38391407 -0.28784936  3.82980683 -0.60960814 -0.14332969
  -0.56528375 -0.8728572   0.21315844  2.49166844 -1.48392093 -1.13883376
   0.41995376 -0.10540626 -0.88441346  0.15570562  2.19544251  1.68828125
  -0.57444626  0.0121125  -1.70882408  0.42348125 -2.1999978  -1.37982285
   1.77867561 -0.67641968  0.85712687  0.92230999 -0.31116907 -0.73317909
  -0.08029     1.18799656 -0.20926497  0.8543525  -0.37334689  1.35416281
  -0.33456469  0.55531752  0.29733312  0.46958032  0.87421312 -0.05964906
  -0.20054438  0.54615     0.07293841 -2.1702622   1.22438281  0.70208471
   0.42266251  1.20505941  1.22199343  0.12680188  1.89467127 -0.48094563
   0.62759439  1.66155814 -1.15490062  1.7478803   0.98732938  0.5355278
  -1.97943249 -0.59081689 -0.21406126 -1.42960751 -1.13210594 -1.2935397
   0.89390467  2.75452967 -1.1230972   0.76141345  1.10796343  1.16617313
   0.65638502  0.56811189  1.32275874 -0.33348094 -0.50771251 -0.0887581
  -0.28749065 -1.38835409 -0.20240344  1.2319425   0.30576749 -1.53672501
   1.97704217  1.03197097  1.49164718  1.08533312 -1.11633312  0.71577189
  -1.17013347  2.18997813 -0.41658719 -1.61244565 -1.86128155  1.34396968
   0.11561748 -2.15869468  1.3112203   0.57683624  0.18884969  0.32055624
   1.30293281 -1.43196903  1.7512425   1.97209405 -1.12289593 -1.96842062
  -1.07178652 -0.31634312  0.53475065 -1.88719154  0.31245001 -1.22511876
  -1.5575175   1.09788406  0.18988843  0.89851153 -0.19165157  1.31085659
   1.10747843  0.3179806  -0.36559033  1.9522575   0.82925312 -1.32005564
   1.27586377 -0.3621628   0.11515781 -2.06951531  2.27786689  0.32996842
  -0.67619437 -0.41848592  0.52980313  0.56790157  1.01049685  0.41234688
  -0.20615281  2.12914688  0.87846814 -0.23615438  2.27794969 -1.69587375
  -0.8355634  -0.88121533  0.30578813 -0.09826533  0.81286188  3.06074967
  -0.46873375 -0.03888438  1.0298072   1.53426716 -0.17609407 -1.05482281
   0.63725154  0.15630311  0.30909782  1.52809813  0.80409032 -0.38103316
  -2.61979309  1.23957657 -0.40632344  1.02369313  2.95833218  0.48016813
  -0.61438281  1.37833785  0.72454719 -0.90607062  2.21800662  0.98010064
   2.52694217  1.51414095  1.60470782  0.37255498  1.03847721  0.31823658
  -0.49309593 -0.61115875]]