[ 0.63117     4.336035    0.10686503 -1.493955    1.80524    -2.3801749
  1.56405     0.6263451  -3.8485851  -0.05048501 -1.9872699   2.563835
  2.6340199  -2.0034552   1.80293    -0.08074498 -0.62314     0.51804
  1.67866    -0.33753002 -0.12550497  3.2596297  -3.5856252   2.8152602
  0.18264997  3.8724298   0.75712     2.984625   -2.02135     0.64707005
  1.2731149  -0.54447496 -2.814945   -0.665215    3.489175    0.8225899
 -0.68618    -0.04416001 -1.906225    0.326675   -2.019105   -0.681865
  5.1555147   0.93001497  3.2373052   2.1468399  -2.0403352  -1.03037
 -1.6419951   0.856565   -4.3234696  -1.1288099  -0.7409449  -0.9961
  1.5734149   2.034005    1.53866    -0.49978998  2.2715151  -0.8584751
 -0.89716995  2.1937602   0.16581501 -1.166025    1.0419401  -2.49737
 -0.58771497  3.3610148   2.256455    0.37474498  4.8644753   1.433175
 -0.96969     1.65703    -0.862875    2.096075    3.0704     -0.41197002
 -0.278515    0.12981    -0.4231     -2.529335   -0.70195496 -0.716705
  0.78419     7.144205   -2.70949    -1.09122     4.05104     1.08692
  2.891395   -1.9191651   2.508055   -1.6092349  -1.9513501  -0.05325499
 -1.6732401  -0.77296007  0.96548504  2.74162     2.8259351  -0.59530497
  2.92046     2.05813     2.814195    3.0685701  -1.4474599   2.0426002
 -0.826015    2.5953      0.669225    0.65639    -0.80035496  0.53178
 -3.3132048  -2.859495   -0.74232996 -1.4714699   2.6605902  -0.32712004
 -0.8389952  -2.9170299   3.360055    2.32746    -1.631155   -1.602435
 -1.7575701  -0.48346996  0.6162399  -1.6570601  -0.59843    -2.38874
 -2.9374948  -0.54398996  1.3994651   1.289665   -2.06374    -0.255075
  1.631675    1.3413601   2.42        4.524865    0.671275   -0.59922
  0.06599504  4.156895   -1.9934549  -0.662045    1.82732     1.8467901
 -0.577495   -2.20099     2.068425    1.1638951  -0.92713    -0.25083494
  2.73706     4.688205    3.142715   -2.0642      1.5151849   0.503945
 -1.0103     -0.427065    0.124055   -1.72049     0.093045    3.9590502
 -0.4805951  -3.814735   -2.34291    -0.78799    -2.8524199  -2.5235698
  3.07893     0.76532996 -0.70622003  0.51444006  0.861365   -1.210785
 -2.12954     3.08541    -2.791675    0.92077994  4.422825    0.42998505
  0.02949995  1.7286599  -1.52123     0.11854517  2.58706     1.0338451
  3.059395   -0.36294994  0.40333998  1.141785    3.8645      0.96589
 -0.65164     2.1470401 ]