[[ 0.22245368 -0.56653107 -1.12470101 -0.25855631 -0.00833893 -0.78830893
   0.42661263  1.23028369 -1.33394473 -0.36191578 -0.66842367  1.95931108
   1.32211055  0.94430049 -0.4602179  -0.62478525 -0.74250262  2.17490268
  -0.21819105  1.43145368  0.15448315  3.06497999 -0.13215629  0.76811687
  -1.49191531 -0.97002577  0.04962317  2.52242738 -0.12999634 -1.19069473
   1.78556841 -0.67907422  0.41244263 -0.60100104  1.84813527  0.15799896
  -1.65608208 -0.57578001 -1.87938686  0.11477211 -1.81807894  0.31096209
  -0.40824627 -2.98421898  0.87730368  0.83522737 -1.24911366 -1.37732001
  -1.01508996 -0.18700368 -0.74383418  0.60360319  0.44813839  2.40763267
  -0.08181054  2.31312738 -0.44123369  1.2534716   1.20204846  0.51622052
  -0.56506262  1.62414211  1.12522316 -0.34144945  1.25297208  0.27370316
   0.09291004  1.42318103  1.94057315 -0.86659842 -0.15334367 -0.40968261
   0.04927265  1.50401892 -0.27786422  1.29941475  1.06295893 -0.14109843
  -1.34710528 -1.63033736 -1.92126843 -0.36569368 -1.37418368 -0.97075314
  -1.56391679  1.5277458  -1.29174159 -1.07865265 -1.07684002 -0.28655789
   1.6507379  -0.58713373 -0.38995002  0.52521946  1.35440157  1.26161054
  -0.15264211  0.21858053  0.78381581  0.88957263  1.88963052 -1.05415472
   0.65007051  1.1029837  -0.63536001  0.66530737 -1.52075474  0.82545999
  -1.2481242  -0.24172002  0.06111947 -0.88189052 -2.62662527 -0.74015895
  -0.64254314 -4.30145951  0.54230211  0.38217845  0.33101948  1.16649423
   1.24570317 -0.94701896 -0.44800947  0.63318947 -1.32632267 -2.69395681
  -0.28866684  0.11246422  1.62495896 -2.56378427  0.13397314 -0.39469736
  -1.13014313  1.32507999 -0.21788685 -0.13879368 -1.05384369  0.25596635
   0.62331155  0.57796949  0.76960369  1.32701472  1.6358837  -2.70460894
  -0.02924109  0.40048527 -0.23212104 -0.96322476  1.58993104  0.43632895
  -0.50980527 -0.6807774   1.87097157  0.94723211  0.34815787  1.3232695
   1.21284264 -0.21221367  1.62303104 -1.51518366  2.30814946 -1.77801475
  -1.41031737  0.71827525 -0.89890738 -0.74949788  0.74430843  2.1301284
  -1.29462521 -0.10903474  0.24667001  1.52862845 -2.20675895 -1.28766158
   1.63892523  0.5684442  -0.77315368  1.16326211  0.9667842  -0.57542526
  -1.35036578  2.75105792 -1.6558495   1.95118897  2.66837     1.57853055
   1.1441647   0.2385158  -0.54638526  1.12968577  1.14671893  0.54165366
   0.42363367  0.4030326   1.3121468   0.56379316 -0.76197892  1.23911373
   0.3790126  -1.05695631]]