[ 0.14911999  1.45927     1.4265851   0.25279748  0.860965   -1.12128
 -1.6131074   1.7831451  -3.7403224   1.2475375  -0.28898     1.8293375
 -1.4115676  -1.8858575   0.70564246  0.40986496  0.42559248  2.360015
  0.94662493  0.42907    -0.28384998  4.208008    0.18093503 -1.4508176
 -1.89386    -0.47061998 -0.21305752  2.575105    1.33904    -0.88679504
  3.7621     -1.1606851  -0.705995    1.1214651   3.1825798   1.231645
 -2.1402075   1.5280874  -0.58443004  0.5324675  -0.09389    -1.09656
  1.2904325  -1.3419926  -0.9402075  -0.26980254 -0.86322755 -0.84186256
 -1.0876076   1.1514524  -2.3072474   0.41106498  0.05913248  1.7133374
 -1.106165    1.3256075  -0.5969449   0.20527005  1.6523     -2.0252025
 -1.5666898   2.520315   -1.8263575  -1.56999     2.432615   -0.30998498
  0.37149745  2.31243     1.29792    -1.2709      2.0604424  -0.67788994
  0.22953004  1.5996125  -1.4598875   3.0071576   2.0683749  -1.2137475
 -1.16047    -4.5102873  -0.70701754 -0.73603    -1.5981399  -0.55547994
  2.8985674   4.7852225  -1.7457325  -0.5036775   1.98751     1.7105124
  0.9561626  -2.1224475   0.25763    -0.7315225   0.12064996 -0.22596496
 -0.16402751 -0.9971749   2.05362     0.426975    1.096925   -0.5580325
  1.5504601   3.2833025   3.8129048   1.9452325   0.25958508 -0.23948497
 -0.7478825   0.17395753  2.489965   -0.24766502 -1.4751251  -0.07893001
 -0.84089243 -2.2921424   2.5295398  -0.76954746  1.501285    2.32444
  1.1810975   0.6997275   1.5671049   4.354535    1.8371124  -2.6079276
  0.07385993  2.352595   -1.2092152  -3.0014224  -2.67886    -2.3207
  0.16756752  0.45193252  0.03503748  0.90707743  0.18429247  1.0966926
  2.3837974   0.10667753  0.94563496  1.91194     1.7331624  -2.7319574
  1.2899275  -1.1460376   1.1484375  -3.462575    0.39915246  0.774315
 -2.2053626   0.8300575   1.5642024  -0.52355504  0.977345    2.319505
  2.0505674   0.30865002  5.863645   -1.46119     3.0186975  -1.9671074
 -0.28245503 -0.65172744 -2.6461525   1.011335    0.11669752  0.307975
 -1.3012025  -1.1372275   1.7293825   1.5834974  -0.16045254 -0.66682
  2.2984774   1.6842052   1.6896125   0.06166744  1.56394     1.183425
 -1.8051724   2.18378    -1.0789449   1.039465    3.2695274   1.915225
  3.3989975   3.3646274   0.327605    1.218755    1.90896    -0.16054
  2.385725    3.6676178   0.454005   -1.3544476   0.988895    1.6712124
  0.47461     0.5029474 ]