[[-4.00398000e-01  6.28278542e-01 -9.94785537e-02  1.09103673e+00
   1.05312999e+00  2.48577647e-01  6.87239983e-01  1.08403805e-01
  -1.54380492e+00  1.59544362e-01  3.70642552e-01  1.88904527e+00
  -8.07252547e-01 -2.62394782e+00  2.36069987e-01 -3.73287649e-01
  -1.00221108e+00 -1.81127909e-03 -1.85039963e+00  1.30250309e+00
  -3.74847263e-01  2.47729238e+00 -8.11279092e-01 -4.13681869e-02
  -7.40079098e-01 -9.70094174e-01  6.34574191e-01  1.79865982e+00
  -1.07714735e-01 -9.00859454e-01  7.85534553e-01 -3.19760536e-01
  -5.18539096e-01  5.68476740e-01  2.52733163e+00  1.91381199e+00
  -1.32884019e+00  5.63906903e-01 -8.37117463e-01 -1.11850892e-02
  -1.94830583e+00 -1.18078073e+00  1.55270670e+00 -3.19828004e-01
   8.24930360e-01  1.68167544e+00 -5.81641082e-01 -1.05776436e+00
  -5.48954481e-02  1.00365400e+00  3.64808376e-01  6.58385451e-01
   2.59524548e-01  1.46657619e+00 -7.47095092e-01  1.29324273e+00
  -2.50672177e-01  5.74122548e-01  9.25446182e-01  1.61344836e+00
  -3.88569263e-01  8.04074173e-01 -6.74536414e-02 -1.33690927e+00
   5.21945448e-01  5.27482733e-01  2.35289094e-01  1.05709109e+00
   6.60173997e-01 -2.87309059e-02  1.17247311e+00 -8.82853086e-01
   6.88365097e-01  1.51390236e+00 -1.37347127e+00  1.03784326e+00
   1.80832929e+00  3.91410908e-01 -1.31446364e+00  2.70394579e-02
  -3.55405832e-01 -1.15858635e+00 -5.63604179e-01 -1.26614165e+00
   5.71614173e-01  2.22988854e+00 -8.70003083e-01  1.00903964e+00
   1.32632182e+00  8.40466747e-01  7.39198552e-01  1.17204731e-01
   6.76963636e-01  1.15680717e-01 -1.98495645e-01 -1.66543283e-01
  -7.37238927e-01 -1.10263111e+00 -4.64241633e-01  6.11418708e-01
   1.24825364e+00 -1.79602925e+00  1.96130291e+00  1.73792418e+00
   7.75269280e-01  1.10475129e+00 -2.79401087e-01  5.71548560e-01
  -1.35368983e+00  1.53709254e+00  4.41778345e-01 -1.72389312e+00
  -1.02161418e+00  1.03210165e+00  5.23290371e-01 -1.28321581e+00
   5.21248538e-01  2.96656359e-02  8.18717996e-01  5.85374913e-01
   1.10154747e+00 -1.35618729e+00  1.80236635e+00  1.55907944e+00
  -1.41916983e+00 -1.76424401e+00 -1.09360907e+00 -1.21268372e-01
  -3.35976000e-01 -1.01170908e+00  5.03335099e-01 -1.47758458e+00
  -3.97780902e-01  9.26418563e-01  1.13326911e-01  7.10123279e-01
  -5.18961821e-01  1.41199618e+00  1.16737999e+00  3.32333275e-01
  -8.61772664e-02  1.44418837e+00  7.30130733e-01 -8.15911814e-01
   1.26306744e+00 -7.14216354e-01  4.52919810e-01 -2.32197364e+00
   1.67089669e+00  3.06103091e-01 -3.67980106e-02 -6.34068723e-01
   1.31997962e+00  8.60996717e-01  2.23033466e-01  2.91353862e-01
   9.49511464e-01  2.47158382e+00  5.69651460e-01 -2.12721634e-01
   2.36457436e+00 -2.08701093e+00 -8.88488546e-01 -9.52150727e-01
   4.13523641e-02  1.83306362e-01  1.25216193e-01  2.81735490e+00
  -1.01523619e+00  3.00850353e-01  5.76149268e-01  1.48385472e+00
  -7.31443451e-01 -9.81696176e-01  1.46956260e-02 -2.20419996e-01
   1.95467266e-01  6.50228204e-01  5.95390735e-01 -2.52472910e-01
  -2.58487580e+00  1.08041256e+00 -5.60702364e-01  1.54143875e+00
   3.32896200e+00  7.40634914e-01 -3.89753822e-01  1.01423601e+00
  -2.24715811e-01 -1.15520367e-01  1.47662619e+00 -1.78746370e-01
   1.93558164e+00  1.40925654e+00  8.35570754e-01 -7.43856245e-02
   6.25427098e-01  7.21843821e-01 -6.39908366e-01 -2.73183999e-01]]