[[-0.44905812  1.50212816  0.41488544  0.62467274  1.21734539 -0.28981818
   0.43500727  0.83440817 -1.88321915  0.49980546  0.13524909  1.81145456
  -0.60534727 -2.08892003  0.55727273  0.34142999 -1.8235036   0.41440456
  -2.23901359  2.16570541 -0.46448181  1.61526731 -0.70411274  0.17082002
  -0.25665817 -1.27468362  0.36931279  1.77358544  0.81039001 -1.81003729
   0.39355362 -0.87927911 -1.28625541 -0.4577809   3.73396283  1.32087913
  -1.38110275  1.6133     -1.33016184  1.55228727 -1.19720911 -0.66259272
   0.80398179 -1.26520366  1.13716821  1.63180994 -0.65563909 -0.93469183
  -1.67929453  0.30643633  0.3501927   1.09755823 -0.13647997  2.20562085
  -0.25205182  2.1423609   0.98453185  0.15704729  1.93090092  0.72823816
  -0.04508544  1.67869181  0.33718187 -1.54973364 -0.29633363  1.61433269
  -0.96332909  0.80216636 -0.17266543  0.83433363  0.93493904 -2.66176638
   2.01621447  1.20729541 -0.7802354   1.9678619   1.13253095  0.3700991
  -1.37696547 -0.76133821 -1.75204088 -0.53646456 -0.75137    -2.53058728
   0.23928453  2.4328855  -0.6426336   0.07133365  0.16361181  0.66532183
   1.63359911  1.26508268  0.43624637  0.47838363  0.4948109  -0.29770816
  -0.70855454 -0.5327582   1.79279999 -0.02820365  1.46795904 -1.57343279
   2.63327086  1.59571455 -0.48640909 -0.32774908 -0.34310728 -0.58472002
  -1.70923093  1.96623635  1.00958181 -0.38640184 -1.26247092  0.51796364
   1.6716982  -2.74580719 -0.14426095  0.60015368 -0.08451274  0.22414728
   1.30230908 -0.93987635  1.56031997  0.6410509  -0.83242362 -3.03753731
  -1.04925272 -0.60945455 -1.84646726 -1.67791543  0.19562636 -0.39585814
  -0.8969109   0.9206273  -0.57668367  0.45879993 -0.60629183  1.12498373
   1.73101268 -0.1711509  -0.22828729 -0.03084089  0.58401367 -1.44494361
   3.01313086  0.34891363  0.96625817 -0.8351582   1.22815545  0.17141726
  -0.38554455 -1.16710454  0.57048729  0.64612456 -0.41514637  1.19261729
   2.6643946   1.54370453  1.49150274 -0.6068845   1.69464819 -3.24335272
   0.05693087  0.47114366  0.21549817  0.47430363  1.64539634  0.94715815
  -1.20180184  0.34499278 -0.81468636  1.62256822 -1.05222266  0.10763273
   1.25312182 -0.6765818  -0.08601634  1.14923725  0.77005001 -0.19266637
  -2.39166274  0.90320092 -1.3908409   2.14306992  4.1756991   0.89285636
  -1.77514003  0.31511546 -0.84252545 -0.09356363  2.08637914 -1.31798637
   2.34803006  0.30717361  2.22948459  0.32657999  1.07838634  1.30414817
   0.99010725  0.64440456]]