[[-1.455925    0.97948699 -0.13368874  1.40695466  1.59698168 -0.26945458
   0.96532324  0.27153041 -1.4272437  -0.32748955  0.7352646   2.26598258
  -0.98067668 -2.17040214  0.32869711 -0.41451793 -1.19799454  0.05077959
  -0.99893833  1.19562369  0.32122918  2.60099168 -0.92376627 -0.03106582
  -0.4996121  -0.39453291 -0.07030085  2.79852647 -0.74968744 -0.51709798
   0.81872371 -1.08415928 -0.46348697  0.2900683   2.13902955  2.14604551
  -1.64393039  0.01402752 -2.17389877  0.77465167 -1.76256297 -0.87378243
   2.40378742 -1.05890003  1.26734621  0.65906963  0.05383289 -0.57989836
  -0.42753664  0.41897376  0.73141336  0.46998544  0.25520341  0.8445921
  -0.91225917  1.7278741  -0.43617332 -1.32304532  1.14558458  2.23878467
  -0.47040999  1.22708007  0.30514372 -1.45573878  0.85665752  0.8238471
   0.2932379   0.92805074  0.58771705 -0.43959548  1.83880721 -1.04840963
   1.02952257  1.7065609  -1.09504958  0.61630788  1.59078194  0.11871165
  -1.54437874 -0.38232628 -0.73794825 -0.76877998 -0.90020029 -1.77974173
   0.3928479   2.28454672 -1.30513459  0.85190413  0.53670459 -0.00619625
   1.53500829  1.01521878  1.14941249  0.96245617  0.3483383  -0.59660087
  -0.58874036 -0.39290751  0.40693874  0.83906712  0.51670962 -1.63396239
   2.22677308  0.58736003  0.86228788  0.25793583 -0.95493704 -0.00869039
  -1.64046663  2.59571572  0.43711248 -2.2008052  -1.35723349  1.11307414
   0.56847789 -2.30581949  0.83639873  0.62617547 -0.02924046  0.67615839
   1.66226868 -2.04254916  1.97294495  2.1522373  -0.80907753 -3.29969009
  -1.49389661  0.37522164  0.34683042 -1.80092747  0.95839336 -1.21852952
  -0.01494625  0.25763039 -0.7521446   0.31506875  0.1306975   1.52475443
   1.83656038  0.51080794 -0.68895833  0.84757046  0.71264498 -2.1137713
   1.25471624 -0.71138375  0.93165665 -1.7300569   1.72497616  0.46235876
  -0.59815292  0.17908254  1.40573919  0.40142912 -0.1256204   0.50821964
   0.65913792  3.04398921  1.26650291 -0.32907664  2.65598362 -1.54142662
  -0.8728104  -1.15105216  0.31308792  0.4310133   0.1182171   3.90274595
  -0.40344374  0.96118759  0.81406377  1.23115174 -0.96780286 -1.09610823
   0.17294876  0.48716042 -0.39900793  0.9552458   1.6048738  -0.27596125
  -2.30929665  0.77382668 -0.2439754   1.70877002  3.32611449  0.69063001
  -1.26035995  0.58973791  0.60892663 -0.79431256  2.06585798  0.35002295
   1.51168375  1.17044255  2.51711937 -0.42149412  0.83008088 -0.33013955
  -0.7516754   0.49420582]]