[[ 0.17300005 -0.06254001  0.492186   -0.45176601  1.11725205 -0.72414203
   1.11000204  2.74561996 -2.57690201 -0.42448599  0.34300396  2.26768408
   0.97792001 -0.53539801  0.80634797 -0.41637197 -0.41401801 -0.11157799
  -1.28102801  3.62622795  0.89813604  0.37951403 -1.19925599  0.96453595
  -0.18437799 -1.89158001 -0.80098801  2.87652407 -0.42204199 -2.23968801
   0.79363799 -0.47505598  0.26213199 -0.83315601  1.48014004 -0.625648
  -0.48672799  0.549582   -1.61701407  1.514926    0.12226999 -0.86598997
  -0.50220799 -1.17199798  3.2566761   1.04957396 -1.48678601 -0.45364
  -1.97741394  0.272978    1.50459199  0.18064396  1.43442001  2.16382198
   2.05557203  3.27266808 -0.04444201  0.02259     1.58765202 -0.03536
   0.170184    1.31419597 -0.68297801 -1.78832798 -0.69273608  0.587922
  -0.68659599  0.92692401 -0.36203197  0.42019993  1.74929793 -0.62579799
   1.27776196  1.05133401  0.17577002  1.979634    0.443776    0.71701999
  -1.30078592 -1.21961999 -1.85507205  0.03929799 -1.67152796 -2.11734412
  -0.005024    2.71985588 -0.25215197  0.451704   -0.28412995  0.75956804
   0.68814607  1.90240402  1.16624597  0.90089202 -0.23059199 -0.20786601
  -0.47462602  0.52513599  1.59890203  1.21724609  1.27655995 -0.65539
   1.15811805 -0.80724199 -0.89305797 -1.73757386 -0.11104001 -1.44591393
  -2.41482801 -0.22042599  0.206264   -0.03314399 -1.71508803 -0.369382
   0.68660998 -3.43040009  0.057526    0.96622601 -1.18603399 -1.45444803
   2.05569601 -0.00432397  1.20083802  1.068906    0.773754   -3.61725597
  -2.23944397  0.20733202 -0.19925199 -2.154914   -0.10231801 -1.36114209
  -1.37337794  0.54117197  0.68931003  0.01892999 -0.277604    0.80117207
  -0.243502   -0.33914201  1.04890199  0.93823397 -0.07716999 -1.55517607
   0.03316399  0.99848197  0.02445601  0.09443202 -0.035832   -1.06782398
  -0.26465601 -1.40286393  0.43592198  1.32344599  0.44464196  0.74206602
   3.05745211  1.23180003  0.902578   -0.49578798  0.98144002 -1.34870198
  -2.04133005 -1.02159805 -0.22333598  0.50562398  0.60928197  1.21773593
  -1.51294     1.73811989 -0.55996799  1.23914604 -2.00994806  0.33939201
   2.08009605  0.76046398 -0.45917401  0.12221203 -0.65818999  0.306458
  -0.83929199  1.07121201 -1.51747     2.59831591  3.24294205  0.657602
  -1.02199796  0.02374206 -0.45261805 -1.286128    1.87678204 -1.139434
   0.19083     0.22162401  2.44092007  0.44097798 -0.52495003  2.97487803
   0.72328999  0.082588  ]]