[ 3.0006099   1.40984    -2.28354     1.21644     6.42811    -2.47249
 -0.84528995  0.35333002  0.61817     5.4606004  -1.07716     3.8521001
 -1.12365    -2.92831     0.22946    -1.22149     0.02939    -1.81423
 -2.60077     2.4872     -0.68953997  2.66146     2.63466     5.9582
  1.01442    -0.57533     2.8172202   4.11882    -3.26215     5.15491
  2.5608997   0.44925    -3.98947     2.6045299   2.09819     0.66307
 -2.14421     1.34449    -0.33979    -1.71437    -1.67984    -0.03306
  0.70745     6.3533597   3.41589     0.92276996 -0.03419     1.4797499
  2.6738      1.02439    -2.05903    -0.51795    -2.7093801   2.61237
 -0.79644     1.26046    -4.65244     2.44047     5.26441    -4.18311
 -1.78995     0.85612     2.89273    -3.96813     2.77545     1.1289899
  4.27167     0.42667     1.8336899   2.84345     4.73976    -4.0619097
 -1.9365599  -0.01543    -4.55659     0.86337996  2.2702699  -6.68778
  1.81051    -5.78973    -0.72542    -0.43123    -0.97123     1.18735
  0.01581     5.52909    -2.13611     2.3605301  -0.96062    -3.56472
 -0.6189      2.47173     1.23113    -2.3246799  -1.0418     -0.28516
 -0.35805002  6.4036503  -4.00316     0.45928     3.5480201  -0.55511004
  3.0935202   4.51531     2.32265     1.4097799  -2.6374798  -0.33432
 -1.24792    -0.15100001 -0.67521995 -0.22260001 -2.21943     1.9798499
  2.59817    -4.2747397   2.08664    -0.33751     1.23753    -0.39429003
 -0.19042    -6.58674     4.73597     0.34739    -1.13318    -1.39184
 -0.33325002 -0.09956001  2.84059     1.0588      1.84016    -8.2222595
  0.16618    -1.72288    -2.65375     1.14282    -3.72594     0.40594998
  3.83407    -3.4021802  -2.64317     6.6964297  -1.94283    -2.56009
 -2.4766     -0.26037002 -0.9616     -0.08106    -1.42134     4.12884
  0.80151    -5.08797     0.78323     0.32038     2.8698502   3.67424
 -2.97539     1.89512     0.39146    -6.35524     2.53295     1.09973
 -4.40032     0.24336001  0.63375    -2.48262     2.33389     4.58244
  1.64286    -2.82318    -0.61038    -4.18876    -1.8572301  -0.2166
  1.31244    -0.01714    -4.29933    10.17223     1.29951     1.8938
 -3.21459    -0.93645996 -2.6368299   1.4504801   2.89865    -3.9607902
  2.7706301   1.8767      1.07671     0.38996    -1.35597     3.87418
  7.18745    -2.50698     2.35907    -1.03716     2.4209     -1.32265
 -5.07228     0.76996   ]