[-0.652498   -0.32290804  0.17329197  1.52764     1.108114    0.645522
  1.121816   -0.19321398 -1.5416019   1.614644    0.607792    1.653026
  0.445012   -2.560248    1.3637419  -0.49827996 -0.9565021   0.318832
 -1.757438    1.4828321  -1.9379841   2.735046    0.3545     -1.21051
 -0.70135194 -1.106364    1.088178    1.3027699  -1.7261822  -1.3868
  1.6890999  -0.58298796 -1.05888     0.45586     2.797982    0.9715341
 -0.372384    1.3831041   1.633894   -1.0003281  -2.251182   -0.591416
  0.9789659  -0.667694    0.47945794  1.694506   -0.56262004 -2.319862
 -1.5915439   2.674056    1.0182021   0.587708    0.8377      1.4623601
  0.82675     0.75831604 -1.104998    2.0359437   0.33697796  0.95214003
 -0.50937     1.107688   -0.71926004 -1.2607319   0.49470395  0.906678
 -0.10936201  0.94751996  1.019178   -0.143262    1.621582   -2.69408
  0.49209204  3.00437    -1.662844    0.56815803  1.7558279   1.230336
 -0.7450379   0.853202    0.06474195 -0.39550406 -0.602528   -1.788138
  0.37974203  2.2668421  -0.30037004 -0.11433198  3.03373     1.1498619
  0.7743939   1.4173498  -0.24946797  0.725676   -0.83548796 -0.35582796
  0.34674597 -0.33319598 -0.25030598  0.10215402  0.12759998 -1.96749
  1.7780101   2.872872    0.33212596  0.47507    -0.15808003  2.1060402
 -0.75847995 -0.93584794  1.084514   -2.056656   -0.06299802  0.99223197
 -0.679956   -0.87390196  0.610578    1.121596    0.96450406  0.420992
  1.0440938  -1.50946     2.278934    1.9394181  -0.933908   -2.137824
 -0.20009     0.49756604 -1.005726   -1.3997339   1.399086   -1.9268601
 -1.9364239   2.060788    0.35556203  1.6868241   0.23958798 -0.142364
  1.15845     0.70855     0.004074    1.159684    1.3090081  -2.134892
 -0.31365594 -1.8927081   1.2325201  -2.17831     2.6694462   0.311546
 -0.572758   -1.131492   -0.43948     0.45974398 -0.37249398 -0.16852395
  0.58435595  2.8498802   2.40548    -0.08418598  2.770296   -2.6227741
 -1.1454461  -0.6264561  -0.87511194 -0.13952804  1.40118     0.96447814
 -1.4307039  -1.849004    0.355682    2.389174    0.04107199 -0.282986
  0.526298   -0.357532    0.802228    0.81880397  0.66251403 -0.81894207
 -2.904608   -0.159372   -0.47769794  1.013846    3.980482   -0.447414
 -1.773632    1.0140979   1.105118    0.16607597  2.1578078   0.15783802
  1.3286941   1.623168   -0.258472   -0.23890403  0.09141002  1.3587481
 -0.99829006 -0.4179039 ]