[-7.2339052e-01 -7.5853363e-02  2.5293807e-02  7.9940808e-01
  1.0726366e+00 -6.7859906e-01  5.5137235e-01  7.2766668e-01
 -1.6849215e+00 -9.3409549e-03  1.3871619e-01  2.5271668e+00
 -2.5629765e-01 -2.0423207e+00  1.2654680e+00  2.7905041e-01
 -1.3812281e+00  7.1092755e-01 -1.0187751e+00  1.2059910e+00
  5.1712716e-01  3.1171131e+00 -1.2071643e+00 -6.0075390e-01
 -1.0101423e+00 -1.0252533e+00  2.2113431e-01  2.9886136e+00
  1.9805852e-01 -1.2488295e+00  7.0420051e-01 -4.7303662e-01
 -1.1493925e+00  1.8919189e-01  2.5573010e+00  1.5957243e+00
 -1.6895378e+00  2.8675221e-02 -2.4943295e+00 -9.3930006e-02
 -2.8763947e+00 -1.9555476e+00  1.8428907e+00 -1.4113973e+00
  1.2041730e+00  2.1059272e+00 -5.1310146e-01  1.0637666e-01
 -5.4442185e-01  7.4628539e-02  1.5854234e-02  4.5697331e-01
 -2.6314807e-01  2.7579708e+00 -1.5395124e+00  3.0976536e+00
  5.1571238e-01  2.3107240e-01  1.7615925e+00  1.7659318e+00
 -2.2637953e-01  1.1238472e+00 -5.3540766e-01 -1.7118628e+00
  5.0898618e-01  5.5139196e-01  1.1728491e+00  5.7231432e-01
  6.0365039e-01 -1.6211949e-01  1.8212678e+00 -6.2532622e-01
  5.5825526e-01  2.0008070e+00 -9.9581861e-01  9.4832230e-01
  1.0485234e+00  2.1381429e-01 -1.1108649e+00 -7.9419184e-01
  2.8778049e-01 -1.5395935e+00 -3.2843426e-01 -1.7869161e+00
  7.4573964e-01  3.0287316e+00 -1.7294929e+00 -7.4705714e-01
 -1.8363041e-01  2.7010095e-01  7.6732099e-01  9.0046667e-02
  1.4108213e+00  3.8537616e-01 -5.2248949e-01 -4.9954525e-01
 -8.8797174e-02 -5.1105386e-01  1.8166807e-01  4.4217804e-01
  2.1167907e-01 -9.5314950e-01  2.8613889e+00  2.0463772e+00
  8.1478757e-01  9.2024177e-01 -1.1289699e+00  2.3840570e-01
 -2.2377119e+00  2.2127264e+00 -4.5184717e-01 -1.3896605e+00
 -2.0478444e+00  1.0118471e+00  7.4281907e-01 -1.9270623e+00
  1.2841028e+00  1.9614242e-01 -3.6738124e-02  2.8188428e-01
  1.3541377e+00 -1.4115001e+00  1.5824834e+00  2.4470603e+00
 -1.1704481e+00 -2.0821123e+00 -1.5553701e+00 -4.0681762e-01
  7.2985530e-01 -2.2361727e+00  4.3322900e-01 -9.8570794e-01
 -1.3125838e+00  5.6737030e-01 -2.4996284e-01  1.2510616e-01
  2.2283907e-04  1.0427401e+00  1.8554056e+00 -6.6596812e-01
  3.4109004e-02  1.3252695e+00  4.6824861e-01 -2.0536132e+00
  1.2716024e+00  2.8376192e-01  5.4252249e-01 -1.8312492e+00
  8.7957191e-01  5.8630139e-01 -1.2328992e+00 -1.1370652e+00
  1.2292979e+00  7.7485192e-01 -9.4095580e-03  2.3988469e+00
  1.0851362e+00  1.7138869e+00 -1.0779190e-01 -1.1501147e+00
  2.5212398e+00 -2.9407415e+00 -1.3822553e+00 -3.0788431e-01
 -8.2309467e-01  2.6255146e-01  5.1175237e-01  4.2161889e+00
 -8.1556654e-01  8.2006991e-01  9.1410607e-01  8.0272585e-01
 -1.2221758e+00 -1.4510691e+00  1.8603866e+00  1.1359521e-02
 -5.5426812e-01  1.4150525e+00  1.5492513e+00 -3.5817242e-01
 -2.5166948e+00  1.7737577e+00 -6.1609006e-01  2.0569236e+00
  3.2404971e+00  2.9803950e-01 -4.1956139e-01  1.4609528e+00
  1.2061266e+00  4.3243617e-01  1.0183591e+00  7.3949385e-01
  2.3023968e+00  1.7367425e+00  1.1950885e+00  3.2741243e-01
  9.2683947e-01  1.0437671e+00  2.0728713e-01 -1.5901192e-01]