[-0.03750829 -0.5850267  -0.94045335  0.7160533   0.27031323 -1.9065784
  0.87364006 -0.51162165 -1.3330199   0.21790999  0.41820326  1.9439434
  0.45824996 -3.004753    0.5593949   0.5689667  -1.7324151   1.75187
 -2.298955    1.5071083  -0.80862665  3.6199398  -2.5409      0.7400833
 -2.4104633  -0.5471983  -0.64947325  2.3153768  -0.28166166 -2.3481798
  2.2016902  -1.6637483  -1.6072468   0.62806666  2.4047554   1.1814917
 -0.7433901  -0.19171993 -1.3100268   1.530965   -1.5267118  -0.15824005
  3.6881716  -2.52249     0.05603331  0.84477335 -0.2710484  -0.54453176
 -1.111245    0.32540676  0.912035   -0.34649166 -0.47701332  1.6133
 -2.3012333   0.70004493  0.5658467   0.117475    0.8228917   1.0372466
 -0.90250164  2.3410418  -0.03392335 -0.52073497  1.0334166   0.18710335
  1.2547283   1.0077599   1.7681268  -0.53775     1.6667751  -1.2806933
  0.5527666   2.1092234  -1.4134135   2.1133752   1.9318615  -0.648265
  0.2778933  -0.6682883  -1.3150133  -1.5947384  -0.10546833 -0.17352004
  1.4329433   2.5735815  -0.19373833  1.2850432  -0.49030504  0.01779165
  1.983065    0.8901517   1.2094799   0.6767633  -0.23928165 -0.36154833
 -0.6589467  -1.7937549   0.32272997  0.91846174  0.9714465  -3.1656716
  1.4125615   2.5230865   0.82881993  1.4917732  -0.4398583  -0.26929995
 -2.0873368   1.2495883  -0.5889433  -1.13915    -1.74053    -0.21460159
  0.66644835 -3.33033    -0.341275    0.23782332  0.89635164  0.02175502
  2.424362   -1.9501034   2.2835548   2.3246434  -0.2975467  -2.2964418
 -0.36510834 -1.7779099  -0.08180829 -2.70792    -0.6702234  -1.2724917
 -1.7006801   0.9203933   0.47948167  0.4890783  -0.47619832 -0.03208164
  2.296125   -0.93508    -0.620585    1.6404384  -0.39390334 -2.6188066
  2.7897882  -0.679125   -0.08575002 -3.703215    2.2342367   0.54929334
 -0.40688336 -1.323485    1.693025    0.06593335  0.08203334  1.6209683
  1.35368     2.1100135   1.5421284  -0.76459676  2.6382167  -2.4627583
 -2.0534685  -0.15588336  0.02614669  0.13884667  1.2661366   3.1217816
 -1.3103684  -0.17961998  0.522135    0.9958949  -1.9833583  -1.5449749
  1.1606051   0.7019617   1.2358      1.2416083   0.29098    -0.37475166
 -2.1773317   2.2736433  -0.10459999  1.8465766   2.8974855   0.9812917
  1.4606466  -0.05081002  0.9743317   0.4824783   1.1243767   1.57244
  1.9163536   1.5175549   1.1914517   1.8838468   0.5519233   0.36908332
  0.01585005 -1.3578466 ]