[[ 0.65132909  0.84663798 -0.03945877  0.90716802  1.40805365 -0.16977001
   0.61132915  0.7364238  -1.74284399  0.64380503  0.2153025   2.36800187
  -0.45463375 -2.7172182   0.91021172 -0.33647584 -0.89053168 -0.34171293
  -1.09537122  1.29845678  0.5421054   2.43058988 -1.20469208 -0.27665329
  -0.4162954  -0.31094332  0.31951667  2.78556536 -0.14258209 -1.14898288
   0.75374458 -0.51777337 -1.38650874  0.61428831  2.69701941  1.42353415
  -1.45508617 -0.28361207 -1.6866512   0.17261375 -2.45388627 -1.49361922
   1.37068083 -0.47436222  0.95751239  1.78747773 -0.77658749 -0.69157673
   0.02421958  1.36026203  0.22901872  0.47301421 -0.1292925   1.57981081
  -1.06278447  1.2590244   0.30997167  1.00524377  0.6962463   1.11905594
  -0.14676707  1.26336256 -0.71625715 -1.72915144  0.7517974   0.60326387
   0.36262544  1.01765779  0.27999461  0.46745336  1.22038748 -0.78764453
   0.87074709  1.90324862 -1.03794174  1.31654679  1.01838715 -0.22192544
  -1.4515087  -0.78035292 -0.3059333   0.12513545 -0.99153845 -1.58113421
   0.78701374  3.71509137 -0.99067082  0.52235044  0.81270633  0.56209211
   1.22057201  0.04432456  1.51915202  0.04468791 -1.14975132 -0.12890292
  -1.04265465 -1.19368174 -0.88786958  0.40313754  1.11791292 -1.59018836
   2.35960233  1.06283825  1.67614036  0.86792655 -0.65405703 -0.15907372
  -1.17552217  2.00072261  0.14534164 -1.57764657 -1.28119168  0.71011002
   0.26287374 -2.21791644  0.90879666  0.75632372  0.04653835  0.83133703
   1.61290457 -1.53616213  1.3339174   1.95693947 -1.52848126 -2.07702669
  -1.00296382 -0.57023706  0.4556117  -0.62907088  0.24746998 -1.44089542
  -1.04879035  0.19858082  0.16910707  0.82782546 -0.21413129  1.26112867
   2.10133333 -0.03085667  0.23161753  1.57121675  1.12109998 -0.76728117
   0.41093255 -0.76083246  0.57439743 -1.6132337   1.90076743  0.42539498
  -0.64278586 -0.55315497  0.88738283  1.2601687   0.32644501 -0.23371876
   1.49120243  1.7617868   1.46932671 -1.29156167  2.5805609  -1.94439914
  -0.36168167 -0.89338504 -0.19258246 -0.27267459  0.54110841  3.2485315
  -0.47162918  1.05451083  0.65237996  1.56108079 -0.63923713 -1.70906541
   1.44606211  0.42750915 -0.28455377  1.28457415  1.55307322 -0.50909954
  -1.4573751   1.73834217 -0.59707623  1.36638013  3.63572931  0.79492126
  -0.94990989  1.82586447  0.58824048  0.11573832  2.11194778  0.89624041
   1.95227624  1.3058411   1.62190224 -0.16626166  0.57018206  1.58549001
  -0.60637995  0.07709332]]