[[-0.01245093  0.88592191 -0.37299     1.41517715  2.28752046  0.29619952
   1.97872121  0.28032902 -1.8411719   0.18893048  0.31164382  2.21672903
  -0.69451952 -2.91115179  0.47464384 -0.31247098 -1.24146294 -0.82295474
  -2.18956519  1.90105908 -0.8566319   3.41901558 -0.87909195 -0.23937998
  -0.11011286 -0.35403375  1.02220574  3.25805764 -0.69063473 -0.74780056
   1.36120621 -0.80193379 -0.28809237  0.38668476  2.39897567  1.75476427
  -1.31076478  0.06793194 -1.19420622  0.51151572 -2.58801902 -0.15286856
   2.41636233 -0.33963145  0.4753033   1.87091383 -1.13151763 -0.83535383
   0.74837095  1.58733095  0.30346334  0.89909808  0.1860805   1.51274048
  -1.12948144  0.48059532 -0.34345428 -0.30746858  1.2533005   1.87392949
   0.23818808  0.82239241  0.40651901 -1.79436472  1.49701518  0.44204569
   0.79156564  0.74961048  0.80520711  0.1288981   1.2656038  -0.9970476
   0.27968335  1.62169621 -1.53006811  1.04855472  1.89886518  0.1914729
  -2.1552633  -0.41432142 -1.39618572 -1.75628856 -1.09572758 -1.38081334
   0.33912762  3.15946898 -1.0048381   0.32297333  0.33720336  0.86079522
   1.35492153  0.23718572  1.92630099 -0.17620524  0.34392093  0.31981096
  -0.70831427 -1.28968054 -0.52399381  0.23407     1.25066093 -1.48122041
   2.54338049  2.50618764  0.67778955  1.32696329  0.23798288 -0.34964428
  -1.78046193  2.03009514  0.04998621 -2.10633241 -1.74086572  1.23024945
   0.44939286 -1.54569275  1.29024758  0.21310805  0.92833763  0.6800362
   1.77830472 -2.69975948  1.8468743   2.2095286  -1.19837236 -1.95096901
  -0.86964808 -0.2094614   0.40874056 -1.67972048  1.00921668 -1.4374438
  -0.78128667  1.19915913 -0.10187715  0.65449571 -0.46142432  0.93744048
   1.16446524 -0.06370664  0.07804859  2.12541903  0.81871667 -1.35659522
   0.93844382 -0.70686999  0.06482522 -1.77542471  2.20079807  0.35110097
  -0.62267769  0.24376428  0.98048194  0.20225523  0.0654438   0.38015284
   0.80326483  2.47531819  0.85117859 -0.71265718  2.7435553  -1.89676091
  -0.43519761 -0.77458474 -0.20771761 -0.40621572  1.36286138  3.2684318
  -1.35531132  0.14021523  0.90734434  1.34905286 -0.98616902 -0.97154385
   0.49011528  0.21162953 -0.11302759  1.81208338  0.4200619  -0.14173146
  -2.71696001  1.76802478 -0.91642191  1.94018524  3.3420529   0.17045048
  -0.68516287  1.49854541  1.04346763  0.25550286  2.1311632   0.23439187
   2.56723903  1.30148812  0.91144852  0.05675661  0.60717568  0.38142478
  -0.96964185 -0.2638957 ]]