[[-4.81888381e-01  6.67077641e-01 -1.69330128e-01  9.17191970e-01
   1.24966904e+00 -2.47103850e-03  7.01488654e-01  4.66716772e-01
  -1.53654296e+00  5.07616582e-01  3.20019869e-01  2.14524984e+00
  -8.11669008e-01 -2.16556507e+00  4.87496740e-01 -1.41556147e-01
  -7.97852728e-01  3.31871631e-01 -1.54320004e+00  1.15794353e+00
  -3.41350774e-01  2.40201430e+00 -7.32733932e-01 -4.65336368e-01
  -7.97695126e-01 -5.44967551e-01  8.01097128e-01  2.35537663e+00
  -3.14618152e-01 -7.76842521e-01  8.53491568e-01 -6.59571028e-01
  -6.45142980e-01  1.48136276e-01  2.22950977e+00  1.87830867e+00
  -1.19887616e+00  2.90534259e-01 -1.79379334e+00  3.05822249e-01
  -1.96809944e+00 -8.97924528e-01  1.74874587e+00 -6.34187271e-01
   1.04150957e+00  1.11669564e+00 -6.18017977e-01 -3.47679349e-01
  -1.48372681e-01  1.00616740e+00  4.54796126e-02  4.49285976e-01
   5.57619773e-02  1.20413861e+00 -6.76633742e-01  1.22748372e+00
  -3.38584988e-02  9.10574079e-03  8.55701708e-01  1.29779960e+00
  -4.53250134e-01  7.41833627e-01  4.62217760e-01 -1.07778449e+00
   3.03674543e-01  7.33484058e-01  4.15724831e-01  1.37616103e+00
   5.84051447e-01 -1.18741119e-02  1.50774022e+00 -1.14829549e+00
   7.40151557e-01  1.76854587e+00 -1.13343609e+00  1.23103045e+00
   1.38325710e+00  2.37957940e-01 -1.38607422e+00 -2.25458809e-01
  -1.77979867e-01 -1.10451563e+00 -6.70836543e-01 -1.26069484e+00
   7.72137160e-01  2.88036701e+00 -9.89791127e-01  5.70869364e-01
   1.18289763e+00  1.06733071e+00  8.33905882e-01 -2.42106738e-02
   8.82021673e-01 -2.41125446e-01 -4.86683382e-01 -2.39457070e-01
  -5.91540927e-01 -8.82265192e-01 -3.35794745e-01  9.41341236e-01
   6.00114378e-01 -1.75868590e+00  1.88093227e+00  1.53575583e+00
   5.81099985e-01  7.71680383e-01 -6.19266949e-01  4.35761226e-01
  -1.79719253e+00  1.80119522e+00  5.57074060e-01 -1.24338538e+00
  -1.18123790e+00  1.19283628e+00  1.76567216e-01 -1.99836598e+00
   1.02376600e+00  2.04031447e-01  4.17486539e-01  5.73355667e-01
   1.33680077e+00 -1.35787229e+00  1.75374465e+00  1.76164713e+00
  -1.17147515e+00 -1.95402930e+00 -1.39386755e+00 -2.93344373e-01
   5.09295700e-01 -1.42050006e+00  5.70523921e-01 -1.29138629e+00
  -4.12170158e-01  5.28856954e-01 -5.97538748e-02  5.42315877e-01
  -3.46401911e-01  1.40403764e+00  1.31250219e+00  1.32915731e-01
  -1.72356520e-01  1.12102842e+00  6.94684459e-01 -1.40663580e+00
   1.19150772e+00 -4.88933953e-01  6.50428200e-01 -1.92508526e+00
   1.25143977e+00  2.52821474e-01 -5.02440553e-01 -7.08580904e-01
   7.84120973e-01  1.02885448e+00  4.77315118e-01  1.34629377e-01
   1.08186348e+00  1.76184297e+00  9.81385113e-01 -3.90089450e-01
   2.21127641e+00 -1.94621103e+00 -9.00285733e-01 -1.06576184e+00
   6.56821299e-02 -1.30273214e-01  2.26346929e-01  2.85719987e+00
  -7.18237861e-01  5.79622175e-01  5.59139636e-01  1.44029424e+00
  -7.15666544e-01 -1.20328435e+00  5.79852513e-01  9.15026903e-03
  -2.49878742e-02  1.51443771e+00  1.31975326e+00 -1.04503239e-01
  -2.29656494e+00  1.00226198e+00 -3.57284457e-01  1.63541431e+00
   2.83213947e+00  8.69906883e-01 -1.41142532e-01  1.21410928e+00
   2.23047031e-01 -2.03311732e-01  1.30026937e+00  5.86833032e-02
   1.91038113e+00  1.08417592e+00  1.02427272e+00 -9.52689525e-02
   5.72732147e-01  4.11878685e-01 -4.71960957e-01 -2.04071214e-01]]