[[-0.5249911   1.41320661 -0.22906413  0.81446021  0.88064936 -0.06519266
   0.89448426 -0.40289677 -1.53554526  0.31490002  0.35802002  2.02647098
  -1.15611333 -3.03737098 -0.30266458  0.16613946 -1.00050053 -0.43986816
  -1.63876064  1.18193166  0.07809359  2.10614068 -0.94150448  0.02834125
  -0.51602426 -0.56168992  0.89248809  2.52710695 -0.72878962 -0.82727447
   0.68981396 -0.77097141 -0.52300192  0.12546932  2.29252853  1.74303498
  -1.47998937  0.19881694 -1.94422976  0.06993332 -2.192212   -1.3484698
   1.22759639 -0.40155801  1.1297037   1.2284134  -0.87617051 -0.22019626
   0.37249558  0.64251037  0.23925568  0.5699294  -0.42499155  1.48899094
  -1.18351247  1.47882971 -0.16487875  0.57648758  0.53044125  1.55996707
  -0.63408635  1.34897522  0.13580028 -1.38788164  0.69445575  0.4155382
   0.38523583  0.99311202  1.23138816 -0.1947903   1.80102457 -0.91544676
   0.85692713  1.06236039 -1.20190643  0.89944004  1.79235331  0.04886567
  -1.43800061  0.23054195 -0.26883265 -1.02123439 -0.42145832 -1.40437261
   0.47791474  2.60734486 -1.39651653  0.96313507  0.65893345  1.21317458
   0.58128606  0.43686453  1.23388055 -0.06903806  0.17608863 -0.55825703
  -0.85647906 -0.55629319 -0.50307697  0.97551032  0.72435545 -1.82554542
   2.27582805  1.27139695  1.06204926  0.65087878 -0.36476738  0.15726969
  -1.5698737   1.6549402   0.05932831 -1.50647167 -1.244942    0.89336767
   0.63784263 -1.79485123  0.9962691   0.78171852  0.51637094  0.28075862
   1.49603782 -1.38904248  1.69446124  1.39877597 -1.06589829 -2.61485726
  -1.44009202 -0.61475192 -0.08086569 -0.91745431  0.58762362 -1.59566014
  -0.92090477  1.10449592 -0.22510134  0.32125666 -1.00264793  1.65142695
   0.91757331  0.73483793 -0.07712694  1.62156875  1.47922312 -1.37950526
   1.26538451 -0.38101044  0.39007499 -1.95299406  1.60554242 -0.13528627
  -0.49939061 -0.69240902  1.06816392  0.88450489  0.39007937 -0.08482832
   1.49314581  1.73246471  1.11903328 -0.21519831  2.40105756 -1.73501759
  -0.34920259 -0.57770057  0.14292504  0.17422464  0.7026125   2.87034973
  -0.55311429  0.80600373  0.4940607   0.92066802 -1.03060369 -0.90461361
   0.73245783  0.00436154 -0.20144998  1.17483914  1.29832914 -0.33227109
  -2.23841979  1.37522383 -0.43366435  1.84634792  2.59177125  0.46332527
  -0.28679837  1.23177182 -0.08473083 -0.18119182  1.61725227  0.41916111
   1.69082455  0.92866805  1.51471877  0.31261863  0.59863992  0.60187536
  -0.7101464  -0.36059315]]