[-2.43294090e-01  1.46408343e+00 -3.38359535e-01  1.30039549e+00
  1.39900219e+00  2.39348590e-01  3.75648141e-01  7.99577162e-02
 -1.64507282e+00  4.40756351e-01  6.06072783e-01  2.60522866e+00
 -6.33640349e-01 -2.60757613e+00  3.00500482e-01 -3.33615005e-01
 -5.94117701e-01 -9.02213752e-02 -1.59057307e+00  2.46657681e+00
 -4.79620963e-01  2.63811421e+00 -1.19541943e+00 -1.27136102e-03
 -1.16673231e+00 -9.78674114e-01  1.75263596e+00  2.37461901e+00
 -5.35253644e-01 -3.12796384e-01  4.19598699e-01 -9.95196402e-01
 -7.88715422e-01  5.55300377e-02  2.46872973e+00  2.36769724e+00
 -6.94375932e-01 -1.30176842e-01 -1.89781177e+00  5.36993086e-01
 -2.03218269e+00 -1.26101410e+00  1.19228458e+00  6.14389956e-01
  1.28815496e+00  7.54532218e-01 -1.42875755e+00 -1.22299731e+00
  1.68690458e-01  1.41834593e+00  2.23570436e-01  9.80939627e-01
  2.47584999e-01  1.05615592e+00 -1.19042170e+00  1.31553125e+00
 -5.39290369e-01  1.28504121e+00  3.55959535e-01  7.58054018e-01
 -4.26034093e-01  1.37221360e+00 -6.02936707e-02 -1.05954027e+00
  7.72993088e-01  3.32013220e-01  2.30849966e-01  4.82666373e-01
  1.62196124e+00  8.35819602e-01  1.72493470e+00 -1.37913501e+00
  1.50621450e+00  1.33127689e+00 -2.36212087e+00  6.53380811e-01
  1.51233864e+00  1.11757541e+00 -1.11185062e+00  4.14836854e-01
 -3.60740483e-01 -1.26134348e+00 -8.09756339e-01 -1.32102382e+00
 -3.30447286e-01  2.79562306e+00 -2.09843469e+00  1.12550771e+00
  1.71336281e+00  1.14367628e+00  1.02622223e+00  8.60934079e-01
  5.62596858e-01  1.84773222e-01 -4.45137322e-01 -1.15036583e-02
 -1.90297216e-01 -3.51686388e-01 -7.43930399e-01  2.79460013e-01
  1.13493967e+00 -1.14795768e+00  1.44104040e+00  1.51487648e+00
  6.89295053e-01  1.44785511e+00 -1.91960037e-01  6.26737237e-01
 -1.41970015e+00  1.27146268e+00 -5.76220930e-01 -1.38075626e+00
 -1.21595049e+00  1.67925906e+00  9.36690390e-01 -2.07578301e+00
  4.69978154e-01  2.66851872e-01  9.34125841e-01 -6.35698676e-01
  1.73575544e+00 -1.89171791e+00  2.28938437e+00  1.58427918e+00
 -1.40732408e+00 -2.40465188e+00 -3.42654616e-01 -3.59906852e-01
  1.20130494e-01 -7.63691843e-01  1.16141784e+00 -1.25779641e+00
 -1.65717494e+00  8.66969883e-01 -5.42214990e-01  7.42937803e-01
 -1.47439754e+00  2.23618674e+00  1.78237331e+00  2.20516419e+00
 -5.85418642e-01  1.57347560e+00  5.27554512e-01 -1.87555778e+00
  2.37410569e+00 -6.71996832e-01 -8.60418141e-01 -1.54042482e+00
  2.17907619e+00 -4.72672254e-01 -8.56671333e-01 -2.13509011e+00
  1.92304242e+00 -2.79159117e-02 -5.37509285e-02  1.76245481e-01
  9.33228552e-01  1.34516227e+00  2.52320099e+00 -8.26580822e-01
  1.70614612e+00 -2.63324404e+00  4.12622243e-01 -1.28128803e+00
  7.81292200e-01  1.81531832e-01  9.67811406e-01  3.29048157e+00
 -1.03266346e+00  1.47048903e+00  5.30590475e-01  3.46175492e-01
 -1.07689500e+00 -1.01679766e+00 -2.42924541e-01  2.78804526e-02
  2.15418637e-01  8.68386328e-01  1.09683812e+00 -5.35635889e-01
 -3.18447948e+00  2.13364649e+00 -1.33794105e+00  1.21074986e+00
  4.03184223e+00 -2.11059049e-01  4.12685424e-01  1.53428376e+00
 -6.92695454e-02  3.28381807e-01  1.66124499e+00  3.42540920e-01
  1.97663689e+00 -1.95831820e-01  1.65843594e+00  5.47414124e-01
  1.13341916e+00  4.91394550e-01 -1.59030759e+00 -1.25592217e-01]