[ 0.22565497  1.087049   -0.05581613  0.68890834  0.4332023  -0.86333776
  0.8036677   0.2993089  -1.9809968   1.1259828   0.06187224  2.5264316
 -0.17785695 -2.0471153   0.55170536  0.04332777 -0.02067195  0.7553747
 -1.1450044   1.404245   -0.17160636  3.301634   -0.45206532  0.06188611
 -0.9071797  -0.3240047   0.82742393  2.121456   -0.62539816 -0.81417304
  0.92500466 -1.0514941  -1.3951144   0.6513262   2.4645822   1.7986834
 -0.52807784  0.37693846 -1.7583659   0.5078911  -2.0052302  -1.6467818
  1.010244   -0.04825444  1.5118304   1.7844126  -0.65879834 -0.23797554
  0.06979665  0.6509099  -0.01448528  0.5550229  -0.4341594   1.2699542
 -1.1992625   1.3806705  -0.40315554  0.6644689   0.5258272   0.21049917
 -0.61927575  1.5770441  -0.12085804 -1.2291478   0.6576653   0.35166556
 -0.03472359  1.0225214   1.4897045   0.14060163  1.8487875  -1.1439062
  0.02549917  1.7684667  -1.4851524   0.9857276   1.6708658  -0.23653115
 -1.5105777  -0.73590225  0.24676333 -0.68064857 -0.9605627  -1.2830205
  0.7164064   3.3769398  -1.3236103   0.37122694  1.6713473   1.3566699
  1.2513429  -0.4475272   1.2747693   0.28478712  0.04132167 -0.01872001
 -0.08327387 -1.1953397   0.28757137  0.27890247  0.8537706  -1.2614131
  1.3936828   1.7198339   1.5600779   1.9418712  -0.4670585   0.46329832
 -1.0327561   0.6494227  -0.31013584 -1.8684591  -1.4208869   0.5757935
  0.17353493 -2.07879     1.013721    0.29118752  0.5397472   0.41128
  1.041133   -1.482986    1.5668323   1.7459064  -1.4962311  -2.3404436
  0.08463746 -0.54915255  0.36806917 -2.1085598   0.34960085 -1.5740234
 -1.3681152   0.86218864 -0.541937    0.26522776 -0.42438638  0.9904202
  1.9929967   0.97153544 -0.1041508   2.077144    1.2323127  -1.6768553
  1.3834058  -0.13671443  0.85511374 -1.9663882   2.0455232   0.6414431
 -0.31907228 -1.8008639   1.3860703   1.1156993   0.6313332   1.0432017
  0.7516967   1.4486583   1.2978053  -0.9225814   3.0375936  -2.1207857
 -1.0250964  -1.0993005  -0.04496059 -0.48388943  0.34434     2.4989855
 -0.97880065  0.05906498  1.1371992   1.3592198  -0.4598469  -0.8396243
  0.52142376  0.25623745  0.06703749  1.3616259   0.65148616 -0.3843659
 -1.915869    1.8596287  -0.6051848   1.4490336   3.219649    0.92221284
  0.52241886  1.6589978   0.178752    0.15396054  1.9224582   0.9721099
  2.9045846   0.85228246  0.42111778 -0.24230167  0.8127115   0.5729194
 -0.29142082 -0.8475294 ]