[-0.06753574  0.5303944  -0.20649147  1.83898     0.89075565 -1.5632843
  1.6106472   1.3299643  -0.84627    -0.78240573 -0.4764471   2.6091914
  0.15454285 -1.6864742   0.7969957   0.19662145 -1.1152685   1.7751429
 -0.64237434  1.7900113  -0.09558858  3.458297   -1.3198715   0.25756142
 -1.2401257   0.23761857  0.09906284  3.0236754  -0.66993    -0.93828994
  0.23111571 -0.7560914  -2.0292      0.18499438  2.1918743   1.3095871
 -0.9179271   2.2708843  -2.0308356   0.7746643  -2.7938972  -0.9907842
  2.1558928  -1.1257399   1.7878343   1.2430872  -0.7097629   0.34337288
  0.4287557   0.08549427 -0.09543567  0.3636343   0.11187291  2.0808885
 -1.97844     3.01724     0.72394437  0.31397423  3.156749    0.3125215
 -0.64965284  1.4802086  -1.1913856  -1.0516129  -0.26911005  1.1761799
  1.0108929   1.7391644   1.370537    0.69139427  1.0766971  -1.5087929
  0.03106144  1.4508928  -0.4758086   0.10737288  2.4184086  -1.2171056
 -0.31745717 -1.6747786  -0.7399987  -1.2338799  -0.9103271  -2.0328772
  0.9226914   3.1025472  -1.6648614   0.3608857  -0.68184704  1.8245271
  2.5569427   0.50169855  1.4355329   1.7941529  -0.02042856  0.9825028
  0.5863243  -0.5608171   1.3386443  -0.02477721  1.2257773   0.02384575
  1.948743    2.2318556   1.0730942   0.7535114  -0.51044714  0.5994286
 -2.2057116   2.0254328  -0.8630328  -1.4197757  -1.9364016   1.5992485
 -0.01904288 -2.54822     1.2181928  -0.87882715  1.5775115   0.57205856
  1.5124227  -1.0667257   1.7902628   2.8959126  -1.0133685  -2.7286956
  1.1057328  -0.6967614  -0.84952724 -2.0366442   0.84269434 -2.1052544
 -1.2550743   0.8034171  -0.3249314   0.09676857  0.4459643   1.6118058
  3.335167    0.01809142 -1.6082544   1.7933614   0.3205343  -1.3442372
  1.5957887   1.2982929  -0.30909857 -0.03707289  1.7714814   0.9745099
 -0.62644714 -0.5424586   2.1263502   1.2200801   1.8783801   2.81791
  0.74373     1.4968557   0.47407278 -0.26324862  2.7303243  -2.7397058
 -1.2518171  -0.73528993 -0.5054842  -0.30774853  1.3633385   2.5521557
 -0.41346288  1.1645916   0.97492427  1.5524914  -1.2703085  -0.72411716
  1.1724913  -0.11158282 -0.27601716  2.0630987   0.95471865 -1.9277201
 -1.8011185   1.5123242   0.14373572  2.6323342   5.0743833  -0.36762
  0.04415711  3.6726842   0.60314995 -0.2835672   2.4096782   2.5887942
  2.897947    1.0951215   0.30474144  0.04340717  0.88934857  0.19601284
  0.45042142 -0.6627985 ]