[-0.133742    0.94074786 -0.13134262  0.9947183   1.4294664  -0.44127387
  1.1705629   0.222721   -2.7511706   0.486474    0.7614223   2.3039675
 -0.29612702 -3.1122968   0.29617703 -0.48313472 -1.4270939  -0.14986998
 -1.6158899   1.5812808   0.38543537  3.3573759  -1.4209026   0.229964
 -0.3858393  -1.5069684   0.38386363  3.0951865  -0.6312157  -1.4002191
  0.64383197 -0.5045703  -1.1566087   0.81390303  3.163183    1.8810407
 -1.5101655   0.26935533 -1.2541472   0.44395807 -2.4356115  -0.94495374
  2.052333   -1.6205322   1.3192092   1.5153562  -0.380559   -0.8807856
 -0.02928501  0.9164083   1.2380377   0.179733    0.00614536  2.8621805
 -1.3204883   2.349364    0.20672469  0.5215092   0.82476175  1.498768
 -0.29152936  0.8259713   0.28352165 -2.1650221   0.49124524  0.7362803
  0.437192    1.6471655   1.2512658  -0.18167534  1.3564835  -1.0162183
  1.0728576   2.1164598  -1.4240761   1.757721    1.930776    0.68384004
 -2.4635637  -0.876821   -0.60681975 -0.87525326 -0.24502768 -1.3140303
  0.36842462  2.640145   -0.69927436  1.0694927   0.04288998  1.0010803
  0.84661365  0.18338102  1.3243767   0.14675869  0.17596403 -0.5443536
 -1.228414   -1.2549624  -0.16817306  0.72958297  0.9205376  -2.1324801
  2.5136719   1.254362    0.6204898   0.4376797  -1.1815503  -0.15308432
 -1.9046038   1.6269108   0.42194536 -1.5220832  -1.6961284   1.0552043
  0.725352   -2.7321904   1.0615935   0.17663933  0.7344968   0.36214307
  2.0212991  -2.3811765   1.8662045   1.2529986  -1.4093593  -2.3121727
 -1.8832563  -0.67447966 -0.2566443  -1.9667389   0.4776883  -1.4402114
 -1.380526    1.041445   -0.5528687  -0.12840137 -1.4572966   0.8586274
  1.2825831  -0.042048   -0.43263632  1.4279424   0.9186982  -1.7116675
  1.6070476  -0.8021442   0.11358266 -1.5952246   2.1888483   0.08784436
 -0.39150536 -0.3234989   1.2895122   0.5649203   0.7236647   0.41428834
  1.6869792   2.502878    1.2949353  -0.43709973  3.009788   -1.8797723
 -1.4120562  -0.608084   -0.04743998  0.5606873   0.11390662  3.4882784
 -1.161189    0.41653806  0.04842969  1.295243   -0.77511233 -0.741911
  0.4312033  -0.09052502 -0.35356197  0.8295439   1.3866544  -0.02075035
 -2.4125667   2.0523114  -0.9148053   2.3658795   3.5302672   0.94711816
 -0.73916996  1.0119504   0.15484568 -0.23567271  1.8020216   0.2168527
  2.3641846   1.3648772   1.7417086   0.36056727  0.5150389   0.90843433
 -0.3862793  -0.19487867]