[-0.85350096  1.4881101  -0.01671362  1.0216018   1.9272319  -0.33616912
  0.9187828  -0.01395453 -1.8568364   0.26343453  1.4889046   2.902699
 -0.38231087 -3.4680955  -0.2180818  -0.5679527  -0.90384275  0.47214186
 -1.9028645   1.6004181  -0.83030266  2.9893708  -0.4594691   0.34511817
 -0.8790818  -0.90237635  0.90542006  2.0684454  -0.60177    -0.94495356
  0.9973755  -0.85790354 -1.451339    0.34966     2.7673645   1.8183118
 -0.6868809   1.2035718  -1.3199372   0.75376725 -2.308369   -2.0166318
  2.7149017  -0.49952003  0.5105627   1.2187356  -0.45343736 -0.8693928
  0.57798994  1.1186146   1.0716919   0.0363409  -0.01459817  0.59861547
 -1.6899936   1.462693   -0.16000094  0.5850491   1.24045     0.40807006
  0.05317184  1.4934545  -0.23733729 -0.9570646   0.3282436   0.45322087
 -0.26952544  1.6973863   0.5324237   0.35258     1.4828864  -1.8108926
  0.48575276  1.73287    -1.501728    1.6444917   2.3158526  -0.6209018
 -2.3123991   0.63947177 -1.3074327  -1.2761182  -1.4019763  -1.53545
  1.9620417   2.6295912  -0.8855264  -0.0948363   1.1597228   0.8697
  1.0555818   0.33947995  0.94495374  1.2617      0.01059276 -0.64682907
 -0.6100364  -0.72521365  0.6804601   0.7935654   0.8214653  -1.7522553
  1.9269364   1.4953445   1.5067928   1.2130154  -0.6677409   0.46276817
 -1.542931    2.0258372   0.3531445  -2.6459165  -1.7191409   1.6386756
 -0.395611   -2.060609    1.5837334  -0.21952909  0.6812245   1.4114255
  1.0460235  -1.927259    2.8077145   1.6616471  -0.46021363 -2.96895
 -0.24851365  0.01116727 -0.5213018  -1.5867728   0.8411801  -1.1131374
 -0.53400546  1.8780465   0.04606908  1.0498272   0.35084364  2.508258
  1.8463719   0.21124269 -0.28465185  2.1946144   1.8823771  -2.4547935
  2.5613174  -0.33914182  0.34002182 -2.9238455   3.2692237   0.2213955
 -0.22296724  0.1976009   2.3214917   1.20976     0.66499454  0.6498964
 -0.5315945   3.6460555   0.5360718  -0.5661528   3.097711   -3.0647254
 -1.3927355  -1.31092    -1.1080036  -0.08439     0.62860733  2.1632948
 -0.04842998 -0.3701682   1.37632     2.2924044  -1.1527091  -1.1422302
  0.01317906 -0.20808367  1.0205445   1.6946591   0.9348492   0.22333716
 -2.7856393   2.5501409   0.21676818  1.2910072   4.385187    0.6157964
  0.13264908  1.8174      0.2630409  -0.9398964   1.4292334   1.325749
  2.0098162   0.5052791   1.4171681  -1.4175754   0.96630996  0.31774366
 -0.79304636 -0.97977275]