[[-8.23951252e-01 -4.48921293e-01 -9.75807488e-01  2.67533749e-01
  -5.19066207e-01 -9.41402465e-01  5.79502463e-01 -1.55428864e+00
  -5.61360031e-01  2.13517487e-01 -8.34141240e-01  2.16176730e+00
   4.75531206e-01 -1.23862884e+00  1.30730376e+00  2.60191247e-01
  -4.71068740e-01  2.59121239e-01 -1.25390865e+00  1.88627256e+00
   5.34694955e-01  2.31673127e+00 -1.94306120e+00 -2.35639989e-01
  -9.26820010e-01 -1.59274936e-02  5.57533771e-01  2.42211735e+00
   1.90720052e-01 -1.38300493e+00  1.60861869e+00 -9.36998755e-01
  -5.41348755e-01  1.46406379e+00  8.63356262e-01  1.20775127e+00
   3.26853693e-01 -1.23166256e+00 -1.14526759e+00 -5.49468774e-01
  -2.56640880e+00 -5.10112643e-02  1.50418381e+00 -4.52283695e-01
   7.88277537e-01  2.02547871e+00 -1.23544993e-01 -9.69328761e-01
  -9.37470049e-01  6.03899965e-01 -2.17417574e-01  5.14367476e-01
  -9.23888773e-01  1.94757491e+00 -9.74810079e-01  2.07936257e-01
  -6.84793711e-01  1.23727500e-01 -2.92981245e-01  2.82752492e-01
  -2.24525012e+00  2.83298147e+00 -1.66458741e-01 -1.07728130e+00
   3.74113694e-01  1.37028131e+00  1.06556755e+00  1.37930506e+00
   8.74390006e-01  9.67749953e-02  5.18070027e-01 -5.92421249e-01
   9.34088718e-01  2.04705009e+00 -1.26267874e+00  1.56016380e+00
   1.32030758e+00 -3.32141295e-01 -1.03045875e+00 -1.46712998e+00
  -5.52917495e-01 -1.26277748e+00 -1.08386245e+00 -3.97114962e-01
   7.69987404e-02  3.39590871e+00 -7.33197406e-01 -8.23237300e-02
  -1.49881867e+00  4.32878762e-01  3.77924964e-01  8.01069980e-01
   1.48087625e+00  7.54185051e-01 -7.75272429e-01  8.58462304e-02
   6.54551238e-01 -8.27393770e-01  8.85136157e-01  7.00097442e-01
   7.43450046e-01 -1.71243870e+00  6.05340004e-01  1.29763239e+00
   1.95659256e+00  2.01029873e+00 -1.45479006e+00  1.13873130e+00
  -2.66917557e-01  8.03813040e-02 -5.49696162e-01  7.99599588e-02
  -3.00553250e+00  3.26234996e-01 -8.06632539e-01 -2.89429605e+00
   5.79502493e-01 -1.10040873e+00 -2.07644999e-01 -5.61238736e-01
   1.79018257e+00 -3.37226257e-01  6.83767498e-01  2.74560499e+00
  -2.17593008e+00 -1.71498016e+00 -4.48542506e-01 -1.46763626e+00
   4.13749933e-01 -3.34443110e+00 -3.72549593e-02 -7.83318758e-01
  -1.45040245e+00 -1.45879388e-03  2.69437501e-01  9.50205028e-01
  -1.04102877e+00  1.13601260e-01  2.45425370e+00  2.64926225e-01
  -4.74503744e-01  1.74904001e+00  5.20187616e-02 -3.63380751e+00
   2.57574371e+00 -1.17287625e+00  1.22407869e+00 -1.82735506e+00
   2.21610898e+00  1.94737501e-01 -1.81528755e-01 -2.39529383e+00
   1.64339882e+00 -2.50953674e-01 -6.49181247e-01  1.78597495e+00
   1.07217750e+00  1.98441619e+00  1.23058760e+00 -9.63760026e-01
   2.44535246e+00 -1.69573124e+00 -1.17115629e+00 -1.20835119e+00
   2.15366244e-01  6.40201211e-01  6.84172474e-01  1.51377124e+00
   4.40215021e-01  1.87538765e-01  4.88824978e-01 -7.54660040e-01
  -1.27607620e+00 -2.30670130e+00  2.82074973e-01  6.93830013e-01
  -6.48267478e-01  1.87736869e+00  7.27462545e-01  6.02013692e-01
  -1.33349997e+00  2.34983003e+00 -7.37835035e-01  6.45417474e-01
   1.70015740e+00  1.95359746e+00  6.10886201e-01  9.40087587e-02
   5.57624999e-01 -4.61022474e-01  1.21133747e+00  1.79004991e+00
   2.07603630e+00  8.50692496e-01  1.78945754e+00  1.63823754e-01
  -8.50149989e-02  6.24446273e-01  6.28936261e-01 -1.18890372e+00]]