[ 0.0337242   0.35002583  0.05692871  0.7418916   0.7796216  -0.6913662
  0.39463583  0.8455928  -1.0053403   0.1742316  -0.27810508  1.17214
 -0.39332741 -1.2143874   0.06567162 -0.03165031 -1.155958    0.48286545
 -0.53857034  0.7166103  -0.02342452  1.7189944  -0.4688006   0.28435296
 -0.6753661  -0.33218774  0.29252452  1.3649892  -0.2459529  -0.9673884
  0.5510049  -0.21870998 -0.9162313  -0.06713969  1.7050208   0.8939026
 -0.75516516  0.738008   -0.9526925  -0.16127129 -1.4153755  -0.5631687
  1.3731836  -0.37757775  1.2830416   1.1371626  -0.2931307  -0.1438139
  0.01420065  0.82813036  0.33867583  0.12251611  0.22365421  0.79810226
 -1.0189527   0.79232776 -0.09876774  0.27220935  1.1783569   0.7297323
 -0.38564163  0.7346928   0.1955522  -0.684761    0.5353009   0.35443875
  0.35168287  0.77489233  0.6962651  -0.31334358  0.9136719  -0.50943094
  0.66690964  1.3166753  -0.6498625   0.86911875  0.9086397   0.34047642
 -0.6482871  -0.536208   -0.60536605 -0.69185513 -0.4066187  -1.0991032
  0.18236774  1.2995465  -1.0469887   0.31122288  0.76172125  0.620712
  1.057851   -0.11269418  0.61920196  0.2344845  -0.1162871  -0.44364578
 -0.43255684 -0.76065683  0.2864029   0.2917713   0.51393545 -0.87859464
  1.0888616   1.0340887   0.33697483  0.4119523  -0.4724584   0.15087162
 -1.206493    1.7972265   0.3124942  -1.0128145  -1.1858968   0.90204364
  0.29626033 -1.4425178   0.50261843  0.24408387  0.6172329   0.24090064
  0.8918935  -0.78295213  0.97021383  1.0739588  -0.26053193 -1.6882975
 -0.3431642   0.07438031 -0.18977453 -0.9505384   0.11223967 -1.2523069
 -0.6075423   0.3405642  -0.36376706  0.2985061  -0.13856868  0.7856186
  1.696601   -0.4887416  -0.11164064  1.242559    0.24448583 -0.83905774
  1.1974401   0.21934292  0.34321904 -0.6000814   1.0789788   0.2824777
 -0.5966058  -0.2719619   0.79298234  0.36777204  0.16044097  0.38433063
  1.0309644   1.3267331   0.9129948  -0.69024545  1.3081816  -1.7980593
 -0.44572416 -0.56786    -0.43972242  0.10817291  0.30488226  2.143951
 -0.57042617  0.31097677  0.19139354  1.012445   -0.8895799  -1.0975698
  0.55383027 -0.11877035  0.28983292  0.60089785  0.6763032  -0.08675677
 -1.5930676   1.0210413  -0.6351884   1.3673393   2.5945706   0.26265517
  0.09186836  0.9785203   0.23542841  0.14767323  1.4764414   0.36745417
  1.5719354   0.7953294   1.043267   -0.22001094  0.6695174   0.58149457
  0.01143161 -0.5524694 ]