[-6.68640494e-01  1.73624957e+00  2.22076312e-01  8.35726261e-01
  7.16630459e-01 -3.87203187e-01  8.29628944e-01 -5.66510022e-01
 -2.51194692e+00 -8.68647322e-02  1.97195306e-01  2.87470365e+00
 -1.18753159e+00 -2.34983706e+00  2.93544710e-01  1.34879410e-01
 -1.44769740e+00  1.17216848e-01 -1.48338938e+00  1.34509623e+00
  2.01481581e-01  3.25462151e+00 -8.21602046e-01  6.46918476e-01
  6.56568184e-02 -1.33681154e+00  9.81268406e-01  2.36342263e+00
 -7.52630591e-01 -7.92630553e-01  8.34930539e-01 -6.03690982e-01
 -9.59442019e-01  6.19287312e-01  2.63394356e+00  2.02970433e+00
 -1.17552626e+00  2.73363218e-02 -2.49903679e+00  8.54522109e-01
 -1.74969900e+00 -1.63945735e+00  2.22514272e+00 -1.26912165e+00
  8.98519039e-01  1.82865405e+00  4.27646399e-01 -2.83151090e-01
 -1.82851538e-01  9.29159462e-01 -3.39420497e-01  1.11623406e+00
 -9.00945246e-01  1.53221858e+00 -1.11886632e+00  2.18037724e+00
  1.87946305e-01 -1.28947377e-01  1.22350359e+00  1.84973526e+00
 -5.84788442e-01  1.27862012e+00  4.51527357e-01 -1.50087094e+00
  1.00406277e+00  4.86247420e-01  6.67711139e-01  8.62784147e-01
  1.68510616e+00 -3.42970014e-01  2.47687149e+00 -1.38792706e+00
  1.26904321e+00  1.39706635e+00 -1.77433419e+00  2.17838383e+00
  1.06828582e+00 -5.04419029e-01 -2.15174818e+00 -9.56658423e-01
 -6.67885244e-01 -2.04493523e+00 -8.89151096e-01 -1.45762539e+00
  1.14352405e+00  2.70774102e+00 -8.50344300e-01  1.05804729e+00
  7.99365222e-01  7.74687827e-01  1.14697790e+00  2.18163118e-01
  1.50083637e+00  3.92322093e-01  1.67053163e-01 -7.15220630e-01
 -1.42249525e+00 -1.11037421e+00 -7.84791529e-01  8.94395828e-01
  5.69276929e-01 -2.10130191e+00  2.87402821e+00  1.74837434e+00
  1.35425317e+00  1.32199049e+00 -5.95243752e-01 -1.20813705e-01
 -1.84499204e+00  2.30003238e+00  2.11454690e-01 -1.64350688e+00
 -1.97333324e+00  5.65183640e-01  2.97661573e-01 -2.47160053e+00
  8.81264210e-01 -1.00419998e-01  9.01172638e-01 -2.71087378e-01
  2.31303692e+00 -1.89501512e+00  2.44178843e+00  2.00151539e+00
 -1.30335176e+00 -2.47602320e+00 -1.25141907e+00 -7.50339448e-01
  5.15489094e-02 -1.87653995e+00  1.54177058e+00 -1.22795010e+00
 -1.30039322e+00  1.50618470e+00 -9.96363461e-02  5.39896309e-01
 -3.81657518e-02  1.35952270e+00  1.03764045e+00  1.02336168e+00
  2.27970496e-01  2.02736807e+00  1.08953536e+00 -2.06713724e+00
  1.70682561e+00 -9.79402065e-01  7.35480070e-01 -3.14340019e+00
  2.08327150e+00  8.85773674e-02 -8.42066884e-01 -6.25313699e-01
  9.26464677e-01  5.00986338e-01 -3.21269482e-01  6.44649446e-01
  1.39900684e+00  2.25898004e+00  1.15311623e+00 -4.28226829e-01
  2.45792270e+00 -2.35178447e+00 -7.81251073e-01 -2.28499517e-01
 -5.27736306e-01 -2.17080563e-01  5.75559437e-01  3.57087898e+00
 -4.89819974e-01 -3.47561032e-01  7.56849468e-01  8.86167943e-01
 -1.07352865e+00 -1.24143744e+00  1.66183317e+00  1.83993176e-01
 -5.15126348e-01  1.31869161e+00  8.80506814e-01 -8.07578385e-01
 -3.06038260e+00  1.08565676e+00 -2.46881038e-01  1.89479065e+00
  3.12970114e+00  1.13964593e+00  1.41560525e-01  1.64283991e+00
  6.13623202e-01  2.71787145e-03  1.74195242e+00 -6.21610582e-02
  2.43344808e+00  1.95927489e+00  1.67908013e+00  2.37127334e-01
  2.67800033e-01  1.22207582e+00 -8.01620483e-01  1.14963710e-01]