[[ 0.82344789 -0.71799265 -0.39885999  1.21068051  0.75543419 -0.45194209
   0.44075735  0.91931262 -2.45711629  0.73136    -0.08806104  1.59788787
  -0.60907318 -2.56962213  0.77793685 -0.35702315 -0.60346946  0.76182161
  -0.75889103  1.6265326  -0.29253263  2.41468209 -0.48726947 -0.6831242
  -1.13581211 -0.12699159  0.3792858   1.7903379  -0.56485526 -1.28470318
   1.11809106 -0.48160895 -0.94975629  0.14832367  2.37556317  1.57965576
  -0.37889945  1.06080529 -0.36856315  0.15607996 -2.53789102 -0.75721682
   2.34508318 -0.4376816   0.8157526   1.60785579 -0.83069158 -0.69688684
  -0.16082789  0.96360316  0.47690577  0.86738263  0.71195896  1.01506789
  -0.60289737  0.58924683 -0.43974578  0.76102369  1.41775949  0.23447052
  -0.1114395   0.22562842  0.68417787 -1.41834634  1.00708372  1.04599841
   0.45216315  0.95853159  1.32218999  0.3853242   1.17098526 -0.85760841
   0.96602895  2.08840843 -1.07601632  1.35084474  1.02597897 -0.13970264
  -0.96813633 -1.52537052 -0.01252894  0.26102577 -1.25278366 -1.86877317
   0.56355947  1.6488216  -1.04548263 -0.71129846  0.05457895  0.73031106
   1.81143008  0.12743317  1.06027842 -0.49025634 -0.58005051  0.2440579
   0.02897524 -1.2851142   0.19139998 -0.14495209  0.52141947 -1.78948104
   2.49497423  1.71822629  0.98668477  1.30812315 -1.63507999  1.26012211
  -0.56696475  0.0675084   0.38059367 -0.43004945 -1.52533892  0.1385058
   0.12343527 -1.62345681  0.65901789 -0.07529211  0.87759315  0.50398472
   1.95827629 -1.09902368  1.15507213  2.28324941 -1.12577365 -1.83369525
   0.26229316 -0.42700947  0.60954052 -1.72592577 -0.07103105 -0.72426632
  -0.83364738 -0.3346542  -0.60699366  0.83591473 -0.73693944  1.41563792
   2.02878159 -1.01225629  0.38555421  1.35293788  0.41892318 -1.31857948
   0.00927634 -0.21427209  0.88875945 -0.98030736  0.9327795   0.92732685
  -0.94560682 -1.53232685  1.34346949 -0.04263157  0.25749579  1.16042208
   0.55093155  1.36051478  1.47020999 -0.63758261  2.4570542  -3.36288628
  -1.47177054 -0.84025211 -0.05327631  0.47658209  0.5252279   2.45736628
  -1.39859423 -0.67186998  0.17480685  2.27512111 -0.67032003 -1.2825779
   1.15949998  0.33954054  0.14371686  1.28359476  1.12390999 -0.6553205
  -2.6995895   1.69580108 -0.3964937   1.65011369  2.57201892  0.20536101
  -0.44717053  1.77473261  0.28797528  0.52035632  1.62514266  0.46042265
   2.1378637   1.29027951 -0.12970052 -0.09817791  1.27855106  0.80557528
   0.01320948 -0.40186367]]