[-1.1676469e+00 -2.5233233e-01  4.5298153e-01  1.4057192e+00
  8.5148376e-01 -4.8615462e-01  1.5684515e+00 -2.6455921e-01
 -1.0781623e+00  4.6219620e-01 -1.6506383e-01  2.8225229e+00
  4.6161091e-01 -2.0157695e+00  4.7656232e-01  1.2888540e-01
 -1.4669462e+00 -2.6375923e-01 -1.1385592e+00  7.7881157e-01
 -5.0129229e-01  3.4634855e+00 -1.9418254e+00  3.7846309e-01
 -1.8106139e+00 -1.1559308e+00  6.9882458e-01  2.0554595e+00
 -6.9126922e-01 -9.1179156e-01  1.0801415e+00 -5.3360993e-01
 -1.9040445e+00  5.7795149e-01  3.0126574e+00  1.1381054e+00
 -6.3710225e-01  4.3643061e-02 -2.0355563e+00 -3.4462946e-04
 -2.9162779e+00 -1.6024678e+00  7.5315768e-01 -6.2412071e-01
  1.6620345e+00  2.1716456e+00 -5.6995690e-01  2.3638462e-01
 -9.6515143e-01  6.1542153e-01 -1.0260692e-01  1.3364775e+00
 -1.5326793e+00  3.5219812e+00 -7.0040542e-01  1.9904016e+00
 -7.0776999e-01  1.6503540e-01  3.3020693e-01  1.3034400e+00
 -5.8307308e-01  1.8161500e+00 -1.1890254e+00 -6.4208537e-01
 -2.5945690e-01  4.9630953e-03  8.2637775e-01  6.7521071e-01
  1.5322778e+00  3.7373537e-01  6.3604540e-01 -1.6287577e+00
  1.0086753e+00  1.7687913e+00 -1.5583724e+00  1.7150376e+00
  3.8012689e-01 -1.7538593e+00 -1.4626849e-01 -1.2148877e+00
  7.0326149e-02 -4.1632539e-01  7.6545373e-02 -3.6933377e-01
  7.7328300e-01  2.6946623e+00 -1.0886807e+00  7.2022617e-01
 -1.1937546e+00 -2.0967303e-01  1.2226946e+00  8.4795922e-01
  1.2467161e+00  4.9188006e-01  4.0756768e-01 -3.7874383e-01
 -4.8366386e-01 -1.1125377e+00  1.0959249e-02 -2.6934698e-01
  4.1872919e-01 -1.5202878e+00  1.1111723e+00  2.3486781e+00
  8.5277390e-01  1.6842422e+00 -1.5907677e+00 -1.3313308e-01
 -1.5541631e+00  1.1060454e+00 -6.4121467e-01 -4.6390378e-01
 -1.3664677e+00  3.2648072e-01 -1.9735382e-01 -2.5424297e+00
  5.3870767e-01  2.3468642e-03  1.0084083e+00  1.8550460e-01
  1.3371301e+00 -1.4207323e+00  8.5472465e-01  2.1714933e+00
 -1.6106502e+00 -2.4082415e+00 -9.7490156e-01 -1.9268399e+00
  1.7313768e-01 -2.9547689e+00  5.4595846e-01  9.6143045e-02
 -1.8735307e+00  1.4939722e+00 -4.1746967e-02  8.0123389e-01
 -9.7859693e-01  1.3931508e+00  2.4974916e+00  3.8877919e-01
  6.6344076e-01  1.6682854e+00  2.0631838e+00 -2.8664179e+00
  1.3670892e+00  3.0780694e-01  3.1304771e-01 -1.2708131e+00
  1.2468770e+00  4.8977387e-01 -1.7538604e-03 -1.6238315e+00
  2.6565361e+00  8.7233078e-01  6.5759623e-01  1.0286193e+00
  2.0514839e+00  2.3711667e+00  1.2787553e+00 -1.4615638e+00
  2.1667445e+00 -2.9497170e+00 -1.5920609e+00  6.3292280e-02
 -1.1642417e+00  7.2163385e-01 -3.7675232e-01  2.9761176e+00
 -2.3570460e-01 -2.0530227e-01  8.2770926e-01  1.2402538e-01
 -1.0594507e+00 -1.6044592e+00  6.1768621e-01  5.7962227e-01
 -1.4131464e-01  1.4886886e+00  1.9413084e+00 -2.0578691e-01
 -1.9624600e+00  2.5904615e+00 -9.7540927e-01  1.5288179e+00
  3.5823593e+00  8.8702685e-01  1.6131415e+00  1.2528954e+00
  9.0369767e-01  9.9018455e-01  1.1462138e+00  1.2804884e+00
  1.6077638e+00  6.2848765e-01  3.8246149e-01  4.0767651e-02
  9.3156230e-01  1.0306799e+00  8.2038999e-01 -7.6280999e-01]