[[ 5.66215262e-02  4.28032652e-02 -5.28872531e-02  1.15914454e+00
   6.02248219e-01 -6.87640741e-01  1.09528300e+00  8.15199551e-01
  -2.28014148e+00  1.25735489e-01  3.47866267e-01  2.04111469e+00
  -6.98217922e-01 -2.06935411e+00  6.31646742e-01 -5.14980009e-01
  -8.26421000e-01  1.41397495e-01 -1.11886497e+00  1.08866378e+00
  -8.07122685e-01  3.10570567e+00 -1.22443074e+00  1.68870530e-01
  -1.11380820e+00 -1.43663024e+00  8.67500767e-01  2.09822447e+00
  -5.27555253e-01 -1.23880841e+00  7.34152252e-01 -9.08053759e-01
  -1.62579220e+00 -1.15600029e-01  2.13089733e+00  2.05805936e+00
  -6.27718222e-01  3.79520747e-01 -1.08606402e+00  5.03655314e-02
  -2.25247067e+00 -1.11458483e+00  1.58777721e+00 -1.30245530e-01
   6.37272676e-01  1.41251299e+00 -1.08772330e+00 -1.79132282e-01
  -2.77646928e-01  3.46649012e-01  1.81284264e-01  9.90461424e-01
  -7.14454964e-02  2.13408515e+00 -1.01772094e+00  8.29675812e-01
  -5.27874254e-01  5.71294516e-01  1.31641547e+00  1.21519844e+00
  -2.55112270e-01  1.22218845e+00 -6.49534974e-01 -1.03846004e+00
   4.16544038e-01  8.38787273e-01  7.52181513e-01  2.98291276e-01
   1.60932841e+00  4.73207667e-02  1.09767199e+00 -1.32458172e+00
   6.12591946e-01  1.57690932e+00 -1.58337854e+00  1.35977573e+00
   1.33725235e+00  2.33335963e-01 -5.20488451e-01 -8.92724890e-01
  -7.23537147e-02 -1.05395395e+00 -9.29072686e-02 -1.15707854e+00
   3.04703317e-03  2.11702556e+00 -8.43989688e-01  6.78407508e-01
   1.85433289e-01  6.18912219e-01  8.77912876e-01 -1.63855005e-01
   7.34299286e-01  4.91322678e-01  6.22729015e-01 -5.42059571e-01
  -6.44152220e-01 -7.11392921e-01  6.71919796e-01  1.64922483e-01
   4.11032914e-01 -1.36285140e+00  2.00083967e+00  1.49135514e+00
   6.67019027e-01  1.57986906e+00 -1.00764920e+00  4.29259065e-01
  -1.52462438e+00  1.05925304e+00 -5.33524376e-01 -1.15023184e+00
  -1.69840063e+00  9.23733725e-01  5.68862288e-01 -1.85176114e+00
   7.51179607e-01 -3.22904736e-03  7.99426271e-01  8.53874162e-03
   1.50804309e+00 -1.39465959e+00  1.75234547e+00  2.07335360e+00
  -1.95055693e+00 -1.28988830e+00 -9.90260420e-01 -6.93879026e-01
  -1.36567377e-02 -1.60126532e+00  2.88009220e-01 -8.09614122e-01
  -1.88392565e+00  1.14168294e+00 -3.76027007e-01  5.70110675e-01
  -6.25868547e-01  1.83180947e+00  1.85403145e+00  1.68607146e-02
  -1.65762991e-01  1.52610438e+00  2.96855044e-01 -1.89329507e+00
   1.38306226e+00  1.51348267e-01  9.49207388e-02 -1.61548775e+00
   1.02314119e+00 -2.24162492e-01 -7.95205877e-01 -1.25316347e+00
   1.74642041e+00  6.10946894e-01  1.59642520e-01  7.30376695e-01
   8.43942490e-01  1.64988479e+00  9.47596863e-01 -1.52456168e+00
   2.60261168e+00 -2.31009316e+00 -1.00799157e+00 -8.96521530e-01
  -3.65665700e-01 -1.61358246e-01 -1.76463499e-01  3.38349448e+00
  -6.56545717e-01  3.08436985e-01  5.72318278e-01  1.05338833e+00
  -1.33193921e+00 -7.67320284e-01  1.34706156e+00  2.00160153e-02
  -1.88875499e-01  1.39472291e+00  1.42931110e+00 -1.60730989e-01
  -2.63445100e+00  1.84593859e+00 -1.01792560e+00  2.02582673e+00
   2.66913588e+00  3.88295744e-01  3.27041462e-01  1.18212955e+00
   7.98515484e-01  6.01186022e-01  2.01627478e+00  6.73700251e-01
   2.21988429e+00  1.33721176e+00  4.51709750e-01  2.40295988e-01
   1.04333057e+00  1.18926337e+00 -4.86352212e-01  4.24629982e-01]]