[-0.09220215  0.07233585 -0.06733301  0.018473    0.01032743  0.02375057
 -0.00502929  0.04268843 -0.098587    0.02381786  0.02094871  0.10875715
 -0.10135014 -0.16075543  0.150121   -0.01358685 -0.16894114 -0.035722
 -0.05586529  0.14597143  0.03928986  0.09286129 -0.03072815 -0.02937486
  0.00113329  0.03382986  0.00555271  0.2236157  -0.01927214 -0.06064357
 -0.08255    -0.00049543 -0.04695357  0.072218    0.25864115  0.17929885
 -0.11239714  0.01738386 -0.11156457  0.004436   -0.21542285 -0.06879943
  0.08390572 -0.07335786  0.19103329  0.10058472 -0.00427471  0.021803
 -0.00564343  0.06214643  0.086845   -0.01804829  0.10560986  0.17491327
 -0.05972614  0.15401101 -0.00979771  0.05569229  0.08036842  0.18927328
 -0.030502    0.05168071  0.05986971 -0.05333829  0.05855428 -0.03235914
  0.03279086  0.19445872  0.008151    0.08794429  0.1511697  -0.09924901
  0.02532743  0.19799715 -0.11755915  0.05577614  0.10725643 -0.00644614
  0.06173801 -0.07739186  0.03731243 -0.030466   -0.03943757 -0.16720685
  0.00293557  0.13478358 -0.06358314 -0.01380129  0.01186314  0.05505771
  0.00785214  0.03890644  0.07266643  0.03322786 -0.00981943 -0.035105
 -0.06214771 -0.04551871  0.00766771  0.033628    0.02747428 -0.06762671
  0.2357623  -0.002768    0.07535257  0.00606986  0.06266314  0.055416
 -0.06474058  0.15552343  0.01412285 -0.07181814 -0.01661801  0.04707058
  0.06192771 -0.24925673  0.06798886  0.12289301  0.04181414  0.10509286
  0.16156113 -0.05046858  0.060839    0.04065829 -0.01465715 -0.137973
 -0.09170143  0.15043542  0.02719014 -0.18869428  0.00427714 -0.01451057
 -0.07096756 -0.04356271 -0.04838214  0.04518043 -0.08089843  0.08954029
  0.06408013 -0.096137    0.07703985  0.023224    0.00442243 -0.09646372
  0.12612113 -0.093401    0.12596786 -0.02852885 -0.00155743  0.04672215
  0.005498   -0.06282228  0.04582886  0.07431857  0.03787     0.10850357
  0.07600129  0.07258729  0.105535   -0.05743957 -0.013462   -0.23298144
 -0.09158172 -0.00168972  0.012429    0.06968515 -0.03227486  0.27347484
 -0.08567786  0.11387686  0.05827628  0.06008486 -0.05317186 -0.11126886
  0.02486557 -0.03277029  0.05035585  0.03933486  0.09445414 -0.06157071
 -0.27010158  0.02611672 -0.093856    0.21013615  0.20977585  0.00798829
 -0.11154728  0.03869314  0.08135758  0.00500214  0.16700743  0.01415414
  0.05855443  0.14032228  0.146945    0.01229043  0.01789815  0.13150214
  0.10404202 -0.01772358]