[-5.42213082e-01 -5.42499591e-03 -3.18612993e-01  1.62828004e+00
  2.12579966e-01 -1.19630955e-01  1.21436203e+00  7.36830086e-02
 -3.06829119e+00 -6.11230321e-02  1.42740798e+00  1.88563192e+00
 -9.11022961e-01 -1.42443693e+00  6.79407001e-01  7.55472958e-01
 -1.69209504e+00 -1.95660107e-02 -7.91378021e-01  1.75014615e+00
  5.91181040e-01  1.80785298e+00 -4.50747967e-01 -2.64839023e-01
 -5.41025996e-01 -1.25318930e-01  4.17460024e-01  2.40388608e+00
 -8.86091053e-01 -1.97334802e+00  1.38396299e+00 -1.02260399e+00
 -1.34584308e+00  6.22669041e-01  3.34249377e+00  9.73137021e-01
 -1.75453687e+00  1.21484995e-01 -1.07659400e+00  2.43122965e-01
 -2.06307578e+00 -2.42015004e-01  3.00040197e+00 -1.37109399e+00
  1.10042500e+00  8.59318912e-01  5.25758982e-01 -3.98916930e-01
 -3.21908027e-01  8.20003986e-01  1.64914012e-01 -1.03082812e+00
  1.85664392e+00  9.33663070e-01 -3.78939062e-01  2.76626801e+00
 -1.84962785e+00 -5.35861015e-01  1.75778198e+00  1.04085898e+00
  1.11996032e-01  1.68054295e+00  8.24330002e-02 -1.92124903e+00
  2.85522968e-01  4.01154995e-01  3.86545986e-01  1.19263196e+00
  3.90767992e-01 -1.32224405e+00  1.29628205e+00 -8.52808952e-01
  9.75762010e-01  1.31987989e+00 -5.77108979e-01  3.34417969e-01
  2.15798688e+00  6.39207006e-01 -1.36852801e+00 -8.50681007e-01
 -2.74418026e-01 -1.08470392e+00 -1.35986507e+00 -1.08345401e+00
  3.64080012e-01  1.70289993e+00 -7.01276958e-01  5.65306008e-01
  8.51602912e-01  8.10877025e-01  8.72411907e-01  7.92338967e-01
  6.24931991e-01 -3.21339011e-01  5.08043945e-01 -3.75845045e-01
  9.04206932e-01 -1.31136000e+00  3.22480023e-01  1.03183007e+00
  7.70049930e-01 -1.40192688e+00  2.34429884e+00  1.40081096e+00
  3.50495011e-01  1.14609194e+00 -1.15202105e+00  8.58827949e-01
 -1.67102277e+00  1.35220993e+00  1.55196214e+00 -2.27722096e+00
 -7.90752053e-01 -1.04322994e+00  5.66099048e-01 -7.38495946e-01
  2.27644965e-01  5.54024994e-01  5.46950996e-01  4.85397011e-01
  2.67819095e+00 -6.69101059e-01  8.30604911e-01  2.72073603e+00
 -7.74979815e-02 -2.19102502e+00 -8.95375907e-01 -6.33243918e-01
 -1.01793967e-01 -1.91299212e+00  5.37607014e-01 -1.40336490e+00
  5.80940135e-02 -8.09249654e-02 -1.37562203e+00  4.64583009e-01
 -3.93886030e-01  6.44482017e-01  3.10524011e+00 -6.31703019e-01
  4.71726030e-01  1.16524410e+00  1.84413001e-01 -2.46666288e+00
  2.26464105e+00 -5.34780025e-01  1.11364007e-01 -2.07361603e+00
  2.02642989e+00  3.85172009e-01 -6.62353039e-01 -1.66110587e+00
  5.82107008e-01  4.90783066e-01  3.40990014e-02  2.16951799e+00
  1.61329901e+00  2.49041891e+00  1.06893992e+00 -7.50548959e-01
  1.94405401e+00 -1.75316489e+00 -5.15811920e-01 -8.18985689e-04
  2.74806023e-01  8.85605931e-01  1.92291510e+00  2.77426004e+00
 -6.00344956e-01 -8.89118969e-01  8.23022008e-01  2.64834690e+00
 -1.32258201e+00 -1.24684501e+00  4.74409997e-01  7.05510974e-01
 -1.75256997e-01  5.09425044e-01  9.87905025e-01 -8.55101943e-01
 -2.52208090e+00  1.46002698e+00 -1.42022705e+00  2.15145779e+00
  2.56016207e+00  1.08262978e-01 -1.15113997e+00  1.91557097e+00
  6.10368013e-01  7.10023940e-01  1.21680593e+00  4.99071985e-01
  1.36484599e+00  1.07877803e+00  2.33196115e+00  3.02570816e-02
  1.05125690e+00  3.40388000e-01 -6.37061954e-01  3.41695011e-01]