[-1.0419343  -0.33644578 -1.7656344   1.1640501   1.3952786  -0.89848566
  1.0970286  -0.10731424 -2.2726629   0.3623857   1.4062272   2.7389257
 -2.2070887  -2.4068828   0.61253005  0.7185071  -1.257883   -0.6323571
 -1.6410586   1.837867   -0.71162283  2.1693084  -0.90793854  0.03584855
 -0.44288856 -0.3925843   0.4390157   2.8227627  -0.13153143 -2.7252815
 -0.10299139  0.26306003 -0.18636428 -0.44625995  2.8381615   0.18728144
 -0.96288717  0.7582199  -2.7734115   1.535553   -1.1543227  -0.5285943
  3.9463074  -1.294063    1.3393601   1.5386728   0.36874852 -0.89651716
 -0.11095573  1.0009743   2.3436415  -0.79104716  0.5471815   2.6687014
 -0.98812574  2.5893025  -0.04671856  0.14701428  0.84185714  1.0679042
 -0.4220128   1.6674515   0.79539996 -0.39455566 -0.3364429   0.44334435
  0.9585242   1.7449601   0.15827574  0.7933957   1.9538801  -0.5669529
  0.5610543   2.0146058  -0.50919     0.03553145  2.0341585  -0.55082995
 -2.6992183  -0.73706    -1.2210644  -0.9658929  -0.49890426 -2.0536914
  0.6676756   2.461673   -1.0847856   0.9738229   0.5937857   1.1357386
  0.42088848  0.31765714 -1.0021728   0.46698427  0.31722566 -0.67955285
 -0.03216859 -0.9887443  -0.15987284  0.25761428  2.1257558  -1.9792429
  1.7623972   1.0267684   0.28204712  0.6612186  -0.95249146  0.43347144
 -2.2536986   2.5527186  -0.49299142 -1.3306314  -1.5818844   0.17792858
  0.6908086  -3.534424    0.65547717  1.14284     0.36535427 -1.1374185
  0.96164715 -1.0181272   1.2687443   1.7638528  -0.6316328  -3.0410244
 -0.86965996 -1.0150329  -0.92425287 -1.9689515   0.9901428  -1.55014
 -1.0360258   0.48789415 -0.20241    -0.08233857 -1.3059758   1.4701627
  3.024987   -0.23799862 -0.5629071   2.2299485   0.40251145 -2.1902313
  1.2153214  -0.30395856  1.2392913  -1.4235115   1.6369944   1.0803986
  0.9099885  -2.01583     1.7312157   1.2681929   1.1023343   0.35482284
  2.0373027   2.0429227   1.5278399   0.08805858  2.0025527  -3.2504656
 -1.6947944  -1.6087757  -0.7729157   0.7176157   0.67628574  3.498747
 -2.2141771   2.2640054   0.03379001  1.2309772  -2.2747571  -0.46697578
 -0.08737154 -0.26962286 -1.9278729   0.3193857   0.7160243   0.10779568
 -2.64664     2.26313    -1.1389244   3.1951058   4.0958986   0.28128144
 -0.33911142  0.6823371   0.9372     -1.2347614   1.8709886   0.25860998
  1.6542399  -0.11455286  1.9351987  -0.43800715  0.03149569  0.7628614
  0.59433144 -0.01122577]