[-0.8368228   0.146228   -0.19848242  0.4668876   1.6009079   0.20172481
  0.9165416   0.17308399 -1.5401168  -0.32904595  0.16064999  2.039419
 -0.9763895  -1.9488442   0.2030044   0.10978879 -0.95090884 -0.70224047
 -1.4689169   2.0963912   0.62441367  1.9740553  -1.108918   -0.334794
 -0.34387112 -0.92893225  0.9148739   2.5227828  -0.21928759 -1.1212947
  0.3963628  -0.5548972  -0.767596    0.0182448   2.6518881   1.6084834
 -1.5617385  -0.20436479 -1.9418727   0.04256477 -1.991362   -0.9284321
  1.5387553  -1.1045556   0.7722367   1.2372081  -0.11098123 -0.13168408
  0.33559078  0.6296952   0.40795112 -0.01799443  0.26278916  1.7428117
 -0.7219732   1.5636135  -0.41134238 -0.25984523  0.7186408   1.6611426
 -0.4281852   0.71265274  0.5202864  -1.2484944   0.76692206  0.46462357
  0.59241724  0.7047379   0.3968788  -0.07414921  1.9117187  -1.0921327
  1.0050571   1.6698843  -0.7992564   1.4986496   1.809147    0.16807038
 -1.4972544   0.27810642 -0.26841795 -0.5619448  -1.0676799  -1.0384873
  0.9707064   1.9755647  -1.0519081   0.92516     1.4961871   0.39816198
  1.1607648   0.4716696   0.36701608  0.6309085   0.11794683 -0.2047224
 -0.36578882 -0.6134988  -0.7826657   0.93390274  0.8833348  -1.9046936
  2.551656    0.9508192   0.8441404   0.507964   -0.20499161 -0.39632562
 -1.7689273   2.1876917   0.5487872  -2.4718585  -1.9272819   1.6072204
  0.77342683 -1.559494    0.48480758  1.3762007   0.29945078  0.6110101
  1.6201406  -2.0336576   2.0588078   2.2555175  -0.64260924 -2.4832804
 -1.4943511  -0.3749796  -0.02397079 -1.2170681   0.74013084 -2.0133204
 -1.2136637   0.320888   -0.53206843  0.2382124  -1.0776633   0.9538304
  1.284684    0.13747002 -0.21759675  1.1813209   0.9536768  -1.9906732
  2.0746543  -0.54926     1.0972972  -2.4932022   1.2593749   0.21976
 -0.1001916  -0.68465644  1.423128    0.8138464  -0.0697432   0.06480519
  1.2594388   1.9990339   1.0930076  -0.6418196   2.068307   -1.7972435
 -0.17981999 -0.6327936  -0.3347032  -0.243426    0.56446546  2.9991713
 -0.7624635   0.35357362  0.38036478  0.7901181  -1.2446312  -0.93673193
  0.7575376  -0.02981722  0.13983768  0.87740076  0.85526735  0.06566715
 -2.1932168   1.1735739  -0.36891198  1.5551492   2.6379638   0.96503085
 -0.80486     0.8877751   0.5571984  -0.8402084   1.4334211   0.15493122
  1.6490577   0.87613195  2.6563153  -0.36493203  0.64717     0.39596924
 -0.62563956  0.0225428 ]