[[-0.62558633  0.57374318 -0.48038951  0.45040415  1.10135413 -0.04325805
   0.73932636  0.31621952 -1.34762951  0.37767488  0.32813072  2.23185905
  -1.16210634 -2.83461779  0.41093683 -0.2220817  -0.38084049 -0.00340366
  -1.76801855  1.38928     0.22623513  2.63220804 -0.87360733  0.32816927
  -1.38214269 -0.67310049  0.53761027  2.38643926 -0.5149656  -0.78118146
   0.77234318 -0.44009755 -0.4557156   0.17566464  2.40634655  1.47243878
  -1.56474585  0.14935805 -1.22645025  0.27880975 -2.15498588 -1.00597782
   1.63826047 -1.11996343  1.15630024  1.0285905  -0.7077444  -0.3259305
  -0.10136271  0.62479732  0.2071305   0.22313242  0.25473853  1.32209295
  -0.39933707  1.2123551  -0.6740239   0.33126098 -0.17306148  0.96822878
  -0.42268171  0.89916877  0.37924146 -1.15525123  0.83691023  0.59666733
  -0.03746586  1.04509904  0.78040755 -0.00996512  1.68997488 -0.59018829
   0.51662927  1.19836681 -1.53969367  1.36726831  1.73915758  0.24511364
  -1.69368635  0.00587562 -0.65160684 -0.92886633 -0.78776317 -0.83118123
   0.48515194  2.7658654  -1.54326268  0.21307659  1.19339882  0.84209658
   0.57559854  0.60305024  0.90642047  0.08586805 -0.19310097 -0.4216061
  -0.59223757 -0.89110828  0.05170466  0.38631926  0.75097075 -1.23136878
   1.51025218  1.19688243  1.02038072  0.93109073 -0.32082903 -0.02739196
  -1.35249733  1.79313245  0.60019366 -1.68889488 -1.14834582  0.98661243
   0.30033779 -1.91846707  0.86812587  0.04125732  0.2219144   0.84881463
   0.90644513 -1.27484635  1.81204223  1.65136047 -0.72944975 -2.34643878
  -0.74580975 -0.82493513 -0.35532563 -1.36529243  0.15412512 -0.96431901
  -0.89140219  0.39716953 -0.24847976  1.05730876 -0.38524902  1.24566949
   1.25780511 -0.03846291  0.24886514  1.13138242  0.85421025 -1.34298489
   1.28079682 -1.09248417  0.80457123 -1.56093661  1.50559952 -0.37700682
  -0.75909414 -0.39120976  1.04204514  0.86360216  0.16546731  0.63672269
   0.87797074  1.81470121  1.04773195 -0.2828861   2.30412074 -2.31314464
  -0.51078364 -0.92465511 -0.1426395   0.11174388  0.35101901  2.61005704
  -0.89186049  0.15435903  0.95060023  1.53431708 -0.89157001 -1.45426855
   0.28933757  0.28269951  0.40365292  1.01645805  1.37517415 -0.38937193
  -2.27973366  1.42543853 -0.69038974  1.88072512  2.80067681  0.72133927
  -0.35288975  0.74942146  0.50392486 -0.64294415  1.31579609 -0.11634416
   1.64850709  0.9030495   1.17134147 -0.44783145  0.35762269  0.79900683
  -0.52073048  0.4209805 ]]