[[-3.21628133e-01  1.04980705e+00 -3.48093929e-01  7.54541429e-01
   1.00178457e+00 -2.90302390e-01  6.21137984e-01  3.86423118e-01
  -1.57694636e+00  2.54581508e-01  6.16380374e-01  1.98259626e+00
  -1.08044985e+00 -1.85988526e+00  1.64679062e-01  3.18801138e-01
  -1.35338764e+00 -1.52421745e-01 -1.51700129e+00  1.58860301e+00
   2.91045050e-01  2.34733099e+00 -6.61489215e-01  1.20748882e-02
  -9.15664240e-01 -7.39097321e-01  3.40970655e-01  2.26064085e+00
  -4.45376552e-01 -9.78963244e-01  8.29535918e-01 -8.03047708e-01
  -8.99503967e-01  2.09397557e-01  2.71103923e+00  1.60872358e+00
  -1.33883572e+00  2.69750537e-01 -1.56515878e+00  2.62160143e-01
  -2.02724041e+00 -7.45613904e-01  1.90662462e+00 -6.24336619e-01
   1.30405051e+00  1.12717240e+00 -9.08155246e-01 -2.28147577e-01
  -1.29999222e-01  1.01232426e+00  2.77492434e-01 -8.34323085e-02
   9.16690762e-02  1.35195319e+00 -9.28761278e-01  1.69684781e+00
  -1.79007449e-01  2.97820415e-01  1.16761166e+00  1.57628607e+00
  -2.84639197e-01  8.56686554e-01  6.40570887e-01 -1.00858190e+00
   9.49716052e-01  5.87600652e-01  5.61058816e-01  9.59930817e-01
   8.34401881e-01 -2.03006491e-01  1.32597546e+00 -7.47517305e-01
   9.57687931e-01  1.66415624e+00 -1.30229392e+00  1.10622977e+00
   1.12146143e+00 -1.59983104e-01 -1.29897729e+00 -3.83903656e-01
  -3.19516635e-01 -7.47634082e-01 -8.53081297e-01 -1.41239078e+00
   4.65191476e-01  2.10394083e+00 -7.33687258e-01  8.74194697e-01
   5.20290363e-01  7.41577960e-01  9.25419660e-01  1.47779997e-01
   9.96340155e-01  2.81353652e-01  1.33302042e-01 -4.00194224e-01
  -4.63538663e-01 -5.70712737e-01 -1.44173068e-02  5.45945038e-01
   8.38804284e-01 -1.47505641e+00  2.07558900e+00  1.10999396e+00
   8.71400582e-01  8.66101290e-01 -2.89507807e-01 -9.90283850e-02
  -1.68708665e+00  1.78274698e+00  1.33861335e-01 -1.51505300e+00
  -1.10775393e+00  5.69580579e-01  6.86649791e-01 -1.75039608e+00
   6.32416385e-01  6.52303200e-01  7.12733699e-01  3.78144834e-01
   1.49902815e+00 -1.31415788e+00  1.17519594e+00  1.50564959e+00
  -9.88429927e-01 -2.06377819e+00 -1.28438175e+00 -3.07112354e-01
  -1.50248117e-01 -1.59192238e+00  4.65270690e-01 -1.42645179e+00
  -8.04687969e-01  3.60819761e-01  2.13804042e-02  6.21091897e-02
  -3.10981420e-01  1.45178178e+00  1.65416560e+00 -3.69052624e-02
  -1.12786637e-01  1.59330892e+00  8.90556669e-01 -1.49429062e+00
   1.34290588e+00 -6.27789571e-01  7.47667264e-01 -1.81273079e+00
   1.49012242e+00  3.60306362e-01 -9.27109467e-01 -6.50544867e-01
   1.08647749e+00  3.84872219e-01  1.40102536e-01  3.32553567e-01
   1.42875017e+00  1.74996839e+00  1.27131252e+00 -5.02424155e-01
   2.05721204e+00 -1.75014694e+00 -5.95245323e-01 -2.53348519e-01
   8.72574380e-02  2.97912144e-01  3.97865117e-01  2.91388350e+00
  -5.87305853e-01  4.96973119e-01  3.14664408e-01  1.37157320e+00
  -1.33679537e+00 -1.13232262e+00  3.40234841e-01 -9.02790329e-02
  -3.36900260e-01  9.68117774e-01  6.39451493e-01 -7.52429314e-04
  -2.05725365e+00  1.42379065e+00 -4.93506877e-01  2.01139396e+00
   3.23606344e+00  5.94172648e-01 -4.68526588e-01  1.16684710e+00
   2.45636553e-01 -1.73098078e-01  1.52622732e+00  1.03008501e-01
   1.77228215e+00  1.01310506e+00  1.65801905e+00  5.16247379e-02
   7.91555077e-01  4.84833531e-01 -5.38292511e-01  6.09752870e-02]]