[[ 5.20333250e-02  1.55776640e-01 -3.38493268e-01  6.79559966e-01
   1.68101998e+00  5.31906635e-01 -8.00419981e-01 -4.29506669e-01
  -9.88603334e-01  4.28790013e-01  1.13536676e-01  1.13294333e+00
  -1.76538332e+00 -2.87179669e+00  3.07186663e-01 -3.17496662e-01
  -1.75401004e+00 -2.06111336e+00 -2.23329671e+00  1.51118004e+00
  -2.57566671e-01  2.57167991e+00 -1.73723662e+00  1.03784668e+00
  -3.33613336e-01  9.96001561e-03  6.00786686e-01  4.22925663e+00
  -1.30131670e+00 -9.74853337e-01 -7.95126677e-01  1.02093663e+00
  -6.35116617e-01  1.13829668e+00  3.51378314e+00  5.00220021e-01
  -2.27545333e+00  4.64846642e-01 -3.17293306e-01  8.80256673e-01
  -2.90308662e+00 -1.80948007e+00  6.09756708e-01 -6.04010006e-01
   2.52524662e+00  1.01676337e+00 -3.96206677e-01 -1.11942339e+00
   3.19633186e-02  9.83760049e-01  1.09470670e+00 -5.94583313e-01
   5.07123336e-01  1.64703341e+00 -3.08433334e-01  5.21850069e-01
   1.16797668e+00  6.82433297e-01  1.30489006e+00  1.86359660e+00
  -1.76326323e+00  2.15606999e+00  8.14976672e-01 -2.20947333e+00
   9.85056673e-01 -7.62636582e-01  1.00696671e-01  7.25679994e-01
  -6.34983341e-01 -2.38476674e-01  2.56173333e+00 -9.21846688e-01
   8.50203364e-01  4.36526696e-01 -3.73956670e-01  5.70100069e-01
   1.39070677e+00  9.46249962e-01 -3.55306625e-01 -4.09983337e-01
   1.94469003e+00 -3.69763354e-01  5.99083324e-01 -8.04799999e-01
  -5.51106691e-01  1.86482664e+00 -1.02025338e+00  1.53340662e+00
   1.25256677e-01  2.34321666e+00 -4.90120005e-01  7.51583338e-01
  -5.30956666e-01  6.03733460e-02 -4.97953256e-01 -8.15599759e-02
  -1.08196328e+00 -2.03190001e+00 -1.58600334e+00  1.78872335e+00
   1.05176338e+00 -2.40616008e+00  2.17772341e+00  6.58549984e-01
   9.13903296e-01 -1.50659998e-01  3.22233314e-01 -3.49043330e-01
  -3.61263355e+00  1.41263000e+00  1.05417999e+00 -1.82860669e+00
  -3.98366849e-02  1.23976998e+00 -2.59806673e-01 -1.65573007e+00
   5.86690001e-01  4.92379963e-01  5.16903321e-01  1.05680666e+00
   1.24514671e+00  1.21539998e-01 -8.13266616e-02 -8.69630019e-01
   1.67467594e-02  1.95436597e-01 -1.51227339e+00  5.60166652e-01
  -1.24495669e+00 -1.66317999e+00 -3.28993797e-03 -1.02839005e+00
  -1.15661001e+00 -1.34244337e+00 -2.66813338e-01  8.19283346e-01
  -1.15603665e+00  9.54753245e-01  5.30813336e-01 -1.33446336e+00
   8.04823299e-01  1.71306006e+00  4.70473309e-01 -6.68506672e-01
   1.87293013e+00 -1.62645340e+00 -6.15223368e-01 -3.61733337e-01
   2.07368672e+00 -2.40153329e+00 -9.49943354e-01 -3.29810013e-01
   2.21106678e-01 -4.99409964e-01 -1.45100331e+00  3.89589985e-01
   1.18700669e+00  2.27450005e+00  2.02443997e+00 -5.74349970e-01
   2.23331006e+00 -2.58181671e+00 -9.03206701e-01 -4.14336661e-01
  -5.49873307e-01 -1.03400052e-02  1.37528667e+00  2.21077331e+00
  -9.44066644e-01  1.35065667e+00 -3.21033796e-02  9.71733332e-01
   6.99789971e-01 -1.06157666e+00  1.26919667e+00 -3.97209982e-01
   2.50233334e-01 -4.30649996e-01 -2.90849994e-01  5.10259986e-01
  -2.05117003e+00  9.89529967e-01 -5.65004349e-03  2.02574674e+00
   1.41228662e+00  1.80731336e+00 -2.58259002e+00  5.41000068e-03
   2.67200073e-02 -5.04180074e-01  9.62040027e-01  3.79249990e-01
   8.01063359e-01  1.28764327e+00  2.10543656e+00 -3.01853299e-01
   3.40140104e-01  5.70150018e-01 -6.35999997e-01  1.03502335e+00]]