[-0.39184666  0.35083514  0.17617403  0.9054279   0.96272314 -0.23748998
  0.53998256 -0.18351147 -1.7085975   0.31897387  0.13295986  2.4177725
 -0.6172943  -2.504539    0.26007706  0.16073674 -0.7950143   0.10357805
 -1.170191    0.9614119   0.19154887  2.317327   -1.1622525   0.5437852
 -0.6810673  -0.6124109   0.29836524  1.6728969  -0.5918516  -0.8541843
  1.1740278  -0.837148   -1.17019     0.10543266  2.0924687   1.7944813
 -0.87470734 -0.05922653 -1.9423245   0.34722513 -2.3329148  -1.2359917
  1.4307553  -0.2589893   1.1519768   1.4583232  -0.58159935 -0.43057027
 -0.03213792  0.57718    -0.15520956  0.35945836 -0.43908477  1.970128
 -0.83427703  1.5285529  -0.23559107  0.61159617  0.95444936  1.5210894
 -0.52023137  0.9752968  -0.13575476 -1.302814    0.9170462   0.9264419
  0.33290493  0.9200505   0.9713194   0.13008894  1.5930595  -0.66633767
  0.2865377   1.1412858  -1.1881595   1.2848654   1.1273614   0.0342358
 -1.0862595  -0.37963045  0.05569459 -1.1175282  -0.5580533  -1.3613468
  0.69796497  2.3796263  -1.3469236   0.5341409   0.41027564  0.9846389
  0.7437395   0.5009268   0.8266962   0.03792718  0.2048733  -0.72319347
 -0.3729247  -0.72537893 -0.05551897  0.5952363   0.6424343  -1.4080039
  1.6708655   1.0017006   0.99593365  0.90775424 -0.42943943  0.42452848
 -1.4334288   1.6367738  -0.01770882 -0.8846464  -1.4009744   0.5738763
  0.3622209  -2.1259146   0.94592166  0.61471325  0.64411575  0.01333673
  1.143659   -1.527762    0.8909924   1.3543383  -1.4406914  -1.92539
 -1.3629432  -0.10251524  0.23695388 -1.1292622   0.5473016  -1.0339037
 -1.0626833   1.2030164  -0.13892762  0.46756586 -0.9451061   1.1456054
  1.4904474   0.26719224  0.39761102  1.7203054   0.7956695  -1.6240698
  0.83729726  0.06001031  0.08509117 -1.4473271   1.030411    0.4203749
 -0.6090646  -1.2016163   1.1864202   0.75736034  0.2426259   0.88462555
  0.780311    1.6892519   1.1162426  -0.52785903  2.3280618  -1.8673381
 -1.1015927  -0.7433649  -0.33084705  0.08320314  0.01932747  2.684476
 -0.68947005  0.40191224  0.24416687  0.7447616  -0.46206948 -1.1547173
  1.0150199   0.0455582  -0.02860969  1.0727754   1.3965838  -0.11514223
 -1.7711871   1.4219257  -0.5921581   1.565299    2.3369706   0.25695372
 -0.51812655  1.2468388   0.46610418 -0.15360567  1.385715    0.6356755
  1.8185477   1.021408    1.2266597  -0.09442179  0.9624301   0.8862494
 -0.4999693  -0.22987017]