[-1.001815    1.70282    -0.50241506  2.2252226   1.813935   -1.5876349
  0.17185503 -1.0684999  -1.0698225   0.24364503  0.79946744  2.4776576
 -1.116035   -2.5619774   0.38779503  0.64916    -0.677995    1.5689851
 -0.7422501   2.3202724   1.48613     2.7165675   0.59413254 -1.5959499
 -2.1310701   0.75575006  1.9983099   2.548115   -2.5122526  -0.9129075
 -0.304375   -1.2000725   0.564885   -0.9625225   2.8553476   2.1848373
  0.30931002  1.5155826  -1.8891948   1.6850401  -2.10208    -0.81465507
  1.7938526  -0.72708     3.128215    0.51224744  0.35491502 -1.1664075
  0.8378175   0.22231248  0.8801925   0.4195475   1.4028625   0.41823998
 -0.6481775   2.4246626   1.1148174   1.3696225   1.5125375   0.75525755
 -1.399705   -0.09666753  0.04547006  0.095355   -0.04615003  1.58052
 -0.34676248  0.92925006  1.4871974   0.33553755  2.7918174  -1.9913176
  1.4610001   2.6168075  -0.29534745  2.0450575   2.5665925   1.289835
 -1.0045699   1.1317024  -0.9032325  -1.5951174  -0.651785   -1.9158201
 -0.6135526   3.4314752  -2.2561      0.505865    1.6503551  -0.08881748
 -0.8782025   0.65694     0.63387245  0.99344    -0.02816245 -0.83945
 -0.22052252  0.42211998  0.96819997  1.7821949   0.8954725  -0.85587996
  4.15195     0.4667825   0.642495   -0.2930625   0.17933744  1.2633175
  0.0391475   1.7563174  -0.1700125  -1.8105775  -1.7992301   2.0178776
 -0.53425    -3.7085826   1.56462     0.7250375   0.89092     0.48769003
  1.9449226  -3.48741     2.918685    1.6776326  -1.32095    -4.6346674
 -0.04365502  0.95940495 -0.17812249 -2.204405    1.5609125  -0.781845
 -1.4642875  -0.5102025  -1.3832749  -0.30116004 -0.07782751 -0.27032
  1.824355   -0.12259245  0.6119575   0.39823002  1.6437274  -2.9177828
 -0.04911005  0.6566075   2.5949202  -1.41844     1.7236326   2.26612
  1.8202251  -0.65675247  0.55646247  1.3083249   1.6982251   0.8756075
  0.15578246  2.54393     1.9905176  -1.0704701   1.0581875  -2.35028
 -0.66036004 -1.892575    1.8368026   2.1531327   0.26370496  4.04209
  0.930985    2.5216875   1.7408075   0.696365   -0.7310575  -1.274925
 -0.6987624   0.24009499  0.59646255  2.041445    1.44609    -0.64605993
 -3.8904576  -0.395415   -0.62380004  2.9497225   4.2798      1.0559074
 -2.7827475   1.2224649   0.1586025  -0.13075754  2.265635    1.2507524
  1.0069824   2.155895    0.51705    -1.5700326  -0.15917999  2.176645
  0.1884775  -1.3129001 ]