[ 2.42153466e-01  5.01722097e-01 -7.90037215e-01  8.31077397e-02
  9.23541963e-01  3.04177731e-01  8.26284349e-01  7.02417076e-01
 -1.53281868e+00 -1.12736799e-01  4.61982548e-01  2.24324632e+00
 -6.38986304e-02 -4.02429104e-01 -7.83838257e-02 -1.32597968e-01
 -1.12343192e+00  7.25800216e-01 -1.92748189e+00  1.42822313e+00
  2.90357471e-01  2.89210773e+00 -4.80566502e-01  6.88576281e-01
 -9.15090561e-01 -1.18044794e+00  3.95557702e-01  2.62393022e+00
 -3.02296788e-01 -1.13412893e+00  1.69766605e+00 -5.43003857e-01
 -3.00217897e-01 -4.20924783e-01  3.18253326e+00  1.17250717e+00
 -2.01934075e+00  4.20156986e-01 -1.32798433e+00  4.94566083e-01
 -2.29944491e+00 -8.34208548e-01  6.26153409e-01 -2.12107491e+00
  5.87712944e-01  1.38477409e+00 -1.57032788e+00 -1.41770124e+00
 -3.93237084e-01  7.22586215e-01  1.33434534e-01  1.36511117e-01
  1.12269294e+00  1.72379959e+00  5.27623333e-02  1.84036326e+00
 -1.58658147e-01  1.49758613e+00  1.62431765e+00  1.36531305e+00
 -8.81314337e-01  1.92917514e+00  7.16565669e-01 -1.00573552e+00
  6.12929344e-01  2.68867731e-01  1.95564568e-01  1.00354946e+00
  1.33307600e+00 -6.12401724e-01  1.40893269e+00 -1.37811744e+00
  5.57902873e-01  1.96616626e+00 -1.47549510e+00  1.56165159e+00
  1.49291265e+00  5.77089727e-01 -1.97588730e+00 -8.49804819e-01
 -1.28593075e+00 -1.18738401e+00 -1.25866520e+00 -1.74155700e+00
 -2.46139273e-01  2.54490757e+00 -1.08567154e+00  2.04357997e-01
  4.67030257e-01  1.11199617e+00  8.77586305e-01 -6.11910045e-01
 -4.42879319e-01  4.72017020e-01  1.49366096e-01  8.03703308e-01
 -1.20030820e+00 -1.04588640e+00  3.01184982e-01  5.63000619e-01
  2.05952096e+00 -2.03793049e+00  1.77981460e+00  1.03639734e+00
  4.28139508e-01  1.10874879e+00 -8.26590359e-01  1.63794070e-01
 -2.22937822e+00  1.86016619e+00  7.45054781e-01 -2.13403273e+00
 -2.37801504e+00  4.92578000e-01  8.42666447e-01 -3.68365240e+00
 -1.06626816e-01  6.66297793e-01  5.26487112e-01  1.41303277e+00
  1.17728031e+00 -1.78561330e+00  1.20076001e+00  7.47642457e-01
 -5.76724589e-01 -2.37571502e+00 -9.70119298e-01 -9.06210124e-01
  9.18766081e-01 -1.92523110e+00  3.34470958e-01 -1.32650995e+00
 -7.67321825e-01  6.57344043e-01 -5.98093122e-02 -1.35006765e-02
 -8.75497103e-01  9.73999262e-01  4.85940933e-01  6.37232006e-01
  5.58749586e-02  2.09751868e+00  6.42666340e-01 -1.91314435e+00
  5.33456683e-01 -5.38825989e-05  2.26263180e-01 -1.41253984e+00
  1.96007812e+00  4.15919662e-01  3.20618629e-01 -3.71616364e-01
  1.18409264e+00  1.13539708e+00 -1.61224499e-01  1.13476253e+00
  1.15723145e+00  1.13649821e+00  1.45767546e+00 -1.06931758e+00
  3.44826198e+00 -2.73028493e+00 -8.83903682e-01 -6.77678883e-01
 -5.23796082e-01 -6.73121929e-01  2.43303433e-01  3.19941568e+00
 -1.41502655e+00  3.69670212e-01  8.75929892e-01  1.66795146e+00
 -1.46759272e+00 -1.01134443e+00 -1.42427534e-01  2.50615954e-01
  4.80420478e-02  1.24471045e+00  1.18399441e+00  7.84732044e-01
 -2.62511039e+00  2.03750014e+00 -1.14598286e+00  1.80150270e+00
  3.38611245e+00  1.76479077e+00  6.31141186e-01  3.11745435e-01
 -5.59972048e-01 -2.78702490e-02  1.27095079e+00 -2.36319736e-01
  1.01808178e+00  1.13821614e+00  1.65276492e+00 -5.29860973e-01
 -7.28491247e-01  6.17175996e-01 -3.54261361e-02 -1.22755253e+00]