[[-1.04567381  1.30188523  0.01018429  1.2994119   1.92447522  0.79535715
   0.86178047  0.84456335 -1.65578187  0.72283904  0.1883181   2.06806194
  -0.69796858 -3.11337334 -0.17638284  0.31508428 -1.46882805  0.61359903
  -1.61608858  1.40845955  0.92257332  2.17139716 -0.78941574  0.30549999
  -0.55787522 -1.52609188 -0.08518002  3.11601952 -0.38192046 -1.07314574
   0.84631048 -0.65548143 -0.77015571  0.14712809  1.86240621  2.48338617
  -1.12233666  0.52757094 -2.62042998 -0.01417426 -2.64821758 -1.77555523
   1.89192049 -0.52310383  1.1748876   0.85027091 -0.85240669 -0.92994574
   0.26732191  1.78968332  1.31944099  0.68975095  0.53742524  1.50421714
  -0.9388181   1.81979713 -0.09667477 -0.0723838   1.37857666  1.45985382
  -0.18220284  0.49987952  0.07256382 -2.2602081   0.56377571  0.89920763
   0.14994954  1.35563239  0.26874096 -0.34849905  3.05331576 -1.01120428
   0.3249357   1.66268145 -1.53012478  1.42441808  1.55194383  1.17563572
  -2.12001902 -0.6329624  -0.66754569 -0.79200812 -0.5244824  -2.51396286
   0.83125145  2.83380477 -1.0584776   0.54839242  0.69465953  1.1976995
   0.91265049  0.20621664  1.12212525  0.05378143 -0.12775002 -0.43391524
   0.31291855 -0.77867     0.14490331  1.05063617  1.70503098 -2.39400097
   1.78331474  0.66617379  0.44139095 -0.06037238 -0.43300047  0.73460477
  -1.95558     2.93614336  0.36291998 -1.80693958 -1.31845431  1.38987383
   1.03006095 -2.48542429  1.11402095  0.65337713  0.11866759  0.61639096
   1.89109719 -2.05795234  1.03047092  2.39791237 -1.21120952 -2.45432333
  -2.54549952 -0.40449382 -0.44312475 -1.83388479  0.82984712 -1.11193048
  -0.94859097  0.48924474 -0.19276619  0.25630238 -0.22742525  1.74116715
   2.13599236 -0.18868239 -0.62434904  1.26685097  0.90237667 -2.82566
   2.24344668 -0.56625619  0.28140286 -2.2193143   1.98736474  0.41095665
  -0.33752522 -0.87605576  1.43684286  1.35987046  0.26697046 -0.32607095
   1.06423001  2.29725331  1.21234239 -0.37444713  2.0277495  -2.56599048
  -0.84073855 -0.80985808  0.46823522  0.52354192  0.59327236  4.03094094
  -1.19727524  1.64138192  0.52274859  2.32888618 -0.90278713 -1.02978382
   1.00192952 -0.32991862 -0.27201286  0.96287334  2.11941809  0.4131257
  -2.8906904   1.12373144 -0.99343287  1.25409666  3.41722719  0.76684526
  -1.04400143  1.50727763  0.54005762 -1.26272569  1.55881193 -0.1711905
   2.27142378  0.98086809  2.95516949 -0.67271428  0.54089668  0.74200334
  -0.62447571  0.21172859]]