[-8.24115634e-01  1.88490570e+00 -1.15582335e+00  2.77740669e+00
  1.87356234e+00 -1.69835448e+00 -4.95225191e-03  2.47375584e+00
 -1.25578761e+00 -6.56244308e-02 -7.24757850e-01  2.51077986e+00
 -1.17060995e+00 -2.29831672e+00  1.03471327e+00  7.93534458e-01
 -4.50636655e-01  5.65876961e-02 -1.36411428e+00  1.92010903e+00
  1.76878884e-01  2.34800792e+00 -3.49796593e-01  3.62533331e-02
 -4.15926665e-01  2.05181062e-01 -8.41116667e-01  2.34253788e+00
 -3.19568872e-01 -4.40377802e-01  2.26155210e+00 -1.04953897e+00
 -3.05892324e+00 -2.94554234e-03  5.21402311e+00  1.68174660e+00
 -1.48518443e+00 -1.68081120e-01 -3.11206555e+00 -2.69867778e-01
 -2.12300897e+00  4.38204437e-01  2.95713663e+00  7.06310943e-02
  1.76204538e+00  1.78751433e+00 -9.82859910e-01 -8.24313343e-01
  7.13463366e-01  1.16666889e+00 -7.94594526e-01 -1.02870226e+00
  2.26994455e-01  1.40412450e+00 -1.21420097e+00  2.11053109e+00
 -4.97334544e-03  8.04221153e-01  1.94162452e+00  1.28493106e+00
 -1.49945343e+00  6.56311154e-01  1.13133001e+00 -2.80492997e+00
  1.92206109e+00  2.88223326e-01  1.87195015e+00  1.40816665e+00
  1.47740781e+00  1.25873995e+00  2.79525900e+00  7.16656685e-01
  1.46378779e+00  2.75667882e+00 -7.37936676e-01  5.14763355e-01
  1.35765791e+00 -1.52026451e+00 -4.97926652e-01 -2.33912563e+00
 -8.50104451e-01 -8.43139946e-01 -1.26357114e+00 -3.47537786e-01
  2.14355755e+00  3.04402232e+00 -2.01109982e+00  1.05231166e-01
  1.68827116e+00  1.03683233e+00  2.17735910e+00  5.92733212e-02
  9.40671206e-01  1.33793449e+00 -7.60222301e-02  6.07005537e-01
 -5.19116640e-01 -1.30768108e+00  1.36577559e+00  4.44591105e-01
  1.68582439e+00 -6.39938951e-01  2.79350996e+00  3.07588577e-02
  1.47536886e+00  1.09009004e+00 -5.47294438e-01 -2.41322249e-01
 -1.09402990e+00  1.06381762e+00  6.02574527e-01 -2.05741453e+00
 -1.45630777e+00 -3.21933329e-01  1.66757226e+00 -3.06971884e+00
  8.99719954e-01 -6.61491096e-01  1.47945547e+00  2.39293671e+00
 -1.60905555e-01 -2.37455440e+00  5.34208953e-01  2.39641309e+00
 -6.88686609e-01 -3.68310809e+00 -1.69482446e+00 -1.35219538e+00
  2.27109766e+00 -1.57635555e-01  4.68598962e-01 -2.09315109e+00
 -1.00200224e+00  1.04749668e+00 -1.30653894e+00  9.68433261e-01
  5.19877732e-01  1.39156449e+00  3.07000542e+00  6.36240005e-01
  1.66824445e-01  2.67882371e+00  1.02931774e+00 -9.01662171e-01
  1.85704565e+00  1.14723337e+00  1.26329994e+00 -1.90381324e+00
  1.46602225e+00  2.64303356e-01 -1.68232560e+00 -2.22992659e+00
  9.78088751e-02 -3.34124416e-01 -7.07328916e-01  1.37815118e+00
  1.43502223e+00  2.75326014e+00  1.28697991e+00 -2.52106428e+00
  3.93887115e+00 -1.06021571e+00 -5.22185564e-01  6.37211084e-01
 -2.03784525e-01  6.20871127e-01 -8.96978915e-01  3.60713673e+00
 -1.33991137e-01 -2.24701136e-01  1.99295595e-01  1.06015551e+00
 -1.53754330e+00 -1.71469104e+00  1.91135895e+00  4.12512273e-01
 -3.80421728e-02  1.61934221e+00  2.05247784e+00 -9.56303298e-01
 -1.48359776e+00  2.22816324e+00 -1.07773674e+00  8.49335551e-01
  2.87800312e+00  1.26536548e+00 -9.11187708e-01  2.61597657e+00
 -9.07976687e-01  6.26568973e-01  2.50118446e+00  3.29371154e-01
  2.62932777e+00  8.89906585e-01  2.50188565e+00 -1.06259668e+00
  3.26477796e-01  1.24667227e+00 -5.75686693e-01 -1.77566993e+00]