[[-0.50957698  0.65783798 -0.55107796  0.59949002  1.38415799 -0.11323195
   1.210054   -0.70102196 -1.60650107 -0.135843   -0.414235    1.44516499
  -1.09647898 -3.17150192 -0.18565804 -0.717216   -0.84304605 -0.90857298
  -2.04422798  0.68039101 -0.25187001  2.02042906 -0.40327699 -0.16904297
  -0.19320399 -1.17529507  1.05720003  2.07253696  0.24696397 -2.14197893
   0.511443   -1.34787696 -1.271       0.12773596  2.53662802  2.04010103
  -2.01803397  0.83800097 -0.55845804 -0.19665401 -2.08463705 -0.61498702
   1.77912693 -0.80797102  0.88709103  1.65189702 -1.00118398 -1.19121393
   0.38408798  1.33617003  0.700408    0.15945897  0.68716501  1.03492098
  -0.84428799  1.542952   -0.57095306  0.51003     1.24603202  1.76668399
  -0.69200494  0.55290001  0.75377996 -1.41839205  0.52622403  0.664284
   1.13956102  0.79965796  0.15612099  0.33866601  1.21401903 -0.95646701
   1.12744299  1.69172903 -1.86284104  1.64111599  0.59410802  0.432092
  -1.47680699  0.10855201  0.34279102 -0.392567   -0.20063499 -2.43396592
   1.12358497  2.26540998 -0.11838898  1.62146604  1.172954    1.65463904
   0.150634   -0.88754102  0.96305304 -0.364138   -0.01105998 -0.41417201
  -1.00558703 -0.307107   -0.68206203  0.45375198  1.244296   -2.10249584
   2.13389595  0.87809696  1.04444402  0.69458702  0.471985   -0.325113
  -1.68456703  1.81072508  0.536044   -1.53790703 -1.13935699  0.41228299
   0.84755701 -1.84846799  0.30178503  0.800462    0.342403    0.01634399
   1.36977805 -1.83640301  1.74842895  1.73151801 -1.68490294 -1.12419103
  -2.14555502 -0.21123899  0.404055   -0.84671798  0.90722699 -1.90733798
  -1.74122702  0.42680504 -0.45231701 -0.02783101 -1.04350504  1.22184601
   0.77664199  0.450487   -0.539615    1.91032501  0.41606499 -1.65371403
   1.55873803 -1.21166601  0.67182004 -1.90731809  0.95146401 -0.02990901
  -0.37868095 -0.73913797  1.50427998  0.94335608 -0.33364999  0.22356098
   1.80751798  1.90647098  0.63305698 -0.63064703  2.12852307 -2.35646709
  -0.63204501 -0.18322498 -1.04507501 -0.50206497 -0.08718101  3.09073312
  -1.97153703  1.29027601  0.20650404  1.42755395 -1.72910699 -0.93434801
  -0.75380702  0.25339    -0.08717     0.73878603  0.522032   -0.272605
  -2.58206792  2.280291   -0.46798598  2.25545205  2.80566297  0.37905199
  -0.90935099  1.01305401  0.69366    -0.26692999  1.59804303 -0.60558299
   1.16007202  1.40016399  1.7608161  -0.093551    0.503452    0.20787799
  -0.41143    -0.43238998]]