[[-0.34913191  0.36101385 -0.06574382  0.35916268  0.87862364 -0.3908225
   0.32069001  0.71767732 -1.36920867  0.2131952   0.09052156  1.71383039
  -0.29040443 -1.9322452   0.3357475   0.09077038 -0.38340404  0.14636866
  -0.48744924  1.03561037 -0.15937307  2.28553404 -0.50604999 -0.00663999
  -0.73113462 -0.63097925  0.20093905  1.79990249 -0.7250877  -0.47694211
   1.09006693 -0.74842728 -1.19693597  0.45091     1.5928071   1.21453632
  -0.63366367  0.29332405 -1.64512097  0.30680018 -1.53651348 -1.18641597
   1.52958233 -0.6083502   0.7608771   0.86731731 -0.840805   -0.4327802
  -0.2027002   0.94370076 -0.09303807  0.0675146   0.15116001  1.26830193
  -0.7804098   1.12675634  0.03985018  0.35458058  0.83038981  0.37693865
  -0.37359422  0.93836752 -0.19201501 -1.40287038  0.59583403  0.53142655
   0.05525058  0.74973557  1.07763193  0.42560596  1.31598712 -0.16245212
   0.64928096  1.0079673  -0.95368403  0.80512269  0.95358654 -0.41277385
  -0.97067481 -0.64331191 -0.38955942 -0.87605826 -0.61578808 -1.53962962
   0.61880924  2.35341811 -1.28814866  0.30037404  0.33491078  0.67315979
   0.78009904  0.3987023   0.41997884  0.40860596  0.07589558 -0.27520271
  -0.36342751 -0.59547538  0.06443788  0.76531557  0.41670634 -0.93793711
   1.49437404  0.88044615  1.51506558  0.80110982 -0.53369885  0.66860635
  -1.24926692  1.30672519 -0.51129501 -0.8948571  -1.56887002  0.3883404
   0.345105   -1.773529    1.30368173  0.16025385  0.27579309  0.1879475
   0.8725473  -0.99847076  1.28440885  1.71118806 -0.99844805 -1.78122501
  -0.61928673 -0.30091326  0.3977998  -1.30737172  0.1048073  -1.00964251
  -0.73452     0.35424962 -0.04919847  0.48791769 -0.35613251  1.21732482
   1.53956039 -0.07400251 -0.03951288  1.30993306  0.50656674 -1.32647769
   0.9245848  -0.34771617  0.38362152 -1.19872732  1.46916864  0.38165154
  -1.16157174 -0.71462249  1.23896365  0.5872729   0.61882288  0.87350579
   0.54378174  1.54286946  1.22335403 -0.63172771  1.90214291 -1.54709498
  -0.84984018 -1.09985731 -0.55007576  0.21151135 -0.07875308  2.53943673
  -0.78754653  0.52961556  0.44004598  0.76519174 -0.67492385 -0.81287384
   0.81024922  0.3508448  -0.13009519  1.17614385  1.63294847 -0.35813231
  -1.78169924  1.2029502  -0.35597578  0.70798173  2.01345098  0.15685153
   0.21143902  1.24526733  0.57797885 -0.21792212  1.17945921  0.84375981
   1.63864611  0.72818924  1.23234307  0.24804192  0.77388403  0.68009635
  -0.19671654 -0.16359941]]