[ 0.808265    0.72759503 -0.50537753  0.4001275   0.095195   -0.6109875
 -0.98153     0.2614025  -0.3759125   0.94078     0.22569     0.6961075
  0.605075   -0.5261525   0.81214005  0.17618749  0.98454     0.331425
  1.7659099   0.61256754 -0.810915    2.1711974   1.3550925  -0.7617075
 -0.5449875   0.34732497  0.1446725  -0.68648005 -1.1990725   0.33034748
 -0.13652     0.635075   -1.338865   -0.425065    0.30872     0.4897375
  0.2957475   0.1936     -0.502725    0.84877753 -1.309485   -0.63215005
  0.073485   -0.242375   -0.1606225  -0.1699725  -0.20786001  0.1090275
  0.4464175   0.75083005 -1.0658225   0.151835   -0.1012875  -0.4392975
  0.37569252 -0.41830498  0.1950725  -0.1878825   1.39745    -0.8249125
 -0.57434     0.65578496 -0.20043251 -0.3519225   0.88165754 -0.19078
 -0.106555    1.1139475   0.72599745  0.1387475   0.20817749  0.16346
 -0.167595    1.2926576  -0.462065    0.51089     0.18046251 -0.4921275
  0.40831748 -0.72932     0.031375   -1.2188826  -0.7127475   0.26304
  0.3750125   1.4507949  -0.51381    -0.6353575   0.97346     0.6860225
  0.7848      0.0740875   0.3923025   0.1598125  -0.34516498  0.29399002
 -0.0356425  -0.5225725   0.3047925   0.44915003 -0.30827    -0.025395
  0.2556975   0.01961     1.1779151   0.90703005  0.0115      0.2472575
 -0.06199     0.15816501 -0.49611    -0.4511325  -0.8425075   0.73457503
 -1.3101125  -0.483785    1.305775    0.1097425   0.158875    1.6575375
 -0.26888502  0.61317253  1.062285    0.5303825  -0.2574975  -2.292475
  1.0799501   0.36194998 -0.1898025  -0.36798    -0.243285   -0.2946175
 -1.176195    0.2971025   0.126415    1.3624425   0.17574501 -0.14199
  0.732745    0.7394975  -0.2764075   0.29379     1.267175   -1.052875
 -0.33279502 -0.0668225   0.4858225  -0.3262125   1.5706625  -0.09834251
  0.309915    0.50546    -0.643065   -0.62148     0.45009252  0.10114
  0.1620125   0.8777275   0.1106125  -0.43373     0.581725   -0.54624504
 -0.2302125  -0.35860503 -0.9574425  -0.45113     0.54685247 -0.73292005
 -0.0692175  -0.35818     0.637865    0.4059      0.812945   -0.73641
 -0.36530498  0.7821625  -0.034355    0.7341525   0.18726    -0.19613
 -0.929085   -0.115765    0.599375   -0.2494975  -0.262135   -0.3193475
  0.18721251  0.4205275   0.1826     -0.282585    0.2247175   0.94015
  0.79967254  1.1594574  -0.2762875  -0.22097251 -0.3137275   0.85800254
 -0.3687075  -0.968335  ]