[-1.0156187   0.8595863   0.4732044   0.8805744   1.4205188   0.62824243
  0.32570878  0.00780937 -1.3828906   0.49724686  0.4234719   2.2167964
 -0.77272    -2.5669258   0.22172251 -0.43513876 -1.3264202  -0.20306936
 -1.2997187   1.16483    -0.03207938  2.992445   -0.7915288   0.11649314
 -0.66277874 -1.5278795   0.8662456   2.7195044  -0.59636253 -0.94360113
  1.5141163  -0.4177269  -0.4217294   0.61517376  2.5967493   2.140788
 -1.1812807  -0.09244689 -1.4735606   0.46172065 -2.1731112  -1.3680964
  2.069703   -0.44953063  1.0836538   1.7711076  -1.1755768  -0.41212684
  0.52784497  0.58848625  0.56194746  1.3005937  -0.49601555  0.7816644
 -0.7088957   0.7845337  -0.8846319   0.13426626  0.7863751   1.8147168
 -0.1061856   0.4291306   0.41232562 -1.330102    0.76834    -0.05282437
 -0.0354581   0.9433776   0.8515893  -0.1968337   1.2672219  -1.0882574
  0.92787313  1.369668   -1.7360609   0.9600519   1.4645157   0.30868626
 -1.5651407   0.1548956   0.15995377 -0.26106375 -0.6854094  -1.2549256
  0.08542813  2.0744274  -0.98651874  0.63866377  0.85717684  0.9327619
  0.92087567 -0.19751126  0.5488706   0.21680748 -0.14422688 -0.56762123
 -0.63881814 -1.6054661  -0.96991134  0.2651      1.291535   -2.1832407
  1.7835219   1.5258293   0.3021925   0.9453044  -0.58518183  0.6131625
 -1.2371337   1.5220939   0.29599312 -1.8928282  -1.7120675   1.2551799
  0.26477    -1.4180188   1.0309343   0.19932747  0.9035606   0.19671685
  1.20295    -1.4181826   1.6795225   1.6720964  -1.1849557  -2.3192637
 -1.0797156  -0.5835319   0.661865   -1.1265261  -0.08061498 -1.1799744
 -0.15640435  0.43838003 -0.5922893   0.6529919  -0.18637374  1.7570813
  1.8269857   0.39686933  0.13398623  0.83800554  0.91993064 -0.43195063
  1.4385105  -0.40948567  0.39638373 -1.9636137   1.7712475   0.45377314
 -0.37908688  0.1913975   1.049685    0.90010256  0.8863256  -0.209945
  1.2776188   2.394987    0.6902144  -0.6895818   2.8200264  -2.516855
 -0.76777995 -0.7246112  -0.20247938  0.28307     0.5788075   2.9841113
 -0.4304919   0.5494156   1.0938206   1.5281606  -0.24424127 -0.95991755
  0.3440663  -0.41813496 -0.09789124  0.8688287   0.6612319  -0.33133316
 -2.3704116   2.071187   -1.0545318   1.7932869   3.0201473   0.64566
 -0.1161431   0.5595936   0.26437998 -0.16582     1.4360945   0.47800002
  2.4177494   1.2562068   2.2491398   0.08334123  0.59614563  0.18299375
 -1.2339723  -0.6516831 ]