[ 0.16528134  0.819235   -0.18734659  0.94620234  1.2169828   0.28309208
  0.6732322   0.10630369 -1.6398146   0.2111677   0.6584366   2.0710998
 -0.9108507  -3.0586162   0.16178842 -0.09293026 -0.54395473 -0.1286155
 -1.4334624   1.4510895  -0.5789137   2.2897153  -1.1006199   0.2452766
 -0.50655216 -0.9893573   1.0296564   2.497082   -0.44637635 -0.37229952
  0.6236205  -0.49669507 -0.9127926   0.6968426   2.9133897   1.5436748
 -0.79370517  0.29791683 -1.3957971  -0.03115947 -2.030524   -0.8658296
  2.125866   -0.442219    1.4195405   1.5497057  -0.93820983 -0.8543019
 -0.10714551  1.1386766   0.6996338   0.48790896 -0.11585287  1.4766372
 -0.83183527  1.4014381   0.3223653   1.0088042   0.8963685   0.7288471
 -0.24560238  1.7503158   0.07014026 -1.3146172   0.6788968   0.4381958
  0.04419655  1.2322711   1.1142765  -0.21096201  1.948329   -0.95913875
  0.6361006   1.8542848  -1.8377498   1.4165016   1.6056986   0.85460585
 -1.5659983  -0.61033577 -0.01151741 -0.6947853   0.09377736 -1.3466446
  0.7821764   3.1521974  -1.2839968   0.40398732  1.1740177   0.7454305
  0.8082721   0.3911702   1.1210502  -0.2337637  -0.16949233 -0.5417974
 -0.72424847 -0.71713424 -0.03359524  0.54568785  1.2347443  -1.6762425
  2.0396388   1.4294566   1.1035856   0.7141121   0.14582002  0.02438869
 -1.1186682   1.5975177  -0.07947792 -1.1758268  -1.4311296   0.47594628
 -0.4248559  -2.1314275   0.37853     0.14191265  0.38666794  0.7037673
  1.2309065  -1.3051938   2.1882951   1.6034377  -1.2307854  -1.6996711
 -1.2427047  -0.5350679  -0.25533605 -1.4922953   0.09158792 -1.3938165
 -1.2749188   0.7568911   0.09604607  0.5897576  -0.7645266   1.306828
  1.5887198   0.19341186  0.34507975  1.5194927   0.78797865 -1.2733854
  1.2183522  -0.8448852   0.3930532  -2.0154326   1.4029152   0.24451394
 -0.61591345 -1.3519392   1.0227066   0.97934854 -0.04548158  0.3295589
  1.6910506   1.7724539   1.242331   -0.26779842  2.0556016  -1.8141094
 -1.3093886  -1.0731202   0.45647767 -0.289195    0.47075784  3.5128467
 -0.90252054  0.80996484  0.8383544   1.235846   -0.54619    -1.0868013
  0.34647837 -0.0261366   0.21778603  0.8627318   0.8414934  -0.4724763
 -2.5423756   1.3023821  -0.773204    1.2849568   3.3474815   0.90945005
 -0.00613369  1.0898921   0.06054605 -0.5830253   1.8748348   0.62487394
  1.5446826   0.8778521   1.3904854   0.28116152  0.57978344  1.015506
 -0.30787158  0.22573368]