[[-0.41956997  1.10151498  1.07759158  0.79207333  0.40437166  0.63223004
   0.23899341  0.26461001 -2.34264342  0.023545    0.37839166  2.27643331
  -1.37713337 -1.3447051   1.1448133   0.21703001 -1.08670839 -0.254635
  -1.00229335  1.60485999  0.47005165  2.19160334 -0.38300002  0.07479332
  -1.05936829 -0.21436167  0.18561832  1.49973504 -0.10312333 -1.00292333
   0.68798836  0.05113999  0.62465338 -0.48965502  2.80400848  1.76877006
  -1.93711678  0.25033335 -1.23250659  0.52663668 -1.08281517 -0.75173497
   1.23499664 -1.68823163  0.59498994  0.98371498 -0.49386493 -0.49189333
   0.6714166   1.26532666  1.37260834 -0.80517165 -0.46097334  1.85013008
  -0.83475335  1.77303155 -0.3501033  -0.81710498  1.46768999  2.58310986
  -0.69215337  0.48274334  0.33379002 -1.17448672  0.77510667  0.6518784
   1.15947008  1.31330331 -0.02327836 -0.76368006  1.315195   -1.98912001
   0.5813483   0.85833836 -0.64358338  0.49947333  1.25245833 -0.10900499
  -0.787275   -0.43335168 -0.35818497 -0.13804667  0.11887001 -1.48846658
   0.00632     1.61952162 -0.21214668  0.91770999  0.53939676  0.83448998
   0.5985717   0.74931661 -0.16352501  0.62720839 -0.43964001 -1.33056339
  -0.50591667  0.24616669 -0.27242168  1.04188665  0.64654505 -1.46737178
   2.35317675 -0.27084665  0.94009336  0.5448734  -0.18232338 -0.05566168
  -1.78254843  0.90276003  0.59396338  0.17427502 -0.34446335  0.88821332
   0.79296494 -1.35354662  0.21135165  0.44328666  0.027465    0.34340831
   1.73265346 -0.63280002  1.52214003  0.36552163 -0.97266992 -2.05981509
  -2.26192665  0.87439831 -0.34824828 -1.19040839  1.38248841 -1.92935499
  -0.95744999  0.62066666  0.43842995  0.41236496 -0.553955    0.53452837
   0.39355667 -0.18211504  0.09066498  1.808695    0.23005001 -0.73461008
   1.21421337 -0.80267835  0.64566501 -1.85109504  1.60021845  0.36265834
  -0.33205167  0.10849333  0.36523167  0.01029835 -0.36353834 -0.35578831
   0.82567167  1.75499662  0.5298384  -0.68294668  1.72673003 -1.18512662
  -1.00151173 -0.22646505 -0.39983336  0.22311997  0.80077664  1.90587997
  -0.66541163  0.68366003 -0.33304667  1.85311667 -1.40673828 -1.0454917
   1.27111665 -0.34536668  0.01719501  0.93666339  0.93961501  0.31334333
  -2.48290491  1.01836006  0.51206668  1.78235833  3.15297349  0.82874505
  -1.61422984  1.30199496  0.42152667 -0.22114162  0.87507335 -1.10692334
   0.89218005  1.44031827  1.68644333 -0.67016665  1.31684828  1.253685
  -0.36336168  0.06192168]]