[-0.44410768  0.5258206  -1.4511784   1.1254472   2.0743823   0.21322061
  0.6148918  -0.38374943 -0.7998287   1.1584376  -0.17088468  2.1579797
 -1.649143   -3.7674692   1.0060364  -1.3029124  -1.301161   -0.25657532
 -1.5248893   2.2575195  -0.07115825  3.3052475  -0.7633965  -0.49467832
 -1.0160787  -1.04445     0.74086255  1.5138766  -0.47223887 -0.8219571
  1.1716048   0.07904176 -0.79853815  0.07238062  2.656077    2.330412
 -2.2932606  -0.10194001 -1.9112078  -0.33326408 -3.1445792  -1.2916136
  2.1103323  -1.7114329   0.99922705  1.6982993  -0.4597723  -1.2664107
 -0.32255223  2.3458507   0.43592584  0.9612335   0.0283059   1.2099983
 -0.710137    1.2787648  -1.2239865   0.2652259   0.8863277   1.0162706
 -0.6668341   0.90042484 -0.20180763 -1.5831536   0.65091294  0.7638001
  0.58005124  1.15602     0.7194734  -0.2097459   3.1459758  -0.29453596
  2.0073323   1.7561941  -1.072028    2.1342397   1.1083288   0.33447173
 -2.0589776   0.17734003 -0.0568594  -1.442083   -0.15277943 -2.1127284
  0.7067771   4.227273   -1.2705278   0.10204883  1.8189154   1.4281793
  0.9670788   0.14423704  1.0097501  -0.61087465 -0.82500887 -0.3920965
 -1.8100877  -1.9462231  -0.8027947  -0.13920122  1.7281165  -2.1431775
  2.5584652   1.7525305   1.0479665   1.4568      0.20174176  1.2629464
 -1.1571294   1.7301359   0.1581259  -2.2746067  -1.6090052   1.0758029
 -0.09643647 -1.3025999  -0.03891175 -0.07335416  1.306216    0.67047644
  1.2151893  -1.9771161   2.9648087   2.5935087  -1.1214418  -2.6055713
 -0.72042006 -0.55774003  0.6547936  -2.2475457   0.3736006  -1.7081195
 -0.8032664   0.5301871   0.8316977   1.6730477  -0.5962941   2.1602345
  0.89334244  1.265219    0.46704176  1.1851712   0.44556114 -0.8887834
  0.88033235 -0.76092064  1.6141436  -3.1658912   1.3924205   0.8692612
 -0.42282414 -0.5317828   0.7049959   1.1223441  -0.25725177  1.0467241
  0.7172283   2.5806892   1.2024429  -1.0428222   3.3811214  -1.6246787
 -0.59284765 -1.8238429  -0.30221057  0.10080943 -0.21784294  3.1955485
 -0.9895794   0.6328088   2.3781111   2.220174    0.05033416 -3.181906
  0.04778001 -0.30288413  0.09170534  1.5978912   0.96609586 -0.8956012
 -3.4281836   2.0236373  -0.95636773  2.510291    4.2742414   1.4931092
  0.16225417  1.0256071  -0.3431277  -1.41226     1.6128713   0.71614707
  2.3235197   1.4101471   0.99494517  0.23185764  0.8247629   1.4521523
 -0.68610054  0.6713864 ]