[-1.0653424e+00  2.1839325e+00  7.7660996e-01  3.1502323e+00
  8.1881744e-01 -9.2212003e-01  5.0985899e+00  1.6663225e+00
 -9.2888749e-01  1.2400676e+00 -5.5458504e-01  2.9119325e+00
  4.8922506e-01 -2.0776772e+00 -1.0498674e+00 -8.3640009e-02
 -1.2751175e+00  9.7265500e-01 -2.6625320e-03  8.3238757e-01
  1.3077824e+00  2.0905075e+00  4.2235756e-01  1.9203051e+00
 -1.6565075e+00  4.9040502e-01  9.8886001e-01  9.1265249e-01
  6.2520254e-01 -3.0453750e-01  1.0288424e+00  1.8848997e-01
 -2.2907100e+00 -9.4386005e-01  1.7761525e+00  2.6941724e+00
 -6.8627000e-01 -1.3778950e+00 -3.1327777e+00  6.1859751e-01
 -6.8333507e-01  9.2145753e-01  3.6668250e-01 -1.2145996e-01
  1.2879474e+00  1.3761749e+00  5.3468496e-01 -1.6752750e+00
 -1.8755876e+00  9.2477530e-02  6.8810248e-01  7.0392001e-01
  1.7120725e+00  2.5003800e+00 -2.2549507e-01  6.6928744e-01
 -9.6631747e-01  2.8742003e-01  3.0675573e+00  5.2305026e+00
  2.9096004e-01  6.8612498e-01  2.2070575e+00 -1.6101525e+00
  1.5811701e+00  5.6535745e-01 -5.1969504e-01  4.4097751e-01
  1.2773473e+00 -8.6392492e-02  3.8241448e+00 -1.6745375e+00
  2.5913849e+00  2.4532795e+00  2.5068998e-01  3.5223997e-01
  1.4491575e+00  4.1296753e-01  2.5680250e-01 -2.9424500e+00
  3.9680499e-01 -1.5242001e+00 -7.7973753e-01 -1.9937725e+00
 -7.6213753e-01  2.5343876e+00 -1.5895224e+00  8.0709505e-01
  4.0452248e-01  2.2865648e+00  2.1747150e+00  4.5242500e-01
 -3.9616495e-01  3.0732505e-02  5.8322489e-01  8.2945502e-01
 -6.0904509e-01 -2.3101549e+00 -6.2377250e-01  2.2096350e+00
  4.1406398e+00 -9.8767489e-02  1.4260275e+00 -1.2908125e+00
  2.1456504e-01  1.2972701e+00 -4.2396495e-01  2.8757377e+00
  8.4930062e-02  2.1503124e+00 -1.0512027e+00 -1.9960376e+00
 -1.8723762e-01 -7.0994008e-01  1.0425375e+00 -1.8688475e+00
  1.6336901e+00  2.4332900e+00 -5.9732497e-02 -7.9159498e-01
  2.0451224e+00 -8.5738254e-01  3.7092999e-01  2.2175798e+00
 -2.6417801e+00 -3.5360227e+00 -2.0448825e+00 -2.5561002e-01
 -1.4747400e+00 -2.2071099e+00 -1.3392496e-01 -6.8592250e-01
 -5.4655999e-01 -1.6056576e+00  6.5699816e-03  3.2943578e+00
  2.3315012e-02  2.1349077e+00  2.8214250e+00 -1.0812900e+00
 -1.0950506e-01 -7.2316253e-01 -3.0519751e-01 -3.5767875e+00
  1.5823350e+00 -6.1668503e-01  7.0097506e-01 -2.2476876e+00
  1.5947651e+00 -1.4425250e+00 -6.7264998e-01 -1.5311725e+00
  4.1473274e+00  1.2342950e+00  7.1306002e-01  1.8254501e-01
  2.8625975e+00  2.7330503e+00  2.7203898e+00  1.9507253e-01
  1.5120625e+00 -2.2561750e+00  4.4985744e-01 -8.5273999e-01
  2.0949249e+00 -2.8475451e+00  3.6423099e+00  4.6424251e+00
  1.4251850e+00  6.5806246e-01 -1.6746099e+00  7.2722501e-01
 -1.2798126e+00 -2.5876000e+00 -1.4468250e-01  1.6327975e+00
  5.5130064e-02  2.3102624e+00  7.4647003e-01  9.3155086e-02
 -4.0493751e+00  8.3618253e-01 -1.5466502e+00  1.0313599e+00
  2.5111976e+00  1.0442951e+00 -1.2260225e+00  2.6080401e+00
 -5.1302522e-02  5.2946758e-01  2.1579025e+00  2.9465652e+00
  1.4054927e+00  1.5598199e+00 -1.5448499e-01 -6.7421007e-01
  8.3659256e-01 -1.2162225e+00 -9.8752499e-01  1.3392224e+00]