[ 0.607367   -0.20820102  0.336502    0.89951     0.36060095  0.25180203
  1.0607951   0.74328405 -2.6872392   0.7363249   0.827587    2.753254
 -0.467699   -1.0831479   1.0759009   0.75629    -0.85818404  0.22528799
 -1.4236839   2.1592982   0.43807298  1.8467782  -0.63152397  1.001758
 -0.809522   -2.458613    0.92667705  2.111136    0.01524192 -1.615127
  1.0308411  -0.517993   -0.27099895 -1.172459    3.213473    0.698228
 -1.605869    1.237128   -1.445478    0.509927   -0.92285997 -0.35041302
  1.2219719  -1.069648    0.5316509   2.145234   -1.547605   -1.2561401
 -0.64516914  1.076965    1.2104012   0.69564396 -0.18332699  1.6066339
 -1.069758    2.5234733   0.25306195  1.01224     2.0492177   1.691094
 -0.45482     1.7172861   2.1417823  -1.44025     0.640168    1.7724739
 -0.43803802  0.751226    1.05205     1.172851    1.50103    -1.3180879
  1.3306758   2.0700161  -2.326699    1.528722    1.261811    0.22511601
 -2.3704429  -1.6066631  -1.343478   -1.304107    0.42029    -2.8495579
 -0.54016006  1.5739111  -1.2702969   1.235392    0.04662006  0.31396204
  1.9316088   0.44817606  0.48885298  0.557953   -0.07943404 -0.95940703
  1.0140179  -0.7012831   0.56183094  0.568176    2.07251    -3.3265278
  2.503677    1.29699     0.749492    0.67301905 -0.682166   -0.609225
 -2.5502353   1.7154812   0.79042196 -0.9907689  -1.6887261   0.91477805
  0.912127   -3.4360402   0.5994201   0.6108331  -0.18185404 -0.30597407
  1.9367158  -1.765432    2.4519699   1.6108459  -0.960022   -2.588963
 -1.206377   -1.153463    0.39201808 -2.7487469   0.151159   -1.079262
 -0.07775901  0.8144     -0.27873     0.27490097 -2.282156    1.678017
  1.349186    1.613703   -0.15380397  1.291324    1.0848271  -1.5642761
  0.971103   -0.130667    0.37795606 -2.956661    2.7256942   0.049453
  0.44660407 -0.964516    1.424291    1.1085501  -0.542127    1.189849
  1.1393291   2.0355911   1.164464    0.53299105  2.283153   -2.5956168
 -1.1568671  -0.618285    0.546083   -1.0192289   0.76756704  2.5505059
 -1.6650511   0.63966     0.61942804  1.799057   -1.6070389  -1.887821
  1.2225999   0.85628605 -0.15647306  1.5537609   1.4132421   1.757448
 -2.738215    1.7233799  -0.661293    1.8141778   3.6967182   0.529147
  0.275559    1.214777    0.30656105 -0.26227704  0.903598   -0.13534398
  1.8733499   1.280305    0.77625    -0.7167329   0.42114097  1.240816
 -1.7617239   0.41074196]