[[-0.28261432  0.47585703 -0.06856164  0.84479986  1.01513403 -0.83547642
   1.2970961   0.11757374 -1.67951973  0.75362532 -0.16011644  3.17288518
  -0.47763105 -2.58674405  0.24752955 -0.12606404 -0.60283784  0.25038629
  -1.16656027  1.36244351 -0.29312998  2.95853827 -0.62989282  0.15867823
  -0.81615315 -0.31016718  0.91396808  2.29796367 -0.76333271 -0.67447733
   0.1147012  -0.99627103 -1.08656308  0.00574643  1.74239758  1.67884218
  -0.78277805 -0.20207583 -1.54551724  0.70108839 -1.86888531 -1.01981851
   1.26794234 -0.24032135  1.113997    0.8687979  -0.65262718 -0.29421685
  -0.06161523  0.49890478 -0.46890373  0.94248164 -0.42890166  1.57484863
  -0.91565435  1.18278745  0.06026611  0.67785701  1.12516884  0.66414093
  -0.55013173  1.22309943  0.04650194 -1.0414139   0.98359894  0.87719624
   0.5091873   0.47080655  1.57306747  0.62872622  1.82431309 -0.66166151
   0.31837505  1.48906888 -0.81235214  1.1544098   1.30535467 -0.01616312
  -1.25799286 -0.77072984 -0.56296687 -0.9948536  -0.76530389 -1.30121807
   0.49800074  2.94310059 -1.27591769  0.12051193  0.58508032  0.88600019
   0.653827   -0.2005328   1.25729034  0.05763446  0.3127127  -0.39491164
   0.05911404 -1.05153882  0.22715803  0.95155359  0.67809641 -0.85329805
   1.89631791  1.30424823  0.56604418  1.14132477 -0.93697639  0.27708717
  -0.96763263  1.20133412 -0.39130719 -1.37213971 -1.75610399  0.78412589
   0.022103   -1.8091883   1.23167315  0.1389554   0.58277627  0.37594265
   1.28899159 -1.16470205  1.2806272   2.24450223 -1.35975953 -2.17891137
  -0.11878238 -0.90730437  0.71758587 -1.48897536  0.59450998 -1.63808882
  -1.83118469  0.9365476  -0.44684823  0.65365175 -0.44119271  1.49819942
   1.73474519  0.74294332  0.00658418  1.69217179  0.66117927 -2.44479711
   0.86191506 -0.4140616   0.70545943 -1.38130265  1.55476526  0.45601807
  -0.54084626 -1.4688767   1.18580369  0.84908905  0.52761357  0.98108538
   0.65646371  1.74722337  1.87094503 -0.92371631  2.22963098 -1.68965382
  -0.91668908 -0.80506641  0.34891807  0.08148433  0.49709958  2.78178153
  -0.36718433  0.83225637  0.89139179  0.51152208 -0.43978048 -0.60058554
   1.21128596  0.01164627 -0.23238643  1.53754643  1.42919314 -0.3948427
  -1.88004523  1.55694943 -0.56225071  1.28451928  2.14946569  0.32303836
   0.1939494   1.44654243  0.67801393 -0.30517136  1.75894589  0.32854508
   1.60073865  0.69796186  0.87967407 -0.27274193  1.0361679   0.51099567
  -0.25399852  0.00385955]]