[[-0.6848772   0.5769914  -0.45140928  0.57684954  0.83440696  0.60482581
   0.73256884  0.35683535 -2.02330676  0.64462161  0.37028256  2.42557047
  -0.59800768 -2.47061301  0.37572653  0.09078418 -0.86565767 -1.03026765
  -1.55989397  1.44099325  0.0362863   2.29536374 -0.81633139  0.08772979
  -0.84048186 -0.72667604  0.88432327  3.01480374 -0.59775395 -0.87942023
   0.31316349 -1.00800838 -0.55032415  0.78150301  2.17256281  1.49689675
  -1.11294722  0.07623605 -1.88112492  0.2680293  -2.10169462 -1.00812839
   1.78176    -0.54897722  1.23771418  1.21522906 -1.09477255 -0.53214233
  -0.0621172   1.16740442  0.81755862  0.2625323  -0.13307954  1.51003302
  -0.95466838  1.17259187 -0.42947302  0.14462234  0.54985069  1.65718023
  -0.59941465  0.94990672  0.24818045 -1.06378908  1.13352069  0.63876582
   0.40104652  0.73763349  1.19706417 -0.36911465  1.84487488 -1.48010232
   0.52573558  1.65197929 -1.31504325  0.70365257  1.72010604  0.1214444
  -1.64262604 -0.31571905 -0.20067768 -0.91067232 -0.82962744 -1.1256493
   0.53408071  2.56184255 -1.0402993   0.98109627  0.7427763   1.05322186
   0.39628839  0.2825886   1.13037114 -0.03640233  0.45562696 -0.76833023
  -0.75914117 -0.63044953  0.10275535  1.05167906  0.54466302 -1.72786721
   2.25629394  1.33069814  1.54458858  1.30325721 -0.73981255  0.15446604
  -1.87438583  2.1984607  -0.32298884 -1.74710231 -1.53698442  1.09822047
   0.4972372  -1.81570814  0.933783    0.78205556  0.24445651 -0.24661023
   1.49543721 -1.80798953  1.54418604  1.92774277 -1.56973699 -1.89671069
  -1.58063301 -0.79641024 -0.24082534 -1.5819586   0.43607281 -1.51291998
  -0.62438906  0.67933025 -0.26117674  1.02782999 -0.83263722  1.2669877
   0.97086419  0.59586534  0.09885652  1.08012488  1.08042441 -1.58300976
   1.28298071 -0.68889745  0.41164279 -1.44532301  1.29552279  0.24412465
  -0.28281512 -1.34619651  1.18008232  0.65364093  0.00502511 -0.1851314
   1.3171614   1.56781999  1.88189232 -0.40697279  2.39614419 -2.00588952
  -0.88781025 -0.73077024  0.0504028   0.12836742  0.11133047  3.78258368
  -1.06857232  1.26128769  0.98042676  0.7617414  -0.68724534 -0.99731653
   1.18067976  0.02921674 -0.88527977  0.99283791  1.50926002 -0.03765998
  -2.25967281  1.25442232 -0.6064779   1.56737045  2.67258231  0.73729743
  -0.67550348  1.17563651  0.59237373 -0.55457837  1.85792067  0.65669023
   2.15049395  0.80775627  1.29659765 -0.10494999  0.31375907  0.1117428
  -0.67753674  0.24208   ]]