[[-0.60908737  1.05113987 -0.18031738  0.49302107  0.95836119 -0.19048143
   0.29151511  0.32765453 -1.74969418  0.42578513  0.42334452  2.34249774
  -0.91904202 -2.2607213   0.48999119  0.17257571 -0.87752762 -0.48817094
  -1.24499332  1.67407869  0.17279406  2.36468702 -0.38147571 -0.30910691
  -0.42929881 -0.67676787  0.67194144  2.38189915 -0.17467404 -0.57430144
   0.72774846 -0.54430333 -0.99822666  0.09997453  2.47149846  1.32054393
  -1.00990024  0.239225   -1.53913202  0.66065405 -2.08170856 -1.05144096
   1.84077261 -0.47307237  1.22974749  1.22148989 -0.81178976 -0.83126941
  -0.12909071  0.48819726 -0.05746011  0.05994356  0.25476428  1.17843333
  -0.95158153  1.47958736 -0.51468166  0.11571774  0.92428001  0.80079951
  -0.63478928  1.6059444   0.23786631 -1.4016519   0.77281025  0.39489393
   0.09417703  1.43819141  0.9066707   0.31521024  1.75426821 -0.75143439
   0.87828737  1.6209188  -1.08152608  0.86933311  1.37397476  0.19584702
  -1.10339631 -0.52872607 -0.14252368 -0.62697251 -0.71866404 -1.35816583
   0.35420821  2.52534894 -1.10671369  0.66859322  0.9173712   0.68356668
   0.8770737   0.0125338   1.0688945   0.2763469  -0.03045381 -0.1161988
  -0.45108679 -0.40524322 -0.21614751  0.80076726  1.00585726 -1.17635821
   1.82562535  1.08208977  1.11485155  0.59568644 -0.37745607 -0.01252464
  -1.03227702  1.26887203  0.27471191 -0.9125406  -1.12064988  0.53484547
  -0.03234191 -2.23543119  0.93108475  0.16103238  0.54927285  0.42485704
   1.44614798 -1.46751225  1.89800702  1.52420322 -1.10565369 -2.63875858
  -0.87657582 -0.43509964  0.30585655 -1.53886763  0.59227059 -1.70068883
  -1.23897201  0.14723761 -0.05515036  0.42317607 -0.51122643  0.94980715
   1.56238058  0.38875511  0.0030663   1.46354465  0.76860535 -1.62730882
   1.28043752 -0.58748086  0.98624691 -1.74596608  1.39301345  0.17223285
  -0.57333703 -1.20733023  0.95675976  1.03126773  0.05742249  0.23040048
   1.42969536  1.75419308  1.66317119 -0.72829369  2.14663266 -1.96358655
  -0.86581846 -0.70926083  0.02982441  0.22379465  0.06616476  2.34164367
  -0.79994274  0.42067333  0.52670964  1.0512431  -0.65103118 -1.01242155
   1.0356651   0.09654203 -0.07116119  0.97132286  1.25649571 -0.24180155
  -2.35480905  1.04712751 -0.23157512  2.08344715  2.87110453  0.80782548
  -0.40527941  1.33210013  0.03588454 -0.32801929  1.45641239  0.05707904
   1.76964655  1.03105775  1.50647142 -0.46630215  0.72440119  1.22564642
  -0.05533465 -0.057885  ]]