[-0.23231383  0.1929023  -0.16483165  1.0671451   1.08574    -0.38992518
  1.2451411   0.21410774 -1.7133031   0.45059454  0.17630197  2.7393029
 -1.1288295  -2.139419    0.29186037  0.04785002 -1.303618   -0.2024913
 -0.94728273  0.8582069  -0.05676606  2.4141562  -1.1197537  -0.1667336
 -0.81159294 -0.47833407  0.36938214  2.19406    -0.16862904 -1.4933372
  0.98050433 -1.0442299  -0.8808908  -0.2501956   2.947576    1.3839499
 -0.5469896   0.14747244 -1.7239866   0.07899737 -2.2195132  -0.8211423
  1.3561347  -0.6596811   1.0347044   1.3458891  -0.5176403  -0.44829693
 -0.24563473  0.6481645   0.3038539   0.6479167  -0.26627854  2.3508549
 -0.81416774  1.6842362   0.3740856   0.3054451   0.99857     1.7181239
 -0.2695545   1.2726643  -0.17849806 -1.2405803  -0.08753475  0.6418173
  0.60547453  0.20206966  0.73995125  0.283102    1.1578819  -1.0018363
  0.62726074  1.1374458  -1.4167478   1.3570042   0.93491536  0.32150537
 -0.7134457  -0.5166284  -0.03890704 -1.3661427  -0.19007197 -1.312758
  0.28141826  2.2569857  -1.0737144   0.7346164  -0.02631244  0.81247836
  1.2591736  -0.05037064  0.65505797  0.25113592  0.05324509 -0.56053543
 -0.38042754 -0.59643626 -0.3720752   0.17026328  0.34248948 -1.5691615
  2.4883697   1.1961074   0.5150324   0.9181113  -1.3209385  -0.04115034
 -1.6431274   1.2594147  -0.0824113  -0.84256566 -1.2325549   0.13572326
  0.21538441 -2.083145    0.69240576  0.51096964  0.6596662   0.07930704
  1.5177635  -1.4912429   1.3100237   1.8761086  -1.6283442  -1.9886985
 -0.88478005 -0.50303876 -0.07166146 -1.7342726   0.30445147 -1.502296
 -1.5978243   0.8819195  -0.43572834  0.8594529  -0.79055446  0.8024053
  1.1619098   0.7143026   0.23388293  1.3214163   0.39317983 -1.2537811
  1.1647456  -0.42287704 -0.08430146 -0.97660315  1.406401   -0.3762762
 -0.6675722  -1.2270563   1.013534    0.866599   -0.2881362   0.63562846
  1.4641312   1.494716    1.1674122  -0.5982565   2.4125307  -2.1586156
 -0.41909766 -0.2963764  -0.16268182 -0.08996706  0.38963047  3.070521
 -0.7037776   0.52115625  0.75168014  0.8755184  -1.3826597  -0.7763776
  0.34932628 -0.07940802 -0.13347344  0.83288974  1.487525   -0.27803785
 -2.3082826   1.9340711  -0.10648327  2.1647248   2.8102381   0.33957607
  0.27374232  0.841938    0.45656884  0.23819251  1.6022078   0.44157743
  0.7721213   0.7384508   1.1267879   0.31882885  1.06212     1.1033366
  0.1339195  -0.5525223 ]