[[-0.01491481  0.45964848 -0.26048164  0.73251419  1.23529037  0.1810519
   0.93310822  0.18127456 -1.86430215  0.59784304  0.40940609  2.02495239
  -0.97924871 -2.13710904  0.09280937 -0.0225014  -0.79139012 -0.07120477
  -1.19369795  1.38472863  0.05794518  2.38051951 -0.76096937 -0.27472722
  -0.73397937 -0.79503594  0.80559746  2.19597051 -0.79643026 -1.12040468
   0.79858354 -0.63404176 -0.74871468 -0.31584924  2.45159746  1.81991343
  -1.2408672   0.13283026 -1.27567341  0.06202633 -2.59467485 -1.0081418
   1.86521071 -0.78882813  0.96380331  1.2314629  -0.82387721 -0.3286933
   0.34538849  0.97934113  0.33977594  0.22867075  0.04338     1.55279036
  -0.80885342  1.54385367 -0.33656443  0.15797038  0.88104911  1.5322086
  -0.27304518  1.13049645  0.53417811 -1.15890853  1.06435305  0.52367606
   0.60065544  1.0822138   0.76979672 -0.24096241  1.39117259 -1.02848328
   0.65621961  0.9677781  -1.4361561   1.25083521  1.32870708  0.27679924
  -1.84636876 -0.52360974 -0.29455608 -0.81245124 -0.29703455 -1.33057328
   0.38118138  2.54145871 -0.8616905   0.51036986  0.34691735  0.84072329
   0.64398317 -0.03558482  0.92694595 -0.34806986 -0.0958862  -0.35938647
  -0.82714127 -0.91170529 -0.44588963  1.05290543  0.67796786 -1.7506771
   2.40465817  1.08258328  0.89592367  0.78654685 -0.73230367  0.2060643
  -1.54475456  1.94329223  0.37913253 -1.35647428 -1.59013832  0.70422188
   0.49868809 -1.94885886  0.59969923  0.29729936  0.45000025  0.34994444
   1.61982761 -1.57564036  1.7201356   1.90851718 -0.8360824  -1.88126667
  -1.2843106  -0.52222749 -0.46809594 -1.4116028   0.34885443 -1.26866482
  -0.79928062  0.52375989  0.10030493  0.42948544 -0.66748253  0.90023506
   1.25539311  0.3066605  -0.12068328  1.65384214  0.80851454 -1.39944026
   1.52706313 -0.69293976  0.05552911 -1.72366271  1.93205532  0.15392569
  -0.87766975 -0.67572924  1.03268695  0.59143887 -0.34536063  0.38317937
   1.06755123  1.95204124  1.49394988 -0.2154743   2.29334244 -2.02861443
  -0.76062659 -0.86568493  0.10782317 -0.13513342  0.64700149  2.96785798
  -1.21926672  0.14387709  0.42010746  1.38229053 -0.3962167  -1.52931291
   0.45992266 -0.31140114 -0.39513368  0.9645052   1.0669219  -0.01661406
  -2.62118228  1.90901862 -0.49652825  1.7927905   2.71548723  0.28716837
  -0.32547419  1.15530379  0.61629747 -0.39472873  1.32046254  0.49364203
   1.50771153  0.96886101  1.41778986  0.21800379  0.60858962  0.91292811
  -0.59612885  0.04991075]]