[[-8.73283486e-03  6.69492266e-01 -4.60278575e-01  7.67449359e-01
   9.45666996e-01 -3.84887952e-01  7.42529584e-01  1.16935210e-01
  -1.29095074e+00  4.36021627e-01 -2.88316189e-02  1.99199813e+00
  -9.54467615e-01 -2.12794332e+00  2.79137163e-02  5.93527895e-01
  -8.51566076e-01  3.26502181e-02 -8.73297763e-01  1.55694714e+00
   1.46286722e-01  2.65886432e+00 -7.40971409e-01 -1.98215043e-01
  -9.85758297e-01 -6.03538766e-01  5.01553450e-01  1.99690214e+00
  -4.71276803e-01 -1.12186596e+00  3.37595956e-01 -6.83278536e-01
  -8.86465379e-01 -3.42516365e-01  2.34140515e+00  1.40753612e+00
  -9.53173105e-01 -1.81937471e-01 -1.55219955e+00  2.82821559e-01
  -1.74908524e+00 -1.03740670e+00  1.38111333e+00 -3.05103717e-01
   9.15384260e-01  1.12781431e+00 -4.03482377e-01 -3.99671131e-01
   2.40613453e-03  4.79025535e-01  8.15506302e-02  6.52006224e-02
  -3.10434512e-03  1.50558239e+00 -9.75881910e-01  1.66818703e+00
   3.61891006e-02  2.99371164e-01  7.20384443e-01  9.22018302e-01
  -5.46429951e-01  1.30002753e+00 -2.34284189e-01 -1.23283345e+00
   2.51460131e-01  4.60667176e-01  5.73487833e-01  7.09163627e-01
   1.16944611e+00  3.81015326e-01  1.37877955e+00 -8.14773229e-01
   8.97547853e-01  1.15944411e+00 -1.00978883e+00  1.30528187e+00
   9.46193279e-01 -5.54366806e-02 -1.17422241e+00 -4.13523546e-01
  -3.72393763e-02 -7.95417779e-01 -3.87032509e-01 -1.22774464e+00
   6.59777219e-01  2.21278790e+00 -1.13163315e+00  7.65046056e-01
   2.89270921e-01  8.83225558e-01  6.78862267e-01  3.57339720e-01
   9.63628970e-01 -6.60589524e-02  8.02637428e-02 -5.97514393e-01
  -1.54295501e-02 -5.28868649e-01 -4.73211068e-01  6.24186274e-01
   5.62480002e-01 -1.49125211e+00  2.30140346e+00  9.32670807e-01
   6.88016835e-01  7.47452722e-01 -5.81061207e-01  5.30100032e-01
  -9.43913004e-01  1.21069589e+00 -1.41061334e-01 -1.01646545e+00
  -1.15908587e+00  6.83329435e-01  2.28007587e-02 -2.28228633e+00
   1.06645427e+00  4.43849562e-01  5.10285545e-01 -5.76245749e-02
   1.21939381e+00 -1.40881876e+00  1.12607996e+00  1.57748386e+00
  -1.26400187e+00 -2.10653968e+00 -3.95955189e-01 -8.14516338e-01
   3.74316010e-01 -1.61569180e+00  3.25224006e-01 -1.66967438e+00
  -1.24460685e+00  8.08309638e-01 -1.66016426e-01  3.50693119e-01
  -7.19847298e-01  1.23300896e+00  1.45598291e+00  4.38539726e-01
  -1.77913431e-01  1.15797977e+00  8.81696069e-01 -1.75866247e+00
   1.18842781e+00 -8.63637057e-02  3.94836020e-01 -1.11480840e+00
   1.51851865e+00 -9.52143384e-02 -7.35152409e-01 -8.21872052e-01
   1.34875667e+00  4.76351373e-01  2.47692386e-01  4.21419248e-01
   1.15856514e+00  1.61297524e+00  1.25253326e+00 -4.54731372e-01
   1.76219036e+00 -1.39992431e+00 -3.48794289e-01 -3.83743172e-01
   2.52085079e-01 -3.82961195e-02  2.11474963e-01  2.68827540e+00
  -5.64322002e-01  4.87203070e-01  5.26486859e-01  7.00787893e-01
  -9.32064167e-01 -9.71766045e-01  8.00224710e-01 -3.22477127e-01
  -9.41925334e-02  9.14912060e-01  1.01728139e+00 -3.77537299e-01
  -2.10784978e+00  1.39544510e+00 -3.91923374e-01  1.14336870e+00
   2.51724447e+00  2.48898506e-01 -2.68334899e-01  1.49670039e+00
   4.50028505e-01 -1.87481670e-01  1.39044997e+00  4.69344712e-01
   1.33932078e+00  1.10853910e+00  1.29926380e+00  2.97195113e-01
   7.49970041e-01  8.24872092e-01 -6.52386149e-01 -3.70027329e-01]]