[-1.75089419e-01  7.65251160e-01  1.81755900e-01  6.23290002e-01
  1.43021166e+00  4.38701749e-01  6.05853558e-01  2.40676142e-02
 -8.46820593e-01  3.23545277e-01  9.75022376e-01  1.50784993e+00
 -1.02534533e+00 -1.59474945e+00  6.05582222e-02  3.50911200e-01
 -1.53878641e+00 -1.13372326e-01 -1.03626931e+00  1.13240051e+00
  1.45647079e-01  1.11970592e+00 -7.10877657e-01 -2.43302315e-01
 -4.45292920e-01 -9.05245245e-01  6.65411770e-01  2.01079869e+00
  8.00682232e-02 -1.27507818e+00  3.50027680e-01 -6.95446491e-01
 -2.33693525e-01 -1.50177062e-01  1.47103119e+00  1.60373592e+00
 -1.56722987e+00  3.61541152e-01 -1.78045416e+00  7.93382451e-02
 -2.17858529e+00 -1.11405587e+00  8.21030557e-01 -1.65220588e-01
  3.36830586e-01  6.36472404e-01 -5.47192335e-01 -9.73205864e-02
  8.21991801e-01  9.38584030e-01  6.38943553e-01  8.55082348e-02
  9.50500071e-02  1.11267996e+00 -6.51724756e-01  1.23331702e+00
 -4.67454076e-01  6.92861140e-01  1.06708419e+00  1.65646231e+00
  3.42830598e-01  5.31597614e-01  8.04155886e-01 -9.84950542e-01
  5.18916547e-01  3.40314150e-01 -1.83907628e-01  7.89573550e-01
  1.62332341e-01 -1.05659388e-01  1.73727584e+00 -3.31498235e-01
  5.69376469e-01  8.96672308e-01 -5.29775918e-01  2.24227086e-01
  4.05329436e-01  6.39741346e-02 -4.67847079e-01 -2.01438814e-01
 -4.04293947e-02 -6.25561774e-01  8.99942461e-05 -1.44400704e+00
  7.71641254e-01  1.34321880e+00 -8.04954708e-01  9.04997587e-01
  6.37632906e-01  1.05531767e-01  7.26593494e-01  1.68810591e-01
  9.19910610e-01 -2.96793971e-02  1.33339435e-01 -2.94827670e-01
 -8.74542356e-01 -1.12790592e-01 -2.93425322e-01  1.04190469e+00
  1.04859638e+00 -1.28893352e+00  2.08095789e+00  5.02212405e-01
  2.85949945e-01  1.02191210e-01 -3.43955219e-01 -2.62573540e-01
 -1.76087940e+00  1.66728342e+00  9.53329355e-02 -8.46472323e-01
 -9.98921812e-01  8.82109404e-01  5.33123553e-01 -1.29583180e+00
  4.82075363e-01  8.24228764e-01  2.67445862e-01  2.63894141e-01
  9.06945288e-01 -1.26978707e+00  1.33704352e+00  1.36499000e+00
 -2.76907057e-01 -1.34061003e+00 -1.35798395e+00 -3.17045271e-01
 -3.98229390e-01 -6.12924755e-01  7.83830106e-01 -7.36576557e-01
 -5.12867689e-01  3.62001151e-01  2.01880574e-01 -2.73591220e-01
 -6.39652908e-01  7.00848877e-01  6.87367678e-01 -2.69935876e-01
 -2.36875877e-01  1.10928345e+00  6.82039917e-01 -1.61654365e+00
  1.00373542e+00 -5.26367068e-01  3.15321207e-01 -1.44843292e+00
  1.45162296e+00 -2.47953534e-01 -7.67572343e-01 -7.90982366e-01
  3.27152967e-01  5.99781156e-01 -7.38205910e-02  2.56144136e-01
  1.29699516e+00  1.77336013e+00  9.96812940e-01 -6.31594062e-02
  1.70492291e+00 -1.05529308e+00 -7.05457628e-01 -1.56851187e-01
 -1.20612942e-01  5.65614164e-01 -1.49410605e-01  2.74960232e+00
 -5.94250560e-01  3.90694082e-01  2.79005915e-02  3.89272392e-01
 -1.06209421e+00 -6.47234082e-01  6.06659412e-01 -7.50459313e-01
 -8.18812311e-01  2.28218213e-01  7.47172356e-01  7.88662970e-01
 -2.00869489e+00  9.52697098e-01 -3.53597075e-01  1.18179953e+00
  1.71739876e+00  3.27035904e-01 -1.27269936e+00  8.74051154e-01
 -7.23776445e-02 -6.42442346e-01  8.25062990e-01  6.26988113e-02
  7.16257632e-01  9.02951121e-01  1.60089779e+00 -4.35305908e-02
  1.25514701e-01  7.17378139e-01 -4.36892956e-01  1.96969450e-01]