[[-0.81148114  0.30365441 -0.11888411  1.28505217  0.74424835 -0.26226311
   0.78249765  0.0553849  -1.60644928  0.3310523   0.5614923   2.07435861
  -0.32154984 -1.83886047  0.10612146 -0.33291032 -0.74725562  0.10501705
  -1.29346164  1.19831563  0.04391702  2.41339901 -0.8387465  -0.06126983
  -0.68176834 -1.42514142  0.48478186  2.12721226 -0.67367388 -0.99915043
   0.93016295 -0.84907609 -1.04432857 -0.15557084  1.83872733  1.38444816
  -0.57200688  0.31508561 -1.67610031  0.17596573 -2.1865471  -0.64209557
   1.35711325 -0.91538073  0.86132163  1.09722971 -0.86941412 -0.77708998
  -0.36979281  0.71739586  0.68040616  0.41350868 -0.12486113  1.43498622
  -0.58693623  1.41127267 -0.0720195   0.50563246  1.02085252  1.30743079
  -0.53088657  1.0041916   0.02193264 -0.88760456  0.79508032  0.21969805
   0.57377968  0.95198759  1.25982292  0.12005244  1.00918966 -0.8577051
   0.64805278  1.24885707 -1.10733573  0.90273682  1.21569879  0.25087541
  -1.12362841 -0.74194579 -0.82229936 -0.82212669 -0.57493376 -1.19869161
   0.16201429  2.57777455 -1.48047797  0.62454573 -0.09550555  0.27205245
   0.76411543 -0.18759327  0.73450606  0.10309051  0.36681039 -0.38931541
  -0.50462292 -0.78194381 -0.05926179  0.41371556  0.67087541 -1.48847119
   1.87726069  1.55019643  0.54222853  0.80740033 -0.87870106  0.25173621
  -1.40662684  1.22131612 -0.02289595 -1.05977412 -1.6151015   0.48421886
   0.43483474 -2.12331089  0.95911384  0.25329799  0.59243997  0.06468706
   1.55234906 -1.42139193  1.41518286  1.93266286 -1.43535273 -1.85067678
  -1.50031374 -0.56802396  0.47428213 -1.36589285  0.64940278 -1.10101531
  -1.15068402  0.95857737 -0.24489805  0.31820294 -0.67029542  1.4591615
   1.09071784  0.65335643  0.17075358  1.51964512  0.43342574 -1.92815673
   0.79491905 -0.62022212  0.14122969 -1.32504315  1.27748655  0.02473394
  -0.93481282 -1.1862435   1.37428708  0.56876952  0.24686933  0.73054539
   1.30081417  1.38374198  1.41107645 -0.70357426  2.07650256 -2.34891498
  -0.77966955 -0.43743261 -0.3620784   0.05053131  0.33912949  3.02681117
  -0.75401326  0.46671821  0.52064198  0.8893175  -0.88502086 -1.36250427
   0.86111977  0.22477492 -0.22567556  0.89668838  1.33622143 -0.22174706
  -2.18130377  1.66515975 -0.66654163  1.43766733  2.48614355  0.50395565
   0.20298408  0.88966412  0.66579714 -0.04636675  1.26060628  0.23960311
   1.51297573  0.58511032  1.33123903  0.35835708  0.04278642  0.43697034
  -0.35688524  0.13757212]]