[-1.09209     0.26276508 -0.03084641  1.0615985   1.644557    0.17902
  0.8921314   0.8369842  -1.6731316  -0.05104645  0.71258926  2.2141201
 -1.0405765  -1.9556255  -0.06769138  0.5980872  -1.3518686  -0.12875785
 -0.8613221   1.8933114   0.10121073  1.5492151  -0.39589003 -0.23310502
 -0.8435529  -0.52717286  0.3522965   1.9268194   0.56951004 -0.63001853
  0.22418931  0.31072715  0.10162712  0.1687943   2.2355037   1.3351793
 -1.3692858   0.5386114  -2.2467313   0.2933514  -1.7576993  -0.8633386
  2.5226166  -0.38554     1.6470964   1.6757524  -0.67954075 -0.6871807
 -0.33841354  0.89126927 -0.40075284  0.52473146 -0.3748064   0.6037464
 -1.3252208   1.8274357   0.33472    -0.47835997  1.3881449   1.8593513
 -0.34387     0.94409424  0.544245   -1.6718658   1.109968    1.3426901
  0.0069393   0.49648854  1.2210358   0.20280144  1.5400078  -0.65264356
  1.0278994   2.3676655  -0.8407814   0.40822855  1.3237693   0.12959859
 -0.8567707  -0.09286357 -0.86303425 -0.4558293  -0.9302558  -1.3669599
  0.16582645  1.8675616  -1.4619337   0.4302079   0.3091721   0.03740429
  1.3627688   0.7356578   0.68756425  0.10481787 -0.03332571 -0.7357564
 -0.30338287 -0.5246364   0.689695    0.76727855  0.5099036  -1.0379015
  2.054405    1.4359987   0.9383564   0.99280924 -0.92555    -0.06205001
 -1.6463157   2.6165643   0.8596978  -1.8985684  -1.2646457   1.2221758
  0.26170787 -2.05512     0.34188214  0.45940787  0.33256787  1.2245978
  1.0863907  -1.5168822   1.7650508   1.7073228  -0.58419144 -2.8095264
 -1.2366285  -0.40126494 -0.19646929 -1.2757084   0.7122635  -0.73718077
 -0.4388993   0.41713    -0.7407964   0.06412856  0.10158356  0.68731433
  1.3001379  -0.29871073 -1.3524306   0.61833507  0.44625    -2.5511487
  1.7958593  -0.7114193   1.8432599  -1.3379408   1.6171186   0.48337215
 -0.20563929  0.3253736   0.7443086  -0.32544428  0.13050213  1.4568365
  0.97858936  1.9062837   0.57890064 -0.7585085   1.7323707  -2.339517
 -0.9724235  -0.01477998  0.12460142 -0.3231807   0.6065329   3.1651363
 -0.7117      0.46628854  0.057625    1.2066981  -0.4482157  -0.36310148
  1.5066816   0.6824943  -0.26609287  1.3036957   0.67091423  0.7013671
 -1.6810857   1.1823108  -0.280525    1.6797642   3.0339153   0.6461807
 -1.479305    1.3576173   0.6654664   0.0089807   1.2672014   0.6573686
  1.2752959   1.237155    2.377417   -0.21015926  0.8565114  -0.58029574
  0.10727502  0.0384293 ]