[[-5.23918664e-01  4.42461793e-01 -1.30916673e-01  1.03518694e+00
   1.62166778e+00 -2.72896436e-01  8.55192440e-01  1.61488236e-01
  -1.89095041e+00 -1.04609123e-01  4.15493523e-01  2.02946076e+00
  -9.90162155e-01 -2.70286737e+00  2.42819549e-01 -1.39368664e-01
  -1.14679149e+00  3.44702323e-02 -8.46881344e-01  9.56022228e-01
   6.33035508e-02  2.75024998e+00 -9.08464634e-01 -1.46897543e-01
  -1.89795060e-01 -9.04498893e-01  4.24290439e-01  2.16892331e+00
  -4.88791965e-01 -1.09615665e+00  1.19161710e+00 -8.40406213e-01
  -9.27069755e-01  1.69284228e-01  2.73846615e+00  1.77763444e+00
  -1.16383594e+00  2.06776026e-01 -1.91828709e+00  3.86574677e-01
  -2.29648965e+00 -1.37120919e+00  1.93577755e+00 -5.95932683e-01
   1.13277264e+00  1.27665417e+00 -5.06925332e-01 -5.35797333e-01
  -2.25362252e-01  1.00368444e+00  2.01362230e-01  1.15593984e-01
   5.84222256e-02  1.93025201e+00 -8.02746225e-01  2.00585608e+00
  -1.13301329e-01 -6.89209289e-02  1.07985432e+00  1.76417110e+00
  -2.49833544e-01  8.78332869e-01  2.11993112e-02 -1.19529492e+00
   5.70413787e-01  9.39112503e-01  4.23015804e-01  1.28426104e+00
   1.00391321e+00 -1.45948656e-01  1.93753322e+00 -1.21760381e+00
   6.81988897e-01  1.86860912e+00 -1.50526510e+00  1.15644270e+00
   1.15731044e+00  5.54380147e-02 -1.86822740e+00 -4.69224651e-01
   8.48706765e-02 -1.19956332e+00 -5.94212213e-01 -1.67350527e+00
   7.29963092e-01  2.93158135e+00 -1.48787395e+00  9.40238899e-01
   4.24539843e-01  1.02447709e+00  5.62653999e-01  8.06546028e-01
   7.68538225e-01  1.40652221e-01 -3.51840031e-02 -4.60292884e-01
  -5.62342907e-01 -6.55275345e-01  7.05889530e-03  5.86433345e-01
   9.97254191e-01 -1.77490223e+00  1.92450444e+00  1.31757778e+00
   9.83597309e-01  1.02984354e+00 -6.18432201e-01  2.63286436e-01
  -1.71572888e+00  1.80004671e+00  1.48941908e-02 -1.57268953e+00
  -1.70514757e+00  3.56617355e-01  1.92142447e-01 -1.96785166e+00
   1.16494204e+00  6.68344097e-02  6.73190480e-01  3.13958886e-01
   1.44269333e+00 -1.82029372e+00  1.77224131e+00  2.01543045e+00
  -1.12643067e+00 -2.14935184e+00 -1.29471948e+00 -3.26758684e-01
   8.52699942e-02 -1.78022328e+00  8.05304887e-01 -1.70646106e+00
  -6.73093931e-01  8.83736049e-01 -3.78713773e-01  3.85914442e-01
  -5.71264948e-01  1.35159552e+00  1.24196691e+00 -3.96713628e-01
  -2.41018203e-03  1.51249245e+00  8.82208453e-01 -1.48669684e+00
   1.74173821e+00 -4.19964878e-01  3.47549342e-01 -1.90263589e+00
   1.10746504e+00  4.41270453e-01 -4.39938270e-01 -6.61068211e-01
   1.41038236e+00  6.44531602e-01  2.37986535e-02  7.02735552e-01
   1.22758265e+00  2.10505491e+00  9.12800461e-01 -6.03552230e-01
   2.75206123e+00 -2.10551904e+00 -9.47444659e-01 -8.67038413e-01
  -1.60225767e-01 -2.48041340e-01  7.59962219e-01  3.39074955e+00
  -1.05526811e+00  5.59817099e-01  5.78481784e-01  1.48500200e+00
  -9.85213543e-01 -1.09549003e+00  7.94554908e-01 -1.13655979e-01
   1.59292212e-01  1.02666201e+00  1.32706332e+00 -5.10779309e-01
  -2.24972466e+00  1.22227234e+00 -8.57621192e-01  1.60785071e+00
   3.47053727e+00  7.24216643e-01 -3.14452249e-01  1.18532670e+00
   5.78159745e-01 -3.86207565e-01  1.55446332e+00  4.40966023e-01
   2.03998512e+00  1.35525755e+00  1.81177305e+00 -8.10133217e-03
   9.07654633e-01  4.28689946e-01 -3.18323086e-01 -6.03493318e-02]]