[-7.22589970e-01  5.78449965e-01 -1.14809012e+00  2.97738767e+00
  1.59307241e+00  2.21449757e+00  2.78651500e+00 -2.36507490e-01
 -1.46913755e+00 -1.02776253e+00  2.01730490e+00  1.01058507e+00
 -1.59148502e+00 -1.40615773e+00 -2.46642530e-01 -5.26412487e-01
 -8.06844950e-01  1.99126005e+00 -1.39603984e+00  1.76381493e+00
 -1.70450211e-02  2.80238748e+00 -9.73617554e-01  3.94670010e-01
 -2.28811502e+00 -2.33658743e+00  3.33017468e-01  3.43723989e+00
 -5.67112565e-01 -2.07352734e+00  2.55557251e+00  1.74277544e-01
 -1.29881001e+00 -8.82747769e-03  2.38933516e+00  2.03947496e+00
 -1.59799978e-01  7.48539984e-01 -1.90811753e+00 -6.29809976e-01
 -2.78404498e+00  5.54827452e-01  1.56736505e+00 -8.47440004e-01
  2.59971738e+00  2.00752974e+00 -5.22737443e-01 -1.06569886e-01
 -1.48002535e-01  1.08475232e+00  4.08120006e-01  8.33042502e-01
  2.88800597e-02  2.13999009e+00 -1.02975750e+00  2.28622484e+00
  2.57727504e-01  7.36602545e-01  1.44619501e+00  1.28263259e+00
  1.65594995e-01  1.83123505e+00 -4.21757519e-01 -1.05277491e+00
  5.53074956e-01  1.29742503e+00  1.90126991e+00  1.46879256e+00
  6.51352465e-01 -4.04850006e-01  1.24171996e+00 -1.02460504e+00
  8.61214995e-01  1.96651733e+00 -7.29112446e-01  1.77632248e+00
  3.11945224e+00  1.23484492e+00 -2.11754990e+00  8.06260109e-03
 -4.42387521e-01 -7.18824923e-01 -9.30995047e-01 -2.42963266e+00
 -1.12177253e+00  2.31928754e+00 -1.70702004e+00  1.07496977e-03
 -2.59452510e+00  2.56908751e+00 -1.74760014e-01 -4.61535066e-01
  9.98560071e-01  1.82107508e-01  9.31694984e-01  1.38460010e-01
 -1.45529246e+00 -1.33274007e+00  8.04220080e-01  1.33232009e+00
 -8.07402492e-01 -1.77881503e+00  2.49424982e+00  6.23169959e-01
 -2.08825003e-02  2.34547526e-01 -5.63205004e-01 -4.67070043e-01
 -3.81095982e+00  2.45026255e+00  1.27052510e+00 -3.25882494e-01
 -2.26392746e+00  2.30262256e+00  5.22570014e-01 -3.57809258e+00
 -8.85174945e-02  6.58009827e-01  5.09779990e-01  1.40979242e+00
  1.97844243e+00 -2.73323274e+00  1.81727493e+00  4.47011518e+00
 -2.45983505e+00 -5.67085028e-01 -7.77992547e-01 -9.78184998e-01
 -2.99712539e-01 -1.85462260e+00  2.11167264e+00 -1.43943489e+00
  1.39352500e-01  1.69290757e+00 -1.04789495e+00 -7.39467502e-01
 -2.30223250e+00  6.73562527e-01  1.35303259e+00 -1.23792005e+00
 -2.22014236e+00  1.79236746e+00  1.66603994e+00 -1.66167498e+00
  2.66301250e+00 -7.35700011e-01 -1.20998502e+00 -1.44350505e+00
  1.80761003e+00 -4.25295055e-01  6.45434976e-01  1.17270994e+00
  1.60917497e+00  6.10722542e-01 -2.06743002e+00  6.13222599e-01
  2.42265010e+00  1.92592740e+00  9.87249985e-02 -4.05865014e-01
  1.68100750e+00 -1.87948251e+00 -8.59285057e-01 -2.45414972e-01
  2.36385018e-01  4.79237497e-01  1.17468250e+00  3.07670259e+00
 -1.21803737e+00  1.09583998e+00  2.84097493e-01 -3.77197534e-01
  3.07907522e-01 -2.28404236e+00  1.23039997e+00  5.40050268e-02
 -1.52168989e+00  2.35850763e+00  1.02507007e+00  1.24240041e-01
 -3.19961500e+00  2.06866741e+00 -1.39958251e+00  2.22281003e+00
  3.02865767e+00  4.09679979e-01  1.68469965e-01  2.77464247e+00
  7.62905002e-01  6.10004961e-01  3.55540991e+00  3.94867480e-01
  2.18098998e+00  1.48528242e+00  2.47628975e+00  7.35875010e-01
 -1.10453248e+00  1.52426744e+00 -9.69119966e-01 -1.01418507e+00]