[-0.29426768 -0.73842776  0.1751269   1.6451367   0.64864147 -0.45961076
  0.74794316 -0.3550754  -0.7549193   0.24885306  0.01230535  2.654227
 -0.8850623  -1.9825543   0.09004465 -0.04628924 -0.99779534  0.20334771
 -1.1442484   1.5600278  -0.8262285   3.2095575  -1.4408569   0.26185083
 -0.8016408  -1.4478453   0.1612455   2.4432278   0.7266561  -1.4419886
  0.81988394 -0.53748    -1.3628716  -0.13700002  2.9519298   1.5042984
 -0.9622838   0.04153917 -1.5422177   0.11251386 -2.0390098  -0.84929156
  2.3932147  -0.2231192   1.124573    1.9405147   0.02266689 -0.45363536
 -0.67384     1.1798847  -0.47431007 -0.10806615 -0.5531161   2.5408885
 -1.1802369   1.8816831   0.5029646   0.11717541  0.7755616   1.0450492
 -0.5537485   1.9174262  -0.04344694 -0.8808054   0.890377    0.62705386
  0.6874169   0.0898877   1.2572439   0.10243537  0.33770996 -1.6565214
  0.9697469   2.4520648  -2.159983    2.200414    0.83023    -0.40824926
 -0.4900939  -0.9358731   0.4861023  -0.57440615  0.43568692 -1.2943637
  0.90900075  2.15125    -1.3403639   1.4250513  -0.04615698  0.82597005
  0.6726039   0.9746208   1.0959839   0.30087772  1.02854    -0.38224536
 -0.53388774 -0.97939384 -0.43225616 -0.14654464  0.1595462  -2.2021961
  2.3711662   2.382126    0.4511261   1.5127977  -0.7174384   0.24546307
 -1.634466    0.63936615  0.15184774 -0.7172722  -1.9355515   1.3310946
  0.4704123  -2.04995     0.12155768 -0.41323617  0.8937807   0.24982692
  1.5022222  -2.1204953   1.3032322   1.9293163  -0.8612592  -2.5248625
 -0.70814526 -1.4489553  -0.31489456 -2.4848478  -0.37118542 -0.9673278
 -1.8671485   1.3907784   0.34154308  1.0235207  -1.2074739   0.25570688
  1.8809662  -0.16091387 -0.13790303  1.0856783  -0.34704927 -1.999333
  1.9465207  -0.25818145 -0.24901    -2.117753    1.9591491   0.24602844
 -0.29427695 -1.8164808   2.0705948  -0.15146542  0.5988938   1.2719985
  1.1471277   2.066244    0.75280225 -0.8602239   2.3603163  -2.4757254
 -1.3371123  -0.90635693 -0.76935697  0.7475916   0.16284236  3.5242376
 -0.7342408   0.4910023   0.5348185   1.543757   -1.3124993  -2.1426091
  0.57373077  0.23750615  0.41200608  1.7199767   0.68761224  0.7742923
 -2.486463    2.5227857  -0.27845004  0.7144622   3.8774755   0.4874369
  0.5496646   1.1889707   1.3206862   0.07972459  0.9282038   1.1601186
  1.9172238   1.33339     1.5073931   0.13522768  0.65749305  1.4557416
  0.7870647   0.01380234]