[[ 0.28305542 -0.0844621   0.34219042  0.24638874  0.07885916 -1.2558796
   0.70788085  1.03684374 -1.59922416  1.01555082  0.06177249  2.94267713
  -0.02348461 -3.15845165  1.09820793 -0.44122793  0.45827917  0.07837251
  -1.0165617   1.57370044 -0.7081725   3.31015171 -0.92195705 -0.18508291
  -1.50552832 -0.46679876  1.56535879  2.75251298 -0.06675502  0.20786623
   0.74096418 -0.46812001 -1.22129831  0.55474668  2.74020921  2.56950416
  -0.548535   -0.70786292 -0.71357043  0.51948666 -2.06076665 -0.71396709
   1.57943208 -1.03073542  0.53711581  1.21169625 -0.30321875 -0.77513166
  -0.42030166  1.34414169 -1.20326878 -0.29923789 -1.44615957  2.44755785
  -0.41187415  1.1545475  -0.73007962  0.80830998 -0.31471956  0.64851167
   0.12051831  2.18149587 -0.14399376 -0.85388501  0.93341664  0.05529334
   1.31950082  0.73695715  1.29951425  0.63427209  1.33066293 -1.14382371
  -0.06000915  2.08302293 -0.96237833  1.75995     1.10639497 -0.70494834
  -0.65208246 -1.3691037   1.05330954 -0.47068043 -0.29491037 -1.54428375
   0.69402041  2.58989172 -0.9557375  -0.11825671  0.78480128  0.70379501
   1.07546875 -0.82797419  0.71692039  0.56396878 -0.27388542 -0.3200471
  -0.14910501 -0.07162    -0.27096291 -0.38517333  0.05572873 -1.75634086
   1.65381168  2.0980675   2.1570687   2.48683791 -1.37761793  0.8197
  -0.7908129   0.30434122  0.44625999 -0.91423706 -2.01742292  0.35741333
   0.17565125 -2.25809536  0.68575706 -0.34562293  2.21440874  0.71468586
   0.6428175  -0.97706501  1.17752125  0.34432001 -2.51824245 -0.79869044
  -0.46815459 -0.17719335  0.07858707 -1.58106493 -0.87764291 -1.80558298
  -1.55838541  0.46294373  0.065425    0.96296582 -0.58730375  1.37460667
   1.47911249 -0.18240879  0.96965168  2.16554923  0.58470794 -0.93483875
   0.02235623 -0.93487628 -0.22547585 -0.77251837  0.99004498  0.27525413
  -0.82339539 -2.5231655   0.92882998  0.78142372  0.91465039  2.42357212
  -0.01236417  0.94152707  2.01152834 -0.27870167  2.39443333 -1.62843255
  -1.10388414 -1.51799624 -0.47015749 -0.27878874 -0.44558664  2.91853709
  -1.23457545 -0.28007997  1.35767829  1.15010628 -0.53286375 -1.72617831
   0.33419503  0.08273915 -0.06728127  1.82121999  1.6251896  -0.86050832
  -1.62243665  2.21044877 -0.25853082  2.13393254  3.04705587  0.44844163
   0.6491929   1.30075335  0.1612025   1.21006169  1.44822041  0.49452918
   1.58938958  1.10225505 -0.09705045  0.42211668  0.47493582  0.96427211
   0.95163835  0.17779875]]