[-1.28318834e+00  7.93151677e-01  3.37401658e-01  6.70196712e-01
  2.53559494e+00  4.48623329e-01  8.13416660e-01  2.62840003e-01
 -2.31147361e+00  1.93790004e-01  2.00076655e-01  2.94011998e+00
 -1.21617663e+00 -3.73112011e+00 -2.70989984e-01  9.00286615e-01
  2.82118291e-01  7.39306748e-01 -1.56735504e+00  1.64033175e+00
  5.85131645e-01  2.94399166e+00 -9.88374949e-01  1.13690507e+00
 -1.02135503e+00 -1.57378161e+00  1.33522832e+00  2.16606164e+00
 -1.20876670e+00 -8.35866690e-01  1.50374174e+00 -6.36965036e-01
 -4.10596639e-01  9.85625029e-01  2.73281980e+00  2.19124508e+00
 -1.49085844e+00 -5.41538358e-01 -2.25341821e+00  5.89241743e-01
 -1.25848997e+00 -2.38206983e+00  3.20221019e+00 -5.23690045e-01
  7.04925001e-01  1.67304504e+00  7.16743231e-01 -7.17596710e-01
  9.48383436e-02  2.62025028e-01 -1.41798258e-01  1.14972508e+00
 -8.23246658e-01  7.93428242e-01 -1.42158830e+00  1.83229160e+00
 -4.60101694e-01  3.71613353e-01  4.77393389e-01  2.25142360e+00
 -3.96486640e-01 -7.77093410e-01  6.88631713e-01 -3.22205186e+00
  8.24256718e-01 -9.05433297e-02 -1.20648491e+00  1.96499825e+00
  9.15945053e-01  1.42051652e-01  1.10375321e+00 -5.24980009e-01
  1.60789001e+00  2.04853320e+00 -2.07377505e+00  3.07192326e+00
  1.34836161e+00  3.52640003e-01 -2.72714162e+00  1.42991647e-01
 -1.10415161e+00 -1.62933826e+00 -1.07107341e+00 -1.51038992e+00
  1.38780820e+00  4.07349825e+00 -1.57866180e+00  1.63099337e+00
  2.10204005e+00  9.54620063e-01  8.49323452e-01  1.11045492e+00
  1.48264325e+00 -8.09059918e-01 -1.79072177e+00  1.53568268e-01
 -9.67798412e-01 -4.94318336e-01 -9.77578223e-01  7.88436651e-01
  7.80998409e-01 -2.05618834e+00  7.09614992e-01  1.83919513e+00
  2.06694484e+00  1.94097662e+00 -1.60923159e+00  1.05590832e+00
 -1.13380659e+00  1.86193848e+00  4.10496490e-03 -3.92320824e+00
 -2.81419492e+00  1.06787825e+00 -7.08729923e-01 -2.63996506e+00
  2.78329158e+00  1.08850157e+00  1.19731510e+00  1.09938502e+00
  3.54485035e-01 -2.31849670e+00  2.39749503e+00  1.06536007e+00
 -1.40116012e+00 -2.01547647e+00 -1.92847979e+00  5.55926621e-01
  9.61726665e-01 -1.66139996e+00 -7.32791662e-01 -1.41167831e+00
  1.83236644e-01 -1.68670014e-01  1.22149782e-02  1.19841504e+00
  4.94203299e-01  2.18270183e+00  1.68025982e+00  2.59656668e-01
 -4.34360027e-01  1.60367167e+00  1.29864991e+00 -1.53417158e+00
  2.82347679e+00 -9.65676725e-01  3.29829931e-01 -2.60172009e+00
  2.62431502e+00  6.20446682e-01 -7.55681694e-01  3.57370108e-01
  1.74972856e+00  8.57036650e-01  1.72101498e+00  1.35319662e+00
  5.32901704e-01  3.02023506e+00  1.34581816e+00 -4.09510016e-01
  3.07034326e+00 -3.32383990e+00 -1.79147184e+00 -2.92510152e+00
  8.51853311e-01 -6.00101650e-01  7.66196668e-01  1.99999821e+00
 -1.68083515e-02 -1.11538339e+00  3.11341673e-01  1.05217659e+00
  3.15758318e-01 -1.90564013e+00  1.01077998e+00  4.17649746e-02
  1.11174011e+00  9.94556665e-01  2.45890331e+00 -1.04489493e+00
 -1.51208675e+00  2.12173319e+00  1.24339946e-01  2.29685998e+00
  4.44308996e+00  4.22351688e-01 -6.82849944e-01  2.28847837e+00
  1.01831007e+00 -1.25645816e+00  2.32994986e+00  5.06943405e-01
  2.50711322e+00  5.24434984e-01  3.30400658e+00 -9.55351651e-01
  1.09051682e-01  7.20935047e-01 -1.73965502e+00 -1.08266719e-01]