[[-0.12677519  0.12297344  0.42197551  0.32643518  1.09571239  0.34971792
   0.7315221  -0.12660517 -1.11131071  0.21868449  0.9545683   2.33256999
  -1.55337656 -2.65650625  0.55899484 -0.37267206 -1.47822411 -0.31541655
  -1.4447852   1.50081379  0.16475415  2.72118726 -0.92401998  0.35776241
  -1.4593721  -0.6412624   1.01421209  2.70755725  0.63968069 -1.94942794
   1.4818024  -0.42284068 -1.23261827 -0.20117586  2.60918516  1.66917067
  -1.56977481  0.10208721 -1.22090656  0.25306757 -2.65338998 -0.02521758
   1.77833206 -0.79776001  0.66748001  1.77833862 -0.50885931 -1.41129967
  -0.1418369   0.63919139  0.92687136 -0.13387965  0.51258896  1.21819483
  -0.76994586  1.72488344 -0.41405033  0.34044206  0.78926345  2.07384895
  -0.4405038   1.21885929  0.40275344 -1.15086242  0.86319347  0.41680035
   0.96308553  0.94716069  0.92709276 -0.09955899  1.38095276 -1.2661562
   1.96091277  1.51145033 -1.86956622  1.72676067  1.17710967  0.55434448
  -1.87801759 -0.77815622  0.32948862 -1.57270244 -0.56972345 -1.07064069
   0.75428449  2.30493963 -1.1918593   1.47355     1.28391032  1.47115757
   0.58379103  0.83308828  0.86692586  0.11886999  0.31687621 -0.29263519
  -0.76955967 -1.65872621 -0.29780104  0.36003897  0.72673378 -2.40953583
   2.61531308  1.48364932  0.95505689  1.17283103 -0.57789483  0.08534655
  -2.23965174  1.86160726  0.35928206 -1.55741792 -1.22536102  1.0983214
   1.09493173 -2.29051621  0.22740069  0.20932865  0.90887174 -0.16479551
   2.23794274 -1.78752416  1.87535827  1.58882344 -0.51627171 -2.15117419
  -1.0053907  -0.69270344 -0.50999173 -1.43367829  0.61442103 -1.86685824
  -1.58275314  0.99580619  0.41105481  0.28990103 -0.96786554  0.82632278
   1.32350139  0.11082309 -0.06152931  1.58176654  0.35511689 -1.08205207
   1.48628963 -0.73406311  0.57404002 -1.94563415  1.57140448  0.02628686
  -0.22002829 -0.83618208  1.89021205  0.58587105 -0.16559309 -0.30687827
   0.64685929  1.8194376   0.95540484 -1.15148757  2.11447246 -2.33619483
  -0.40408033 -0.41252172 -0.25602828 -0.22839931  0.29507103  3.55349588
  -1.5502683   0.70438657  0.44466932  1.42522379 -1.83137655 -1.30995245
   0.35856516 -0.02752241  0.18929793  0.8933769   0.41551585  0.03727964
  -2.89860518  2.37923379 -0.72302864  2.2658938   3.12568826  0.47988655
  -0.25080449  0.29452583 -0.09886312 -0.12852242  1.56534312  0.28427517
   1.62797759  1.51241619  1.78381209 -0.18551207  0.31795828  0.29234931
  -0.56105172  0.62273758]]