[-1.1112219e+00  1.6735500e+00  1.0827761e+00  6.7947976e-02
  1.2022560e+00  4.8589402e-01  2.1470599e-01 -4.5811796e-01
 -2.9339080e+00 -2.3007998e-01 -1.9081402e-01  1.4972241e+00
 -1.3033980e+00 -3.7276542e+00  9.5785797e-01 -3.1717199e-01
 -9.5919800e-01 -2.6858401e-01 -8.8906801e-01  1.6406920e+00
  7.1038800e-01  3.7031639e+00 -6.2570792e-01 -4.8341808e-01
 -9.2957801e-01 -1.1113501e+00  1.8875101e+00  3.0728543e+00
 -3.7274402e-01 -8.1709003e-01  7.0770204e-01 -1.0136280e+00
 -1.0147719e+00  9.0045595e-01  2.5746078e+00  3.3335419e+00
 -2.0108380e+00 -2.1977797e-01 -2.2526400e+00 -5.2624196e-01
 -1.8607600e+00 -2.4078841e+00  2.5871439e+00 -1.1351459e+00
 -2.5100797e-01  1.1795319e+00  9.4274008e-01 -6.2810391e-01
  5.6711400e-01  1.6533781e+00 -1.5001780e+00  4.6591806e-01
 -1.2357100e+00  7.0111001e-01 -8.5961401e-01  7.0687997e-01
 -1.3784139e+00  1.3426800e+00  8.8694793e-01  1.6719420e+00
 -1.2635521e+00  6.1394000e-01  6.4691007e-01 -1.6752300e+00
  1.3236239e+00  8.0731392e-01 -6.1468190e-01  2.6520162e+00
  6.0257804e-01 -1.1173301e+00  2.8211858e+00 -1.2750620e+00
  8.7043399e-01  1.8472741e+00 -1.1341860e+00  1.4133641e+00
  4.0337998e-01  3.2095399e-01 -2.4109299e+00 -1.9872181e+00
 -5.1059960e-03 -8.6200202e-01 -7.1638000e-01 -1.9274340e+00
  1.6511919e+00  2.8418441e+00 -8.5083789e-01  1.6471641e+00
  2.4025998e+00  1.1764921e+00  5.2657402e-01  1.5473300e+00
  1.7869122e+00 -1.0614799e+00 -4.8053998e-01 -1.0554980e+00
 -9.8387802e-01 -1.0070961e+00 -1.1773201e-01  1.3934219e+00
  8.8851005e-01 -5.5115807e-01  1.7548378e+00  6.4381206e-01
  1.2110379e+00  1.8275341e+00 -2.9353198e-01 -3.3183798e-01
 -3.1008798e-01  2.2240863e+00 -6.8792023e-02 -1.7337799e+00
 -2.5581679e+00 -2.6615399e-01  5.0509006e-01 -1.8297180e+00
  1.4730761e+00  5.9209597e-01 -3.3811799e-01  5.0994003e-01
  1.1119480e+00 -1.1859660e+00  7.8372598e-01  2.4625919e+00
 -8.1015599e-01 -2.9243979e+00 -2.5442140e+00 -2.9279199e-01
  1.3544900e+00 -1.6262661e+00  1.6469339e+00 -2.1498721e+00
 -1.3784239e+00  1.0493640e+00 -7.5592804e-01  1.3182039e+00
 -1.1945760e+00  9.7929204e-01  1.1973821e+00  1.2882000e+00
 -3.4708005e-01  1.6027062e+00  2.0377679e+00 -2.0595620e+00
  1.2116401e+00 -1.0140240e+00  6.7934000e-01 -3.3229461e+00
  2.4108758e+00  6.6683596e-01 -9.2790204e-01 -7.6801395e-01
  3.1686598e-01  1.2324979e+00  7.2149199e-01  5.2761000e-01
  1.5080340e+00  2.1318381e+00  2.8129582e+00 -1.1154499e+00
  2.2489078e+00 -2.1727538e+00 -1.3250360e+00 -1.4632740e+00
  5.4971802e-01  4.1795796e-01  1.9988962e+00  3.9106801e+00
 -6.6495395e-01  4.6012202e-01  2.3579956e-03  2.0642343e+00
 -3.0377984e-02 -1.2995121e+00  9.9877393e-01  6.6895401e-01
  9.9694192e-01  8.5138798e-01  1.6575180e+00 -5.1650602e-01
 -2.2094560e+00  1.2212179e+00 -5.6831205e-01  1.5389900e+00
  3.9563484e+00  4.4316596e-01 -1.1210282e+00  2.6825442e+00
  5.3695595e-01 -4.1630000e-01  1.7873659e+00  4.8482209e-01
  1.4978461e+00  1.0006059e+00  8.7921602e-01 -1.0898002e-01
  7.4473202e-01  9.3719608e-01 -1.9935280e+00  3.8786390e-01]