[-0.3213826   1.006302   -0.2647458   0.6916529   1.2281498  -0.61536336
  0.73443663  0.33847207 -2.13484     0.7184534  -0.20080768  2.8786352
 -1.15927    -3.2635634   0.28158125  0.08359051 -0.6227683  -0.48526502
 -1.1427789   1.4184185   0.27354977  2.560985   -0.85482126 -0.4332682
 -0.53951126 -1.0061593   0.7376602   2.7408671  -1.052711   -0.9278045
  0.58734083 -0.62748796 -1.4499234   0.22298603  2.7303336   2.2320654
 -0.92455786  0.0847934  -2.4513733   0.3146413  -1.9291029  -1.2598149
  1.5225013  -0.45390707  1.3961687   1.344751   -0.34036055 -0.3873592
 -0.23422873  0.9726691  -0.11498604  0.22496763 -0.47005683  1.9121892
 -0.9986003   1.8977587  -0.01403711  0.4242494   0.6324584   1.1469691
 -0.6248555   1.8367956   0.22397892 -1.8079089   0.47463027  0.6160195
 -0.25588346  0.97405976  1.010056   -0.08740524  1.5745378  -0.69172186
  1.0380636   1.8741268  -0.93838793  1.1751184   1.2150177   0.35465503
 -1.4333314  -0.17676763 -0.7732208  -1.0101427  -0.53893834 -1.5083467
  0.76069283  3.7164593  -2.2385364   1.1243329   0.87619823  0.7655847
  0.6119721   0.7949835   0.9779584  -0.2073829   0.062445   -0.92772025
 -0.29421005 -0.47461167 -0.8555801   1.2784029   0.27731398 -1.6042336
  2.2321382   1.4602864   1.4417444   0.19481504 -0.8232682   0.05441053
 -1.1217947   1.6749052  -0.52430505 -1.260737   -1.3431798   0.26351315
  0.3085763  -2.7670116   1.3281823   0.78605735 -0.04116558 -0.74954784
  1.061635   -1.596336    1.6919558   1.7740088  -1.7375673  -2.3425913
 -1.0696832  -0.48542917  0.86396116 -1.7147621   1.2520498  -2.3198884
 -0.45041627  0.81175435 -0.42482054  0.6423408  -0.79766774  1.8006014
  0.9956969   0.76973814 -0.02317914  2.0060081   1.1726915  -1.8028511
  1.52357    -0.58388567  0.56708974 -1.7527729   1.6198071  -0.07576631
 -1.1738113  -1.7911304   1.3286808   0.5016845   0.6141616   0.60061586
  1.0642838   2.0262234   2.2555988  -0.1018279   2.0721126  -1.7856988
 -0.2820492  -0.78506416  0.13712023 -0.04828342  0.23827447  3.4259422
 -0.7860081   1.1477345   0.77688456  0.62819874 -0.9251549  -1.231741
  1.1444318   0.54791945 -0.15900339  0.9731126   2.1229026  -1.094413
 -2.375636    1.1184766  -0.3661266   2.3231702   2.8676596   0.60979104
  0.4640034   1.5631868   0.29968    -0.28630763  2.1500435   0.47534114
  2.0237188   0.31443816  1.9705726   0.28133893  0.74548393  0.9623453
 -0.6502206   0.22373134]