[ 7.0679504e-01  1.3369975e-02 -1.1843195e-01 -2.0911899e-01
  1.6623819e+00 -2.6868682e+00  3.2836989e-01  5.5608410e-01
 -2.4652629e+00  1.5224380e+00  1.5840351e-03  3.3939862e+00
  5.3734201e-01 -2.5351570e+00 -1.0610161e+00  9.7632611e-01
 -1.5888499e-01  3.4873003e-01  1.9380997e-01  1.5148079e+00
  1.2388510e+00  4.1153202e+00 -7.3409307e-01  1.0444109e+00
  4.9401107e-01  3.1212899e-01  1.8091120e+00  3.8013413e+00
 -3.7096196e-01 -3.1278795e-01  1.3497550e+00 -2.0137260e+00
 -9.8813879e-01  6.1120498e-01  1.9852540e+00  2.6237578e+00
 -1.1459121e+00 -1.5572760e+00 -1.0329801e+00  6.6189645e-03
 -1.9962450e+00  3.8405395e-01  1.5227880e+00 -3.4829995e-01
  1.7461239e+00 -4.8626997e-02 -1.2552801e-01 -2.9002000e-02
 -9.2963201e-01  1.1302370e+00 -1.2334360e+00  3.0344000e-01
 -1.7068192e+00  2.1063352e+00  1.6454796e-01  2.0226521e+00
 -4.8367196e-01  2.5579101e-01 -3.1974900e-01  5.6829703e-01
 -1.1835870e+00  1.3959582e+00  7.5822794e-01 -1.0827750e+00
  7.7260804e-01 -6.1040007e-02  1.2919981e+00  8.3688992e-01
  2.3863301e+00  9.3426198e-01  9.4847310e-01  4.2003602e-01
  1.1404870e+00  2.1160769e+00 -1.5713379e+00  1.0654831e+00
  1.3645680e+00  5.8160044e-02 -1.4350821e+00 -3.3031287e+00
  5.7940501e-01 -7.3986995e-01  6.3674200e-01 -6.8754601e-01
  6.8722790e-01  1.0614579e+00 -2.4866993e+00  1.6945579e+00
  1.5794539e+00  3.2049796e-01  1.0859710e+00 -1.1888050e+00
  8.3761597e-01 -9.1672972e-02  8.6761600e-01  9.1523960e-02
  4.2407495e-01  6.2089097e-01 -5.7829601e-01 -5.4540002e-01
  8.3276194e-01 -4.3477100e-01  1.2741660e+00  2.5106223e+00
  1.1622479e+00  1.8296850e+00 -6.9733191e-01 -5.1217395e-01
 -1.7757320e+00  2.0357718e+00 -1.3507290e+00 -1.2763311e+00
 -2.1441410e+00  1.6309420e+00 -2.5626299e-01 -3.5190949e+00
  2.5096338e+00  8.7554023e-02  1.5322850e+00 -9.2527902e-01
  2.2714558e+00 -1.1747329e+00  1.3342199e+00  1.7581240e+00
 -3.3267162e+00 -1.5688080e+00 -2.4408293e-01  3.4990102e-01
  1.0426481e+00 -2.5860600e+00  1.5598971e+00 -1.6009601e+00
 -1.2382752e+00  1.1963861e+00 -1.7872721e+00 -7.4177003e-01
 -2.7507558e+00  8.1209661e-03  2.5661511e+00 -8.3776206e-01
  2.7921870e+00  3.0556600e+00  5.0241995e-01 -3.0344837e+00
  4.2466897e-01  5.0097400e-01  1.0078871e+00 -6.4722395e-01
  5.9611398e-01  7.5888503e-01 -1.6680670e+00 -4.0189309e+00
  1.3150749e+00 -5.2116293e-01  6.2698311e-01  1.4892509e+00
  3.2247502e-01 -9.0915805e-01  3.6528771e+00 -1.4517269e+00
  2.1693039e+00  8.2488286e-01  5.3497933e-02 -1.4518870e+00
 -9.6210063e-02 -1.1485200e+00  2.0325420e+00  2.7774558e+00
 -2.4295199e+00  9.2101097e-01  1.3679160e+00  5.0169796e-01
  1.5806504e-01 -1.3742590e+00  8.1827402e-01 -4.0630800e-01
 -4.0770808e-01  3.0367106e-01  2.7550480e+00 -1.2277000e+00
 -1.6976259e+00  2.2110419e+00 -8.1442392e-01  2.9104149e+00
  2.4542289e+00  4.8805600e-01  9.4650203e-01  2.5619624e+00
  1.3156950e+00  1.0176101e+00  2.6249003e+00  2.4209437e+00
  9.2841893e-01 -2.0442693e-01  4.2117500e-01  1.3426800e-01
  1.4397039e+00  5.9272408e-01 -3.2284799e-01 -3.6316401e-01]