[-8.1057608e-01  5.9867907e-01 -5.2850419e-01  7.5029707e-01
  1.5466700e+00 -8.0471498e-01  8.1398499e-01  1.2889130e+00
 -2.4096682e+00  7.3353201e-01  1.0695299e-01  2.5196300e+00
  2.4978800e-01 -3.0326083e+00  1.1434939e+00 -4.3467602e-01
 -5.1012003e-01  1.1813262e+00 -1.4719630e+00  7.3402900e-01
 -9.0418011e-02  3.1203687e+00 -6.9759899e-01 -3.2250905e-01
 -1.5298880e+00 -3.7603298e-01  1.3438202e-01  2.4178979e+00
  2.4312496e-01 -5.6717402e-01  4.1612107e-01 -9.1072196e-01
 -9.9430513e-01  2.7800142e-03  2.6922069e+00  2.7442429e+00
 -6.9369900e-01  1.0292231e+00 -2.3879073e+00  1.3870494e-01
 -3.0180061e+00 -2.0318589e+00  1.7507321e+00 -1.5783910e+00
  1.3817861e+00  1.6090860e+00 -1.5922297e+00  5.3952199e-01
 -3.2330704e-01  2.4466702e-01 -5.9999192e-01  3.2952493e-01
 -3.4107599e-01  1.5476470e+00 -1.1050580e+00  2.0443978e+00
 -1.8681902e-01 -1.7549603e-01  1.5681751e+00  9.9876511e-01
 -1.5690360e+00  1.2138529e+00  2.0841202e-01 -1.0925940e+00
  7.2650594e-01  1.7291740e+00 -3.2041305e-01  1.7326819e+00
  6.6430992e-01 -5.1407295e-01  1.3279480e+00 -1.1798680e+00
  5.4713798e-01  2.5549231e+00 -8.9292204e-01  8.8473397e-01
  1.7957432e+00 -2.6716501e-01 -1.0446180e+00  9.9207975e-02
  5.1349306e-01 -1.7179019e+00 -1.0715350e+00 -9.8055202e-01
  1.7905232e+00  2.7178130e+00 -1.2154109e+00 -4.0677965e-02
  5.8949697e-01  1.5389478e+00  1.7870958e+00 -9.1046590e-01
  1.0732270e+00  1.4829769e+00 -6.8279493e-01 -4.9067503e-01
 -3.4348202e-01 -6.8132097e-01  8.2390511e-01  1.1156969e+00
 -2.3215404e-01 -9.1125500e-01  2.8643889e+00  1.6568550e+00
  1.8513319e+00  1.6100209e+00 -1.3793011e+00  9.5870286e-01
 -1.9217659e+00  2.3927808e+00  1.2527668e+00 -1.2895391e+00
 -1.5634730e+00  1.9808489e+00  3.2331991e-01 -2.1620941e+00
  1.6186279e+00 -8.6102031e-02  1.5271019e+00 -4.2934194e-01
  1.0991430e+00 -1.7385120e+00  1.8198849e+00  2.1864769e+00
 -1.9297359e+00 -1.5312301e+00 -1.3073100e+00  1.9169399e-01
  2.9989401e-01 -1.7233890e+00  2.2123305e-01 -1.8380101e+00
  5.1590968e-02  9.0049899e-01  6.6563010e-02  5.0910503e-01
 -2.4297503e-01  2.1814322e+00  2.4355760e+00 -3.4343597e-01
 -9.6431494e-01  1.2035229e+00  1.4664510e+00 -2.1177649e+00
  1.7030159e+00  4.6987962e-02  1.6525650e+00 -2.4185121e+00
  9.1794699e-01  1.1993401e-01 -6.8043792e-01 -1.4193140e+00
  1.2239090e+00  3.1926304e-01 -3.2256204e-01  1.0112480e+00
  1.0406940e+00  1.3431331e+00  1.3135890e+00 -8.9797306e-01
  3.8489757e+00 -3.6915684e+00 -2.1961863e+00 -1.1505719e+00
  7.0339978e-02 -3.5732999e-01  5.6641495e-01  3.5186348e+00
 -1.4575990e+00  4.8670799e-01  1.4899189e+00  1.6606362e+00
 -8.9196301e-01 -5.7987607e-01  1.0282910e+00 -1.0155003e-01
 -2.5317103e-01  2.0402727e+00  1.5094781e+00 -6.4522600e-01
 -2.5334570e+00  6.5673292e-01 -3.7233898e-01  1.9626901e+00
  3.3372662e+00  1.1613730e+00 -1.1785996e-01  2.1237168e+00
  2.7781200e-01 -8.5905600e-01  1.9423649e+00  1.0214331e+00
  3.4597042e+00  1.4645908e+00  4.8902997e-01 -1.2781159e+00
  5.4818898e-01  7.8642607e-01 -5.0887501e-01 -4.8163988e-02]