[-0.6600771   1.3973943  -0.10669572  0.74081147  1.3879501   0.28040284
  0.88336426  0.13529997 -1.9633214   0.54244286  0.4160957   2.0903656
 -1.0831001  -3.5544941   1.1349571  -0.14341286 -1.2212642   0.25419286
 -2.0777214   1.7685058  -0.25696144  3.7325673  -1.2723029   0.65327424
 -0.23449717 -0.9556815   0.6998929   3.1804655  -0.73685724 -1.9775372
  1.0002872  -0.87092847 -1.0109185   0.08941144  2.927583    1.838783
 -2.30467     0.8428315  -1.6662314  -0.41978714 -2.1331515  -0.95635855
  2.7974513  -0.9942557   1.9450129   2.0657487  -0.9491829  -0.39895
 -0.00447432 -0.07078714  0.6410728  -0.07576147  0.2750686   0.9717514
 -0.84596145  1.8088272  -0.81048     0.3694943   1.1543072   2.9230385
  0.06533717  0.8325714   0.9305871  -1.50581     0.8217229   1.5522772
  1.1778471   1.7797072   0.8273414  -0.9226442   1.2862257  -2.8770916
  0.9573671   1.7787372  -1.9220113   2.0311499   2.16969     0.69701856
 -1.8332815   0.08950281 -0.16380857 -1.2058357  -0.58260006 -1.51153
  0.8308115   2.1896343  -0.42619148  1.8742429   2.450903    1.6119014
  1.4986613  -0.07966149  1.2172985   0.23309147  0.16813715 -0.5369329
 -1.5790044  -1.0746785  -0.7200128   0.38926706  0.24535428 -2.2683084
  3.1399558   1.8070014   0.8538157   0.64525425 -0.02844429 -0.38302997
 -2.8798332   3.43218     1.2517443  -1.45792    -1.9436285   2.079227
  1.467943   -2.604094    0.83400434  1.5411586   0.6929372   0.05986571
  0.78007    -1.6931227   2.382347    1.4945985  -0.08510429 -2.368053
 -2.2133498   0.50771433  0.24741857 -1.2096771   0.4968814  -1.9178188
 -0.81822145  1.2424972  -0.54426     0.03953579 -0.45054427  1.1176058
  2.1360145  -0.03997288 -1.232787    1.4168729   1.7606058  -1.9209687
  2.0697086  -0.8935171   0.48573712 -2.3076816   1.3068886   0.44661856
  0.1133057   0.80007714  1.1694071   0.9342514  -0.18748568 -0.17242143
  2.1327157   2.77885     0.50732285 -0.84720427  2.154037   -3.2960172
 -1.3309957  -1.0293013  -0.34770426 -0.15991712  0.68798     3.8592455
 -1.0862614   1.1399314   1.5783371   1.4549586  -2.0989728  -1.9375155
 -0.61297    -0.5475915   0.30833572  0.8225571   1.3822929  -0.00918426
 -3.3462358   2.0452273  -1.3004943   2.4130228   3.9579685  -0.19954996
 -1.0098699   0.25481862  0.8759971   0.6760085   2.3303227  -0.11324428
  2.3410814   1.7818128   2.074507   -0.6412343   0.09217429 -0.01057577
 -0.8981443  -0.8199114 ]