[-9.61297870e-01  1.41136396e+00 -7.07290053e-01 -2.80247957e-01
  4.72977936e-01 -1.18030000e+00  4.61401930e-03 -3.00852001e-01
 -2.26354980e+00 -2.48429969e-01 -8.57483983e-01  3.00366998e+00
  6.34785891e-01 -2.61279202e+00  2.12394089e-01  4.84050035e-01
 -1.09862590e+00  8.07006001e-01 -4.87875879e-01  2.32047606e+00
 -1.19196200e+00  3.63621211e+00  8.41083884e-01 -4.72444057e-01
 -7.89829969e-01 -7.51241982e-01 -7.44095922e-01  2.94245601e+00
 -2.06160024e-01  5.17240047e-01  2.45242977e+00 -1.06902599e+00
 -1.61597800e+00  1.90494788e+00  5.37942028e+00  1.16765404e+00
 -1.30964792e+00 -1.95641589e+00 -1.59962606e+00  1.19302201e+00
 -1.97322619e+00 -1.49791002e+00  2.27213788e+00 -3.39439988e-01
  2.24006200e+00  1.11147977e-01 -5.60298085e-01  3.74031991e-01
 -7.71100044e-01  2.45525599e+00 -4.93247986e-01 -3.80340591e-02
 -2.11846995e+00  3.72864008e-01 -1.95370603e+00  8.66262078e-01
  3.95491987e-01  9.58319962e-01  2.42270803e+00  1.57080603e+00
 -1.16876006e-01  2.03266382e+00 -3.46179962e-01 -2.90541196e+00
  2.54239416e+00 -2.28195995e-01  1.19819976e-01  5.08233964e-01
  1.01564598e+00  9.65426087e-01  2.82772207e+00 -1.06946397e+00
  8.50527942e-01  1.61583591e+00 -2.39789963e-01 -1.84472039e-01
  2.91983604e+00 -1.58196390e+00 -1.30461192e+00  1.56880111e-01
 -9.06706035e-01 -5.17600000e-01 -9.38138008e-01 -2.67036581e+00
 -2.92560011e-01  2.55394983e+00 -1.42515588e+00 -6.32434011e-01
  7.89101958e-01  3.59584033e-01  2.09022593e+00  9.41501975e-01
  1.48479199e+00  7.32426047e-01 -3.69600058e-02 -4.19037998e-01
  4.74664032e-01 -5.34998059e-01 -4.68376011e-01  1.05432594e+00
  1.52171195e+00 -2.10083199e+00  1.57462394e+00  1.40970612e+00
  1.60995603e+00  3.93325955e-01 -1.42830396e+00  6.51649892e-01
 -1.33682418e+00  3.15859973e-01  9.58240256e-02 -2.00414205e+00
 -1.26997992e-01  1.80861402e+00  1.51987398e+00 -3.86167002e+00
  2.45092392e+00 -2.58585989e-01  4.95819077e-02  1.96373594e+00
  2.18268800e+00 -1.74358404e+00  1.28351402e+00  2.38709402e+00
 -2.60518408e+00 -3.95100164e+00 -4.27208036e-01  9.18312073e-01
  2.20067811e+00 -1.37117398e+00 -1.45449996e+00 -1.15487206e+00
 -7.37409949e-01  1.13327003e+00 -1.34661996e+00  1.48881868e-01
  1.47814608e+00  3.13348603e+00  3.28891993e+00 -4.80363935e-01
  2.98845947e-01  2.12704033e-01  2.66433001e+00 -2.50902200e+00
  1.63267207e+00  1.13677812e+00  1.99911809e+00 -2.25243020e+00
  2.90090799e+00  1.05559599e+00 -3.17188787e+00 -5.64499870e-02
 -1.13498187e+00  1.60994184e+00  9.42901969e-01  4.91390049e-01
  1.49563789e+00  2.28758979e+00  7.04438031e-01 -7.44727969e-01
  3.79367971e+00 -5.54008007e-01  1.14143990e-01 -1.84253976e-01
 -3.32205951e-01  1.29921603e+00  1.56146204e+00  3.23444414e+00
 -8.05335999e-01 -1.39092994e+00  1.49808383e+00  1.19772804e+00
 -6.96735978e-01 -1.38468194e+00  1.13840389e+00  9.37615991e-01
  5.10019884e-02  2.45869994e+00  2.22388983e+00 -2.49172616e+00
 -5.09631991e-01  2.46633601e+00 -2.43638015e+00  8.03778052e-01
  1.45065999e+00  4.88445997e-01 -3.86086047e-01  2.23228979e+00
 -1.10526597e+00  6.74587965e-01  1.32551992e+00  5.60177982e-01
  1.93605006e+00  1.13186395e+00  3.12198997e+00  8.20419967e-01
  2.53173804e+00  1.61886021e-01 -7.07149982e-01 -3.06771934e-01]