[-0.43159     1.7571374   0.06174711  0.9767708   1.3460759   0.34125042
  1.047922    0.2340229  -1.42426     0.81278247  0.5653133   2.8787003
 -0.88061047 -2.740276    0.42286706  0.71785873 -0.6017267  -0.04884501
 -1.4690137   2.0859447  -0.15280624  2.2237575  -1.0543393   0.3065854
 -0.35933283 -0.94019383  1.221462    2.4970372  -0.95331746 -0.8214229
 -0.573972   -1.1083812  -0.58605164 -0.4231346   2.0701652   1.5590395
 -1.3774438  -0.28746957 -2.075187    0.513025   -1.19936    -0.92580205
  1.805298   -0.27945957  0.4928008   1.9789366  -0.2803721  -1.024335
  0.25255206  1.1939118   0.5415171   0.45326456  0.13260251  0.9383538
 -1.3716983   1.2357779  -0.19296958 -0.2696363   0.44922122  1.076303
 -0.11321668  0.9065001   0.23000707 -1.6124153   0.35145625  1.2786597
  0.6226854   1.0397819   0.8726005  -0.01340542  1.3140596  -1.164642
  1.1487602   1.7238618  -1.0482788   1.6266505   1.3788921   0.0777217
 -1.8468484  -0.6412288  -0.73627466 -0.80232286 -0.38477334 -1.5559744
  1.2274929   2.695812   -1.1026057   0.6994171   0.70899373  0.99339586
  0.6532237   0.7324353   1.1452272   0.1873646  -0.37206373 -0.65338045
 -0.41987047 -0.90581423 -0.8150012   0.6650878   0.45304123 -2.020312
  2.2825437   0.84083205  0.62514955  1.1057266  -0.0802075   0.30362335
 -1.1783817   2.2401373   0.59212834 -1.6353661  -1.5962325   0.901977
  0.87287134 -2.2905514   0.58400625  0.5424042   0.00870077  0.5063367
  0.98502827 -1.528962    1.8628696   2.6764698  -0.7824941  -2.4841688
 -1.5785807  -0.5764525  -0.24696161 -1.4905443   0.99500084 -1.1647671
 -0.7289632   0.5426279  -0.36317956  0.6158896  -0.4649608   1.1001266
  1.2288796   0.9097743  -0.42309245  1.5721635   0.7738378  -2.2650654
  1.4281958  -0.46749702  0.61388874 -2.006443    1.8206753  -0.13442624
 -0.39166296 -1.1127304   1.1068469   0.53612834  0.22388916  0.13077582
  0.5668172   1.7486585   1.4542192  -0.40281335  1.6687418  -1.9329376
 -0.12852876 -0.6312287   0.3864378  -0.6138254   0.36890838  3.7376368
 -0.41249287  0.55971617  0.8027355   1.9878917  -1.2789749  -0.6007866
  0.01741832  0.27890626 -0.5769246   1.690876    0.7809651   0.03333374
 -2.4171154   1.1982049  -0.32214496  0.76439255  2.6946867   0.70168453
 -0.76000327  1.2073313   0.35780248  0.05991588  0.9571066   0.68462586
  1.6995505   0.48776126  1.6039295   0.19610542  1.2568146   0.5110763
 -0.82596993  0.1639975 ]