[[-4.55427646e-01  1.27597647e+00  5.30774143e-01  1.51361473e+00
   1.55709467e+00 -1.04640474e+00  5.25025874e-01  4.16707063e-01
  -2.57453177e+00  1.27875770e+00 -1.10172938e-01  2.42309709e+00
  -7.56791777e-01 -2.35047178e+00 -1.70001773e-01  5.94785285e-01
  -8.98533497e-01  1.23420571e-01 -1.75678880e+00  1.11076296e+00
  -2.60868215e-01  3.34008709e+00 -1.32574001e+00 -7.78370496e-02
  -2.93705432e-03  4.39188242e-01  4.97038215e-01  3.08136348e+00
  -2.86885304e-01 -8.55832343e-01  8.51418771e-01 -5.26464117e-01
  -4.12147629e-01  3.65262368e-01  3.26402409e+00  1.25150528e+00
  -9.69628850e-01  1.03098351e+00 -1.56415587e+00 -1.73475873e-01
  -2.12926241e+00 -1.02107119e+00  2.14827289e+00 -6.00438833e-01
   1.42773826e+00  1.44565353e+00 -9.31245827e-01  3.33047325e-02
   4.47536503e-01  1.35516178e+00 -6.65231208e-01  6.94513519e-01
   6.64334115e-01  1.65977294e+00 -1.30512349e+00  1.60859766e+00
  -1.01972927e-01  4.35763515e-01  1.53442889e+00  1.67941881e+00
  -7.75992919e-01  5.46991127e-01  2.88197026e-01 -1.33798589e+00
   9.73304079e-01 -1.64296457e-01  3.05071200e-01  1.82912645e+00
   1.04165174e+00 -5.84724111e-01  1.73519696e+00 -4.86710587e-01
   1.11028353e+00  1.70814411e+00 -1.41036704e+00  7.20572364e-01
   1.93413880e+00  5.37499414e-01 -1.32868760e+00 -9.25584663e-01
   3.82475296e-01 -1.06995584e+00 -7.00990547e-01 -7.78350545e-01
   3.59865256e-01  2.45290529e+00 -9.93247689e-01  1.13273939e+00
   7.42289377e-01  1.37755118e+00  4.95099972e-01  1.76079969e-01
   1.43969414e+00  5.13047647e-01  3.00646442e-01 -2.33827668e-01
  -3.60977056e-01 -9.63369987e-01 -1.51085251e-01  1.33501528e+00
   1.35065409e+00 -1.28523882e+00  2.47134525e+00  1.55595881e+00
   1.52523475e+00  5.23501165e-01 -3.73945324e-01  4.30515893e-01
  -1.60462062e+00  1.29491704e+00  4.81178814e-01 -1.23824301e+00
  -1.66664473e+00  6.64441187e-01 -1.11270262e-02 -2.57674890e+00
   1.01071057e+00  9.52264682e-01  1.23779938e+00  1.13695524e+00
   1.31017944e+00 -2.25334061e+00  1.64118939e+00  1.87384883e+00
  -1.08040528e+00 -1.97032760e+00 -1.32260234e+00  3.48789408e-01
   8.18522951e-01 -1.82577940e+00  4.26045308e-01 -1.84258533e+00
  -8.65933532e-01  6.60398226e-01 -3.44751771e-01  1.07500708e+00
  -4.11504708e-01  1.17059001e+00  1.96101124e+00  2.00828209e-01
  -3.55342346e-01  1.34331824e+00  9.28158218e-01 -1.51504471e+00
   1.48315118e+00  5.56241064e-02  5.92570022e-01 -1.75806467e+00
   2.34230053e+00  1.03891177e+00 -9.94420059e-01 -9.22262353e-01
   7.95030593e-01  1.02636704e+00  4.73852360e-01  7.87530619e-01
   2.47712118e+00  2.09584176e+00  1.68993129e+00 -4.61195884e-01
   2.86995175e+00 -1.77807407e+00 -4.15941195e-01 -6.63404668e-01
  -4.59999974e-01  8.72505675e-02  1.22128648e+00  2.99673291e+00
  -1.34323999e+00  1.15249884e+00  5.85374108e-01  8.64107093e-01
  -3.04728242e-01 -1.53744354e+00  1.36939530e+00  9.02035935e-01
   3.68401186e-01  5.82338827e-01  1.45869825e+00 -6.34171778e-01
  -1.11341177e+00  1.66883118e+00 -8.63310651e-01  2.22754004e+00
   3.60824479e+00  8.27578812e-01 -3.30755245e-01  2.01747464e+00
   4.28300633e-01 -3.01516459e-01  1.91485997e+00  2.39613527e-01
   1.43026354e+00  1.44917938e+00  2.03256063e+00 -9.62267639e-01
  -1.51345863e-01  7.00112345e-01 -6.79985285e-01 -4.96621158e-01]]