[[-1.95030008e-01  1.62290725e+00 -3.69549997e-01  9.89123198e-01
   1.11274670e+00 -4.64340346e-01  9.07964581e-01  1.32132278e-01
  -2.15332572e+00  3.55992324e-01  3.19013446e-01  2.47361923e+00
  -7.07337979e-01 -3.01444332e+00  1.30699400e-01  4.87260267e-01
  -1.08523180e+00 -6.24832345e-01 -1.05482134e+00  2.23235031e+00
   6.97911971e-01  1.86764935e+00 -6.62991394e-01  1.76713691e-01
  -1.07245131e+00 -5.97672823e-01  1.08492798e+00  2.83284316e+00
  -4.48135812e-01 -3.35767136e-01  7.12991173e-01 -6.84687076e-01
  -7.50999699e-01 -1.62917205e-02  2.56109051e+00  1.80920023e+00
  -1.74152902e+00  3.36035987e-01 -2.04313304e+00  2.10970851e-01
  -1.68804482e+00 -9.45495244e-01  1.19683003e+00 -4.82361989e-01
   1.00260792e+00  1.50993298e+00 -1.13898877e-01 -9.07303551e-01
   7.17999731e-02  1.04297778e+00  1.38233716e-01 -1.80413737e-01
   1.03454876e-01  6.05995178e-01 -1.22929802e+00  1.66130713e+00
  -4.12245158e-01  4.07119192e-01  8.99499777e-01  8.96323027e-01
  -6.34046541e-01  1.69687181e+00  2.98452541e-01 -1.75623527e+00
   3.53255681e-01  5.85879673e-01 -3.37688323e-01  1.34162785e+00
   9.84105737e-01  2.80941445e-01  2.16690279e+00 -3.79972826e-01
   6.41759235e-01  1.41332730e+00 -7.88284611e-01  1.38040390e+00
   1.69208442e+00  2.47261970e-01 -1.88352048e+00 -5.17190034e-01
  -6.20735550e-01 -4.09933744e-01 -8.99600036e-01 -1.14231738e+00
   3.09735431e-01  3.40703778e+00 -1.33120008e+00  2.38453729e-01
   8.61546401e-01  8.75768968e-01  1.07948664e+00  6.53256266e-01
   9.77522019e-01  7.33930969e-01  3.52520541e-01 -1.07481798e+00
  -1.68948882e-01 -1.36007201e+00 -3.56768526e-01  1.05948187e+00
   1.69660093e+00 -1.94751680e+00  2.05223409e+00  1.05134431e+00
   5.69092969e-01  4.59330235e-01 -6.69732203e-01  2.63929994e-01
  -8.75714035e-01  1.76613418e+00  1.67687535e-03 -9.91707257e-01
  -1.49295596e+00  2.40339151e-01  2.94208273e-01 -2.30248689e+00
   1.11297421e+00  8.75596839e-01  4.52302728e-02 -2.29842292e-01
   1.25005760e+00 -1.82454914e+00  1.15912234e+00  1.67568113e+00
  -9.12724566e-01 -3.10130429e+00 -5.98521825e-01 -7.74320684e-01
   6.02073874e-02 -1.37639353e+00  1.44185258e+00 -1.07034550e+00
  -9.50698580e-01  8.07688022e-01 -4.65776064e-01  3.75891093e-01
  -8.41313138e-01  1.53793865e+00  1.69160848e+00  6.31399790e-01
   3.20426037e-01  1.37465010e+00  1.33428772e+00 -1.43897405e+00
   1.52200965e+00  1.08360154e-02  5.79285112e-01 -2.02222968e+00
   1.73216450e+00 -2.01377102e-02 -7.18003385e-01 -1.54228273e+00
   1.41616595e+00  7.76316623e-01  2.14503438e-01  5.04458271e-01
   1.60845891e+00  1.48740271e+00  1.91054592e+00 -5.48432297e-01
   1.67419443e+00 -1.72691834e+00 -3.97689165e-01 -6.42741980e-01
   6.52744014e-01  1.13327442e-01  2.75781734e-01  2.86185391e+00
  -1.04990311e+00  1.67129613e+00  3.85172885e-01  6.75380039e-01
  -1.56458374e+00 -4.42500864e-01  5.99619689e-01 -1.62320355e-01
  -9.45170879e-01  1.02089742e+00  1.50314018e+00 -2.47345431e-01
  -1.75740134e+00  1.35427694e+00 -8.62659652e-01  1.60782148e+00
   3.07359380e+00  5.69801085e-01 -7.14472852e-01  1.73491265e+00
  -3.71042517e-01 -4.79823399e-01  2.34588498e+00  5.17953696e-01
   1.46000498e+00  6.80252010e-01  1.96257468e+00  2.82560539e-01
   3.96875959e-01  1.00390551e+00 -4.63561174e-01 -7.67888682e-02]]