[-1.0892999   0.53017247  0.35299498  0.2270526   1.1049399   1.845705
  2.5564573   1.4524674  -1.6739601  -0.01693749  1.6145401   3.43748
 -0.43374753 -4.489002    0.45595253 -0.57737005 -0.3318326  -1.1850024
 -2.917665    2.0165825  -0.31106758  5.204383   -0.77960753 -1.178015
 -1.1140549   0.57545996  0.9641375   3.3532674   1.3985751  -0.91438
  1.73526     0.2861625   0.5221325   2.247405    1.464595    1.109605
 -2.31664     0.3840949  -1.3545951   1.55573    -3.01792    -0.43971
  3.2517     -0.9991801   1.8488624   0.804795   -0.31805754 -0.3124525
  0.36582994  1.409655   -0.03210747 -0.08121254  1.4223475   1.3178575
  0.06396752  0.9685275  -1.23342     1.6385425  -0.76897496  2.295405
  1.056875    1.9984624   0.29026493 -0.4871075   1.4889      1.0540575
 -0.33293748  1.3401525  -0.74177504  0.45844996 -0.01481001 -3.1431625
 -1.107995    2.24153    -1.4718574   0.88493747  2.0388374  -0.4167175
 -1.586255   -0.844615    0.28855997 -1.022565   -0.9320049   0.02651501
 -1.4182451   1.1046649  -0.8633025   1.384925    1.9097126   0.89932495
  1.9462824  -1.6788151   1.093245   -0.04644248 -0.5758675   0.02236751
 -1.370955   -2.0228      0.24564254 -0.6699225   1.301225   -2.2658477
  2.132725    2.89364     2.70025     3.54875    -2.954125    0.13777995
 -3.0035024   2.4439526   2.114305   -1.45673    -1.1257849   4.69053
  1.7838125  -2.5355725  -0.31905505  1.0561851   0.66594005  0.68514246
  0.63084507 -1.06347     3.111805    2.487315   -0.64133996 -1.129015
 -1.9920349  -0.7180675  -0.15332249 -2.33256    -1.1669776  -0.04443997
  0.8610525   0.416635    0.06540999 -1.936115    1.350775   -0.44075
  2.6232498   0.13398755  0.0522275   0.9518674   1.4672825  -1.00663
  0.49       -1.73581     0.75985754 -1.9758375   0.11036998  1.106725
  0.2234825  -0.89665496  0.01104999 -0.06237748 -1.4425576   2.08567
  0.26588506  2.685015   -0.03272247 -0.506285    3.911962   -0.976045
  0.35522002 -1.0834751  -1.7811899  -0.03060998  1.3580475   3.49528
 -0.6365825  -1.2395276   0.56738746  2.469055   -0.14245996 -1.2780099
  0.2994625  -0.5032075  -1.3491125   1.6841474   1.1847324   0.2661325
 -1.841595    4.65399    -2.1517751   3.6846347   2.1530101   0.00814503
  0.31871003 -0.88690495 -0.6549474   4.17388     0.684495   -0.677115
  0.5662149   1.7957001   0.9270274  -0.86067     1.7898176  -0.46746498
  0.7429149  -0.03468746]