[[-0.03704502  2.20888915  0.87794504  0.48937083  0.40557915  0.95908582
   1.11250586 -0.34772332 -1.10242833  0.43152332  1.95447418  1.86325252
  -1.90382753 -3.04595916 -0.18911168 -0.43878502 -1.98775075 -1.3417075
  -1.6411725   1.88556418 -0.89043669  2.56349166 -0.94201252 -0.39870001
   0.40856252 -2.04467333  2.49126497  2.07830163 -0.00820415 -1.20987252
   0.7027225  -0.62053664 -0.53935    -0.34542584  3.09445249  2.09395831
  -1.24118746  0.67064251 -1.36402083  0.65654836 -2.01334832 -0.94802251
   1.70118417  0.24622001  0.87037585  1.33215752 -0.2857475  -1.01662077
  -0.28418337  1.30547995  0.29788585 -0.66432667 -0.58897753  1.71819247
  -1.25667084  1.27691001 -0.41153834  0.98415583  0.24724084  1.92307332
  -1.04117665  1.97033751  0.41090833 -1.26732917  0.86849336  0.88593499
   0.25651     1.30693171  0.61588334 -0.55340918  1.14079003 -0.93696999
   1.40000249  2.45504585 -2.33045164  0.58828829  1.1219083   0.07630421
  -1.24009836 -0.69966665  1.09515916 -0.05700499 -0.63014331 -2.09399163
   0.22509668  2.63632083 -0.52529001  1.37555749  0.85690166  0.93271668
  -0.02520916  0.80566083  1.43180414 -0.69944747 -0.11281832 -1.00608168
  -0.38818167 -1.26233747 -0.14311166  1.06735335  0.93465835 -2.14880913
   2.79719666  0.83255832  0.702345    0.73497586  0.07767751 -0.25926832
  -1.7294925   1.97272499  0.59114582 -1.52553415 -0.53601085  0.78437162
  -0.04991002 -1.944695    0.49234749  0.41320663  0.30545913  0.77589
   2.63859751 -2.57207249  1.97191916  0.88594248 -0.95547586 -1.61848167
  -2.18702246 -0.77744835 -0.79266501 -1.63150667  1.2583417  -1.76742587
  -0.90924081  0.57326418  0.11264166  1.0911925  -0.96284749  0.67673253
   0.75516165  0.85442084  0.64715666  2.65764838  0.84731669 -1.14016168
   1.56031505 -1.82643419 -0.10408997 -2.51872923  1.32417335 -0.89701501
   0.22201996 -1.9478158   1.82744415  0.66628083 -0.31850004 -0.17989169
   0.66715171  2.51595253  2.59516756  0.10179668  2.18157421 -2.22081499
  -0.41839249 -1.80980083 -0.2008      0.50943165  0.41776999  3.55078745
  -1.00932585  0.73167166  0.429455    2.32548828 -0.35345998 -2.14862579
   0.13921997 -0.69048665  0.48188418  0.56241584  1.23665671 -0.04147832
  -2.48109753  1.2299042  -0.5261442   1.78894078  3.03005833  0.80024918
  -1.22394499  0.386595    1.30558665  0.12889251  2.27268415  0.31763249
   1.11890916  0.99406086  0.82459415  1.08905671  1.29077666  1.12343
  -1.398005    0.7064975 ]]