[[-0.04440196 -1.7522279   0.19726399 -0.18173401  1.96833999 -1.629848
  -0.90144     0.22080202 -1.00235798  1.30716599  0.974646    2.51534803
  -2.12657801 -1.69992599  0.04990003  1.18874998 -0.32905801 -1.05466996
  -0.05783401 -0.06647599 -1.50847794  2.32574592 -2.12863998 -0.99944999
  -0.09728601 -0.29836801  0.70445203  2.63595798 -1.79497807 -1.8477
   0.66974201 -1.58509997 -2.30107207 -0.71839596  2.78559198  1.63433797
   1.02575798 -0.78914201 -0.89587799  0.161166   -2.06126399  0.10511593
   1.84037999 -2.42352803  0.70525401  3.13421595 -0.79586804 -1.29383202
  -1.81477801  1.23423599 -0.68679197 -0.47808399  0.79824998  3.53242207
   0.26966999 -0.05791209 -1.23767003  1.14203794  1.72793598  1.40852599
   0.18628199  1.32836196 -1.54907805 -1.242558    0.29543    -0.089626
   1.27469797 -0.27048     1.95796604  1.57942796  1.77361205  0.45459399
  -0.21844395  0.24146198 -0.09283199  1.96191201  1.10914598 -1.22963804
  -1.538132   -1.9805721   1.45266603 -2.24550601 -1.63921803 -0.86822207
   1.10088005  3.87207003 -0.77051396 -0.18234198  0.60042199  1.41390202
   1.40300602  0.39825     0.12124     0.10232207 -0.36595804 -0.67572998
  -1.19402795  1.39146597  0.74515804 -0.47070799 -0.14873799 -2.00713606
   2.74383795  1.89981     1.04218599  2.96947794 -1.06049799  1.34195595
  -1.557252    1.34428802 -1.002658    0.11754398 -1.268876    0.99922402
   1.03273002 -1.40641994 -0.37236001  0.95391596 -0.00713398  0.41141195
   0.46232597 -2.63213997  1.20731197  1.15850799  0.45422194 -0.91789801
  -0.02824198 -0.712836   -0.56045001  0.01686406 -1.72265401 -2.08357401
  -1.76483198  0.220224    1.10586798  0.50922397 -1.09324402  0.828832
   1.43199594 -0.20741606  0.26843396  1.22529197  0.26270199 -0.31172996
  -0.88376198 -0.62720995 -0.56439202 -1.17499601  1.44726197  0.47621601
  -2.10499206 -2.48992395  0.576324    0.97239201 -0.50905203  0.47225196
   1.27863605  1.36567797  0.03636401  0.48954398  3.85044994 -2.19236007
   0.28158801 -1.27346204  0.33826598 -1.55651805  0.16342598  2.70659602
  -2.31414003 -0.05298206 -0.81977395  1.1299999  -2.1387141  -2.11516397
   0.552592   -0.79333597 -0.20354202  2.15041003  2.50487409 -1.9022221
  -1.76633997  3.133114   -0.12200201  0.18560597  1.866642    0.70357198
   0.21708598  0.44036603  1.87094002  0.20957598  0.62548002  0.18726203
   1.85589399  2.68586607  0.27692199  1.39797599  2.06560007  0.75466605
   0.68703201 -0.55241201]]