[-0.61602145 -0.08859576  0.5177843   0.70538723  2.8441873   0.2898743
  1.6966772   0.08738572 -2.2288814  -0.41070285  1.3219414   2.8500443
 -0.42472425 -2.9949      0.03061283 -1.2946615  -1.39858    -1.2037086
 -2.1950114   1.2494185  -1.6226228   3.0145268  -1.8247157   1.1891229
 -0.92447567 -0.26509425  0.8853614   2.3449728  -1.1039087  -2.0501971
  1.0450643   0.5921072  -1.1562029   0.72789     2.8279614   2.900227
 -3.1107585  -0.57570994 -1.51328     0.25926712 -4.3074317  -0.74108285
  1.7327116  -1.7862786   1.9242572   1.6863099  -1.3014457  -1.0130059
  0.2505972   1.7979327  -0.56160146  1.6813413  -0.8197671   3.2186713
 -0.29153857  1.994663    0.58497566  0.38424137  1.8472042   2.4035373
  0.11463857  0.68849283 -0.5836344  -1.1382728   0.42814428  0.18135285
  1.3318857   0.30347282  1.1893772  -0.27044854  0.11013    -0.8673257
  0.13676713  2.3854928  -1.2897942   1.8914901   1.2530271   0.76688
 -1.2394142  -1.1373814   0.329      -1.2652398  -0.20625146 -1.1531385
 -0.27501288  2.705343   -1.2743986   1.1790915   0.2541171   0.5954786
  1.1566972  -0.6170886   1.1760143  -0.09611857 -0.63182706 -0.44592857
 -2.1807187  -1.7869644  -0.41544718  1.1858386   0.9570886  -0.99304724
  3.8972228   0.46828428  1.8958285   0.73127717 -2.0695472  -0.8707886
 -2.85746     2.8632185   1.0382828  -1.7575185  -0.96526855  1.9049585
  0.88958997 -1.8725415   0.14071712  0.13600142  1.1169242   0.55566716
  2.4385     -1.4982516   3.0434883   2.66531    -0.59051    -0.22287144
 -2.4022958  -1.1413742   1.0961801  -1.6028143   0.5180772  -2.604334
 -2.6064072   1.5954527   0.13805136 -0.34449714 -0.85562855  0.45635572
  2.0221686  -0.20268862 -0.37216863  1.476907    1.1357185  -1.8015572
  0.5021929  -1.2130901   0.32310137 -1.889947    1.1715499   1.0473815
  0.18541574  1.1093628   0.6180315   0.73526144 -0.6208757   0.68960136
  1.4876344   3.2332458   0.88170284 -1.8784428   3.246206   -2.2515457
 -1.35777     0.18458717 -0.96323144 -0.40207714  0.51788574  3.93504
 -0.7183214   1.2321644   0.55742     0.08921851 -2.2814555  -2.0727286
  2.5652828  -0.95939714 -1.1948329   2.304973    1.2202101   0.03170856
 -3.2883584   2.492399    0.21826424  2.3579857   3.45657     0.77272135
 -0.6083985   1.0010599   1.06472    -0.7713413   1.64193     0.22280996
  1.0990671   1.5716413   1.7836443   0.66919273  0.1309999   1.3014514
 -0.11638    -0.76509285]