[-0.26577887  0.84678763 -0.16789342  0.7987754   1.0195087  -0.25992918
  0.873318    0.13309222 -1.6158156   0.40834072  0.24921833  2.153058
 -0.9494253  -2.7215097   0.5013645  -0.26016328 -0.681072   -0.46572262
 -1.3417362   1.583168    0.01105455  2.7311957  -0.83452696 -0.6110095
 -1.0835153  -0.6932671   0.62007785  2.6597505  -0.5915553  -1.32079
  0.54983765 -0.45031855 -1.1226783  -0.03654597  2.2932596   1.6552978
 -1.4528068  -0.17332639 -1.9417362   0.05070404 -2.1763883  -1.3487937
  1.4798467  -0.565248    1.3099412   1.279254   -0.80014986 -0.7500597
 -0.03747694  0.9051707   0.26927274  0.3883275  -0.48517534  1.6173064
 -0.9344086   1.4609905  -0.4813156   0.573995    0.83757424  1.4130695
 -0.55939484  1.3305458   0.474467   -1.6918991   0.6033428   0.26819396
  0.47338057  1.1708843   0.7558938   0.05781196  1.519314   -0.65873414
  1.0100375   1.2669106  -1.2503085   0.88257384  0.8269528   0.3900756
 -1.2146524  -0.5176531  -0.2175557  -1.0683124  -0.5920098  -1.261805
  0.4437785   2.4546697  -1.3777452   1.0643866   0.73429394  0.72265965
  0.5911756   0.2905716   0.8712805  -0.22819553  0.25567624 -0.4268317
 -0.5196472  -0.96647716 -0.5686679   0.7549255   0.74323636 -1.9617144
  2.2656167   1.2155998   1.2353292   0.76860744 -0.48410395  0.13249348
 -1.360795    1.6600741   0.03418106 -1.7580686  -1.2596639   1.1201105
  0.43227136 -2.5654268   0.6818699   0.4286445  -0.07875235 -0.33272147
  1.4086738  -1.5208696   1.9407839   1.4200652  -1.0898529  -2.084409
 -0.570054   -0.7608617   0.47407654 -1.3962369   0.38756204 -1.0267134
 -1.2523288   0.5135286  -0.19105402  0.5603994  -0.3396479   1.3348247
  1.4472408   0.3493116   0.15895087  1.4738703   1.0160823  -1.7113321
  0.64651465 -0.86036265  0.8566655  -1.9731278   1.822525   -0.07604238
 -0.4831513  -1.2979212   1.1267706   0.79175097 -0.00635668  0.49141487
  1.700263    1.6753242   1.8293476  -0.72426593  2.5890672  -1.8572646
 -0.30855027 -1.116816    0.35270607 -0.34413096  0.08669698  3.5494282
 -0.4973454   0.63256407  0.84116685  1.0932468  -0.7074147  -1.653421
  0.7298987   0.10156389  0.01279988  1.2098312   1.7418039  -0.44975582
 -2.66657     1.4972701  -0.39457858  1.5438458   2.9558654   0.7985227
 -0.6409078   1.3232105   0.5199358  -0.12305151  1.7069      0.15221485
  1.3972111   1.0933566   1.3247772   0.21329212  0.37283134  0.74866164
 -0.32079518 -0.17512123]