[-0.3240022   0.7054389  -0.60686666  0.26930666  1.5740871  -0.81637454
  1.0351278  -0.11694666 -2.3981485   0.3377961   0.6652405   2.5616727
 -0.54130393 -2.4439945   0.32929224  0.16582558 -1.2243646  -0.3322539
 -0.4380422   0.7248906  -0.15374666  3.0246449  -2.2038703   0.20341611
 -0.67455167 -1.3163848   0.45992884  3.5241048  -0.50333893 -1.6017756
  0.6157145  -1.0124896  -1.260589    0.07500446  2.993215    1.3515762
 -1.2673724  -0.5722506  -1.6586461  -0.2731939  -2.8408732  -0.3926639
  2.3439405  -1.4272684   0.65793335  1.803784   -0.8124795  -0.694085
  0.64463997  0.7486944   0.73655945 -0.16577558 -0.18865333  2.6965744
 -1.0686744   1.7959237   0.08446831  0.3630839   1.1794016   2.4687328
 -0.79914165  1.4648433   0.17099947 -1.6989093   1.1306167   0.05016054
  1.1813893   0.6060595   1.0859956   0.04098555  1.3852906  -0.8243623
  0.5346761   1.815867   -1.2579634   0.78300214  1.4231128  -0.6763799
 -1.6361884  -0.70147884 -0.6909449  -1.184881   -0.20717725 -1.4370266
  0.8069872   3.0812376  -1.147354    0.94713944 -0.5191189   0.6241983
  1.1081843   0.57472396  1.4807284   0.50526553  0.40679893 -0.9252989
 -1.0845636  -0.7678299  -0.18657334  0.59677494  0.18875387 -1.726784
  3.038372    1.4555095   1.4751472   0.7980488  -0.67223334 -0.5099828
 -2.3344853   2.2456856  -0.46125948 -1.4221033  -1.5492051   0.33527386
  0.6393184  -2.3667688   1.5208446   0.41048384  0.27105555 -0.6639256
  1.5581269  -2.4532251   0.9941105   1.8016763  -1.1845689  -2.2181594
 -1.8690289  -0.86402667  0.03464444 -2.1031866   0.945496   -1.697911
 -0.8928845   1.0664822  -0.14268558  0.26921833 -1.22416     1.1584761
  1.8619535  -0.34816054  0.11016276  1.8721442   0.1444811  -1.9520637
  1.8669747  -0.435435   -0.3295128  -1.2720366   1.3716745   0.26397553
 -0.9973422  -0.80374324  1.5031695   0.62006944  0.51479113  1.0253205
  1.3694279   1.9730631   0.8854701  -0.5201611   2.9644396  -1.7899363
 -0.7645071  -0.49200785  0.13999332  0.05908554  0.62320834  4.0299096
 -0.81184614  0.6521367   0.5623083   0.12292053 -1.2821602  -1.9065895
  0.75542325 -0.2243683  -0.85781     1.3517939   1.6249039  -0.6593706
 -2.9531908   1.3026783  -0.5841234   1.9506187   2.9292626   0.27990112
 -0.2172789   1.0165217   0.9059851  -0.22224171  1.0732827   0.7929933
  1.7185955   0.99656326  1.5545906   1.16431     1.2753644   0.93218166
 -0.84163606 -0.8126105 ]