[-0.43811     1.510135    1.8693726   1.8794026   1.5793899  -1.2124975
  2.0320873   0.87841237 -1.365015    0.24643505  0.8068551   3.5834227
 -1.1883149  -2.3810124   0.7351451   0.66612995 -0.91071755 -0.0456425
  0.20581497  1.593475    0.8419825   2.2080526   0.8283125  -1.59531
  0.034205   -0.7279175   0.07336748  2.5970926  -1.46638    -0.69444
  2.3342977   0.62388    -2.0182524   0.74223006  2.2104275   1.727105
  0.01698744  0.96761996 -1.7790176  -0.5229399  -0.9954001  -0.2532125
  1.1832426  -1.3453625   1.7006025   0.31477496 -0.31483507 -1.3035574
 -0.89101255  1.6568675   2.8738775   0.26633748  0.83994746  1.1696925
 -1.1275225   2.641005    0.59438753 -2.6330724   2.78218     2.95962
 -1.9884775   1.3391299   0.46043247 -1.94958     2.72617    -1.23507
 -0.10575503  1.9342123   1.1557599  -0.42266744  3.7071123  -1.4274576
 -0.16251253  3.1211102  -0.452855    1.1084474   1.8924499  -0.1717475
 -3.3533425  -2.965245   -1.7623677  -1.6733825  -2.34756    -0.56906503
 -0.40494     2.5183625  -1.9326675  -0.9723825  -0.55075    -0.666765
  2.4250326  -0.14045006  1.7488749   1.5651375   0.2161051   1.0160999
  1.588695   -2.8913474   2.0876875   1.497075   -0.06745251 -1.70758
  1.8307724   1.2017876   1.4557675   0.2680125  -2.22299    -0.8263125
 -1.5948999   2.14136     0.51492995 -3.04326    -2.59905    -0.7554374
  0.357225   -3.10339     1.0114601  -0.63012254 -0.18622255  1.767155
  2.5930152  -2.04143     2.0260448   1.2592101  -2.53997    -1.0757425
  0.09912252 -1.7044449   0.11076003 -2.0779924   0.9196174  -1.7489176
  1.8109126   1.8223374  -1.70945     0.34495503  1.28361     1.1537449
  2.66087    -1.1156324  -1.30778     0.6983775   0.77482754 -1.5664074
  2.765105   -0.727695    1.3074     -1.8965449   2.0870824   0.22846252
  0.11090747 -1.6491499   2.214025    0.33423746  1.6425025   2.8934524
  0.690015    3.6207376   2.11291    -1.5141001   2.937205    0.7429901
  0.52499247  0.47043997  0.01620255 -0.90514755  0.13195997  3.2645175
  0.22458245 -1.6869574   0.884575    1.4679875   0.76217747 -1.3460724
  1.2429324   0.35930753  0.0759275   2.0385      1.34656     0.56078994
 -0.43291256  0.20051757  0.43089247  3.571075    3.4733977   1.695345
 -1.085595    2.4312701  -0.0226725  -1.1042374   2.69988     1.8609326
 -0.43870753  2.1066475   2.448575    0.4857425   1.4437101  -0.27037746
 -0.27100998  1.0824451 ]