[-0.46763352  0.83767945 -0.77385575  0.667477    1.0700606  -0.3035059
  0.94108224  0.51771647 -1.1690779   0.07255764  0.42292827  3.563596
 -0.42180175 -2.6001322  -0.08995994 -0.02688708 -0.41453004  0.4743388
 -1.3152566   1.3175907   0.05300646  2.5608845  -1.5639834   0.7867441
 -0.04744237 -0.13994469  1.2278852   3.7189848  -0.18501587 -0.63672113
  1.4951305  -0.85157645 -0.95506173  0.44724414  2.4548793   0.7375253
 -0.9127959   0.04061469 -1.7533922  -0.44370067 -1.9486898  -0.16293293
  2.1496553  -0.2759988   1.8076582   1.7416294  -0.22541058 -1.1709322
  0.3189447   0.64807767  1.1839477  -0.2509617  -0.81386936  2.3824518
 -1.1960223   2.3762228  -0.17310235 -1.1486623   1.1718189   1.70607
 -0.6345241   1.7540876  -0.09583122 -1.2089058   1.1797439   0.26866296
  0.562203    1.7920822   1.2719052  -0.49685535  1.1504918  -0.94541484
  0.4013535   2.0592234  -0.81990296  1.1022518   2.4155924   0.32090232
 -2.2630134  -1.1944366  -0.9642049  -1.0311865  -0.9136441  -0.90022826
  1.0273901   3.7642722  -1.6537529   1.5965905   0.33318296  0.49611944
  0.57518464  0.09135766  1.3749342   0.84178     0.23482884 -1.1200887
 -0.5280588  -1.0584989   0.23582357  0.07263532  0.8329429  -1.7144059
  2.1098378   1.0202472   1.6702164   0.7850629  -0.2148318   0.20103177
 -1.8811613   2.0804706  -0.49578145 -2.1238816  -1.1905671   0.6253047
  0.09636173 -2.4233565   1.1812129   0.53107595  1.4497612   0.36245528
  1.3979136  -2.1764889   1.6997224   2.1086905  -1.0192494  -2.9484358
 -1.9273305  -0.45234054  0.01569709 -2.439599    0.24826409 -1.6984295
 -0.3620112   0.8736082  -0.2178353  -0.04412474 -1.1534705   1.4689405
  2.06103     0.41330943  0.77632594  1.6126735   0.07840881 -2.43644
  2.2274084   0.58838403  0.90386236 -2.1823828   2.5226116   0.66955894
 -0.91064066 -0.7853463   1.7655901   0.5242229   0.6756512   1.5365316
  1.5277112   2.3824747   1.6267775  -0.27014768  2.8247755  -2.3941493
 -1.1485324  -1.3150835   0.05383706  0.27085352  0.2717253   3.0899587
 -0.94208765  1.1673964   0.35746592  0.8336888  -1.4192206  -1.3609524
  0.7158017  -0.46829352 -0.37321937  0.70121473  1.5842195  -0.05860585
 -2.8259346   1.3926994  -0.41613647  1.9239995   3.3305864   0.57099587
 -0.97771287  1.3896217   0.09242056 -0.6158847   2.3180976   0.9423452
  2.3946798   0.6141753   2.3481889  -0.06075528  0.8276782   0.70282704
 -1.1312516   0.70683426]