[[-1.59838214e-01  1.41578215e+00 -7.30207445e-01  5.44708622e-01
   9.24727902e-01 -7.17394663e-01  3.13174626e-01  3.94630705e-01
  -1.70284472e+00  9.65411465e-01  5.46613572e-01  2.69780277e+00
  -9.41189371e-01 -2.93705611e+00  3.08707271e-02 -4.47978528e-01
  -4.22400701e-01 -5.31953414e-02 -1.38044384e+00  1.69611423e+00
  -7.69953802e-02  2.38957655e+00 -1.13606570e+00  6.10188576e-01
  -1.82716957e+00 -8.48249245e-01  8.73681811e-01  2.49531561e+00
  -6.43616123e-01 -2.72747861e-01  3.16091055e-01 -1.18507384e+00
  -1.48809646e+00  6.40081997e-02  2.16467825e+00  1.65392327e+00
  -9.70807714e-01  4.31358538e-01 -2.01217520e+00  6.22793542e-01
  -2.01605649e+00 -1.63218028e+00  1.56103496e+00 -4.24525355e-01
   4.87155666e-01  1.36655072e+00 -2.28200406e+00 -7.52489313e-01
  -9.57796717e-02  3.95044710e-01  4.68130784e-01  6.12152521e-01
   1.26549636e-01  1.52996698e+00 -8.98116827e-01  1.41022872e+00
  -6.80609963e-01  8.13580416e-01  3.76642536e-01  1.04217849e+00
  -3.51104327e-01  1.49094420e+00  1.78374989e-02 -1.10961581e+00
   3.99730672e-01  6.30185037e-01  6.01130354e-01  1.12490710e+00
   1.83058349e+00  5.04154594e-01  2.29992980e+00 -7.06886450e-01
   4.66816397e-01  9.08521716e-01 -2.01513264e+00  8.73449774e-01
   1.11575321e+00  1.17779270e-01 -1.29721177e+00 -2.77099822e-02
  -8.17025070e-02 -1.36375009e-02 -6.23446432e-01 -1.40578837e+00
   4.90327059e-01  3.39463304e+00 -1.70472655e+00  9.87611453e-01
   4.90676324e-01  7.21519683e-01  2.60157487e-01  3.97618877e-01
   1.27005613e+00  3.32979028e-02  4.31867506e-01 -6.23315696e-01
  -5.00326476e-01 -6.02559601e-01 -1.87340030e-01  1.03685668e+00
   6.92081046e-01 -1.58073729e+00  2.22938153e+00  1.14717221e+00
   6.45708627e-01  8.51238004e-01 -1.06915396e+00  4.70669361e-01
  -1.99442665e+00  1.55320036e+00 -6.93681746e-01 -1.69183453e+00
  -1.65901227e+00  1.01175966e+00  1.05170356e+00 -2.64500407e+00
   5.89543602e-01  1.47856731e-01 -4.84071406e-02 -1.90930395e-01
   1.07261742e+00 -1.26899012e+00  1.66999783e+00  1.69583957e+00
  -1.23881005e+00 -2.07859843e+00 -1.57831535e+00 -1.01243430e+00
   6.53983888e-01 -1.04241636e+00  1.31381777e+00 -1.15441233e+00
  -1.38470084e+00  9.60978525e-01 -9.40054202e-01  8.89698271e-01
  -1.64768926e-01  2.57302009e+00  1.47571103e+00  1.65543901e+00
  -2.15142766e-03  1.52101233e+00  1.05440815e+00 -2.74027916e+00
   1.54432748e+00 -9.31130664e-01  6.14938583e-01 -1.43659774e+00
   1.12305330e+00 -1.49995668e-01 -1.22621662e+00 -1.79510116e+00
   1.46547530e+00  9.43088764e-01  5.79262223e-01 -4.79322135e-01
   1.50872097e+00  1.72394673e+00  2.08812092e+00 -9.47223859e-01
   2.24085006e+00 -2.03758268e+00 -5.21662872e-01 -9.67914266e-01
   7.98008970e-01  5.92515347e-01  5.93692564e-01  3.26702989e+00
  -6.00242549e-01  8.90045800e-01  4.48786145e-01  8.85029267e-01
  -8.52208295e-01 -1.72511333e+00  2.47451808e-01 -6.81739332e-02
  -2.56152834e-01  1.80607751e+00  2.20949003e+00 -6.33209031e-01
  -2.54927810e+00  2.13104755e+00 -1.41727289e+00  1.15691320e+00
   3.00202384e+00  5.97781088e-01 -1.75938559e-01  1.48958840e+00
   3.98187827e-01 -4.04698193e-01  1.60163794e+00  2.24597133e-01
   1.93289304e+00  4.96293247e-01  1.57452711e+00  3.36284672e-01
   1.01408366e+00  3.09555024e-01 -1.23531052e+00 -6.01357002e-02]]