[[-0.24657411  1.55732889 -0.32567887  0.64317368  1.48272997  0.34374338
   0.75144037 -0.4261533  -2.0562759   0.46238442  0.00838073  1.84299776
  -1.01364924 -2.45448259 -0.06808     0.16597369 -0.84464626 -0.06630372
  -1.69253149  1.21717594 -0.05791703  3.0248517  -0.84600071 -0.00939482
  -0.16574221 -1.15408148  0.66370555  2.7277255  -0.61221441 -0.88402148
   1.65823073 -1.14500291 -1.12734958 -0.20514001  3.39364996  2.21352113
  -1.54633077  0.41567185 -1.78673367 -0.26523148 -2.40536216 -1.0589622
   2.14049778 -0.82875628  1.34175963  1.48393295 -0.37965    -0.69966852
   0.44835518  1.22397891  0.34085185 -0.14839707  0.19754963  1.38757076
  -0.35380925  1.57115848 -0.13621592  0.35514889  0.74903517  1.44060036
  -0.0508333   0.90679445  0.3225248  -1.81636225  1.01771408  0.03437925
   0.0072037   1.11012004  0.75584592 -0.44493408  2.69508448 -0.23437813
   0.36757965  1.74257817 -1.75164216  1.23206149  2.39318076  0.4060726
  -1.18859924 -0.10642187 -0.76265371 -1.57695266 -0.80224254 -1.2770426
   0.99636038  3.43045672 -1.65977931  1.36849589  1.95309921  0.82713068
   0.84797482  0.47449521  1.08165922 -0.24094666 -0.02274777 -1.06477482
  -0.85819629 -0.90479856 -0.1888      1.27859481  0.92234223 -1.42961
   2.0364689   1.52510155  0.84035626  0.38145959  0.12333704  0.53940561
  -1.69565334  1.62891001  0.5931211  -2.25092263 -1.36276043  0.86751407
   0.58733927 -2.32042849  0.74789928  0.1730726   0.83089227  0.29080556
   1.36073625 -1.38638813  2.08162119  2.50592147 -0.51555037 -2.36760933
  -2.02081408 -0.22246001 -0.45323074 -1.60613817  0.78801518 -1.65977655
  -0.41456442  1.49484744 -0.38882076  0.34178706 -0.40588519  1.52064295
   1.72202223  1.15621813 -0.16424036  1.59399997  0.76206263 -1.63055111
   1.93817225 -0.98006702  0.05793258 -2.45736179  1.81438958  0.16374258
  -0.752343   -0.37435594  0.82737107  0.81127775  0.14601594  0.48971705
   1.69261332  2.63533047  1.48763554  0.07759591  2.18184148 -1.85393969
  -0.7404297  -0.98996997 -0.11730628  0.0386959   0.59259924  3.43363516
  -0.83903369  0.42193966  0.57956001  1.10201183 -1.05095298 -0.7417704
   0.14743884 -0.21586146  0.21231221  0.89730035  1.03242556 -0.42073482
  -2.11310321  1.35934444 -0.71969371  1.94960038  3.56843476  0.51382259
  -0.31630855  0.94215703  0.14655372 -0.47459482  2.09441562  0.20948706
   2.36842043  0.92534595  2.36199482 -0.23061594  0.82286775  0.8093667
  -1.42909399  0.01505111]]