[-2.3530369   2.4133866   0.6929467   1.7273601   0.09369663 -0.5337766
  1.96236    -1.4545535  -2.49145    -0.19034666  2.3093467   3.6227467
 -0.8351067  -4.7514434  -0.60022664 -1.8232399  -0.6641433   1.8502468
 -1.0856234   1.6752867  -0.14175665  3.1637833  -1.2408367  -0.76999664
 -1.5536901   0.97042006  1.86268     1.60556    -0.74401003  0.46509004
  0.89223665 -2.1773033   0.43363333 -0.11003331  2.1497066   2.0923731
 -0.68729335  0.3326633  -0.75934005  0.39836335 -2.8005364  -1.1362233
  2.1826231  -0.8683999   1.1488266   1.86202    -0.08992664 -0.37792
  1.0574033  -0.82763     0.08091331 -0.00810333 -1.0202501   0.22282
 -0.67624664  1.1409234  -0.5652367   1.5156733   0.4123567   1.0717298
 -2.1334698   1.6754867   0.8541033  -0.11613337  0.27359322  1.7655334
  1.7321401   1.7381067  -0.7556233  -0.77753997  3.1159601  -0.8143533
  1.1599599   1.6024399  -1.4376568   1.60194     2.52467    -0.2760867
 -0.31041673  1.3652167  -1.1019167  -1.7756166  -0.95625    -1.1408134
 -0.23897995  3.11962    -1.98494    -0.11974005  2.8898335   1.8491532
  0.5633966   0.5823633   1.2791866  -0.31773332 -0.83980995  0.08457994
 -0.80256337 -1.2974099  -0.43023667  0.93225     1.1184068  -2.0373068
  2.8315032   0.1776067  -0.2759167   2.47613    -0.10437999  0.1584867
 -0.65863335  3.1319532   2.0208232   0.82460666 -1.5100435   2.4809632
  0.02822999 -1.2245      1.4762233   0.04341006  0.14016336  2.2341368
  1.48664    -2.1247666   2.3296866  -0.36507997 -1.0414399  -3.6125898
 -1.4634533   0.30392     0.38591668 -1.17404     2.3238068  -1.8117934
  0.78509665  1.5247768  -1.1974467   1.5535132   0.03634     1.4834334
  0.41318667  1.3383366  -0.13865334  2.1200733   2.7523699  -2.8911533
  0.7609234  -1.3809566   1.8571267  -2.27651     2.7226765  -0.02609664
  0.61850667 -0.8896534   2.67766     2.39743     0.3697234  -0.86228675
 -0.25110334  2.6133502   1.0668501  -1.4503566   2.7818167  -1.0106233
  0.0087     -0.07800659  0.13239332 -0.49424997  0.04048666  2.882183
  2.749877    0.3485267   2.6698902   2.3504534  -1.5969234  -1.88836
  0.36805668  0.7849967   0.02730335  1.4426934   1.6354566   0.60935
 -3.69522     2.0266166   0.7468233   2.62604     3.675893   -0.05300999
  0.67445326  1.8903533  -0.29896334  0.46088335  0.86187     0.9874534
  1.4952434  -0.11072334 -0.9635966  -2.8079464   0.38585997 -0.41600004
  0.12030339  0.36254337]