[ 0.04025248  0.80421054  0.04051251  0.44722313  0.33867624 -0.5497731
  0.8634413  -0.2616025  -0.27908128  0.591365   -0.72025687  1.9570957
 -0.36698565 -2.4258344   0.02610247 -0.25463936 -1.0140574  -0.5386769
 -1.5050468   0.71186495 -0.72023755  1.8182968  -0.38924128  0.2030144
 -0.14373314 -1.2965674   1.6093856   2.6349325  -0.17347872 -0.62691
  0.57131004  0.12356628 -1.4104388   0.23271435  2.9369512   1.8219905
 -1.0017856  -0.2968075  -1.2780356   0.44592443 -1.1989418  -0.5529569
  1.1287582   0.06640813  0.8505469   1.2580488  -0.6194069   0.6142519
  0.02350063 -0.4568575  -0.8493888  -0.09463812 -0.32761002  1.2014245
 -1.062175    0.7476006   0.12060124  0.88049996  0.4778669   0.44874308
 -0.20784497  1.5765951   0.26939252 -1.6077244   0.12815247 -0.3722325
  0.0955281   0.722155    0.30629626  0.6368906   1.0616605  -0.9166044
  0.4682006   0.9345399  -1.1785662   0.9930475   1.6683731  -0.7905556
 -1.0537738  -0.66400254  0.12224751 -0.65307623 -0.36527884 -1.00894
  0.2896494   2.195063   -0.33000684 -0.09276249  0.09473869  0.17895687
  1.3335044   0.3489919   0.6034212   0.39511248 -0.08323746 -0.155095
  0.20400502 -0.8294556   0.68662447  0.13947186  1.117615   -0.90253174
  1.2594956   1.8730351   0.9003531   0.8083543  -0.7438588   0.21139625
 -0.1865319   0.8892525   0.26749247 -1.3652945  -0.9361012   0.7230613
  0.36274245 -1.7940575   0.82526     0.2137081   0.22649938  1.3744361
  1.8368331  -0.9915356   1.7567437   1.1319338  -1.5641176  -1.4032457
 -0.4362425  -0.6363975  -0.10253692 -1.1826087   0.09761938 -0.72478247
 -0.13712251  0.91106313  0.8759925   0.00929811  0.23927312  0.8559581
  1.9340143  -0.0451587   0.35091883  1.7219224   1.4715726  -0.86587745
  0.20108435  0.1514194   0.9792781  -1.5989863   1.7235836  -0.10748939
 -0.8020331  -1.158075    0.1543481   0.71722376  0.6088799   1.0625155
  0.7986563   0.9161094   0.69066375 -0.46548247  2.2892427  -1.5149586
 -0.74960375 -0.91834503  0.43996122 -0.59794813  0.5649606   1.5679888
  0.35341942  0.5348444   0.49679437  1.7991151   0.08053622 -0.3568125
  0.95741194 -0.4920582   0.53986     1.3435293   0.13291623 -0.06730315
 -1.0769244   0.89258564 -0.7467969   1.2438624   2.825756    1.3192494
 -0.78951937  1.3101686  -0.293375   -0.15034628  1.1203525   0.1224919
  2.7558913   1.127665   -0.09291059 -0.08235498  1.5709037   0.08407812
 -0.72501755 -0.30846998]