[[-8.10467847e-01  8.51069095e-01 -2.35486981e-01  1.06409621e+00
   5.54044852e-01 -6.05988938e-01  1.33620015e+00  7.09782720e-01
  -2.04165395e+00  4.91460762e-01  7.21177441e-01  1.61798455e+00
  -3.51037275e-01 -1.66886212e+00  1.48489328e-02  6.38526805e-01
  -5.11458936e-01  2.73633480e-01 -1.46753215e+00  1.94991832e+00
   4.39128190e-01  2.20116954e+00 -5.31781377e-01 -1.07458044e-01
  -8.78107275e-01 -8.24863331e-01  2.59913038e-01  2.21677713e+00
   2.70019093e-01 -1.23088260e+00  1.57783393e+00 -1.24499237e-01
  -4.84406217e-01 -4.54003640e-01  3.21347789e+00  8.36466495e-01
  -1.16621153e+00  3.67055908e-01 -1.62985877e+00  4.45368793e-01
  -1.45760393e+00 -1.87629385e-01  1.02547211e+00 -3.80316829e-01
   1.36464333e+00  1.09331727e+00 -3.32697422e-01 -4.72411526e-01
   1.74382871e-01  2.59085905e-01  5.65414405e-01  1.26052737e-01
   3.87846351e-01  1.68313108e+00 -1.06057409e+00  1.86951335e+00
  -2.64319703e-01  2.01029872e-03  1.42608909e+00  1.65368408e+00
   1.41706063e-01  9.50141987e-01  8.13436510e-01 -1.45665214e+00
   4.98564083e-01  2.89067713e-01  7.60321510e-01  1.61877607e+00
   1.03515530e+00 -5.90587964e-02  1.97666863e+00 -1.14465243e+00
   4.96075152e-01  1.74828924e+00 -5.76686534e-01  9.60612289e-01
   1.38694031e+00  1.11551817e-01 -8.56184990e-01 -1.62179260e+00
  -3.23399858e-01 -9.10597578e-01 -8.39868625e-01 -9.71472423e-01
   7.33484530e-01  2.20764215e+00 -7.85486214e-01  4.61787267e-01
   6.00639251e-01  1.00672606e+00  7.17899241e-01  6.81542138e-02
   5.13381660e-01  6.03260157e-01  4.29448334e-01 -1.70727723e-01
  -3.01096386e-01 -6.34213930e-01  5.95264240e-01  7.59802735e-01
   1.26397620e+00 -4.15764698e-01  1.66685211e+00  3.21708622e-01
   8.08976958e-01  8.13952446e-01 -5.33351365e-01  1.22343979e-02
  -1.04347000e+00  1.46283002e+00  8.52689383e-01 -1.30543288e+00
  -5.47965163e-01 -5.58896792e-03  6.94758034e-01 -1.95509911e+00
   5.80629240e-01  6.91765149e-01  4.72945467e-01  4.08050458e-01
   1.76996333e+00 -9.47575757e-01  1.11877773e+00  1.58516452e+00
  -1.23645880e+00 -2.40144546e+00 -1.31355408e+00  1.88149538e-01
  -5.44494382e-01 -1.50011895e+00  3.38368017e-01 -1.21872789e+00
  -7.03998791e-01 -3.17651722e-03  1.02173478e-01  3.31008178e-01
   1.51229698e-01  9.48622723e-01  1.21371924e+00 -4.50387136e-01
   2.43217109e-01  1.06828121e+00  5.24310760e-01 -1.92763017e+00
   1.25619698e+00 -4.69826812e-01  4.82585313e-01 -1.26074364e+00
   1.03493422e+00  3.80574549e-01 -7.43623957e-01 -1.07733273e+00
   1.59079075e+00  8.49118331e-01  3.41148940e-01  6.77789376e-01
   1.72684245e+00  2.30081333e+00  1.76452803e+00 -7.68307894e-01
   2.08507015e+00 -1.83674543e+00 -1.05388818e+00 -3.95336374e-01
  -2.25055760e-01  2.18454532e-02  5.88897425e-01  2.37594016e+00
  -6.77312881e-01  1.65714711e-01  4.64515264e-03  9.08966222e-01
  -1.19306833e+00 -7.63541068e-01  7.26591073e-01  2.62665909e-01
   1.23732581e-01  1.27204440e+00  7.75933041e-01 -8.65419555e-01
  -2.10684197e+00  1.29937287e+00 -7.91095899e-01  1.93818543e+00
   2.71283984e+00  1.06768865e+00 -5.55315143e-01  6.89468784e-01
   2.46847037e-02 -1.70768639e-01  1.38670152e+00  3.73722735e-01
   1.90780500e+00  7.13792572e-01  1.32612969e+00 -7.27992420e-01
   8.22482879e-01  4.63500909e-01 -5.78971056e-01 -2.31433452e-02]]