[-4.69618     3.0475101   0.20581    -1.18338     0.24949    -6.73641
  4.4944      0.82723    -1.22001    -0.52037     0.18336     7.98763
  1.70544    -5.3838496   0.0428     -4.14335     1.4795101   2.5412898
 -5.2371697   3.9221501  -6.08712     4.65543     2.38361    -3.96672
  0.32740998  2.8431401   1.98853    -1.4104301  -2.54678     1.05071
 -3.3466     -1.2409301  -0.24105999  1.78321     0.62974     0.89953
  1.7171     -0.25381002  4.01302     3.05478    -4.31889    -5.3469095
  0.9906     -1.9477401  -0.10335    -0.58155     3.44219    -1.8185
  2.1425     -0.66262     0.68658    -1.09196    -2.2214298  -4.65275
 -1.13081    -2.69359    -2.44028    -0.17694     1.94572    -3.21331
 -1.14674     4.52479    -2.18726     1.98946    -0.40205002  2.8482199
  1.33489     2.56837     0.56444997  0.4886      3.39275    -1.84909
 -0.69706     0.95732003  0.30955    -3.66602     5.28899    -1.55132
 -4.44451     1.0153301  -3.70029    -0.33097    -4.42258     1.66132
  2.73948     2.50929    -5.4354     -5.7490597   1.4889599   1.43214
  0.42064    -2.46655     1.3310499   7.40259     2.09817     2.39818
  3.38772     0.9616      4.74227    -0.24287     1.8294201   2.97274
  1.61359     2.28323     1.2121      2.69263    -2.07183     2.17928
  2.1826699   1.87864    -0.70096004 -1.5528101  -1.3308599   0.68236
  0.55274     0.75446004  3.30004    -0.95837    -1.8949499   2.79987
 -1.7643      0.25484     3.18606    -0.78116    -0.53843    -9.050409
  2.43551    -1.47707    -1.4726601  -1.17059     1.01986    -2.8547401
  1.0295      2.1965601   1.4246701   1.7955201   0.94354004  1.72419
  4.1261     -0.75075     3.55952     1.64341     2.55108    -5.03946
 -2.83721     2.15341     1.7005501  -2.02009     6.45296     0.82457
  0.06147     0.14201     1.0286      1.9740599   2.44799     4.11306
 -6.151       4.16327     0.84308    -2.07629     2.44068     1.5721
 -1.17794    -1.18764    -1.24523     0.19891     0.31243    -1.12449
  6.5929403   1.12748     6.38992     3.40018    -0.5271     -2.1837
 -0.41981998 -0.46824998  0.94035     3.54282    -1.96436     2.0615401
 -1.07082     2.7459202   1.5342901   2.66767     2.81512     0.93078005
  2.15677     1.6398201  -2.03074    -0.16657001  0.83669     2.8863
  0.44419003 -3.26928    -3.93343    -7.41971     2.25189     0.68477
  1.3932099  -1.8692701 ]