[-6.57813549e-01  1.04164422e+00 -4.28756863e-01  5.24879515e-01
  8.81905317e-01  2.60231555e-01  6.71621561e-01  1.74913198e-01
 -1.81474531e+00  1.01585805e-01  1.09518540e+00  2.58917928e+00
 -9.56528902e-01 -1.73897088e+00 -5.60895264e-01  5.26852682e-02
 -7.10173666e-01 -4.50238436e-01 -1.71347046e+00  9.62982774e-01
 -4.42302704e-01  2.78834724e+00 -7.77261555e-01  2.20872656e-01
 -4.59252119e-01 -5.23991644e-01  1.01345682e+00  2.32329607e+00
 -1.22650945e+00 -4.74693149e-01  7.62535810e-01 -3.52554202e-01
 -1.09983051e+00  1.77291051e-01  2.79999542e+00  1.90692520e+00
 -1.19774210e+00  1.11472571e+00 -1.79886007e+00  5.99018395e-01
 -1.84745824e+00 -6.37811065e-01  2.36730051e+00 -4.37047392e-01
  9.41094756e-01  1.78247797e+00 -1.33703995e+00 -3.00595790e-01
 -1.88789610e-02  1.01560640e+00  2.32854694e-01 -1.16390564e-01
 -2.24569991e-01  7.63163745e-01 -1.66103780e+00  1.65746045e+00
 -6.25465870e-01  3.37021351e-02  2.41418943e-01  1.56199622e+00
 -4.29561108e-01  2.02831197e+00  2.83209413e-01 -8.29131484e-01
  1.59047592e+00  2.13984206e-01 -4.14128453e-01  1.19904363e+00
  1.19171488e+00  3.69138420e-01  2.23226857e+00 -6.75766885e-01
  6.44566774e-01  1.29466307e+00 -4.91904765e-01  1.71064460e+00
  1.54533684e+00  3.00227880e-01 -1.45056570e+00  3.11535269e-01
 -4.91666853e-01 -7.82718956e-01 -1.02979684e+00 -1.02189600e+00
  5.35851657e-01  2.41895318e+00 -1.48556161e+00  1.10538459e+00
  9.47939515e-01  8.38441133e-01  8.47145796e-01 -3.30868930e-01
  1.45357943e+00 -1.54515266e-01  5.46179950e-01 -1.04073787e+00
 -9.62283075e-01 -8.89028430e-01 -4.47291076e-01  8.82461071e-01
  7.13797390e-01 -2.11898160e+00  2.10609508e+00  1.90863514e+00
  8.44036818e-01  3.93747389e-01 -4.98565763e-01 -8.84656906e-01
 -1.63355851e+00  2.12531209e+00  1.28004760e-01 -1.37662053e+00
 -1.12591529e+00  1.21027160e+00  4.06976849e-01 -2.11919093e+00
  6.66417897e-01  7.60094702e-01  1.74461082e-01 -9.88715813e-02
  1.02204323e+00 -1.05288839e+00  2.20740366e+00  2.49853563e+00
 -1.29724061e+00 -2.00560689e+00 -2.00940633e+00 -9.08890545e-01
  2.48549968e-01 -1.07256246e+00  6.38686895e-01 -8.75359356e-01
 -3.74762118e-01  3.37354749e-01 -7.56446838e-01  4.79157895e-01
 -7.31545210e-01  1.14400411e+00  1.85345423e+00 -2.42516045e-02
 -8.48557726e-02  1.44744527e+00  1.14053631e+00 -1.69559419e+00
  1.47732151e+00 -4.77034122e-01  9.88799930e-02 -1.66530895e+00
  1.23335516e+00  4.04334158e-01  2.80905832e-02 -9.32277858e-01
  1.33696783e+00  8.66525233e-01  4.71201658e-01  1.26609996e-01
  2.28401113e+00  2.41657686e+00  1.04826534e+00 -6.01309001e-01
  2.08614683e+00 -1.14961040e+00 -4.89167929e-01 -8.76400024e-02
 -8.54330957e-01  2.55731076e-01  9.16838408e-01  3.30442119e+00
 -9.68873799e-01  1.06797206e+00  6.81036413e-01  6.07960045e-01
 -6.70406759e-01 -7.77632177e-01 -2.89661497e-01 -2.06321046e-01
 -7.16385841e-01  1.10910952e+00  1.56886947e+00 -2.34468351e-03
 -1.89195371e+00  1.44938564e+00 -1.25804937e+00  2.18888950e+00
  2.72742057e+00  1.77091613e-01  6.83066905e-01  7.38685250e-01
 -7.48558998e-01  3.49066287e-01  1.51326644e+00  2.95894176e-01
  1.53327119e+00  9.35252547e-01  1.58704078e+00 -2.89513141e-01
  7.19093144e-01  1.03337324e+00 -5.73493659e-01  2.99489461e-02]