[[-0.72521429  0.80712805 -0.06617509  1.00974039  1.09954371 -0.43952216
   0.97930648  0.58098589 -2.08819373  0.41641882  0.30940098  2.48937942
  -0.77868254 -2.72126254  0.25069373  0.26230723 -0.28420274  0.28031724
  -1.64245373  1.70047116 -0.46697451  2.91518297 -0.77759175 -0.07848118
  -1.32303333 -0.96731903  0.40123118  2.65472903 -0.55921628 -1.27864059
   1.09412863 -0.94026685 -1.2619306   0.18419568  2.67753548  1.84777765
  -1.07937608  0.27546941 -1.71313372  0.50615333 -2.4184953  -1.19815412
   2.0883798  -0.54860627  0.78331999  1.39387941 -0.52998372 -0.52798942
  -0.11481313  0.84405961  0.26501667  1.02034549  0.22567157  1.59181981
  -0.83900901  1.68133197 -0.12470274  0.24705353  0.87743236  1.12136725
  -0.21218333  0.97357962  0.18195763 -1.61499469  0.91159589  0.76945902
   0.32565314  1.0700165   1.00115234 -0.23481018  1.73264844 -0.92498057
   0.65202588  1.62730647 -0.92698335  1.62943959  1.3939508  -0.41411921
  -1.56932299 -0.47892842 -0.65464235 -1.03308059 -1.10617628 -1.3342249
   1.16695687  2.81069176 -0.55932039  0.6003396   1.10437099  1.05300706
   0.97315707  0.12219196  1.20969235  0.13454963  0.42298786 -0.77146411
  -0.4970108  -1.06623764  0.20604744  0.88551078  0.93701843 -1.79100686
   1.98540409  1.2966849   1.03288431  1.13074705 -0.53148646  0.40354588
  -1.43277116  1.75468822 -0.01100099 -1.64887942 -1.69430351  0.52751822
   0.31312765 -2.21500292  0.95161412  0.29376863  0.66616156  0.41027666
   1.4851955  -1.52911684  1.66283097  2.09680195 -1.43812332 -2.32102922
  -1.46617489 -0.37713373  0.46455922 -1.55371921  0.19203627 -1.68543961
  -0.62307332  0.69198824  0.17263176  0.48434666 -0.31301883  2.00645118
   1.83691251  0.04276038 -0.12610372  1.53708866  0.82052332 -1.97582155
   1.70645882 -0.51827667  0.61543373 -2.0033692   1.26837155  0.67848648
  -0.30845803 -0.82317351  1.45514665  0.70048178  0.3252302   0.86814803
   0.74646784  2.21964411  1.0094     -0.55790706  2.90149062 -2.28717294
  -0.95245255 -1.09347391 -0.45891745 -0.11817609  0.33757725  3.00557862
  -0.77872372 -0.02365725  0.80192098  1.17605962 -0.82569608 -1.11958115
   0.60228766 -0.05318804 -0.09356708  1.31753353  1.36697923  0.02790823
  -2.68553611  1.51564292 -0.4772255   1.8491437   3.10230215  1.24203668
   0.02558902  1.5202251   0.64899137 -0.46989273  1.78404667  0.48961861
   1.87726803  1.00002959  1.13383802  0.07456021  0.7099849   0.81884294
  -0.11476667 -0.3843453 ]]