[-0.25614664 -0.48109004 -0.75541     0.47454     1.1007934  -0.10021001
  0.35039997  1.0282468  -1.4247099   0.27188334  0.8436367   0.50994
  0.09894333 -1.8346      0.5043233  -0.05919    -1.11823     1.54807
 -1.5683199   0.62422335  0.23097666  1.7890667  -0.65326667  0.97898006
  0.67856    -0.9468267  -0.23260999  0.47520995  0.76972    -0.6154233
  1.0905367   0.2964833  -1.8111033   0.14912333  1.8659767   0.8048067
 -1.9320365   1.9446067  -0.68358     0.9024833  -2.0153701   0.02893333
  2.2035701  -1.0737267   0.7131      1.6202768  -0.87127334  0.43140998
 -0.9010866   1.18697     0.72291327  1.2691866   0.92454     0.8675534
  0.40245     0.27411333  0.4857     -1.3558534   2.2710633   1.3775767
 -1.1324934   0.21397    -0.46424666 -1.95511     0.15475     1.14514
  1.1613067   1.4589399   1.0432266  -0.4026133   1.6334033  -1.90485
  0.1846      1.2746867  -0.8203067   1.8606267   1.1150566  -0.38021335
 -1.3451866  -2.3247802  -0.79782677 -0.57119    -0.95619005 -1.4525
  0.83660334  2.1940534  -0.14236666  1.4913565   0.52836335  0.09991334
  2.5489833   0.28994998  0.81298     1.40298     2.2328467  -0.61195
 -1.12386     0.48463997  1.7326001  -0.20429331  0.98099995 -0.13086666
  1.2224333   0.85998327  0.38121     0.71714336 -0.02108333 -0.73201996
 -2.5025866   3.2649868   1.3537601  -0.7449834  -0.20918    -0.10015335
  0.80549335 -3.2392101  -0.48245    -0.29395336  0.7356434   0.33517668
  2.96436    -1.0853233   0.55608666  2.04877     0.8353633  -2.8738334
 -1.2494633   1.28916    -0.54880667 -1.8252901   0.13122334  0.05487667
  0.49751     1.12126    -1.05782    -0.2811933  -0.06617001  0.37264
  2.1444867  -0.61322     0.48169002  0.53507334  0.37285995 -1.7847366
  1.1241133   0.16961665  1.2772399  -0.73386     1.0377499  -0.02787667
 -1.9161733   1.3438901   0.16604666  0.54553336  0.13670333  0.31577337
  1.5667967   1.7017733   0.21903992 -0.71089333  1.3708733  -3.3342235
 -0.9552867   0.30382    -0.27623665  0.7202733   0.37820998  1.6291367
 -0.71149     0.8417      0.9618134   2.3896668  -0.73798674  0.27547333
  1.0338067  -0.06579     1.0916133   0.56917334  0.12163667  1.28051
 -2.19124     1.5172234  -1.5769367   1.59588     2.6441634   2.19721
 -1.4833499  -0.74034     1.14977     0.04926001  2.4978132   0.49182668
  1.9031167   2.7074032   2.769473   -0.44833335 -0.58329     0.31269002
 -0.87046003  0.34237003]