[[-0.22569679  0.59865916 -0.07965734  1.03239685  1.01443116 -0.89274176
   0.81464856  0.08352968 -0.79718793  0.45523527 -0.28888058  1.1501297
  -0.46594765 -1.54211967  0.2380518   0.01810324 -0.81260592 -0.26171557
  -1.49600418  1.32150708  0.03653411  1.96631453 -0.84705698 -0.22472617
  -0.73854236 -1.07262587  0.76043647  2.40222921 -0.62240847 -0.79291179
   0.56176502 -0.64193941 -1.41125161  0.68853705  2.30739136  0.95903511
  -1.19557596 -0.35213968 -1.48643109  0.42187203 -1.24353786 -0.79333733
   1.54297142 -0.80733349  1.02921557  1.70935707 -0.45363622 -0.23151738
  -0.40648059  0.38049973  0.19832684  0.5120162   0.10221824  1.46998485
  -1.23624821  1.52681178 -0.03029412  0.2745197   0.67070942  0.93041122
  -0.33028236  1.32721686  0.29484649 -1.05217098  0.5912306   0.01043882
   0.49898177  0.79162527  1.06162735  0.29231382  1.27705268 -1.07928291
   0.23133499  1.34084702 -1.47583668  1.68741841  1.18950283 -0.46396264
  -0.39611638 -0.16386028  0.12115562 -0.78101342 -1.04736539 -0.60589144
   0.90934648  2.36587008 -0.61418649 -0.42421027  0.09956118  0.60903933
   1.39773324  0.30491883  0.42564997  0.45215419  0.64224773  0.24131881
  -0.36613088 -0.50576321  0.1411565   0.3866368  -0.06007385 -1.04383055
   2.15615566  1.06790092  0.7013994   0.76801795 -0.27540467 -0.29978206
  -1.13725135  1.3014612  -0.68024532 -1.03072608 -0.83074208  0.28815528
   0.13860086 -2.02648811  0.09455671  0.61074732  0.23341297  0.18327205
   1.23485437 -1.58456736  1.27541988  1.15109585 -0.7555179  -2.30085606
  -0.14471592 -0.241455   -0.03095971 -1.54285498  0.31541416 -0.5492282
  -1.1559988   0.58735825 -0.58385146 -0.42593327 -0.11428737  1.06140796
   1.74350445 -0.44761851  0.14557532  1.24701829  0.97246149 -1.25033732
   1.29567103  0.3181397   0.3059241  -0.98325215  1.42828568  0.05708324
  -0.19716741 -0.98617582  0.98063239  0.39688707  1.12090354  1.02315498
   0.53829737  1.52043619  1.41947794 -0.88687409  1.4218176  -1.66686637
  -1.09844886 -0.12882912 -0.05631323 -0.08908322  0.03952296  2.05949682
   0.17887499  0.71988675  0.33714058  1.6373488  -0.89343969 -0.61721024
   0.30805967  0.10861852  0.23627853  1.2292841   0.6679351  -0.36604588
  -1.82395701  1.07445552 -0.51129379  1.60968947  3.11276701  0.65139761
   0.4947847   1.5437188   0.11384941  0.17077707  1.18159937  1.13860937
   1.91244725  0.35936477  0.8517591   0.57852856  0.50700535  0.79454563
  -0.14305322  0.09175468]]