[-7.4966806e-01  1.5039589e+00 -3.6715102e-01  1.3643200e+00
  6.3852900e-01 -1.6233269e+00  1.5437340e+00  1.7191651e+00
 -1.8309240e+00  1.2200381e+00  5.1448703e-01  1.6540082e+00
  8.4270000e-01 -1.7177471e+00  4.1021204e-01 -2.1451950e-02
 -7.0987201e-01  2.2526996e-01 -5.9543097e-01  3.0378351e+00
  6.3615102e-01  3.2499728e+00 -2.0931709e-01 -3.1860399e-01
 -7.0203698e-01 -5.4748505e-01  1.7817107e-01  3.5114098e+00
 -4.8650208e-01 -3.6726999e-01  1.2889850e+00 -8.9958495e-01
 -1.2760710e+00 -2.6774004e-01  2.3434520e+00  1.4280970e+00
 -1.9973991e+00  1.0234258e+00 -1.0973492e+00 -5.6029975e-02
 -2.3821900e+00 -5.7360905e-01  2.1427808e+00 -1.6636181e+00
  1.8424301e+00 -7.2998810e-01  2.9424497e-01 -1.0600300e-01
 -8.3645594e-01  7.3751801e-01  1.2843759e+00 -7.3886204e-01
 -9.8380405e-01  1.3048389e+00 -1.1924419e+00  3.2508812e+00
 -1.0754449e+00 -3.0421996e-02  2.1249661e+00  1.4092579e+00
 -5.7417905e-01  1.3560304e-01  4.0043902e-01 -1.3217510e+00
  1.9090331e+00  1.9894102e-01  1.9676660e+00  2.7645390e+00
  1.6977841e+00 -7.3312908e-01  1.3496000e+00 -2.0319550e+00
  4.9995002e-01  4.7655201e-01 -1.3750122e+00  8.9156497e-01
  1.2368361e+00 -6.8535602e-01 -1.4097381e+00 -2.2788582e+00
 -1.3380910e+00 -1.9001360e+00 -1.0785669e+00 -3.2439297e-01
  4.7168992e-02  2.4535670e+00 -1.1616161e+00  1.2466502e-01
 -5.2928597e-01  8.0854797e-01  2.8025272e+00 -4.7904700e-01
  1.3486830e+00  6.6843796e-01  9.4128400e-01 -1.2738160e+00
  1.2131300e+00 -2.5899699e-01  1.5138141e+00 -6.9572806e-01
  3.6472702e-01 -5.8148992e-01  2.7383947e+00 -2.5870323e-03
  9.3917501e-01  1.5397331e+00 -2.3995509e+00  1.3368039e+00
 -1.5519712e+00  3.0553098e+00  3.9035600e-01  9.1651991e-02
 -1.8195460e+00  4.7159511e-01  1.2122880e+00 -2.6118820e+00
  1.5220850e+00  1.1665590e+00  1.8840300e+00  1.0076720e+00
  3.4277902e+00 -2.0181539e+00  2.4629926e-02  4.5697898e-01
 -7.9299498e-01 -3.5143909e+00 -1.5922201e+00 -4.2593703e-01
 -7.1200293e-01 -2.9217467e+00  8.9012206e-01 -1.7668941e+00
 -8.6873990e-01  4.2997703e-01 -1.3564930e+00  2.8107899e-01
 -2.5888303e-01  3.4694198e-01  3.3382988e+00 -9.9395895e-01
  9.4040014e-02  1.5980841e+00  1.5150840e+00 -2.4548051e+00
  1.1957710e+00 -1.7271797e-01  1.0650398e-01  2.2866964e-02
  7.7094001e-01  3.3078498e-01 -1.9085890e+00 -4.4253603e-01
  1.7321279e+00  9.5768487e-01  3.9945808e-01  1.7146900e+00
  8.3012313e-01  2.1000600e+00  1.8831218e+00 -1.2350290e+00
  3.2875359e+00 -1.4227680e+00  2.0334199e-01  4.2705402e-01
  2.0117159e+00  8.5344791e-01  1.0400100e-01  3.2032058e+00
 -1.0778999e+00  1.1641530e+00 -6.7298198e-01  4.0439001e-01
 -6.8237597e-01 -5.3573501e-01  1.3025420e+00 -3.2144800e-01
 -4.7012702e-01  4.8748994e-01  1.0225650e+00  3.1275198e-01
 -2.1186779e+00  1.8853639e+00 -1.6936991e+00  2.8150768e+00
  3.1840949e+00  2.3613603e-01 -6.3307798e-01  1.1766541e+00
  1.3950026e-02  3.2916704e-01 -3.3409002e-01 -5.2754802e-01
  6.5084594e-01  3.1960502e-01  2.7020130e+00  9.3525600e-01
  1.3455759e+00  1.5056939e+00 -3.5827294e-01 -4.7555304e-01]