[-1.0259374   0.30886105 -0.38774666  0.8499351   1.1118474  -0.27390146
  1.247505   -0.10653444 -1.8966284   1.1292188   0.10982665  1.868607
 -1.2527686  -2.5171955  -0.03249033  0.42622185 -1.7146317  -0.6274133
 -1.3626864   1.5080261   0.07689855  2.1604717  -0.10702629 -0.37989184
 -0.79997367 -0.9970726   0.89421207  2.616206   -0.9561587  -1.1181333
  0.68047434 -1.106288   -0.4688682   0.4962711   2.294832    1.2218099
 -1.7690057  -0.17506705 -2.3557796  -0.02582741 -2.1794596  -1.2369138
  1.9721518  -0.23291002  0.9898467   0.9564837  -0.8886767  -0.35543782
  0.08934402  1.1306082   0.9267255   0.13947845 -0.16138889  1.9283162
 -1.33786     2.1942198  -0.5659688   0.16481812  1.0623186   2.3634486
 -0.1969037   1.2199725   0.31691933 -2.2463365   1.0974855   0.952237
  0.39437157  0.47379297  0.8704948  -0.17634888  1.7245615  -0.6619526
  1.4791623   1.4475678  -1.7074594   0.92466074  1.6351727  -0.07157632
 -1.5759218  -0.36364368 -0.5453115  -0.5477744  -1.0969403  -1.955228
  0.17628853  2.296426   -1.158936    0.64534295  0.09155779  0.46124923
  0.9601884   0.3014785   0.3087667   0.31196785  0.08243518 -0.45773518
 -0.8677819  -0.68916744 -0.12804261  1.3197922   1.2177622  -1.7756368
  2.8121903   1.042207    0.9670258   1.0966275  -0.96086997  0.1383437
 -1.3903052   2.2213643   0.9608459  -1.7614938  -1.888045    0.5070518
  0.62923855 -1.722454    0.8702434   0.7118678  -0.2574563  -0.07936706
  2.253632   -2.4785473   1.5691435   1.2149086  -1.4390831  -2.9551756
 -1.6829692  -1.0349051  -0.42432263 -1.0340699   0.23980115 -1.2480774
 -1.3139197   0.19792709 -0.70336187  0.17745334 -0.57931507  0.8834232
  2.1231124  -0.45156035 -0.42668474  1.3130834   0.5891756  -1.7091463
  1.4963624   0.2479408   0.4189563  -0.77744555  1.5525137  -0.23245037
 -0.9389226  -0.07764447  1.6929651   0.8296264  -0.10365632  0.12572439
  1.3487624   1.6326903   1.4928434  -0.7082733   2.839424   -1.8045156
  0.09854188 -0.31964818  0.71596783  0.00800074  1.0662448   4.1274724
 -0.89275885  0.75959045 -0.02496148  1.2540148  -1.3974187  -1.3715852
  0.47476292 -0.38391402 -0.4799811   0.74754953  2.1250582   0.5166585
 -2.3481214   1.5254768  -0.79969674  1.8874223   3.0499666   0.606414
 -1.1248437   0.7401759   0.19211961 -1.0165564   1.1959668   0.10522333
  1.6904397   0.47470033  2.2324917   0.7430081   0.8385977   0.21019115
 -0.54713184 -0.09848151]