[[-0.24365377  0.02563446 -0.00344468  0.93287467  1.06538267 -0.09700889
   0.913588    0.03607379 -2.02890001  0.64466491  0.46646356  2.44284333
  -0.92005021 -2.05309464  0.6522129   0.0549211  -0.63423401 -0.01481977
  -1.25495956  1.30517733 -0.60246689  2.63055887 -0.50514045 -0.142576
  -0.82478087 -0.81975534  0.48372556  1.82800465 -0.63580133 -1.06206223
   0.92666513 -0.71148243 -1.03213977  0.44601311  2.5534827   1.68572577
  -0.858344    0.18851244 -1.57739912  0.26484378 -2.39425998 -0.8396789
   1.56604554 -0.7123471   0.40761486  1.1213891  -0.6622558  -0.61761024
  -0.41539776  1.28925733  0.27750246  0.80598176 -0.05835646  1.73345734
  -0.91775468  1.52632268  0.22398     0.15673156  0.88633444  1.2188282
  -0.40443535  1.22020445 -0.11560601 -0.94368845  0.44216023  0.43499465
   0.13424776  0.56396599  0.97202621  0.05905244  1.27255334 -1.28565334
   0.09466134  1.79458353 -1.09739334  1.12838997  1.49120756 -0.17286733
  -0.78288067  0.11016734 -0.47189601 -0.89770156 -0.30311311 -1.12785422
   0.29223601  2.23706936 -0.86675556  0.29505068  0.52729267  0.59414535
   1.0545662   0.33581866  1.00375223  0.22551311 -0.18226666 -0.35882577
  -0.20380134 -1.10527466  0.0135891   0.225902    0.83984444 -1.20801821
   2.07761665  1.55627734  1.11507286  0.69327734 -0.42101822  0.39881933
  -1.27034266  1.18680977 -0.01344733 -1.32435779 -1.33084157  0.44113887
   0.05380668 -1.97146399  0.89403577  0.36594711  0.8867751   0.35746799
   1.25207645 -1.37756689  1.57777223  1.5939558  -1.64801511 -1.53887756
  -0.48496044 -0.28003198  0.14238534 -1.51077934  0.14058133 -1.00928956
  -1.53859667  1.15727401 -0.27194334  0.65953511 -0.73886891  1.13682486
   1.45429423  0.35973845  0.36533423  1.50235512  0.99381045 -1.54776755
   0.96773067 -0.75787266  0.43947935 -1.62835466  1.38504954  0.22105911
  -0.74874423 -1.0976151   1.02520088  0.48741023 -0.25788134  0.75866313
   0.50804755  2.04476068  1.26095111 -0.93753356  1.96108736 -2.24131289
  -0.70788888 -0.45040866 -0.06724311 -0.19863044  0.05807937  2.86982558
  -0.80635378  0.09463422  0.95546667  1.08638378 -1.1283469  -0.84436356
   0.88238359  0.36212844 -0.03920378  1.52111134  0.93170911  0.09837088
  -2.35020332  1.22985891 -0.52717733  1.71471156  2.55873822  0.40735245
   0.167154    1.19613666  0.55355178  0.23813334  1.71427623  0.77746266
   1.97561846  1.33323042  0.73298309  0.33937156  0.72899222  1.23979555
  -0.21593376 -0.62817844]]