[-5.35607040e-01  6.77284002e-01 -4.14210349e-01  9.82737720e-01
  1.14886475e+00  5.64100325e-01  5.53455949e-01 -2.92976707e-04
 -2.22936153e+00  2.46163025e-01  9.05197263e-01  1.80544686e+00
 -1.05557275e+00 -3.34395170e+00 -5.72790980e-01 -1.36372656e-01
 -1.15969443e+00 -3.51186961e-01 -1.40695941e+00  7.42882967e-01
 -1.66554317e-01  2.48856997e+00 -1.33347464e+00 -5.92689849e-02
  3.25739324e-01 -1.25541270e+00  8.98313940e-01  2.19334412e+00
 -2.90446669e-01 -1.05789626e+00  9.21223342e-01 -1.10100150e+00
 -6.29104972e-01  2.97521323e-01  2.54526281e+00  1.57707775e+00
 -1.64743984e+00  8.04403365e-01 -1.60397410e+00  1.11380003e-01
 -2.29442453e+00 -8.08491051e-01  1.44405055e+00 -8.08259964e-01
  1.34854341e+00  1.27227437e+00 -2.98885733e-01 -9.60059583e-01
  5.18821001e-01  1.19188833e+00  1.38518775e+00  4.87213016e-01
  3.20649631e-02  1.25590706e+00 -6.18584931e-01  1.84111273e+00
 -4.43672031e-01  6.08934045e-01  3.41823660e-02  1.95952344e+00
 -7.34788060e-01  1.66057599e+00 -1.88403651e-02 -8.21698368e-01
  7.47094572e-01  3.30050349e-01  7.10701942e-01  1.20042014e+00
  1.14895606e+00  5.10816425e-02  2.17581415e+00 -1.16722643e+00
  7.63084233e-01  1.59839964e+00 -1.78680778e+00  1.46231091e+00
  1.54915261e+00  5.90612054e-01 -1.63660634e+00  7.53073394e-02
 -3.45843643e-01 -8.56849611e-01 -6.28532052e-01 -1.73476386e+00
  7.33606577e-01  2.16800332e+00 -1.16265047e+00  1.37768328e+00
  6.13203943e-01  8.60110700e-01  1.86342373e-01  6.44718349e-01
  8.42594683e-01 -8.20066780e-02 -3.12075287e-01 -7.67259359e-01
 -1.75381684e+00 -6.69673741e-01 -5.25593400e-01  9.73097622e-01
  7.99001932e-01 -1.85440505e+00  2.62787318e+00  1.50116158e+00
  6.78140581e-01  4.41903651e-01 -3.35299015e-01 -2.65454382e-01
 -1.58601606e+00  1.93704093e+00  3.66228640e-01 -1.40986955e+00
 -1.11923599e+00  7.32895255e-01  3.36081684e-01 -1.92924440e+00
  9.08218265e-01  5.33072352e-01  7.87820756e-01  7.84699917e-02
  1.47661197e+00 -1.96321917e+00  1.74654782e+00  1.42764330e+00
 -8.14890325e-01 -1.75898552e+00 -1.72305667e+00 -5.75502336e-01
 -4.56272006e-01 -9.02863801e-01  1.26748002e+00 -1.53957701e+00
 -1.04698324e+00  1.24818850e+00 -4.54860330e-01  1.97517648e-01
 -1.64406836e+00  1.60399747e+00  9.31944013e-01  6.68417752e-01
  9.62864514e-03  1.23153865e+00  8.48519206e-01 -2.09661722e+00
  1.80332077e+00 -6.90151095e-01  3.35556716e-01 -1.93886173e+00
  1.33194149e+00  3.88318360e-01 -3.63659821e-02 -3.96314114e-01
  1.39420962e+00  1.04277670e+00 -3.03721696e-01 -2.03351334e-01
  1.50921762e+00  2.51101232e+00  1.27657390e+00 -6.24144912e-01
  2.42308640e+00 -1.41053236e+00 -8.24146688e-01 -9.54982698e-01
 -5.05000651e-01 -5.79893216e-02 -5.91663122e-02  3.61964250e+00
 -2.50795722e-01  8.63231957e-01  4.99528915e-01  1.09227574e+00
 -1.34778631e+00 -1.22189224e+00  2.29202017e-01 -5.74499741e-02
 -1.59043327e-01  6.76427603e-01  6.01573765e-01  1.24337986e-01
 -2.70477533e+00  1.01386368e+00 -2.44417712e-01  1.72035873e+00
  3.05024219e+00  1.75785989e-01 -3.12259972e-01  1.04196751e+00
 -1.15256973e-01 -9.96336639e-02  2.08915162e+00  3.58912736e-01
  1.50286710e+00  1.24987864e+00  1.41242170e+00  3.04480106e-01
  9.58690643e-01  7.52025306e-01 -7.65642703e-01 -8.69417042e-02]