[[-2.90938494e-01  1.03883743e+00 -1.08329747e-01  1.17353556e+00
   6.62408757e-01 -1.67295094e-01  5.78184648e-01  5.36093566e-01
  -1.83788589e+00  6.37875437e-01  2.91998766e-01  2.32059434e+00
  -8.32127316e-01 -2.27536241e+00  1.48541184e-02  2.39554556e-02
  -1.07070022e+00  2.71782084e-01 -6.82714640e-01  1.53562402e+00
   5.51265580e-02  2.19250524e+00 -4.82861182e-01 -3.27190640e-01
  -6.89295202e-01 -9.20218364e-01  4.44531741e-01  1.94662968e+00
  -6.60261665e-01 -9.51304260e-01  8.35951409e-01 -4.74941592e-01
  -1.09568579e+00  6.22884872e-02  1.88652241e+00  1.66611616e+00
  -1.19743520e+00  9.56439760e-02 -1.84555954e+00  1.32483496e-02
  -1.83399571e+00 -1.10375811e+00  1.86657492e+00 -6.45163852e-01
   1.05664260e+00  1.04333612e+00 -2.78101752e-01 -7.90167801e-01
   1.48013290e-01  1.38654704e+00  3.22796179e-01  5.91780107e-01
   4.24967188e-02  1.02907941e+00 -8.90341008e-01  1.40620001e+00
   1.70443443e-01  2.39286019e-01  1.18544865e+00  8.98471460e-01
  -5.35335564e-01  1.39236444e+00  3.28577125e-01 -1.72865665e+00
   9.16536480e-01  6.02719842e-01  4.02164816e-01  8.52283549e-01
   1.13079097e+00  1.35173724e-01  2.09117622e+00 -6.69675208e-01
   8.66510852e-01  1.76863282e+00 -1.21858513e+00  1.40844124e+00
   1.13484050e+00  2.66999833e-03 -1.27387646e+00 -3.92914623e-01
  -4.79806453e-01 -8.47413850e-01 -8.36150127e-01 -1.72768471e+00
   6.65857975e-01  2.59366482e+00 -9.24147274e-01 -7.08334756e-02
   8.67170922e-01  5.01073824e-01  6.50801092e-01  4.41876317e-01
   7.93039585e-01 -1.70616297e-01 -9.66891674e-02 -1.33769062e-01
  -6.20833623e-01 -1.10832439e+00 -1.35828825e-02  5.29895562e-01
   1.41117303e+00 -1.42742853e+00  1.50079177e+00  9.68688137e-01
   5.44833788e-01  7.25251231e-01 -5.87767667e-01  1.43059320e-01
  -1.28054478e+00  1.47018410e+00  6.44980681e-02 -1.51922494e+00
  -1.58385116e+00  6.77862041e-01 -2.12022472e-01 -2.34925853e+00
   7.34952306e-01  6.22015143e-02  5.49069700e-01  6.08427548e-01
   1.53269244e+00 -1.41435620e+00  1.37851743e+00  1.96558981e+00
  -1.04643657e+00 -2.54889965e+00 -5.57525872e-01 -7.47168361e-01
   3.65141188e-02 -1.38710732e+00  3.25341379e-01 -1.24640760e+00
  -8.44494339e-01  5.42933387e-01 -2.35751523e-01  6.52625764e-01
  -4.71721766e-01  1.47925066e+00  1.32006098e+00  1.74903010e-01
  -8.85012496e-02  1.25729551e+00  1.01920071e+00 -2.00281012e+00
   1.21586155e+00 -4.87769026e-01  4.96167816e-01 -1.65143728e+00
   1.54247294e+00  1.44776020e-01 -6.59990612e-01 -7.82115920e-01
   9.96994648e-01  6.98324295e-01  5.86223988e-01  9.29078266e-02
   1.19710806e+00  1.97840336e+00  1.66263534e+00 -8.18404937e-01
   2.02890370e+00 -1.92988018e+00 -6.26849647e-01 -8.91492421e-01
   1.00323180e-02  3.23522829e-01  3.29214337e-01  2.78127025e+00
  -6.44274930e-01  7.47560376e-01  4.28951386e-01  1.19142313e+00
  -6.05786579e-01 -8.82929089e-01  4.13782472e-01 -2.40758921e-01
  -2.72243694e-01  1.15745538e+00  1.61608806e+00 -4.15363674e-01
  -1.97253364e+00  1.25205292e+00 -7.90095872e-01  1.52876269e+00
   2.99297942e+00  5.05676104e-01 -2.16857670e-01  1.42697600e+00
   6.53960366e-02 -3.07079858e-01  1.52995318e+00  2.61478660e-01
   1.60264526e+00  1.42135579e+00  1.61649820e+00 -3.19565851e-01
   5.44950872e-01  8.01261786e-01 -4.42689161e-01 -1.07398212e-01]]