[[-0.20473359  0.95431002 -1.07759001  1.30698142  1.83712863 -0.40742145
   0.64484784  0.37624426 -2.14315858 -0.73432284  0.80261933  3.07424565
  -0.61309142 -2.57255714  0.139515   -0.07381572 -2.12696078 -0.78096282
  -2.01369215  2.16730716  0.14440927  2.72116926 -1.2942607   0.09131498
  -0.08496213 -0.59301215  0.47753211  2.41587932 -0.44619361 -0.92738356
   1.03371286 -0.12949497 -0.86479284  0.40658928  3.80686571  1.38233715
  -1.03893859  0.8863029  -2.06832926  0.53308573 -1.63656208 -0.98203998
   2.72271422 -0.29301428  1.70588068  1.43470077 -0.65770929 -0.09228144
  -0.44165359  1.44005998  0.19065717 -0.22414575  0.17632288  1.29008787
  -1.61397427  1.46456214 -0.231745    0.06898858  1.14040929  0.81944932
  -0.28321284  1.96353929  0.79150786 -1.56108     0.96833431  0.22551499
  -0.75082573  2.00760707  1.15340785 -0.04354002  2.02767925 -0.89343287
   1.0475743   2.21756497 -0.94475289  0.46512143  1.92789716  0.40990286
  -0.55522288  0.52983215 -0.89026643 -1.67628495 -1.40896714 -1.8422693
   0.73597999  2.74650209 -0.82472359  0.85706718  0.18818998  0.57511928
   0.9793057  -0.2126643   0.74135785  0.39037857  0.25019284 -0.37562426
  -1.3700157  -1.30505716 -0.01646646  0.50474713  1.0379693  -2.26124357
   1.52664072  1.39216352  1.01520926  0.29724928 -0.60347002 -0.61066714
  -1.45030431  1.68714714 -0.0732743  -1.25285501 -0.90777072  0.98191354
   0.5615693  -2.18765072  1.37539712  0.59186711  0.87128858 -0.11837997
   1.60115572 -1.62690574  1.24779929  1.48459926 -1.27446498 -2.72732354
  -1.60639141 -0.24101502 -0.40545858 -1.17498141  0.80476853 -1.18138854
  -1.37514214  1.29846073 -0.07414505  0.37842996 -0.16274714  1.67241431
   1.60799857  0.42704788  0.37608502  1.26061427  0.3337     -1.83682789
   1.9980457   0.30905925  0.16679715 -1.425855    1.82343933  0.01958357
  -0.86188859 -1.06806286  0.9535864   0.9592557   0.45127002  0.29455999
   2.02113648  2.83931422  0.96752427 -0.43265146  1.72698428 -1.80638364
  -0.89049002 -0.04001575 -0.14608712  0.64112003  1.08778854  2.76223925
  -0.81240858  1.02643437 -0.27311073  0.17650285 -1.4745143  -0.56305928
   0.44265359 -0.08318786  0.13433858  0.43249714  0.96258214 -0.71364428
  -1.59378717  1.00792853 -0.97510213  1.7534972   3.53347714 -0.0677457
  -0.62019074  1.32027427 -0.01893286 -0.53136216  2.2199136   0.58010718
   1.94410857  0.69399568  2.39951996 -0.0349814   0.38872715  0.87295001
  -0.83633783 -0.25798785]]