[[-0.11904392  0.19159174 -0.66140999  0.98393962  0.43996824  0.12467392
   1.24613212  0.53290477 -1.14710391  0.25180131  0.57687302  1.48852263
  -0.65068088 -1.04266095  0.65025178  0.01764173 -1.09663525  1.17776527
  -0.53109916  1.03980133 -0.19654304  1.80015475 -0.64803351  0.17107306
  -0.40323172 -0.67345175  0.49321389  1.64949653 -0.33159175 -0.65594259
   1.16168085 -0.63882345 -0.01034694 -0.19818173  1.47798733  1.56727616
  -0.90892078  0.82834176 -0.44453998 -0.36232434 -1.4362356  -0.6037552
   1.14732916 -1.23038823  0.78590217  1.31048522 -0.45644219 -0.44744739
  -0.24960175  1.35285253  0.17829695  0.68652043  0.86164566  1.09035048
   0.01456132  0.85122954 -0.59337787  0.23525218  1.06808174  1.52661702
  -0.40470087  1.38874349  0.37213608 -0.19155303  0.59039001  0.92012302
   0.15097342  0.96837523  0.27226911 -0.01584607  1.40395609 -0.9801917
   0.23870955  1.67191482 -0.89990263  0.86606957  2.13671398  0.10271392
  -1.20084828 -0.67583261 -0.00644394 -0.67918738 -1.3601379  -1.45178959
   0.77142521  2.27263225 -0.26342261 -0.08548043  0.43961871  0.86844692
   0.66135785 -0.29280739  0.45170262  0.71949001  0.71340867 -0.09799956
  -0.04449828 -0.86426218 -0.28224479  0.14803825  1.16193998 -1.17617137
   1.53088392  1.12260437  0.18724213  0.31293824 -0.82388782  0.54306915
  -0.7685074   0.70955481  0.54960433 -0.60723738 -0.80740697  0.47683436
   0.14603176 -1.76816524  0.41879786  0.06016695  0.4369318   1.32050953
   1.53774837 -0.89097696  1.18108398  1.2591844  -0.41762566 -1.4866018
  -0.2327052   0.30129695  0.2679704  -1.45580041  0.2754926  -0.94895691
  -0.44189048  0.69503696 -0.28054866  0.20276392 -0.06975959  0.95768132
   0.68495954  0.06856438  0.44856782  0.4761991   0.31924131 -0.87802651
   0.36266303 -0.37883956  0.66031652 -1.14698523  0.55950262  0.43405785
  -0.83015088 -0.32762173  0.99993303  0.63380694 -0.24477477  1.0965091
   0.87784699  1.45269353  0.72165609 -0.94517692  1.67025567 -1.42475531
  -0.47615349 -0.78625003 -0.34451003 -0.13064172  0.20433132  1.83024957
  -1.10093867 -0.32458913  0.12619305  1.72691527 -0.58057349 -0.83880216
   0.49083913  0.34247565 -0.10694479  1.22013443  0.84418869  0.09449349
  -1.42989174  1.22053307 -0.4404504   1.25822387  2.17074346  0.86316044
  -0.25788865  1.24429782  0.1890587   0.08797085  0.98973263  0.29734958
   1.21920865  1.14176516  0.56180043 -0.2168235   0.07173867  0.4082261
   0.14089478 -0.06936783]]