[-5.2865314e-01  1.2797446e+00 -3.6459094e-01  3.2885548e-01
  1.4428722e+00 -6.9696856e-01  1.6572362e+00  5.4313362e-01
 -1.9041455e+00  7.4372178e-01  9.7839588e-01  2.5222037e+00
 -9.1062999e-01 -2.8744678e+00  1.8332542e-01  2.8112862e-01
 -1.4516987e+00 -2.1523593e-01 -1.7049447e+00  2.1119535e+00
  5.7824636e-01  2.7190983e+00 -1.1868819e+00 -9.4833635e-02
 -1.0445836e+00 -8.8824046e-01  7.9815632e-01  2.8385067e+00
 -8.6302853e-01 -1.5711803e+00  1.2345386e+00 -1.3506740e+00
 -5.6837177e-01 -3.7340364e-01  3.1032209e+00  2.2504225e+00
 -1.4984521e+00  6.3283205e-02 -1.7358677e+00  6.0722280e-01
 -2.6931326e+00 -1.1415309e+00  2.7671976e+00 -5.9984630e-01
  1.1130786e+00  9.3766314e-01 -2.5498363e-01 -4.9693507e-01
 -2.2489224e-01  1.3497955e+00  8.4360081e-01  4.0421045e-01
 -7.2211809e-02  1.4404309e+00 -7.8925323e-01  1.4071413e+00
 -7.2874963e-01  8.8034719e-01  1.0437460e+00  2.0392942e+00
 -1.3371381e-02  7.4290997e-01  7.9529405e-01 -1.7942399e+00
  1.3272917e+00  1.2385324e+00  2.1214138e-01  8.1414890e-01
  8.4683412e-01 -1.8202728e-01  9.4169688e-01 -8.9123636e-01
  6.1893487e-01  1.3999470e+00 -2.1702759e+00  1.2428263e+00
  2.9621558e+00  4.5042354e-01 -2.3677838e+00 -6.6826805e-02
  2.3274274e-01 -7.3465312e-01 -9.1485864e-01 -1.0481342e+00
  9.9236083e-01  3.3488090e+00 -8.8479286e-01  1.4052196e+00
  1.0017608e+00  6.3804907e-01  1.4065372e+00  8.8126272e-01
  8.3224100e-01  6.4062876e-01  2.6655364e-01 -1.6669586e+00
 -1.6330733e+00 -5.1565051e-01  2.0727497e-01  1.8113180e-01
  4.6890685e-01 -1.6124935e+00  3.3336484e+00  1.0033959e+00
  1.3593329e+00  1.2164088e+00 -1.7467109e+00  4.0473178e-02
 -1.5061909e+00  2.0139217e+00  1.7310454e-01 -2.1793253e+00
 -1.0856104e+00  1.5597332e+00  2.2240275e-01 -2.4181948e+00
  7.6382124e-01  7.2365737e-01  1.9415678e-01  5.6722909e-01
  1.1823168e+00 -1.6301181e+00  1.7789963e+00  1.6880085e+00
 -9.1663897e-01 -2.2406657e+00 -1.3636837e+00 -5.5458199e-02
 -1.3009228e-01 -1.1179401e+00  8.2030958e-01 -1.9456092e+00
 -7.4973273e-01  1.1079087e+00 -2.6256812e-01  9.8846626e-01
 -3.4809637e-01  9.0579128e-01  1.2735263e+00  3.5897636e-01
  1.9763780e-01  1.3747610e+00  1.0402455e+00 -1.4759972e+00
  1.7303144e+00 -1.1335918e+00  1.2182260e+00 -2.5603225e+00
  2.1890924e+00 -2.0726909e-01  2.7477956e-01 -2.9330498e-01
  1.4165924e+00  5.3624719e-01 -1.3054951e-01  5.4417455e-01
  9.1240042e-01  1.7378930e+00  1.1066558e+00 -1.2212927e+00
  3.7808702e+00 -1.9683895e+00 -3.0463460e-01 -1.7838009e-01
 -9.3156770e-02 -3.3237001e-01  6.3237226e-01  4.0326090e+00
 -9.7195417e-01  2.0997867e-01  1.1583650e+00  1.2902890e+00
 -1.4974332e+00 -1.9480106e+00  3.6859026e-03 -8.5079819e-01
 -6.9537091e-01  1.3289719e+00  1.6205478e+00  3.4931336e-02
 -3.2111526e+00  1.4321746e+00  5.5347449e-01  1.9427204e+00
  3.8318877e+00  9.5729357e-01 -1.6701001e-01  9.1056937e-01
  6.6613287e-01 -5.8287296e-02  1.8692795e+00  6.8086052e-01
  1.8260598e+00  7.9876876e-01  1.4083796e+00  6.2193328e-01
  8.3091855e-01  1.1424668e+00 -6.0325593e-01 -9.0659261e-01]