[[-1.43387617e-01 -3.57488822e-01 -7.58031770e-01 -2.32001750e-01
   1.03238176e+00  1.31551187e-01  5.44688817e-01  9.13203522e-01
  -1.91884880e+00  8.87580016e-01  5.55372938e-01  1.23546001e+00
  -2.31065873e-01 -1.82222117e+00  8.78682967e-01 -4.76297034e-01
  -7.86850603e-01 -6.17635304e-01 -1.08850703e+00  1.33379763e+00
   1.85055882e-01  2.22946651e+00 -9.80505298e-01 -2.33092949e-01
  -6.18974707e-01 -6.72145258e-01  7.99687633e-01  2.01198472e+00
   3.73287089e-01 -5.54168203e-01  8.87214708e-01 -8.43629962e-01
  -9.18475304e-01  2.61454673e-01  1.20814057e+00  1.50025475e+00
  -4.54212341e-01  6.45226471e-01 -1.71512350e+00  3.91354105e-01
  -1.46178709e+00 -7.86085876e-01  9.80258242e-01 -4.88680007e-01
   7.99956451e-01  7.43064733e-01 -1.24464529e+00 -5.68321729e-01
   1.88490002e-01  1.40302766e+00  1.06572367e-01  6.11384716e-01
   6.35435872e-01  1.69967768e+00  7.60817650e-02  8.23090594e-01
  -8.00764725e-01  7.15663521e-01  6.91589414e-01  1.28598061e+00
  -2.60915288e-01  5.72597647e-01  5.14849393e-01 -3.68750007e-01
   1.22746996e+00  2.20061072e-03  1.16751117e+00 -4.93641382e-02
   8.78587054e-01  3.34230574e-01  1.71902181e+00 -1.55221180e+00
   1.21601160e-01  7.77338774e-01 -1.27634059e+00  6.59222352e-01
   1.30541705e+00  4.89665280e-01  3.60458861e-02 -1.42618060e+00
  -2.43732349e-01 -7.38502950e-01  8.28264882e-02 -1.10179825e+00
   1.83309988e-01  1.87449998e+00 -6.81788815e-01  1.15895588e+00
   5.81685862e-01  9.69947167e-02  3.73408870e-01 -1.50846474e-01
   8.30984689e-01  5.45184103e-01  1.28328251e-01 -1.06564178e+00
  -7.79634704e-01  1.03411815e-02  2.67027624e-01 -4.19317098e-01
   9.59344105e-01 -1.02028058e+00  1.59082296e+00  1.51702412e+00
   7.56775900e-01  8.19851824e-01  2.74511194e-01 -1.74282088e-02
  -1.42144236e+00  1.13425706e+00 -3.92528249e-01 -1.42522529e+00
  -1.41915823e+00  1.08682882e+00  5.73030585e-01 -1.84659585e+00
   4.49479414e-01  2.89371171e-01  4.91721199e-01  1.83702963e-01
   1.63112298e+00 -1.32740645e+00  1.32205820e+00  5.58885879e-01
  -1.86103589e+00 -1.98796471e+00 -1.26218352e+00 -1.25929335e-02
  -2.00500008e-01 -9.87684699e-01 -6.59005957e-02 -1.69884238e+00
  -1.43753416e+00 -3.31415904e-01  1.67029338e-02  6.03442347e-01
  -6.93500033e-01  1.42984705e+00  1.41833880e+00  5.00095312e-01
   3.34577660e-01  1.26732293e+00  7.72247662e-01 -1.95484354e+00
   1.07634587e+00 -1.46670762e-02 -3.54878827e-01 -1.39039533e+00
   1.02525884e+00 -1.05538228e-01 -1.39735854e-01 -1.70283586e+00
   6.87308815e-01  6.29544108e-01 -5.85188279e-02  1.25845289e-01
   1.07748646e+00  5.96222951e-01  1.91180117e+00 -3.40097656e-01
   1.88278355e+00 -1.25401000e+00 -8.53162348e-01 -1.06450948e+00
  -2.37214693e-01  5.98569428e-01 -6.46753525e-01  2.59420475e+00
  -5.17828826e-01  9.05236500e-01 -6.48347227e-02  1.08722354e+00
  -1.01864120e+00 -1.52643706e+00  7.31123156e-02  4.68964712e-01
  -2.75941368e-02  7.31578248e-01  9.75479440e-01  4.98470002e-01
  -1.44110410e+00  2.16104001e+00 -6.96503499e-01  2.07292645e+00
   3.10630696e+00  1.00609236e+00  3.37831807e-01  6.01902320e-01
  -1.81075314e-01 -3.40279397e-01  1.11158884e+00  1.20517613e-02
   1.06842119e+00  9.35681752e-01  1.27769999e+00  4.56675317e-01
   5.68972388e-01  1.19065946e+00 -6.96369414e-01  4.82219438e-01]]