[-0.42044327  1.8626035   0.40405333  1.1821134   1.5016232   1.8945533
  0.34358332  0.11155329 -1.7767733   2.6994236   0.8034467   4.3745103
 -1.5827199  -0.9840166   0.06385338  1.3481101   0.20975     0.3234533
 -2.1550434   1.9615201   0.35024667  2.9327736  -0.94955665  0.8216467
 -1.3533267  -0.39849672  1.7305633   1.6552433  -1.5960034  -1.16637
  1.5280666   0.45646    -0.83929664  0.14849998  2.4089966   2.5518966
 -1.6800632  -1.59628    -2.6382802   1.8118534  -1.21304    -2.2002566
  3.1576803  -1.2805166   0.7930966   0.41511333  0.22612666 -0.76080006
  0.6096966   0.08908335 -1.0156199   0.89183    -0.52434     1.2399566
 -2.8274534   1.1278634  -0.62643665 -1.7543501   0.91501004  1.1022633
 -0.05551001  1.0233034   0.3650533  -3.0731      0.83854    -0.11660334
  0.00692334  1.0843333   0.8476567   0.00618335  0.8525133  -0.2508133
  1.2221934   2.4165833  -0.75626     2.72941     1.6418133   0.05689668
 -3.8097632  -0.12668003 -1.4825034  -1.0287399  -1.7903267  -0.16006
  0.95279664  3.9750798  -0.34302333  1.1203333   0.86401004  1.0145199
  1.8395267  -1.2441434   1.7384167  -1.0855132  -1.6375966   1.24497
  0.17869663 -1.1909666  -1.3554968  -0.65971667  0.2795334  -2.4949234
  0.8046167   1.7016968   3.3861532   1.6464667  -1.69253     1.7480067
 -0.40319     2.7879903   0.06899331 -4.469193   -2.2385733  -0.2442
 -1.2808067  -3.0467937   3.153817    1.9731966   1.1572999   0.9921467
  0.4206767  -2.3923633   0.86077005  2.52124    -0.70259    -1.0813799
  1.1760468   0.19653668  0.44630662 -1.8649     -0.48065662 -1.6670734
  0.9122867   0.6956633   0.06036999  0.84246665  1.5316035   0.27619004
  2.6024168   0.36786333 -1.9082102   2.4163098   1.1464434  -2.5170832
  1.86835    -0.5947799   1.82348    -2.6123002   2.2065299   0.6610567
 -1.9029264  -0.69892997  2.1594164  -0.10504334  1.3110467   2.3458567
 -0.50154334  2.79058     0.99933004 -0.15718336  3.0276902  -2.2871034
 -1.4938068  -1.9009967   2.5606499  -1.8234934  -0.01965666  1.7198601
 -0.48528334 -1.4760267  -0.42604336  0.08539333 -0.84504336 -0.8255101
  2.05143     1.1696666   0.87347674  2.6995764   1.7020966  -0.36576
 -0.86464334  0.5576866   0.16115332  2.29975     3.6295102   1.0416499
  0.55610996  3.5049398   0.8756501  -2.49431     1.6272634   0.2550234
  2.1340902   0.93912     2.2261498  -0.66068    -0.05252655  0.18823336
 -1.1371933  -0.24131005]