[[-0.64931384  0.57938286 -0.16890096  0.83893335  1.21458533 -0.07212015
   0.73775137  0.36373027 -1.43059977  0.63289533  0.35626781  2.3777488
  -1.0230431  -2.63087536  0.16287836 -0.23523261 -0.94591875 -0.05276974
  -1.45767085  1.3571454  -0.13158728  2.56248332 -0.57939041 -0.25807272
  -0.74154948 -0.95903693  1.01406301  2.60327228 -0.45348397 -0.68830354
   0.52975438 -0.67840165 -0.63427877  0.06089892  2.59758957  1.69693798
  -0.82275921  0.28129205 -1.78190362  0.31830452 -2.02538218 -1.26805626
   1.90320009 -0.43752643  1.09609403  1.24836291 -0.39207602 -0.98912276
  -0.04776107  0.86303347  0.38439522  0.56891875  0.54501986  0.74146433
  -0.72642593  1.15484612 -0.51070111  0.33944536  0.81202122  1.15188643
  -0.25463891  1.0435027   0.49261124 -1.47522313  0.87049877  0.48263726
  -0.03927232  0.96480601  0.80936795 -0.25746794  1.85619086 -0.88041575
   0.66917987  1.88512797 -1.55038655  1.09993395  1.42952758  0.62050914
  -1.85686017 -0.15028877 -0.34378054 -1.03991709 -1.09422089 -0.99697055
   0.95751515  2.61524665 -1.27061453  0.7203282   1.31775078  0.8292646
   0.76194244  0.47760095  1.1021716  -0.01253684  0.04488986 -0.79480181
  -0.66665221 -1.40554034 -0.01061342  1.11540644  0.99343687 -1.76807743
   1.44065034  1.47713983  0.93723098  0.94284268 -0.27209439  0.55713042
  -1.06474766  1.64430603 -0.00914618 -1.73591316 -1.23789717  0.97622915
   0.01580987 -2.03967379  0.89626449  0.68480188  0.45353438  0.26323632
   1.07042245 -1.36102357  1.87082193  1.85901942 -1.11626971 -2.15080358
  -1.09489218 -0.23468424 -0.14250081 -1.45427776  0.54396522 -1.41587304
  -0.64760834  0.8142812   0.07121411  0.92072523 -0.3811426   1.39593352
   1.2656826   0.25967369 -0.30472587  1.1910752   0.76827028 -1.26881604
   1.6096636  -0.46994535  0.54312328 -1.91214538  1.58586809  0.49254384
   0.0541237  -0.5960704   0.96817768  0.96630453  0.79433214  0.73702935
   0.56374755  1.96484182  0.83292411 -0.2275663   2.31947976 -2.46927991
  -0.95111533 -1.11771451  0.05260521  0.06953124  0.2916337   2.96775498
  -0.47719426  0.41103615  0.71534735  1.62105282 -0.44379381 -1.00234661
   0.13001549 -0.06566614  0.08509343  0.79893561  1.0785616  -0.27086172
  -2.51691273  1.23715319 -0.41743238  1.57330274  3.16400497  0.81376821
  -0.34453645  1.08300261  0.06766715 -0.61273042  1.78725866  0.39336013
   2.08715924  1.44323568  1.56934052 -0.47704411  0.49382002  0.50252959
  -0.73228451 -0.3446167 ]]