[[-5.86144590e-01  8.25380444e-01 -4.31308328e-02  6.53414608e-01
   2.18066626e+00 -2.67808326e-02  1.05872126e+00 -1.72982059e-01
  -1.62996995e+00  7.01021646e-01  7.64610877e-01  2.14927779e+00
  -1.55845748e+00 -3.45816006e+00  3.14251667e-01 -2.10210003e-01
  -1.24335331e+00 -1.09711625e+00 -1.62169454e+00  1.42321958e+00
  -2.27245836e-01  1.99173667e+00 -1.05549255e+00  3.20267928e-01
  -2.81986672e-01 -1.30823998e+00  7.78332900e-01  2.65948331e+00
  -1.58470770e-02 -6.12015429e-01  2.35645031e-01 -3.93228306e-01
  -9.42874957e-01 -1.29704586e-01  3.19495931e+00  2.21362550e+00
  -1.17095874e+00  2.57198372e-01 -1.42718043e+00  5.74027065e-01
  -3.01934542e+00 -1.62368790e+00  2.17649418e+00  5.83004430e-02
   1.00076832e+00  2.09810118e+00 -1.00954541e+00 -3.03106662e-01
   6.06660010e-01  1.13322497e+00  3.43122513e-01  7.90465403e-01
  -1.01091830e-02  2.35603460e+00 -9.07716685e-01  1.89196463e+00
  -7.20202904e-01  1.87631260e-01  1.23270414e+00  1.84677123e+00
  -5.55565434e-01  1.08244668e+00  8.15287106e-01 -1.62683248e+00
   7.97249646e-01 -3.35665411e-01  6.66738341e-01  5.14093356e-01
   4.69605823e-01  3.46034557e-01  1.35427003e+00 -7.00429188e-01
   1.35863455e+00  1.66010754e+00 -1.65912502e+00  9.93669190e-01
   1.48385581e+00  3.19136626e-01 -1.88096037e+00 -3.12376234e-01
  -9.80775031e-01 -9.01010017e-01  3.28776675e-01 -1.70038036e+00
   4.87908779e-01  3.21821383e+00 -6.24898758e-01  1.99521041e+00
   1.11578630e+00  6.12414581e-01  4.53925052e-02  9.12400007e-01
   8.96377531e-01 -7.92392906e-01 -4.62255017e-01 -8.14944173e-01
  -1.09555541e+00 -7.78256693e-01 -1.10632665e+00  6.75460019e-01
   1.05866041e+00 -2.55828501e+00  2.76627162e+00  7.93878324e-01
   5.93515427e-01  9.04880822e-01  7.49895759e-02  1.90337913e-01
  -1.76842297e+00  2.64056123e+00  5.35010410e-01 -1.32145293e+00
  -1.60403539e+00  5.25540010e-01  1.11800334e+00 -2.27381786e+00
   2.78212488e-01  4.95524995e-01 -1.53191922e-02 -1.75329323e-02
   1.82648250e+00 -2.21161375e+00  2.50347201e+00  1.99250503e+00
  -1.65831750e+00 -2.40280904e+00 -1.54679539e+00 -6.75491683e-01
   1.03212959e-01 -1.48042376e+00  6.38525420e-01 -1.71075540e+00
  -7.78923735e-01  7.20400466e-01  2.31907036e-01  7.73811265e-01
  -1.13721461e+00  9.39880040e-01  1.16248204e+00  2.16150424e-01
   1.72647054e-01  2.36315581e+00  4.92573765e-01 -9.86193342e-01
   8.26717475e-01 -1.14762041e+00  5.02888747e-01 -2.83787297e+00
   1.68201291e+00  5.18910830e-01 -4.78695415e-01 -1.61138913e+00
   1.23547878e+00  1.04728039e+00 -5.40401248e-01  2.93692944e-01
   2.21630328e+00  2.34161012e+00  1.12313750e+00 -9.72279094e-02
   2.32031913e+00 -1.77198759e+00 -4.94568744e-01 -5.88177895e-01
   4.63828767e-01 -6.12970835e-01  5.83802479e-01  3.16290544e+00
  -1.02791707e+00  1.04420581e+00  6.67337310e-02  1.43008959e+00
  -1.12492124e+00 -1.25501958e+00  6.65229568e-01  2.93584478e-03
  -4.20242906e-01  9.34139972e-01  1.57614211e+00  3.83241527e-02
  -2.76421786e+00  1.32984833e+00 -1.11481999e+00  1.53977923e+00
   2.65582616e+00  2.45677515e-01 -1.20140368e+00  9.25611263e-01
   8.43822105e-01 -2.89231259e-01  2.02296626e+00  7.00549915e-02
   1.86032921e+00  2.09423907e+00  1.43356745e+00  1.42752499e-01
   1.34859797e+00  7.20338770e-01 -1.05954038e+00 -1.24691629e-02]]