[[-7.33396370e-01  1.23688911e+00  3.53198171e-01  1.98235362e+00
   4.65675419e-01 -7.43120930e-01  8.65800923e-01  5.59739985e-01
  -1.91615639e+00  1.74725446e-01  1.94919965e-01  2.41092545e+00
  -8.15090266e-03 -1.40726996e+00  1.71905458e-01  2.72690016e-01
  -1.80713724e+00  6.41175423e-01 -7.70504540e-01  1.53819455e+00
   1.21547546e+00  1.59027817e+00 -7.70137252e-01  4.69180928e-01
   2.89387301e-01 -1.81682365e+00  1.08919092e+00  1.55405094e+00
   9.67024584e-01 -1.27106003e+00  1.52973619e-01  6.01435481e-01
  -1.36527818e+00  6.34836145e-02  2.90473925e+00  1.25612640e+00
  -1.35704544e+00  1.53849091e+00 -2.59102275e+00  7.37883633e-01
  -1.30363271e+00 -8.39594559e-01  1.53969273e+00 -1.06415912e+00
   1.59849632e+00  1.43074723e+00 -7.38615450e-01 -3.87695430e-01
  -1.04994816e+00  8.11312690e-01  7.45124578e-01  7.38495464e-01
   4.18388193e-01  1.11658274e+00 -1.75047364e+00  2.13099272e+00
   7.58767263e-01 -3.28727202e-03  2.25625542e+00  1.35896548e+00
   2.60477279e-01  1.15775820e+00 -8.21636414e-03 -2.39595364e+00
   1.19601727e+00  1.36903452e+00 -5.49624543e-01  1.11686000e+00
   8.34816331e-01  3.85455110e-03  8.03092740e-01 -1.34525728e+00
   9.43670080e-01  1.92302999e+00 -1.86060362e+00  1.63604451e+00
   1.94438998e+00 -5.57609982e-01 -8.39930011e-01 -1.49891448e+00
  -7.38810008e-01 -5.92052712e-01 -9.99026345e-01 -1.59398905e+00
   1.15086091e+00  3.16453638e+00 -1.93887184e+00  1.03131180e+00
   3.23283643e-01  7.43152736e-01  1.84629814e+00  1.27211822e+00
   3.45832716e-01  1.11559273e+00  3.72949099e-01 -3.34662784e-01
  -5.40340922e-01 -7.31036306e-02  1.10184914e+00 -5.46736175e-02
   1.07902728e+00 -1.45484273e+00  2.14741182e+00  1.38446989e+00
   1.12437274e+00  9.50107306e-01 -6.34439070e-01 -4.04427274e-01
  -1.77356357e+00  2.73886542e+00  7.81598188e-01 -2.00626734e+00
  -1.34300363e+00  5.56758160e-01  1.14982268e+00 -2.07669281e+00
   3.82823614e-01  5.42313635e-01  3.52652718e-01  2.92177278e-01
   1.88078909e+00 -1.24735907e+00  1.61492000e+00  2.43978369e+00
  -4.44423610e-01 -3.39735731e+00 -1.13889906e+00 -3.35711850e-01
  -6.65451834e-01 -1.76533818e+00  1.20763994e+00 -6.89710899e-01
  -1.10431091e+00  1.27186001e+00 -3.67970916e-01  5.77639992e-03
   6.36063543e-02  9.66240023e-01  2.85667986e+00 -9.60572904e-02
  -1.07165456e-01  1.47045818e+00 -7.54236592e-02 -2.64181102e+00
   2.79649905e+00  6.65545464e-03  6.39069966e-01 -1.47697818e+00
   2.39265173e+00 -4.17812721e-01 -2.43262741e-01 -7.53559083e-01
   1.24451821e+00  9.64336314e-02 -2.52145268e-02  1.26153279e+00
   2.11862814e+00  1.58279269e+00  7.51539986e-01 -9.29038218e-01
   1.31366098e+00 -3.82474990e+00 -9.16124566e-01 -8.11271811e-01
   2.92409092e-01  7.38523628e-01  4.81863680e-01  3.39805902e+00
  -4.51761853e-01  1.02490729e+00 -9.63390842e-02  1.51421908e+00
  -1.36156183e+00 -2.71190032e-01  8.35412745e-01  3.77210013e-01
   1.36848207e-01  9.61799992e-01  9.83806361e-01 -9.83458217e-01
  -2.26766633e+00  5.48009065e-01 -5.64391816e-01  1.44973450e+00
   4.23448003e+00  1.22733177e+00 -1.58893004e+00  1.20973639e+00
   8.14368199e-01 -4.47390900e-01  1.69885178e+00  6.32899063e-01
   2.30164182e+00  1.77385642e+00  2.92791726e+00 -8.70214549e-01
   3.91072707e-01  3.75087272e-01 -2.13225457e-01 -6.70854535e-01]]