[-1.14378607e+00  1.22808194e+00 -2.32186079e-01  1.23355806e+00
  2.79970789e+00  1.96253204e+00  2.75767612e+00  1.90414011e-01
 -1.61044002e+00 -8.75551999e-01  8.61078084e-01  2.71820402e+00
 -1.23941600e+00 -2.08640814e+00 -7.54057944e-01  8.28436017e-01
 -1.79279804e+00  2.30305955e-01 -1.76589608e+00  1.22043002e+00
  3.97567987e-01  1.25848401e+00 -5.56093991e-01  4.77008045e-01
 -3.81259978e-01 -1.70883811e+00  5.16016006e-01  3.73465014e+00
 -2.77740002e-01 -1.86876810e+00  1.29661798e+00 -3.44532073e-01
  1.86970070e-01 -4.28205967e-01  3.11428785e+00  2.18872595e+00
 -2.18703985e-01  1.35604405e+00 -2.76813602e+00 -6.01731956e-01
 -4.37694788e+00 -1.56349587e+00  2.78118396e+00 -2.98496008e-01
  1.72702789e+00  8.97880048e-02 -1.43702805e+00 -9.86542046e-01
  6.83992028e-01  2.88000607e+00  1.61449814e+00  8.46596122e-01
  1.06827807e+00  2.14511180e+00 -1.50485206e+00  2.43444991e+00
 -2.86906064e-01 -4.56152022e-01  1.17635608e+00  2.10102010e+00
 -5.76999672e-02  2.21206808e+00  6.29413962e-01 -2.34698606e+00
  1.74361193e+00  1.00844407e+00  1.83873594e+00  1.33036792e+00
  6.72767997e-01 -9.74871933e-01  2.30458403e+00 -9.99226093e-01
  5.23683965e-01  2.35131407e+00 -2.05555797e+00  1.95484996e+00
  1.52511597e+00  1.74442005e+00 -2.16142392e+00 -4.78650004e-01
 -1.77949786e+00 -2.11556196e+00 -1.33313984e-01 -1.09623992e+00
 -1.83737963e-01  1.38743997e+00 -2.45927596e+00  2.12528020e-01
  2.96655983e-01  1.37266409e+00  1.18244600e+00  9.23328042e-01
  2.18422413e+00 -4.08529997e-01  1.56606004e-01  7.41319656e-02
 -9.38272119e-01 -3.42698008e-01 -1.40866804e+00  1.52211404e+00
  1.04926610e+00 -2.55714607e+00  3.24745798e+00  7.03287959e-01
  7.28604019e-01  9.80594039e-01 -9.98359978e-01 -3.82261932e-01
 -2.78192568e+00  3.15231991e+00  1.22885394e+00 -7.54974008e-01
 -1.33468986e+00  2.85619593e+00  1.16311800e+00 -2.30793810e+00
  7.83133984e-01  3.57102066e-01 -8.99371922e-01 -6.12019673e-02
  2.48958206e+00 -2.45078993e+00  7.66008019e-01  1.04281402e+00
 -3.62085998e-01 -3.21107411e+00 -2.21845770e+00 -8.24335933e-01
 -8.10132027e-01 -6.68151975e-01  1.65708613e+00 -5.88908017e-01
  7.89986014e-01  1.77038193e+00 -9.99585986e-01  2.70197958e-01
 -5.32944024e-01  1.25846601e+00  1.47847390e+00 -8.94666076e-01
 -6.63098037e-01  1.98884416e+00  1.34976411e+00 -2.74545407e+00
  1.42655587e+00 -4.03318018e-01 -1.13120005e-01 -2.12484598e+00
  2.70395803e+00  7.38191962e-01  5.26444018e-01 -3.47994030e-01
  1.92639917e-01 -3.54002719e-03 -1.55104387e+00 -8.29751968e-01
  9.39891994e-01  2.91165209e+00  1.76946604e+00 -1.19668996e+00
  1.12281001e+00 -1.43065000e+00 -1.41770387e+00  7.79489934e-01
  2.99042016e-01  6.34041965e-01  1.34793794e+00  4.71046591e+00
 -7.89362013e-01  4.84062016e-01  1.49928796e+00  2.10140610e+00
 -1.94221997e+00 -1.68161392e+00  3.97103965e-01  6.64939880e-02
 -1.14367604e+00  1.90261614e+00  4.64866072e-01  9.28977966e-01
 -2.63044000e+00  6.04860008e-01 -2.19582036e-01  1.42760789e+00
  4.15302372e+00 -3.43540013e-01 -1.19725204e+00  1.13857400e+00
 -5.23193955e-01 -1.08857596e+00  2.95058799e+00  7.11521983e-01
  2.64853215e+00  1.41918206e+00  2.87063408e+00  5.18779933e-01
  6.41823947e-01  2.08764219e+00  7.50668108e-01  1.28935802e+00]