[[-6.83103092e-01  1.61228615e+00 -1.34386149e-01  1.08861772e+00
   1.28330536e+00 -4.66394609e-01  1.70799231e+00  7.92515507e-02
  -1.04470693e+00  4.27116932e-01 -3.33804603e-01  1.93119612e+00
  -9.00822694e-02 -2.10423615e+00 -3.16079206e-01 -2.02572341e-01
   8.01059241e-01  1.94754568e-01 -1.31799309e+00  1.54767694e+00
  -1.52133816e-01  2.94873233e+00 -5.41636922e-01 -2.14891548e-01
  -1.33704383e+00 -1.51322692e+00 -1.23191552e-01  3.02832155e+00
   2.28920759e-01 -6.25569267e-02  1.26246768e+00 -6.85910761e-01
  -1.15949692e+00  4.40176932e-02  2.32203542e+00  1.90657308e+00
  -6.35932309e-01  2.55730757e-01 -1.81391077e+00 -2.12949226e-01
  -3.41669000e+00 -3.69633060e-01  6.06113072e-01  8.07957694e-01
   1.53964608e-01  1.77803461e+00 -1.67057999e+00 -7.48288475e-01
   6.75097686e-01 -1.13353838e-01 -3.14621510e-01  1.51553772e+00
  -1.82719200e-01  1.66824769e+00 -1.07761155e+00  1.08850001e+00
  -1.07925768e+00  1.69120768e+00  8.55937722e-01  7.52200782e-01
  -3.90659211e-01  1.63168464e+00  1.07486686e+00 -1.51171851e+00
   7.58660760e-01  8.20272321e-01  7.78341473e-01  1.37471461e+00
   6.93011572e-01 -3.61423067e-02  2.50277771e+00 -1.34868693e+00
   4.85295384e-01  1.77481689e+00 -1.22172845e+00  1.15146462e+00
   1.36349692e+00 -9.52729250e-01 -1.42410079e+00 -1.78573316e+00
  -1.17084579e-01 -1.04154233e+00 -4.70450776e-01 -5.64964617e-01
   1.92411458e+00  3.52181463e+00 -9.19996922e-01  1.07765538e+00
   1.42208929e+00  1.32414536e+00  6.39998442e-01  7.50615505e-03
   1.16121692e+00 -1.96667658e-01 -1.41660765e-01 -1.97496946e-01
  -8.40838475e-01 -1.02007074e+00 -8.61745420e-01  1.39006999e+00
   1.47837923e+00 -1.30304308e+00  2.11083459e+00  1.26724926e+00
   1.42697694e+00  1.99202697e+00 -1.14934646e-01  6.92624618e-01
  -3.82262299e-01  6.58159222e-01 -4.01698454e-01 -1.54895466e+00
  -5.51080782e-01 -1.99604597e-01  4.99556908e-01 -1.86736076e+00
   5.20563832e-01 -2.27226970e-01  3.71128448e-01  7.07951559e-01
   2.61435386e+00 -2.91715379e-01  2.16378843e+00  1.96369694e+00
  -2.02714222e+00 -2.85397461e+00 -9.24136891e-01  7.37046250e-02
  -1.23913090e-01 -8.60318454e-01  7.18473822e-01 -2.32987850e+00
  -9.59088468e-01  6.16979218e-01  3.83159195e-01  9.21981538e-01
  -8.28096925e-01  1.63096307e+00  6.50223075e-01  5.53406892e-01
  -7.78139229e-01  1.18719999e+00 -1.53999604e-03 -1.78426157e+00
   1.69288078e+00 -1.24976541e+00  1.67111539e-01 -2.52057160e+00
   1.31591690e+00  6.44726887e-01  6.61792314e-02 -1.08666385e+00
   2.48518005e+00  1.02427385e+00  2.79886873e-01 -3.50975384e-01
   1.14559845e+00  3.15972154e+00  1.85075232e+00 -1.16941230e+00
   1.74851234e+00 -1.76767228e+00 -2.74239233e-01 -6.45148479e-01
  -1.97966170e-01 -1.12996920e+00  1.03483080e-01  2.33790227e+00
  -1.08972002e+00 -2.62548449e-01  4.70361531e-01  3.88241552e-01
  -8.86753840e-01 -1.81989159e+00  3.20555391e-01  6.09062275e-01
   4.05892357e-02  2.01635310e+00  6.68580757e-01 -1.09139775e+00
  -3.62717844e+00  1.19023999e+00  2.17393834e-01  1.24500616e+00
   1.80747842e+00  7.56986185e-01  6.27643081e-01  1.08963612e+00
   1.44755421e-01  4.36794593e-01  1.74262774e+00  1.07809078e+00
   1.50727771e+00  7.17481562e-01  2.11670763e-01 -7.45139989e-01
   8.53738446e-01  5.15839251e-01 -5.70243102e-01  8.65168464e-01]]