[-0.7102401   0.84014755 -0.3515684   1.0866637   1.2146912   0.0866616
  1.1146934   0.39443874 -1.6256016   0.11329837  0.6115748   2.5238106
 -0.9335611  -2.4179058   0.32156518  0.29435202 -1.1745176   0.20190355
 -1.5306178   1.5995955   0.44265324  2.4077995  -1.2186732   0.05285083
 -0.22364557 -0.9385967   0.81649107  2.9267814  -0.49091873 -1.0758461
  0.58969444 -0.74346644 -0.43447837 -0.32362512  2.8436446   1.5611905
 -1.0033383   0.5067916  -1.7550874   0.407308   -2.988302   -1.2676156
  1.8977269  -0.283514    1.5515687   1.1710043  -1.0300279  -0.53086597
  0.9369891   1.1816388   0.96964914 -0.18844803 -0.11800722  1.3286307
 -1.2601053   1.670312   -0.1234232  -0.02053161  0.97922206  1.2269392
 -0.8311912   1.0669589   0.28360358 -1.1880797   0.4749016   1.0779588
  0.6805519   1.0423003   0.9653591  -0.69743925  1.8602072  -1.1863732
  1.044122    1.0612915  -1.5660737   0.49697143  1.1600528   0.80845726
 -1.5361744  -0.02281159 -1.0111486  -1.031092   -0.48969972 -1.8405324
  0.6043848   2.452272   -1.1460464   0.82122606  0.98676246  1.466176
  0.23645525  0.3265139   0.84519315  0.19700962  0.49254444 -0.48792282
 -0.61064637 -0.6705783  -0.29861924  0.7806652   1.1507962  -1.7918878
  2.2012863   0.7994236   0.43862003  0.21571007 -0.38581356  0.02347481
 -1.9293954   2.4088104   0.32402915 -1.1130419  -1.2984139   1.4058213
  0.4467032  -2.3791409   0.8116268   0.351544    0.7919064  -0.01577002
  1.873162   -1.9549335   1.441215    1.5420169  -0.69050485 -2.6209717
 -1.5390258  -0.08429761 -0.17728038 -1.2697976   1.1183372  -1.5578212
 -0.8712995   0.9002121  -0.7700064   0.24834    -0.62862396  0.968429
  1.3096123   0.2064948   0.1749548   1.1421417   0.85854644 -1.7214799
  1.3483291  -0.3956236   0.24041672 -1.2570974   1.4918857   0.54367244
 -0.4080304  -0.34902084  1.0717103   0.85908395  0.63569796 -0.4023684
  1.3901211   2.174958    1.1575503  -0.4621868   2.2810447  -2.4919255
 -0.69240767 -0.5097012  -0.08570322  0.4721064   0.8504533   3.2337542
 -0.95110476  0.86207044  1.1650192   1.2295334  -1.2030836  -0.93998116
  0.5338644  -0.35575286  0.44646877  1.0885491   1.048758   -0.08343445
 -2.9220254   1.2814587  -0.46858996  2.4182367   3.0724752   0.15790561
 -0.7290331   1.4453444   0.38185918 -0.48805076  1.8449649   0.04413637
  2.1731088   0.92988265  1.5243782   0.039744    0.75367796  0.56844723
 -0.8076681  -0.67938447]