[[ 2.87310548e-01  1.97807314e+00 -2.72322665e-01  5.32498397e-01
   1.01674763e+00 -1.63047838e-01  4.52630316e-01  6.46148895e-01
  -1.96091775e+00  5.17915689e-01  4.74040023e-01  2.89164336e+00
  -8.10228088e-01 -1.84061000e+00 -1.70751627e-01  4.50620781e-01
  -1.35565321e+00 -1.02018995e-02 -1.17140720e+00  1.55194001e+00
  -1.45827542e-01  2.17341106e+00 -8.12156406e-01  3.44672987e-01
  -6.68382428e-01 -7.82743821e-01  8.40330525e-01  2.34979966e+00
  -5.52856250e-01 -6.29016221e-01  4.01216269e-01 -1.38320776e-01
  -9.97075913e-01  4.72543318e-02  2.73416785e+00  1.27854004e+00
  -1.54566051e+00 -2.69879433e-01 -2.60946537e+00  7.25898175e-01
  -2.21284115e+00 -1.05851137e+00  1.77426586e+00 -3.54408376e-01
   1.36835029e+00  9.30831979e-01 -6.54431071e-01 -3.71140025e-01
  -3.17999785e-02  5.96411102e-01 -5.05999778e-03 -2.67916274e-01
  -2.09504322e-01  1.39819533e+00 -1.23069300e+00  1.23768753e+00
   1.18892426e-01 -1.55201599e-01  1.02093895e+00  5.17926731e-01
  -5.07001873e-01  1.51433590e+00  5.71358911e-01 -1.97237920e+00
   9.59938167e-01  2.37573524e-01  1.10947561e-01  8.68282675e-01
   1.32205140e+00  5.64137754e-02  2.19407244e+00 -2.67012999e-01
   5.74628109e-01  1.84799056e+00 -1.24287383e+00  8.85628927e-01
   1.30026107e+00 -1.81659194e-01 -1.47440840e+00 -6.16522644e-01
  -4.75513772e-01 -5.32805962e-01 -1.01495651e+00 -1.41105868e+00
   9.69156239e-01  3.66164555e+00 -1.22476837e+00  5.41016201e-01
   6.16296741e-01  1.65399619e+00  1.19069036e+00  7.67832546e-02
   1.00475027e+00  2.63832420e-01  3.87623531e-01 -3.02484885e-01
  -2.31424063e-01 -1.19608816e+00  1.50597315e-01  9.88977312e-01
   1.15247949e+00 -1.64631103e+00  2.20556491e+00  8.50302702e-01
   8.63484103e-01  4.79987285e-01 -6.37873011e-01  2.95962165e-01
  -1.36407356e+00  2.03456757e+00  3.54485673e-01 -1.35793540e+00
  -1.05911595e+00  3.53078660e-01  3.27081596e-03 -2.65815408e+00
   1.77486147e+00  4.61675106e-01  8.84997577e-01  4.76643245e-01
   1.95282182e+00 -1.92292758e+00  1.56356786e+00  2.07789756e+00
  -1.07222484e+00 -3.05544937e+00 -9.08418908e-01 -5.29842700e-01
  -2.31870230e-01 -1.52005727e+00  3.97717032e-01 -1.87780402e+00
  -7.92700268e-01  6.87730280e-01 -3.89788663e-01  1.25946214e-01
  -7.95290288e-01  1.04219864e+00  1.20934162e+00  7.00574560e-01
  -2.88461628e-01  1.55612272e+00  1.16672434e+00 -2.00952834e+00
   1.39849647e+00 -2.82899746e-01  7.27611874e-01 -1.45306998e+00
   2.40594414e+00  1.41543794e-01 -7.52015691e-01 -5.79853550e-01
   1.00468705e+00  1.12302916e+00  2.33229237e-01  2.50285519e-01
   1.89811675e+00  1.70423110e+00  1.73733351e+00 -7.98005165e-01
   2.28861245e+00 -1.53865220e+00 -1.80077572e-01 -9.78374877e-01
   2.26098631e-01  5.30664328e-01  3.94362174e-01  2.54352271e+00
  -7.32572398e-01  9.02606516e-01  1.61076051e-02  7.77762454e-01
  -1.30380082e+00 -2.55311102e-01  1.27273374e+00 -3.12216555e-03
  -6.83106266e-01  8.61698595e-01  7.45942980e-01 -8.18304606e-01
  -2.19860108e+00  1.55210975e+00 -7.63530530e-01  1.06606208e+00
   3.13009217e+00  7.05299197e-01 -6.98182130e-01  1.75964268e+00
   3.14398337e-01  9.74064953e-02  1.62898054e+00  5.47955691e-01
   1.98123914e+00  8.56701812e-01  1.48490409e+00 -1.47913499e-01
   1.19653294e+00  5.82141921e-01 -1.04261269e+00 -5.18294894e-01]]