[[ 0.87673002  0.00472    -1.33131504  0.28516498  0.75087005 -0.01029
  -0.90399504  1.83446002 -0.37620997  1.26348996  0.40445     0.92485005
  -0.79746002 -0.86062002  0.77411503 -0.024035   -1.31492496  0.18387499
  -0.856435    1.66553497  1.11260998  0.42851001  0.68217999 -0.44018501
  -0.26738998 -0.92252004  0.03331     2.0697751  -0.37158501 -0.60930502
  -0.43309498  0.12343    -2.26848507 -0.67615998  1.22355497  0.11497
  -0.2622      1.02838504 -1.23732495  1.10245502 -1.40145493 -1.22381496
   0.80394     1.11777496  0.49489498  0.90931499  0.01949    -1.71504498
  -0.4061      1.34662497  0.26245001  0.75428003  0.31270999  0.30045998
   0.47640499  0.175935    1.28533494  0.49836501 -1.16606998 -0.39934999
   1.889925    0.311075   -0.79039001 -0.02454    -0.48997     0.62962502
  -0.92970997  1.52585506  0.0439      0.43327498  0.98192    -0.12655
  -0.41648999  0.66044998 -1.54429007  1.44856501  0.63875496  0.18634999
  -0.81236494 -0.01893    -1.23591495 -0.053495   -0.93022501 -1.9369601
   1.26101995  1.67523992 -0.72571999 -0.199655    1.83024001  1.09466004
  -0.66131002  0.0401     -0.26072499 -2.0550499   0.211235    0.41078001
   0.89300501 -2.7771852   0.190245    1.34838998  1.42263508 -0.49082997
   1.01065004  1.91065001  0.69992    -1.09108996 -0.40697998  0.49340501
   0.070005   -0.86629003  0.09105    -0.36988002 -0.98330998  1.11991501
  -0.267885    0.36011499  0.297885   -0.87583494 -0.74344003  0.88607496
   1.94106507 -1.07084     1.25691509  0.56678998  0.47389501 -0.58756
  -1.55039001 -0.26054499 -1.64119494 -1.54426503 -1.50427508 -0.31178001
  -0.268475   -0.38697499  0.82911003  0.27561501 -0.65654999  1.17590499
   0.35323501  0.443115   -0.11305     1.81591499  0.55791998 -1.19353998
   1.07766998 -1.45164502 -0.32481    -2.09386015  1.14789498  0.971645
   0.75884998 -0.51662004  0.985695   -0.442725    0.10659     1.18766499
   0.59560001  2.36961508  2.02753496 -0.18777999  0.32786    -2.484725
  -0.95781994 -1.04627991  1.18353999  0.45434999  0.94965506  1.10452998
  -1.50897992 -1.91112506  0.31738001 -0.14642    -0.18830501 -1.54216003
   0.21545     0.89373499  1.59547496  0.52907503  1.07381999 -0.60679001
  -2.57923508 -0.17192499  0.31199002 -1.00082004  2.23455501  1.29595995
  -0.059835    2.02820492 -0.67150503 -0.27697501  1.00677502  0.66086501
   2.68970013 -0.38428003  0.90692496  0.211735    0.53086001  2.20977998
   1.81858492 -0.72863495]]