[[-1.486376    1.26552403  0.33473201  1.25088     1.84057398  0.31902799
   0.55374797  0.078804   -2.31017809 -0.35461     1.34826796  1.13659199
  -0.121134   -2.59766394 -0.69212197 -0.53245004 -0.409512    0.19903793
  -1.49881195  0.74510797 -0.40845996  2.41340594 -1.08890605 -0.01772599
  -0.15358801 -1.008358    0.51962402  1.98062403  0.05266604 -0.74520198
   1.88902594 -0.94846796 -0.28264197  1.24744408  2.36689     0.86747797
  -0.504424    0.89491804 -1.19642202  0.72922398 -3.09416208 -0.630772
   2.04682994 -0.64782403  0.98320401  1.85205995 -1.20760794 -0.12259405
   0.12690202  2.14591416  0.99523001  0.58762199  0.31100398  1.10006999
  -0.866438    1.79767613  0.3826      0.17243205  0.706608    1.41205997
  -0.7793      1.04776204  1.24409599 -1.16387005  0.36327803  0.86589599
   0.38821599  0.99306401  1.03234206  0.03415599  2.309164   -1.63757803
   0.68065398  1.90565596 -2.46481204  1.23607795  1.57087598  0.13618401
  -0.93092603 -0.68473194 -0.40040998 -1.68844603 -0.81431603 -0.16351002
   0.74190001  3.30889606  0.07250801  1.33460407  0.41170408  1.05571201
   0.93142799  0.82755399  1.18662796 -0.351666    0.19795001 -0.16521404
  -1.16492202  0.512088   -0.39900599  0.15875996  0.62270199 -1.84198806
   2.52364593  1.03142203  0.879954    0.72896404  0.05892397 -0.442804
  -1.38158405  1.97824206  0.63142996 -0.97226801 -0.95998403  0.795008
   1.395186   -1.77135797  1.21075196  0.06888402  0.78285595  0.30698
   2.78481808 -1.98323396  2.61307406  1.61649199 -1.55146201 -2.70594203
  -1.58805795 -0.21480598  0.047388   -1.03352002  2.36431398 -1.09503195
   0.69227002  1.92901402 -0.769304   -0.06364994 -1.19807598  0.98622401
   0.47165599  1.09586411  0.67089797  1.121402    1.50438597 -0.47983403
   1.08420594 -0.97863199  0.36513399 -1.84634204  1.08507402  0.40618998
  -0.89402802 -0.05106595  0.91974796  1.53373207 -0.82965403 -1.89684397
   1.79441198  1.54610403  1.08022401 -1.65103197  2.37611196 -1.95619193
  -0.876744    0.006668   -0.90014596 -0.252058    0.63054799  2.23131394
  -0.54876201  0.476186    0.49312203  1.63138399 -1.19581804 -1.00813198
   0.06646605  0.85417198  0.659932    1.17823198  0.53494397  0.193112
  -2.64873996  1.51984799  0.11874399  1.47755597  3.0715661   0.24153399
   0.04430397 -0.187444   -0.38444201 -0.69077997  1.62029388 -1.189026
   1.44655604  2.16428198  1.29763999 -0.88504403  0.39496198  0.11852801
  -0.74458601 -0.22205398]]