[[-0.11056182  0.86625554 -1.44935994  0.5271691   1.24832366 -0.94608728
   1.57745164  0.72066276 -0.71258545  0.32197727 -0.09793818  2.93325647
  -0.66094002 -3.19885726  0.49735184  0.7404618  -1.10713267  0.03842182
  -2.96215366  2.30480643 -0.60697275  1.29036724 -1.25440088 -0.62337725
  -1.1680263  -0.15548361  0.61635087  2.90886216 -0.1916236  -2.32899163
  -0.50854917  1.00624456 -0.73204547 -1.67125005  2.47010443  1.29761996
  -0.96228731  0.79114001 -1.40154374 -0.13231185 -2.09789454 -1.50684097
   1.2323336  -1.47141539  0.74283633  1.55651809  0.50104091 -1.26098908
   0.10672814  1.47510819  0.11604636 -0.33007819  0.42409271  1.02555361
   0.13899089 -0.40074189 -1.8469327   0.45904909  1.56259177  0.89248543
  -1.23422007  0.82624179  0.34062725 -0.77709271  1.35348268  0.79683457
   0.66306726  1.92046019  0.0724691  -0.57914001  1.99678533 -0.27875185
  -0.74685626  2.20776549 -1.89116732  0.43885088  2.13767268  0.39293364
  -1.83939997 -1.25505547  0.81461728 -0.45468275 -1.03719283 -0.29316178
   0.41191731  3.24277379 -0.6154309  -1.00188268  2.35590007  0.48052723
   1.19648728  1.07007002  0.55544182  1.19939277  1.51566902 -2.02313171
  -0.46391729 -1.71295632 -0.57497652  0.52085723  0.67981906 -2.39554635
   1.35665182  0.71860642  2.84449687  0.63969543 -1.14289369  1.10331
  -0.45276367  1.09985285  1.34751187 -1.31040097 -1.70473083  0.01939182
   1.22913365 -1.07637913  0.56483818  1.32040361  0.08676907 -0.31733273
   2.18336283 -0.51418181  1.81339188  2.38211086 -1.25526996 -1.65882192
   0.12958815 -0.82626364  0.05328183 -1.58321553 -0.37003094 -1.38112908
  -0.50935364 -0.56387095 -0.1550146   1.13506178  0.10559002  0.1998381
   1.47797549  0.70337444  0.28749636  1.94151463  0.64386094 -0.06629822
  -0.1238164  -0.31629814  1.36512192 -2.04913017  0.90094912  0.02185361
  -0.68282277 -2.94435347  0.96604     0.22921275 -0.94504271  1.73973563
   1.25394724  1.51173541  1.85458092 -0.52150546  2.83875728 -2.02854267
   0.47905542  0.01943727  0.2161109  -0.72919545  0.43090721  4.00764359
  -0.21265547 -0.10310822  1.27789631  1.9103954  -0.19893549 -1.63652275
   0.74351274 -0.94405991 -0.98870902  2.11938637  1.23540549  0.71726277
  -1.38450817  0.95484361 -1.08717902  2.98856919  2.76783     0.84117
  -2.38866551  2.34964099 -0.15556731 -0.7758346   0.41898633  0.83394368
   1.04504272  1.6526836   0.88698279  0.90665186 -0.07178182  0.21052457
  -0.5320672  -0.2721582 ]]