[ 0.4212578   0.4440771   0.26801646  1.2094578   1.0823456   0.10903428
  1.537768    0.5516314  -1.0805494   0.66628     0.27710566  2.2417986
 -0.8238922  -3.2907443   0.6955214   0.33617145 -2.1897757  -0.46325928
 -2.3971608   1.5039488  -1.0297621   3.0009265  -1.6488584   0.33510357
 -0.6289857  -1.81773    -0.07438922  2.5908713  -0.50412637 -1.3466429
  0.8527922  -0.83172923 -1.2035314   1.7458986   4.1865907   1.3840835
 -1.0386157   0.8933056  -2.0449958   0.3719764  -2.9814491  -1.2766243
  1.4765888  -0.17113717  1.4181501   2.235435   -0.66120577 -0.33882716
 -0.673755    0.48157284  0.22449924  0.47367713 -0.38408497  4.343089
 -0.3786171   2.9188907   0.00675287  0.95088565  1.1636622   2.5384288
 -0.9369871   2.0374923  -0.51601857 -1.6797006   1.5584916  -0.04796713
  0.7858486   0.6326307   0.6824408   0.44877785  1.2985666  -2.1213164
  0.8448415   2.269657   -1.9049593   1.5250407   1.0259707  -0.9443393
 -0.54314566 -1.07781     0.99767274 -0.5448543  -0.06764711 -1.9124677
 -0.27500576  1.8823038  -0.71690714  1.1224829  -0.27804998  0.21711142
  0.799795    1.22326     1.0951321  -0.35925287 -0.1805972  -1.0196078
 -0.1761922  -1.3708779  -0.434345    0.38110423  0.9828171  -1.762107
  2.0825412   1.8027948   1.3553107   1.2358792  -0.28381354  0.260175
 -1.9128329   0.8184842   0.12109853 -1.5246543  -1.6196527   0.0267414
  1.1443408  -2.6322854   0.3535314   0.4457993  -0.18443786 -0.416775
  1.6922051  -2.3348272   2.3288436   1.2962757  -1.0577921  -1.4425728
 -1.8425157  -1.1672357   0.04758995 -2.2473938   0.92532647 -2.1315572
 -1.2746729   0.5028628   0.52396     0.43402287 -1.7895044  -0.43224075
  2.168763   -0.2889114  -0.20671071  2.553332    0.17564428 -0.8785985
  1.5047243  -0.49928212  0.2556     -2.4629314   2.4475424  -0.26625568
 -0.30298504 -1.8237485   1.4370651   1.0165436   0.47235426  0.6218071
  1.1647851   2.7041314   1.4841136  -0.8275651   2.78083    -2.4610157
 -1.8898628  -0.63296217 -0.47688356  0.67932004  0.2817665   3.9559963
 -0.6060414  -0.11430783  1.3109815   0.87068576 -1.2982684  -2.416352
  1.593032   -0.746925   -0.07933218  0.71242225  1.4794294  -0.01278856
 -2.8889537   2.1359656  -1.7801715   1.1318322   4.5788074  -0.12717356
 -0.10479423  0.90391856  2.1423757   0.18304785  1.7861415   0.9970699
  1.613785    1.0323      0.857525   -0.40763932  0.6398007   0.65414923
  0.16528139  0.22981639]