[-0.73415667 -0.20869003  0.15543658  0.7434067  -0.39767995  0.29650334
  0.05537665  4.3216066  -4.4246836  -1.2823666   1.1038066   3.6111867
 -2.8396568  -1.1801699   1.8421932   1.0257968  -1.6294967  -0.39443997
  0.09705985  5.3165765   3.0491836   0.04340335 -1.4518366  -1.0391334
  0.6923533  -0.5385234  -0.81166     1.9696399  -0.17268324 -2.42324
  1.0220734   0.21040334 -0.92013    -0.4661533   1.8636832  -1.7512268
  1.2760468   1.46561    -4.4727535   3.5995235  -0.18974996 -0.91971326
 -0.3005667  -1.7704867   4.0242896  -2.2480032  -0.4458599  -0.66888666
 -1.94056     2.9108067   1.6212968  -1.8719368   2.7707834   2.76522
  0.2662766   3.0530968  -1.6277968  -2.04444     0.99678     2.1454165
  2.15692     0.78152996 -1.1555233  -2.2729466  -1.3602567   0.75312334
 -1.0241866   1.02386     1.7306533   0.5591032   2.8320267   0.17183669
  0.00863334  1.46604     0.86427003  1.5994934  -0.06118663  0.80531
 -1.8150998  -2.1439898  -2.8891299  -1.63265    -1.5552834  -1.95391
  0.84645337  4.3627234  -1.78188    -0.33334672  1.9415432   0.37829337
  1.2894334   0.9184599   0.4771833  -0.8376867   1.8906733  -0.81017333
 -0.19145007 -0.09234992  2.9992836   2.0183065   4.104694   -0.43674335
  0.45171666 -2.1203535   0.96442336 -2.3849733  -1.6803035  -0.4159266
 -4.067693   -1.5227      2.38715     0.32300997 -0.97489667 -1.2490898
  1.34371    -6.3917403   0.60589665  0.43521342 -2.1420634  -2.3897133
  4.0682     -0.2969633   2.0089867   2.3570468  -0.45418    -3.2369068
 -0.03747328 -0.87452     0.24639003 -5.9662933   2.4648902  -1.4773299
 -1.0234466   1.4487499   1.1605967   0.55894333 -1.3440533   0.9751801
 -1.8973302   0.6916601   0.44142008  2.1662567   0.70571    -3.08554
  1.0593134   1.2233366  -0.9976099   2.5922468   1.8344034   1.4975866
  0.42349663 -3.3969867   0.51097     1.5775766   0.02348667  1.2747867
  5.163137    2.9599066   1.0867066  -0.59384996  3.0019467  -0.64686
 -1.5230598   0.4097967  -1.2490834   2.8357735   1.5631633   0.76102334
 -2.8588636   3.172413   -2.2238066  -1.5711733  -3.2050934  -0.38055667
  4.00815    -0.29514003 -1.59875     0.5897466   1.0977132   1.06518
 -0.42960665  1.12842    -0.22330004  4.1468735   2.1293466   0.7874667
 -1.2259899   0.35070336 -1.8083934  -1.9609499   2.09881    -1.5379033
  3.4310734   0.67243004  3.6228867  -0.10329334 -0.10589346  1.25908
  1.1755033  -0.8397267 ]