[-1.0123810e+00  5.9878635e-01 -5.5460274e-01 -9.3506086e-01
 -6.4002270e-01 -5.8470732e-01  8.7199730e-01  3.1735029e+00
 -3.2487092e+00 -6.4599968e-02  1.2979956e+00  2.4461091e+00
 -9.5411086e-01 -1.9275192e+00  2.4975674e+00  1.0510182e+00
  3.4454641e-01  2.1980093e-01 -9.3293631e-01  3.4291794e+00
  7.6830006e-01  1.8105999e+00 -1.2825463e+00 -5.7695192e-01
  1.4542528e+00  9.4819731e-01  5.6502175e-01  3.6944082e+00
  1.6000781e+00 -2.1182261e+00  2.2814410e+00 -6.3359636e-01
 -1.2166473e+00 -1.5136093e-01  4.9877629e+00 -1.2754191e+00
  1.6159272e-01  1.5937709e+00 -2.0722699e+00  1.9472599e+00
 -1.0044472e+00  8.1320089e-01  1.1384053e+00 -1.1342053e+00
  3.7582743e+00 -8.3449967e-02  1.6542938e+00 -9.3119055e-02
  4.1145193e-03  1.3391981e+00  1.3328201e+00 -2.0571136e+00
  8.6506724e-01  2.9651773e+00 -2.7526319e+00  2.6484537e+00
 -1.5870528e+00 -1.3443236e+00  2.5994837e+00  2.5984700e+00
 -7.5519085e-02  1.9809334e+00  1.4354183e-01 -8.7022090e-01
  9.8430353e-01 -6.0996270e-01  5.0345820e-01  1.8279037e+00
  1.0049291e+00 -1.0195655e+00  1.5956746e+00 -2.1270680e+00
  1.4536837e+00  1.5680600e+00 -2.2743364e-01  7.7363181e-01
 -1.4751457e-01  7.8513724e-01 -8.3240455e-01 -1.1388918e+00
 -1.2080700e+00 -1.6604911e+00  6.5424013e-01 -1.1378055e+00
  4.7540361e-01  2.9874885e+00 -1.6741101e+00 -3.8501903e-01
 -1.0321916e-01  1.0946292e+00  6.9340730e-01  8.1607366e-01
 -1.4333673e+00  8.3610541e-01  1.9461528e+00 -7.9085732e-01
  1.1446800e+00  1.8167366e-01  3.3200707e+00  4.3573907e-01
  1.4965907e+00 -1.8286494e+00  1.9420738e+00 -2.1928999e+00
 -9.6718073e-03 -1.4709691e+00 -8.1109357e-01  1.5162456e-01
 -2.9790990e+00  1.6205372e+00  8.5472351e-01  2.9011270e-01
 -1.7254490e+00  1.5975909e-01  8.8426816e-01 -4.3314261e+00
  1.1610199e+00  1.2045637e-01  7.5727183e-01 -1.2862235e+00
  2.6165125e+00 -1.7916328e+00  8.6187273e-01  1.5883354e+00
 -1.0292172e+00 -3.0917802e+00 -1.5660636e+00  1.4968300e+00
 -1.4654927e+00 -2.9490583e+00  1.4424328e+00 -1.8485361e-01
 -1.7685618e+00 -7.5748098e-01 -7.8423542e-01  2.9564545e-01
 -8.3795172e-01 -3.3348364e-01  1.6643100e+00 -1.6763809e+00
  9.6396995e-01  6.4590639e-01  2.8193641e-02 -2.7228918e+00
  1.7911235e+00  2.3107548e-01 -7.8483635e-01 -5.2611452e-01
  6.7843825e-01  5.2407640e-01 -1.1462799e+00 -1.1596309e+00
  1.0187755e+00 -6.2211856e-02 -3.5385644e-01  2.0731146e+00
  2.8585818e+00  3.2513647e+00  2.7646482e+00 -8.8419271e-01
  2.8040018e+00 -1.7121072e+00 -2.5152454e+00 -1.1126637e-01
  8.9088179e-02  2.5801599e+00  8.5561275e-01  2.8782389e+00
 -8.0291820e-01  1.1045099e+00  4.2892817e-01  1.0242492e+00
 -2.3100202e+00 -8.7086312e-02  1.8886552e+00 -5.4638636e-01
  1.8420273e-01 -1.8816453e-01  3.7681999e+00 -9.3547277e-02
 -1.1933690e+00  1.1195018e+00 -1.7126281e+00  4.6443858e+00
  4.5426540e+00  5.0325906e-01 -2.9679406e+00  1.4378009e+00
 -1.0991089e+00 -3.1734025e+00  1.7743801e+00 -4.3383621e-02
  2.1940153e+00  2.2732092e-01  3.3177836e+00 -1.7594025e+00
  1.3889573e+00 -2.8827278e-02 -5.6342755e-02  1.6812639e-01]