[[ 8.63616675e-01 -6.16303364e-01  5.26916643e-01  8.90736639e-01
  -8.59109998e-01 -1.29147331e+00  5.43433279e-02  1.48575318e+00
  -1.67495330e+00 -1.63333615e-03  3.61693333e-01  1.66959006e+00
  -1.77876631e-01 -1.72892658e+00  1.66275334e+00 -1.70909325e+00
  -1.02315334e+00  1.27635340e+00 -1.28736671e+00  1.98515332e+00
  -2.10018333e+00  2.18128665e+00 -1.53954999e+00 -1.04718661e+00
  -3.00600338e+00 -1.63276662e-01 -8.54433279e-01  1.45166318e-02
   3.85936658e-01  5.91113304e-01 -1.00552666e+00 -5.07853327e-01
  -3.76363357e-01 -2.60963321e-01  4.29272016e+00  6.92273378e-01
  -9.16066666e-02  7.45093346e-01 -1.14014326e+00  4.68223353e-01
   2.75353337e-01  5.35633347e-02 -5.05786637e-01 -1.29158668e+00
   1.67582989e+00  1.85730000e+00 -1.46322334e+00  6.62436684e-01
  -8.38039994e-01  2.02510675e+00 -9.96366700e-01  1.21582675e+00
  -1.10685006e+00  2.88001696e-03 -6.60443356e-01 -9.74199772e-02
   4.50993339e-01  1.07706334e+00 -6.11493322e-01 -5.04583349e-01
  -1.95333163e-02 -6.65240029e-01 -8.21110010e-01 -1.79003338e-01
   8.20380012e-01  5.95983317e-01  6.61659996e-01  8.41333389e-01
   1.35623999e+00 -4.11076705e-01 -9.69773302e-01 -8.39989960e-01
   1.61506653e-01  2.41255323e+00 -1.57011664e+00  5.51390012e-01
   1.53257330e+00 -3.38789980e-01  8.06343377e-01 -6.06596708e-01
  -1.21128003e+00  5.41066637e-01 -8.39586735e-01 -1.98141336e+00
   4.50633367e-02  2.34666665e+00  3.51999998e-01 -4.46513355e-01
  -4.22246665e-01  1.78960005e-01  2.65942343e+00  1.00971335e+00
  -3.41753284e-01  1.84018990e+00 -1.52885329e+00  1.03266672e+00
   1.38539334e+00 -4.75716631e-01  2.70431328e+00 -5.66099957e-02
   7.72523376e-01 -4.50136642e-01  1.25159001e+00  2.25991662e+00
   4.26149984e-01  1.95408996e+00 -9.11743363e-01 -3.65313346e-01
  -4.34076647e-01  3.57770006e-01  9.07606681e-01 -5.64230005e-01
  -1.41066670e-01 -6.62869970e-01  2.06159663e+00 -6.53956632e-01
  -7.40263328e-01 -6.58819983e-01  2.27871005e+00  1.14310996e+00
   1.81732972e-02 -4.15203353e-01  5.97003301e-01  4.53563323e-01
  -3.33739996e+00 -1.75128992e+00 -5.64369996e-01  3.27859988e-01
  -1.37255992e+00 -1.66527323e+00 -2.33596325e+00 -1.60169999e-01
  -1.61543334e+00 -4.26609973e-01 -1.05928995e+00  9.54331954e-03
  -1.80607343e+00  2.19325674e+00  3.20544004e+00 -1.46616324e+00
  -1.71523338e-01  1.30919007e+00 -1.13937007e+00 -7.98623358e-01
   9.33493353e-01 -2.29219993e-01  4.43236689e-01 -1.82215331e+00
  -1.84053334e-01  1.37046671e+00 -4.50583319e-01 -1.28933670e+00
   8.95676653e-01 -1.33395004e+00 -1.30041683e+00  2.69346984e+00
  -4.83303351e-01 -1.88256671e-01  7.21156637e-01 -6.08036677e-01
   1.52274332e+00 -3.38172332e+00 -1.60690002e+00 -5.96576661e-01
   1.34572673e+00  2.18889996e-01 -1.42465663e+00  3.17196667e-01
  -5.01989981e-01 -4.09013311e-01 -5.19459973e-01  1.75006000e+00
  -1.75571338e+00 -3.86473330e-01  1.36118335e+00  2.06540008e-01
   4.05883337e-01  1.48539003e+00  9.80033328e-02 -4.27663296e-01
  -9.40749963e-01  2.37695328e+00 -1.72276004e+00  2.53612995e+00
   3.62263997e+00  1.39100330e+00  6.22130026e-01  5.61403314e-01
  -1.60670662e+00  2.09115001e+00  2.50790008e+00  1.36889335e+00
   2.31347672e+00  1.25207337e+00 -1.37875330e+00 -1.29100001e+00
   1.23093004e+00  8.37966601e-02 -1.47151999e+00 -1.49950027e-01]]