[-0.7954941   0.98665345 -0.13078298  0.68502504  1.0198076  -0.57757103
  1.091434    0.03883502 -0.960347    0.5944425   0.128127    1.8888181
 -0.5682365  -2.106878    0.3500545   0.295487   -1.0676464   0.4688905
 -1.3661784   1.6625181   0.24957499  3.1191096  -1.153487   -0.49529856
 -0.955763   -1.0233196   0.04745302  2.7463903  -1.0398335  -0.65457153
  0.82757646 -1.0753274  -1.3503355   0.12073598  1.953789    1.8274319
 -0.72242606 -0.34249955 -1.3300735  -0.20126398 -1.5778716  -0.7996886
  1.7099056  -0.2895475   0.04076349  1.3362366   0.13031998 -0.60727996
 -0.2008105   0.07338653 -0.2787845   0.14222701 -0.734384    1.901768
 -0.7369846   1.0619266   0.3141565   0.7179159   0.4909335   1.2092152
 -0.6530749   1.475147    0.12582198 -1.4183925   0.72469646 -0.02907648
  0.91605055  1.101745    0.47327146 -0.07403551  1.6282694  -1.4926565
  0.61000854  2.139028   -1.9571482   1.6200893   1.4008251   0.539981
 -1.6351922  -0.33901647 -0.286205   -1.5967376  -0.6446665  -1.0782285
  0.66487545  3.0116239  -1.249238    0.898928    0.8579715   0.8409804
  1.3633386  -0.08266448  1.1732329  -0.5495035   0.5741469  -0.46478802
 -0.3620995  -1.1068796  -0.10723297  0.873438    0.549219   -1.9308951
  1.9126753   1.8269895   0.970691    1.5268885  -0.5664325   0.29843155
 -1.1393416   0.708079   -0.427121   -1.4586005  -1.182622    1.5040014
  0.22148295 -1.6666275   0.91291153  0.12403496  1.354468   -0.02510251
  1.7218031  -1.5071461   1.4522549   1.333468   -1.3712361  -1.677675
 -0.838618   -0.5555731   0.53456    -1.6670977   0.14627351 -1.9172022
 -0.79195297  1.3382732  -0.35501152  0.32415447  0.09983603  1.312582
  1.3389338   0.334778   -0.21068744  1.4871576   0.5998165  -1.531748
  1.399864   -0.15467545  0.32230002 -1.9613997   1.2152023   0.8590719
 -0.706005   -0.6736559   1.2995656   0.39412203  1.255761    0.6112495
  0.51060104  1.8708175   1.073836   -1.0098106   2.4346032  -2.0711505
 -0.75717443 -0.727857   -0.46248752  0.12300501  1.0516006   2.3068132
 -0.3801445   0.07692251  1.0212339   1.3284805  -0.913674   -1.8023322
  0.6297029  -0.256056   -0.18098298  1.1631225   0.90280646 -0.41967744
 -2.4667597   1.6783375  -0.453818    1.7586577   2.9463875   0.849527
  0.17652151  1.2482516   0.64407647  0.2776695   1.1751235   0.5941609
  2.893084    0.67974246  0.92820704  0.6514491   0.67626     0.46731195
 -0.53562295 -0.266177  ]