[[-2.04393772e-01  9.10063502e-01 -4.33012656e-01  7.70481896e-01
   1.18042536e+00  8.40024589e-02  8.31435669e-01  2.56424893e-01
  -2.24880818e+00  9.56693382e-04  2.62018150e-01  2.27828143e+00
  -9.59487303e-01 -2.03042456e+00  5.92241217e-01  2.76674721e-01
  -5.17472891e-01  4.93403331e-01 -1.02845245e+00  1.76915211e+00
   3.73567583e-01  2.13589712e+00 -8.75791709e-01 -2.06815767e-01
  -3.86311904e-01 -4.63571030e-01  1.12995308e-01  2.30727710e+00
  -3.04858128e-01 -8.96198451e-01  9.98031831e-01 -8.60080615e-01
  -9.59433887e-01  3.53319518e-02  2.45626270e+00  1.44092291e+00
  -9.05521059e-01  4.26765789e-01 -2.11167787e+00  3.13897446e-01
  -2.22310314e+00 -7.72827252e-01  1.99495795e+00 -4.65829120e-01
   1.36143754e+00  7.79436465e-01 -4.36195290e-01 -8.88275430e-01
   1.69090733e-01  8.70024032e-01  5.38099581e-01 -1.93832572e-01
   1.56042884e-01  1.45851681e+00 -8.17783539e-01  1.50975757e+00
   1.78797019e-02 -7.78502840e-02  1.08882053e+00  1.03792326e+00
  -4.64379390e-01  1.37528440e+00  6.37248366e-01 -1.57184020e+00
   1.19362406e+00  6.97280497e-01  5.24694324e-02  1.61102827e+00
   8.41378182e-01  2.07747277e-01  1.64602835e+00 -5.38243713e-01
   7.77852877e-01  1.18414859e+00 -1.11800827e+00  1.22018367e+00
   1.44614921e+00  5.14905954e-01 -1.33941769e+00 -7.63142228e-01
  -8.03975694e-01 -7.81450098e-01 -8.45142037e-01 -1.19282644e+00
   6.09063486e-01  2.61228353e+00 -1.29589031e+00  6.22413366e-01
   8.76658414e-01  9.98853368e-01  6.61192884e-01  6.27301457e-01
   6.96170376e-01  2.58175313e-01 -1.27864722e-01 -3.58634372e-01
  -4.10017265e-01 -6.89148758e-02  2.39809684e-01  1.11689510e+00
   1.07042776e+00 -1.18920628e+00  1.94925564e+00  8.19510707e-01
   9.49274263e-01  7.19778099e-01 -3.97118354e-01 -2.21386462e-02
  -1.30055614e+00  1.93215182e+00  2.24263327e-01 -9.46633115e-01
  -1.28283234e+00  9.54177841e-01 -3.20028873e-02 -2.56237260e+00
   1.06439022e+00  2.74625923e-01  1.89395499e-01 -1.13464572e-01
   1.07569480e+00 -1.42802936e+00  1.22756699e+00  1.94233235e+00
  -8.09983962e-01 -3.02148185e+00 -1.00158855e+00 -4.57413847e-02
  -2.84131151e-01 -1.26884874e+00  5.42080582e-01 -1.25964595e+00
  -9.07281418e-01  2.85681308e-01 -5.08199375e-01  4.88393552e-01
  -4.51962126e-01  1.20724167e+00  1.28758037e+00  5.83483957e-01
   3.50405881e-02  1.35684146e+00  1.00313540e+00 -1.89751290e+00
   1.28173100e+00 -3.41202796e-01  4.47735216e-01 -1.03513538e+00
   2.16901532e+00  1.23281988e-01 -4.62719869e-01 -7.28342480e-01
   9.09177912e-01  6.41330925e-01  1.08163933e-01  7.82123070e-01
   1.32977274e+00  1.51146489e+00  1.37492145e+00 -8.10364534e-01
   1.87422285e+00 -1.83419732e+00 -6.93920634e-01 -8.23549726e-01
  -1.20178028e-01  3.72798156e-01  1.54597245e-01  2.92733422e+00
  -3.78773972e-01  6.54147148e-01  5.38830092e-01  9.18279088e-01
  -1.25649968e+00 -1.05152182e+00  1.10585780e+00  6.74556051e-02
  -3.25237914e-02  7.99144093e-01  1.32114508e+00 -2.21062441e-01
  -2.17090484e+00  1.15706136e+00 -7.50305635e-01  1.54135288e+00
   3.10226953e+00  1.83707473e-01 -7.13957830e-01  1.06913196e+00
   2.11629542e-01 -3.95403899e-01  1.77822674e+00  7.56628136e-01
   1.47629195e+00  9.48332577e-01  1.96386783e+00 -3.10295216e-01
   6.60790654e-01  3.73493879e-01 -3.87131518e-01 -2.53629106e-01]]