[ 0.61539507 -0.66013     1.8784502   1.6495949  -0.41218    -2.7913399
  1.569055    2.3700302  -1.3243799   0.32041496 -1.1442349  -0.09281999
 -0.261325   -0.680275   -0.52646995  1.09864    -1.653045    1.2005
  2.048565    5.268655   -1.936755    4.562265    0.35791    -3.647825
 -3.76415     0.92652     1.31663     1.3373499  -1.6131649  -1.267925
  3.145175   -0.28793    -2.9902601  -1.09712    -0.68553996  1.4681652
 -3.5984297   2.3552      2.7379103  -0.99178505 -1.8978     -2.050945
  3.1935248  -1.39012     2.484245    3.948555    0.45608497 -2.3363652
 -1.66484     0.37728497 -2.54665    -0.66801494 -0.06514     2.59383
 -1.0266651   3.8064098  -0.18957496  2.76407     2.984795    0.344155
 -1.12096     0.80922997  1.6249851  -2.111755    0.31629002  0.697725
 -1.2772851   2.029115    1.26529     0.84386003  5.412455   -0.238295
 -2.3345299   2.40547     1.813975    0.46401     5.48481     0.07969499
 -1.15182    -2.56247    -0.54951    -2.8482602  -1.880645    0.805245
 -0.68927     4.1837254  -0.8154     -2.39609    -0.26997     0.9231249
 -0.20666999 -4.14983    -1.21089    -0.49298012 -4.34559     3.1255798
  1.27444     0.66092     2.2189548  -1.7540649   0.98527     2.6899447
  2.5930998   1.050055    1.572365    2.287695   -1.065985    2.161455
 -0.7223151  -1.0932701  -1.46279    -0.05247003 -0.91373503 -0.72636986
 -3.24124    -4.00976     2.363065   -0.615265   -0.13618994  0.25130498
 -1.01617     2.11673     2.5593948   6.41961     0.64162505 -3.235365
  1.4179199  -0.26951498  1.8861651  -3.68286    -0.60871005 -1.754595
  2.4939501   0.58507    -0.7305349  -1.967865    0.20455503 -0.7670999
  2.787445   -1.2508051   1.3136201   2.052845   -1.310675   -0.80372
 -1.126975   -0.23878515  2.33312    -1.231035    0.51072     1.43348
  0.31146526 -1.4070749   4.41839    -1.686605    2.195685    2.4664001
  0.99276     1.379305    2.014635   -1.275425    3.5637598  -0.33815992
  2.80074    -1.040005   -2.55947     0.059435   -0.689325    1.171815
 -0.76903    -0.77134     1.145095    2.5863452  -1.7491049   1.0586901
  1.60445    -2.126555    2.40866     2.0918598   4.296835   -2.16854
 -1.91363     1.560665   -0.69387     2.152345    3.771945    0.42778996
 -2.5199704   0.4947      2.524395   -0.15061498  4.442705    2.28483
  1.20914     1.3918      1.18645     2.2462249   2.715385   -0.36274502
  2.179575    0.43997502]