[-0.9604364   0.3281336   0.76792186  2.3776      1.5751872  -0.53186363
  1.9602616   0.0560527  -1.9739445   0.04042273  0.87892914  2.0452974
 -1.2583891  -2.4420247   0.10411363 -0.34465006 -1.3008664  -0.20701732
 -1.1429627   1.9340328  -0.00446276  2.3319635  -0.5882873  -0.09937546
  1.08212    -0.0308073   0.58387095  1.5645992  -0.08868363 -2.4101737
  0.36764452 -0.97991997 -0.7882481  -0.5769327   2.1756728   2.1013136
 -1.7922398   0.30199456 -1.9484355  -0.2916173  -3.0809953  -0.9761145
  1.6770592  -1.4836571   0.99039996  1.8329101  -1.3326045  -0.75975096
  0.6696691   0.8212855  -0.16415271  0.06276452  0.7406937   0.73041636
 -1.2091209   0.98378986 -0.50440997  0.17506093  2.1580107   2.0432901
  0.6049982   0.6661082   0.16939634 -2.1555462   0.41062823  1.3888711
  0.4064627   0.4689291   0.6421109   0.4447791   1.4283218  -1.445021
  1.4742109   1.5947019  -1.6415347   1.98191     0.92925096  0.51384366
 -2.1846273  -0.8999226  -0.31170636 -1.2542982   0.53673553 -3.2530997
  0.40151727  2.9472265  -0.43180275  0.8033291   0.41629457  0.15396637
  1.4323901   0.10967723  1.0077155   0.24937819  0.14161545 -0.6775182
 -2.2329648  -0.8188565   0.63712907  0.37288368  1.438889   -1.8228227
  2.931649    0.64460546  0.9088218   0.47132272  0.591319   -0.31700096
 -1.9777299   2.3738108   0.8123381  -1.8004855  -1.3379865   1.1179864
  0.79780823 -1.6429054   0.34141448  0.35199907 -0.8642245   0.25773457
  2.8130171  -2.2887      2.6139283   2.3702466  -0.87765366 -1.07815
 -1.5864263  -0.45085087 -0.38435364 -1.7141172   1.36077    -1.5077507
 -0.71059     0.9133154  -0.21419273  1.0393072  -0.58929634  1.720818
  0.744481    0.35037002 -1.0084583   2.9985983  -0.90685004 -1.7297229
  1.2656426  -0.9942545  -0.07117636 -0.7028037   1.7366692  -0.5522637
 -1.9146708  -1.3068509   1.8453063   1.1225909  -0.8022364   1.7901901
  1.9064445   1.995728    0.70748824 -0.71840274  1.0841781  -2.6316655
 -0.67035544 -0.79155916  0.03177907  0.08115634 -0.7952209   3.885331
 -0.6941709   0.5160291  -0.31789276  1.7959508  -0.91031    -1.3689872
 -0.44737002  0.03852908 -0.4793164   0.42148998  1.6924454   0.68750817
 -2.1022081   1.5826036   0.78585076  1.8902675   4.0839314   0.57593006
 -0.4990572   2.209461    0.13753185  0.08638091  1.5795528  -0.63403815
  2.1687336   1.8449973   2.4798539  -0.01272452  0.07479907  0.15243092
 -1.4007263  -0.2300418 ]