[-4.16800022e-01  2.99433351e-01  2.98818994e+00  1.21608984e+00
  9.55986679e-01  1.64986002e+00 -1.28977668e+00 -3.54969978e-01
 -4.81910706e+00  1.74003017e+00  9.02556717e-01  4.26704025e+00
 -3.90469998e-01 -2.47604346e+00  7.79886723e-01  4.82433230e-01
  1.45873383e-01 -2.19738340e+00 -5.51253378e-01  1.24012673e+00
 -1.65769327e+00  5.69188690e+00  1.61459982e+00 -2.37262654e+00
  4.19656664e-01  1.38393328e-01  1.68889666e+00  3.24175644e+00
  3.12753320e-01 -1.66023004e+00  2.69465995e+00 -1.31164336e+00
  1.79026678e-01 -4.79233265e-02  1.64218998e+00  2.08814335e+00
 -3.29448628e+00  4.07338142e-03  9.02156651e-01 -2.67947316e+00
 -2.86096311e+00 -9.65616703e-01  6.55893326e-01 -1.39886662e-01
  1.92996666e-01  4.86736625e-01  1.92423344e-01 -2.56893682e+00
  1.12843417e-01  2.81376648e+00  2.72813320e-01 -1.05696678e+00
 -3.06113333e-01  3.84143353e-01  6.08433895e-02  2.17921329e+00
 -1.65998936e-03 -4.98040050e-01  1.25804663e+00  2.71558309e+00
 -1.98626339e+00  2.86880326e+00  4.37056631e-01 -1.40483665e+00
 -1.03459656e+00  2.00044346e+00  1.62541008e+00  1.95333004e+00
  1.18668878e-03 -1.67701662e+00  1.09090674e+00 -1.40367997e+00
  2.01404333e+00  1.25966990e+00 -2.69460678e+00  5.45299836e-02
  1.87275994e+00 -1.14465666e+00  1.01946652e+00 -3.39291000e+00
  1.15474331e+00 -1.00566328e+00  2.11663350e-01 -1.79452336e+00
  8.73726666e-01  3.67246652e+00 -1.38121331e+00  1.33468664e+00
  2.46800351e+00  8.31716716e-01  1.52891338e+00 -4.78866696e-02
  8.12219918e-01  8.59409869e-01 -1.27415991e+00 -2.72062325e+00
  1.01716675e-01 -2.47513339e-01 -7.64859974e-01  9.94753361e-01
  5.77613354e-01 -2.37249017e+00  3.84686351e+00  2.12172675e+00
  6.95933104e-02  1.26652670e+00  4.91646677e-01  1.93827331e+00
 -1.69011009e+00  2.11102986e+00  2.08015323e+00 -1.56165993e+00
  8.04699898e-01  1.79310668e+00 -2.48450661e+00 -2.43634319e+00
  2.31850338e+00  3.32466774e-02  1.00554991e+00  2.50001335e+00
  3.40559006e+00 -6.96843386e-01  5.07951689e+00  8.28183353e-01
 -1.29581320e+00  4.81143326e-01 -1.98938334e+00  1.79241002e+00
  2.84973383e-01 -2.62074351e+00  1.04437006e+00 -2.02391672e+00
 -1.00296664e+00  1.73167992e+00 -2.93136686e-01  2.12485337e+00
  1.31830007e-01  2.10953310e-01  3.59633379e-02 -1.23813999e+00
  5.92733622e-02  4.25292015e+00  7.87440062e-01 -3.32190323e+00
  4.53216702e-01 -2.81031990e+00  1.08149968e-01 -4.30909348e+00
  2.14918685e+00  3.35986704e-01 -3.96266699e-01 -1.17052329e+00
  2.29791665e+00  7.52746761e-01  1.77540064e-01 -1.36461318e+00
  3.49846691e-01  1.53039324e+00  1.77342999e+00 -8.10696661e-01
  3.35765672e+00 -1.20437992e+00  3.11216682e-01 -3.82906675e-01
  1.34494007e+00 -1.75799523e-02 -1.01263332e+00  1.91234648e+00
  7.64883339e-01  1.09641004e+00  1.93801653e+00  2.88761997e+00
 -1.49463341e-01 -1.45329344e+00  1.61247337e+00 -1.01818669e+00
  5.46133518e-02  1.28716671e+00  1.39104998e+00  1.84499826e-02
 -1.30807650e+00  7.34666646e-01 -6.23396635e-01  1.20233667e+00
  3.84155679e+00  2.05784345e+00 -2.82683372e-01 -1.26413345e+00
 -1.00386657e-01  7.33763397e-01  2.09861660e+00  1.66032326e+00
  1.53138340e+00  1.95008337e+00  5.36580026e-01 -3.76613379e-01
  1.86637986e+00  2.75001335e+00 -3.80446672e-01  7.51930058e-01]