[[-4.96462489e-01  7.46771660e-01 -1.97093343e-01  1.14661003e+00
   1.09002413e+00  2.20925023e-01  7.48935019e-01 -1.83206648e-01
  -9.75899165e-01  5.31607468e-01  1.17494415e+00  1.80575085e+00
  -9.51527576e-01 -2.26904164e+00 -3.68218342e-01 -1.53530836e-01
  -1.07657919e+00  6.18738331e-01 -6.69313317e-01  9.38172589e-01
   2.12816348e-02  1.80430512e+00 -6.40757531e-01 -5.09257495e-01
  -2.19774989e-01 -5.78663334e-01  1.98302483e-01  1.88947503e+00
  -4.71390783e-01 -7.47124150e-01  7.87433436e-02 -8.58266634e-01
  -5.32790830e-01 -6.12581680e-01  1.90822748e+00  6.74300879e-01
  -1.16168503e+00  7.55724976e-01 -1.14766163e+00 -3.14409162e-01
  -1.33498842e+00 -9.63112473e-01  1.90725913e+00 -3.88870845e-01
   7.95185844e-01  1.43403836e+00 -6.47289187e-01 -9.22733247e-02
   2.64683326e-01  1.06740080e+00  1.02821000e+00  2.44401654e-01
   6.44424131e-01  1.03259331e+00 -7.48276698e-01  1.08272753e+00
  -5.68033357e-01 -2.16540838e-01  1.42648085e+00  1.71225252e+00
  -2.60542517e-01  3.53237487e-01  2.32775824e-01 -8.69460831e-01
   6.05619142e-01  5.48639993e-01  7.85720030e-01  6.28693332e-01
   3.90854955e-01 -5.71267491e-01  8.19290875e-01 -3.54492515e-01
   8.72408325e-01  1.14543585e+00 -1.25616670e+00  2.24505091e+00
   7.21238355e-01  9.65590902e-01 -1.36722502e+00  4.24404199e-01
  -3.80524993e-01 -6.36824191e-01 -5.11395852e-01 -1.24711247e+00
   5.78174988e-01  1.86525489e+00 -9.38495015e-01  9.85266606e-01
   1.01613583e+00  1.42986165e+00  1.93794181e-01  2.08453316e-01
   1.17544172e-01 -2.98478276e-01 -4.52243301e-01 -3.58864168e-01
  -1.17043086e+00 -5.22669126e-01 -5.28814162e-01  7.01678341e-01
   8.41158291e-01 -2.18304654e+00  1.69654995e+00  5.43955048e-01
   4.25756653e-01  4.06420012e-01  6.29416679e-01  1.69499343e-03
  -1.40501250e+00  1.72124747e+00  6.97627525e-01 -1.28219678e+00
  -1.10465830e+00  1.42043923e+00  1.87392486e-01 -1.12630751e+00
   1.94640850e-01  5.21028320e-01  4.02304149e-01 -6.62600175e-02
   1.23121251e+00 -2.09661591e+00  1.62265074e+00  1.39200244e+00
  -8.64998341e-01 -1.60024327e+00 -1.20849997e+00 -7.69419173e-01
  -6.42656679e-01 -1.14328829e+00  4.13470825e-01 -7.49924133e-01
  -7.62300809e-01  4.84697521e-01  1.54199998e-02  3.00110020e-01
  -6.50321682e-01  1.66294145e-01  1.12285502e+00  3.41107498e-01
  -8.02814173e-01  7.02455843e-01  1.09470834e-01 -8.50902510e-01
   1.06839254e+00 -1.24224169e+00  2.76800834e-01 -1.52076415e+00
   2.17940754e+00  5.74024965e-02 -4.67386653e-01 -4.92291652e-01
   9.86672615e-01  3.13172485e-01  1.23479158e-01  1.85334980e-01
   1.35506747e+00  2.00856847e+00  6.05685811e-01 -1.67833303e-01
   1.51261178e+00 -1.15251164e+00 -1.73640843e-01 -4.64625801e-01
   3.61112490e-01  7.53808618e-02  3.05950811e-01  1.98976655e+00
  -1.03134167e+00  1.00826830e+00  1.28526638e-01  8.09150013e-01
  -7.56595830e-01 -1.41732420e+00  9.74858254e-02 -3.88887485e-01
  -3.39697535e-01  8.40819190e-01  4.47237548e-01  4.12949876e-02
  -1.98141489e+00  1.42898242e+00 -8.60342464e-01  1.32071744e+00
   2.46474914e+00 -3.58347525e-01 -7.42467518e-01  5.14442503e-01
   2.19817537e-01 -5.21912495e-01  9.45204953e-01  2.70139178e-01
   9.63354175e-01  1.12332331e+00  1.63174671e+00  3.90742524e-01
   5.49300849e-01  7.53498344e-01 -2.17343320e-01  1.83861677e-01]]