[-0.14715664  1.1290067  -0.3064867   2.1320133   0.19128998 -0.05998667
 -0.39385667  0.5109467  -2.8879201   1.9594599   0.7185133   3.72315
  1.0294232  -2.6211367   0.8514567  -0.7966266  -1.7712466   1.3761634
 -1.0325066   2.7450898  -0.26536     3.456113    1.2658167  -0.3597034
 -1.1853033  -1.9592766   0.12462332  1.1721     -0.79881    -2.7146533
  1.1808599   0.08820669 -0.9868967  -0.12863667  3.29047     1.6741966
 -2.4596932   0.50454336 -1.7224299   0.42551327 -2.55147    -1.9952201
  1.7793032  -0.1372933   0.3269033   2.0669568   1.09925    -0.9149766
 -1.21733     0.9171066  -0.06585678  1.2904166   0.04136993  1.0251766
 -0.15687996  0.33670333  1.2649267   1.1251131   0.3240533   0.7101235
 -1.56776     1.9235033  -0.46740332 -2.0877035   0.76176006  0.6134333
  1.6105334   0.526       0.22314668  0.71352667  3.27541    -1.4252701
 -0.8537667   1.8289766  -1.8835567   1.9833399   0.3925633   0.3501067
 -2.6700032   0.10311002 -1.34868    -0.5836899  -2.5874002  -2.6494868
  2.4320133   4.2688937  -1.5008434   0.14364004  1.62116     1.0782334
  1.4130768  -0.8413666   2.0071867   1.0183634   1.18952     0.81088
 -1.6334299  -2.0810533   1.1951      2.3818066   3.2279434  -0.3627734
  1.6911267   2.23687     0.89137334  1.4183534  -1.3818733   0.02637666
 -3.1269267   0.78097326  3.0126534  -1.9942766  -0.46008992  0.59971666
 -0.5541901  -1.8247766   1.4871665  -0.90562004  1.9324132   2.1861331
  2.4364603  -0.53603005  0.9313434   1.8338833   0.02365665 -3.7963035
 -0.25014004 -0.72244334 -0.62992334 -0.11240664 -0.6130767  -1.4990767
 -1.01156     0.556       0.40802336 -0.35993338  1.3499032   1.5876933
  2.1216233   0.42242667  0.8222701   2.09328     2.0890534  -2.9798899
  0.7149467  -2.1804898   1.2799801  -3.5707433   2.1950467  -0.57630676
 -0.62821335  0.9320533  -0.16859667  2.4177334   2.2400768  -1.0646234
  0.8179634   3.2475233  -0.27866337 -1.9259232   3.3847897  -4.641287
 -1.9153967  -0.25917336 -0.82809997  1.22688     0.11258665  1.6263733
  0.4784533   0.26686     1.7715667   3.8856099   1.2773267  -0.865
 -0.05891665 -0.15893002  0.10509001  0.47501    -0.27404678 -1.1496733
 -1.21782     2.6506803  -2.5890768   1.6335135   3.7848637   3.3524635
 -0.67658    -0.27103665  0.5005534   0.7386901   1.6840467   1.23832
  2.4674532   2.2627134   2.34254    -2.42471    -0.77178663  1.1016332
 -1.9628834  -0.53359336]