[[ 5.79614671  0.07050665 -2.73716005  2.82960343  4.71816015 -0.6689433
   0.26008668  0.60906001 -0.72958994  2.95897349 -3.66254012  2.94894997
   1.04922998 -0.44841001  0.06015667 -4.21592681 -1.8756667  -0.98789336
  -1.90515669  6.68952338 -3.10222324  1.43214325 -3.84411335 -3.22025347
  -2.65449675 -2.13174327  0.23934003  3.66997004 -3.42063332  1.13255
  -0.53018667  1.13309332  1.59937668  0.29892997  1.10884003  3.51333682
  -0.09812335 -3.49405018 -0.40722338 -0.14919666 -0.73894997 -5.3779068
  -0.25977666  1.06625001  0.28929998 -0.26753664 -5.08926328 -1.95902006
  -2.26538992  2.35602323 -4.71849346 -2.34666665  1.10468     0.01225332
  -0.73046335 -3.89861012 -5.83385976  1.47541662 -0.20476     0.83650004
  -4.93692001 -0.97113999 -1.23482331 -3.60111332 -1.78911674 -2.90810331
   3.35775328  2.45124008  0.79094668 -3.37986676  1.83802001 -2.52197337
   2.45946328  0.46845668 -0.52528332  0.82610334  0.83870669  1.58775663
   1.33450663 -0.09834665  0.6066667  -3.96391312 -1.29923668 -1.83711664
   0.40338333  0.68741335 -1.52076002 -2.80648335  0.69878334 -0.14932672
   4.1940732  -3.72924678 -0.41627002 -0.38463664 -2.15748326  0.38510334
   0.46134999 -1.0386467   1.16378005 -1.99599004 -1.57018669 -1.76038671
  -0.56818001  4.06706683 -0.04989672  2.97417005 -0.64594336  1.1555233
  -1.65444666  2.61139003  0.64604665  0.36243335 -1.54171332  1.42494663
   2.37585004 -3.90749343 -2.15407006  1.83977675  1.49590333  1.94387333
  -1.58813663  3.51268323  1.40758999  1.1845933  -7.11795998  1.78272663
  -0.16827332  0.14002999 -1.03860668  1.16426333 -1.13592331 -4.5712266
   0.52888333  1.25949335 -1.35834662  0.31946999  0.45531001  0.27345999
   5.72298304  3.58610996  1.28479668 -1.94058339  0.12572666 -1.86848664
  -0.01189     2.60273679 -1.61871338 -0.8873233  -1.42463998 -2.66354998
   0.73820666 -5.00639995  1.2753367  -0.67831    -3.70160341  5.58894666
  -0.02336666 -1.73961663  1.49844996 -2.30966989  3.66760333 -4.17420975
   1.08191331 -0.8804067  -2.04948322  0.64114329  0.74574335  2.21364017
  -3.22898674 -0.09312     0.61102001  3.53145981 -2.41904664  1.51118668
   0.76173997 -0.47225334 -1.0543867  -0.48103668  0.86442331  1.29557673
  -1.53016329  5.98661009 -5.82594013  0.13238333  1.32830664 -3.4808499
   5.12865988 -1.17298661 -2.08358665  0.51172    -0.46365001  0.03138669
   0.16207667  0.64877002  0.19074996 -2.73476664  0.92308336 -1.07297667
   0.57162996 -3.54366334]]