[[ 1.15195664e+00  9.72343286e-01 -4.42753315e-01  8.06420008e-01
   1.04221996e+00  4.19956724e-01  3.02673320e-01  1.03314718e-04
  -2.67619006e+00  4.61790005e-01 -8.05336714e-01  1.36699677e+00
  -1.23006336e+00 -1.93140999e+00 -4.83740012e-01  1.29206667e-01
  -7.74489959e-01 -6.32379850e-01 -1.30017996e+00  9.01726643e-01
   2.00004005e+00  1.81946007e+00 -8.92549992e-01 -1.52521992e+00
   4.74700054e-01 -1.10583663e+00  8.79096746e-01  2.45650355e+00
  -2.16616670e-01 -1.72246997e+00  1.23639991e-01 -7.49336640e-01
  -7.60256688e-01  4.36869979e-01  2.58194002e+00  6.45179987e-01
  -1.61595996e+00  1.48286343e+00 -2.28003661e+00  7.77333379e-02
  -1.16793664e+00 -2.02823321e-01  2.04070663e+00  9.21700001e-02
   1.66464996e+00  1.27005005e+00 -8.62089952e-01 -1.59549650e+00
   4.24363335e-01  1.46003342e+00  1.07071002e+00  2.02623328e-01
  -1.67708333e+00  1.73306672e+00 -1.01117667e+00  7.87213326e-01
   1.45972331e+00  7.43986686e-01  5.46333313e-01  2.19156996e+00
  -5.24886688e-01 -4.67533370e-02  7.24023263e-01 -1.53290669e+00
   1.36305332e+00  6.86350028e-01  7.88173358e-01  7.38733292e-01
   1.55733426e-02 -4.97796655e-01  1.82299678e+00 -6.71556632e-01
   7.60156631e-01  9.37779983e-01  2.44546672e-01  9.05866623e-02
   1.53959338e+00 -1.77690009e-01 -1.69187991e+00  5.69746733e-01
  -1.02383661e+00  5.59550007e-01 -1.00020671e+00 -1.34836674e+00
   2.88263321e-01  4.95663365e-01 -6.59513315e-01  6.23800039e-01
  -9.06946659e-01 -1.49066846e-02 -2.49203344e-01  9.26250060e-01
   1.50702985e+00 -1.05963310e-01  8.12313318e-01  2.45510022e-01
  -5.25666674e-02  3.86666457e-02  9.07900016e-01  1.00354004e+00
   2.05505673e+00 -2.32975324e+00  2.77356339e+00  1.15758332e+00
  -7.70606677e-01 -1.89931997e+00  2.62400011e-01 -6.34810011e-01
  -3.62726688e-01  2.18555991e+00 -9.70123291e-01 -1.23632328e+00
  -2.98023319e+00  5.08613308e-01  3.06816677e-01 -1.70821683e+00
   6.47383332e-01  7.57069985e-01 -5.76683402e-01  2.52563337e-01
   1.34313997e+00 -1.74098333e+00  2.26475000e+00  2.38503663e+00
  -1.95353349e-01 -1.36113993e+00 -1.68776004e+00  1.51096682e-01
  -9.38433210e-02 -3.76681487e-04 -2.17486660e-01  9.16066766e-02
  -1.97851340e+00 -2.64998277e-03 -1.04376666e+00  3.24699958e-01
  -1.38811334e+00  6.10850016e-01  1.50302664e+00  1.18856668e-01
  -3.18899989e-01  9.67663368e-01  3.35186640e-01 -1.81670332e+00
  -3.26399962e-01 -5.82226634e-01  2.47878329e+00 -6.50089979e-01
  -8.88566573e-02  6.62320018e-01  1.11563325e-01  1.17715335e+00
   3.73386701e-01  3.57123375e-01 -8.60366722e-02  1.15656328e+00
   8.65983327e-01  1.54539665e+00  8.80616665e-01 -2.66373316e-01
   1.43146674e+00 -1.78977664e+00 -4.27666903e-02 -2.74356663e-01
  -7.23286629e-01 -3.94316673e-01 -5.87939938e-01  4.00787671e+00
  -5.98613342e-01  1.71455669e+00  2.73199995e-01  1.50224654e+00
  -1.34986659e-01 -7.15676705e-01  9.31593339e-01  4.73686695e-01
  -6.33666515e-02  1.20146004e+00  3.20449988e-01  1.88840032e-01
  -1.64458005e+00  1.75223311e-01 -1.60987663e+00  1.28040338e+00
   3.70965640e+00 -2.58020004e-01 -2.10727660e+00  6.65906668e-01
   6.38676643e-01 -1.39020026e-01  5.24083336e-01  3.91083320e-01
   1.74311988e+00  2.00671005e+00  1.22520002e+00  2.03589996e-01
   3.32076669e-01  3.30050051e-01  2.83223351e-01  6.00733360e-02]]