[ 1.2764180e+00 -1.2165301e+00 -1.2546980e+00  1.7717603e-01
  3.2621601e-01 -3.0186802e-01  8.0694801e-01 -7.4532193e-01
  2.6333195e-01  2.0617203e-01 -1.3321979e+00  5.0696999e-01
  5.5507404e-01 -4.5668740e+00  2.2146699e+00 -2.3189380e+00
 -1.3879440e+00 -2.2867402e-01 -4.3539801e-01  3.0686822e+00
 -1.2598021e+00  1.1333901e+00  5.5875397e-01 -1.2312200e-01
  1.0639999e+00 -2.3072541e+00  1.4340560e+00 -2.0585821e+00
 -2.4079201e-01  4.0169603e-01  1.3531160e+00  4.4182196e-01
 -2.0810061e+00 -1.5430419e+00  1.6253420e+00  2.1617198e+00
 -3.3695617e+00 -1.3852079e+00  3.1837600e-01 -8.8656604e-01
 -3.6494877e+00 -3.2959804e-01  5.0292802e-01 -2.8695059e+00
 -1.4810281e+00 -5.3988397e-01 -2.9633796e-01 -5.7862014e-02
 -3.3621280e+00  2.8323081e+00 -3.1259999e-02  1.3155060e+00
  7.4498403e-01  1.8477741e+00  6.4445198e-01  8.8826400e-01
 -2.3635540e+00  2.8561002e-01  6.4120055e-03  1.3483341e+00
 -1.0189101e+00 -3.0229402e-01 -2.0392840e+00 -1.7981098e+00
 -5.0689805e-01  6.7047399e-01 -3.3047599e-01  7.2591406e-01
  1.5331780e+00  7.9505002e-01  3.9441338e+00  1.8212521e+00
  2.4051938e+00  6.5474796e-01 -2.0515800e-01  2.0395160e+00
  7.4106395e-01 -2.9421201e-01 -7.9132998e-01 -1.1627060e+00
  1.9910301e+00 -9.4575596e-01  2.8776622e+00 -3.4674697e+00
 -8.1838596e-01  4.7104316e+00 -1.4939381e+00 -1.2664800e+00
  6.2540010e-02  1.1480280e+00  3.7893400e-01  3.9256006e-02
  1.2241619e+00 -2.8179162e+00 -1.0402420e+00 -9.1522998e-01
 -2.1558979e+00 -1.5625980e+00 -1.3700620e+00 -8.9974403e-01
  3.1642661e+00 -1.5235760e+00  1.0382520e+00  2.0188098e+00
  2.1046681e+00  2.4486558e+00  1.5024281e+00  7.8445399e-01
  9.3552008e-02 -1.3065259e+00  6.1577201e-01 -1.2260920e+00
 -4.3930203e-01 -3.0389659e+00 -9.9314404e-01 -1.0236660e+00
 -1.1716881e+00 -9.1320038e-02  9.9526995e-01  3.3235401e-01
  1.3739840e+00 -1.8720400e+00  2.4236381e+00  8.6830997e-01
 -1.7575620e+00  7.4247205e-01  3.0000201e-01 -8.1880568e-03
  1.3900003e-01 -3.1106980e+00  2.4754199e-01 -1.2440460e+00
 -1.5304040e+00  1.4737320e+00  1.4826161e+00  4.0263920e+00
 -1.9439322e+00  6.2063396e-01  3.5225400e-01  9.3629205e-01
  2.4828200e+00  1.0218821e+00 -1.5236920e+00  9.3371403e-01
 -9.3291199e-01 -1.0039361e+00  1.3564401e+00 -3.4436898e+00
 -7.0315802e-01  8.7695599e-01 -1.3266661e+00 -1.8369997e-02
  2.5939941e-03  8.9780807e-01 -2.2318339e+00  5.7333601e-01
  1.6356840e+00  1.2415700e+00  8.3495997e-02  1.3420601e-01
  1.9007241e+00  2.1101996e-01  2.3285996e-02 -3.2620999e-01
 -1.8273560e+00  3.4308597e-01  7.0240200e-01  1.7736142e+00
 -3.4920800e-01  4.6988598e-01  1.6302299e+00  3.4481978e+00
  1.0567141e+00 -3.3664441e+00 -4.6330398e-01  2.9877397e-01
  1.5766799e+00  2.1670299e+00  2.2622459e+00 -6.9557601e-01
 -2.4866860e+00  2.4825501e+00 -2.0065880e+00  2.5131040e+00
  2.5641060e+00  2.8227341e+00  1.8584759e+00 -4.1670999e-01
 -1.0635140e+00 -1.5270380e+00  5.9383966e-02  5.6821400e-01
  1.9969219e+00  2.3320918e+00 -1.3901980e+00 -4.1954803e-01
  1.2378080e+00  2.3860259e+00 -1.4268400e-01  3.3819395e-01]