[-3.2726666e-01  7.9140073e-01 -2.4113913e-01  1.7641584e+00
  6.5943009e-01  2.7697161e-01  1.0356808e+00  1.1299144e-02
 -1.9209574e+00  6.3287459e-02 -4.3796250e-01  3.4065316e+00
 -9.1550082e-01 -2.6982043e+00  5.2571243e-01 -9.8308129e-03
 -5.9889996e-01  1.0373912e-01 -1.5666915e+00  2.0755301e+00
  1.6630252e-01  2.4248707e+00 -9.3523169e-01 -4.8081663e-01
 -7.7503991e-01 -1.0982558e+00  4.8158666e-01  2.8131216e+00
 -1.0945677e+00 -1.2419742e+00  1.1493458e+00 -2.4938583e-01
 -1.4492025e+00  3.7382331e-01  3.2964704e+00  2.4698308e+00
 -1.1606650e+00  1.0697808e+00 -2.0219922e+00  2.5755420e-01
 -1.8642651e+00 -1.6585568e+00  3.1444581e+00 -1.0869900e+00
  1.4420518e+00  2.1315949e+00  1.2781829e-01 -9.2744984e-02
 -4.4405589e-01  8.3327079e-01  2.1676911e-01  3.6887249e-01
  7.1786833e-01  9.8629922e-01 -4.1813505e-01  1.7965708e+00
 -4.0359583e-01  2.0185415e-01  1.8411566e+00  1.6087490e+00
  2.8759751e-01  6.9829339e-01  8.2358009e-01 -1.9898075e+00
  3.4845915e-01  8.0648154e-01 -6.7834228e-02  1.1522082e+00
  8.0236673e-01 -6.6541499e-01  2.0773427e+00 -7.0003504e-01
  1.5865749e+00  1.9551659e+00 -1.8357201e+00  1.2545533e+00
  2.6408961e+00 -1.6364752e-01 -1.9808100e+00  5.9488672e-01
 -1.5105242e+00 -2.0128157e+00 -1.0579242e+00 -1.5566407e+00
  6.9495088e-01  2.9184361e+00 -9.5612168e-01  1.1580100e+00
  1.3023858e+00  8.3577418e-01  6.6656417e-01  1.4269758e+00
  8.0014676e-01  5.9364325e-01 -2.5211918e-01 -2.5786266e-01
  2.8247502e-01 -1.8710967e+00 -4.9809584e-01  1.2189133e+00
  1.5113410e+00 -1.7590599e+00  1.9904817e+00  1.7825824e+00
  1.0665485e+00  7.2274750e-01 -7.1160078e-01  6.4498335e-01
 -1.6435090e+00  1.7129083e+00  1.5387493e-01 -2.4222817e+00
 -2.4301717e+00  1.8242909e+00  7.0414953e-02 -1.4871966e+00
  1.2499284e+00  6.9941258e-01  5.8352947e-05  1.0018543e+00
  1.1184434e+00 -2.4872634e+00  1.7590560e+00  2.3272760e+00
 -4.5050254e-01 -3.0378525e+00 -1.6397715e+00  2.2783668e-01
  1.1358291e-02 -2.2048185e+00  3.5746416e-01 -1.2221650e+00
  1.5612503e-02  9.1580254e-01  2.7319580e-01  1.0607642e+00
 -3.2611334e-01  1.8289558e+00  2.5712223e+00  3.2749581e-01
  6.3398324e-02  1.8044815e+00  7.8361177e-01 -2.0034487e+00
  2.1336708e+00 -8.0211926e-01  5.9164166e-02 -2.3122442e+00
  3.1021624e+00  3.7595916e-01 -6.2887752e-01 -3.7239745e-01
  1.7796149e+00  1.9242831e-01  6.4229167e-01  9.6303004e-01
  1.1640459e+00  3.5306790e+00  1.2708107e-03 -4.6838078e-01
  2.4814975e+00 -2.8630483e+00 -1.0322400e+00 -1.3506109e+00
  5.8884162e-02 -4.2253163e-01  1.1302400e+00  3.3904808e+00
 -9.9879164e-01 -9.3276702e-02  5.7310170e-01  1.9829448e+00
 -1.0405482e+00 -1.3582441e+00 -5.2860004e-01  6.8220162e-01
  6.3155419e-01  1.3127267e+00  8.4395170e-01 -1.0759073e+00
 -2.6520994e+00  8.2954341e-01 -8.7633282e-03  1.2160800e+00
  4.6698670e+00  7.9569006e-01 -6.8650752e-01  1.8394316e+00
  1.7987418e-01 -6.1925840e-01  1.5497383e+00  1.2410742e+00
  2.7308800e+00  8.7805420e-01  2.0178235e+00 -4.8708320e-03
  6.6513079e-01 -1.6107501e-01 -1.0583142e+00  2.6027167e-01]