[[ 0.56162522  0.77973348 -0.03767913  1.0897265   1.28271739 -0.38593867
   0.84773     0.5179548  -1.66915651  0.30263958  0.31625306  2.09849612
  -1.13011957 -2.27121786  0.67010564 -0.32572872 -1.11322913 -0.16846648
  -1.28762041  1.23227089  0.06921651  2.97340654 -1.45020216 -0.02601652
  -0.49422258 -0.70509523 -0.0036174   2.69529    -0.32135957 -1.22900172
   0.83321301 -0.35057214 -0.83084523 -0.34340263  3.00085648  1.80273915
  -0.75835959  0.78078956 -1.98576961 -0.07703435 -2.00071129 -0.84288518
   1.60709521 -0.43174087  1.35078911  1.91752521 -0.93707045 -0.26240261
   0.18517738  0.38758782  0.63715522  0.25988654 -0.0190339   1.32836044
  -1.23479784  1.58003999  0.1503022   0.28664518  0.69052606  1.88665172
  -0.41141697  0.95865266 -0.15131872 -1.28019088  0.7457839   1.10745868
   0.67121652  0.48875043  1.16339998  0.25200999  1.56800746 -1.35148823
   0.79736959  1.49423089 -1.72374213  1.15491957  1.86979695 -0.14546133
  -1.43455997  0.53836526 -0.4031239  -0.80851433 -0.98748782 -1.19042957
   0.30514825  2.46616608 -1.19253962  0.52735085  0.46274652  0.99399212
   0.55091352  0.48083825  0.67513567 -0.26501131 -0.00544825 -0.47224742
  -1.10974089 -0.4646652  -0.56620911  0.59319     0.32029307 -1.65024
   2.35623869  1.25662823  0.89470131  0.80741652 -0.67016999  0.24936647
  -1.81119432  1.36482605  0.14651783 -1.13120869 -1.84285131  1.23711216
   0.40179087 -1.9108978   0.74193431  0.87806785  0.50819608  0.22524389
   0.79024692 -1.55439001  1.88766782  2.01239092 -1.00605131 -1.58144343
  -1.41983695 -0.40453694 -0.76801349 -1.54789476  0.73605134 -1.53811087
  -1.01787998  0.99288958 -0.24218173  0.87270391 -0.63529263  0.9176674
   1.43607086  0.35225565 -0.49245999  1.45011175  0.74003608 -1.90126174
   1.36120396 -0.23766348  0.36230869 -2.14249566  1.23213605 -0.08288001
  -0.17328434 -0.92515651  1.63277916  0.63445873 -0.4258874   0.57816175
   1.61698868  2.2999909   0.89628782 -0.99668696  2.13290524 -2.5415122
  -0.79785823 -1.17795697 -0.27190264  0.14016998  0.21553089  3.17801865
  -0.43122307  0.48785825  0.29575476  1.1713409  -1.38347217 -0.82340435
   0.25549736  0.14290348 -0.16987303  1.25107178  1.06579264 -0.39853956
  -2.65488129  1.29587739 -1.02884131  2.02770737  3.38341519  0.15367739
  -0.16923177  1.35695393  0.34582132  0.38390525  2.10635476  0.2235613
   2.23775825  1.40960347  1.43699392 -0.30538216  0.7613948   1.00924737
  -0.5385452  -0.5729226 ]]