[-2.23705038e-01  3.99576217e-01 -1.17780983e+00  8.65516841e-01
  1.25419426e+00  6.76303148e-01  6.49752498e-01  5.81909359e-01
 -1.30736244e+00  1.42614174e+00  1.23646244e-01  3.07208061e+00
 -1.10634696e+00 -2.08121943e+00  4.76868153e-01 -4.19555664e-01
 -3.08062509e-03 -3.39300036e-02 -1.05238497e+00  1.25725317e+00
  8.39843526e-02  2.30669546e+00 -1.39271128e+00  2.64863133e-01
 -2.15644670e+00 -5.45839369e-01  4.90917534e-01  2.73349977e+00
 -2.86548734e-01 -1.24380195e+00 -3.64414364e-01 -1.32677126e+00
 -8.92129362e-01  6.11028790e-01  1.83311367e+00  1.58990872e+00
 -1.48295629e+00  6.60415649e-01 -2.00603628e+00  4.72151875e-01
 -3.18763494e+00 -1.45306194e+00  1.66318929e+00 -3.17639977e-01
  6.93041265e-01  1.70232499e+00 -1.95855689e+00 -1.12215328e+00
  2.68831879e-01  1.14007068e+00  9.27150011e-01  5.54082513e-01
 -3.35144371e-01  2.69680166e+00 -1.20739806e+00  1.53114629e+00
  6.15937747e-02  3.34570587e-01  1.98919371e-01  4.82873112e-01
 -4.65371877e-01  7.94481814e-01 -5.30445635e-01 -1.79471993e+00
  6.27463043e-01  1.38391876e+00  2.37241223e-01  2.94330627e-01
  1.29214072e+00  3.30103695e-01  1.02492368e+00 -3.60265046e-01
 -1.77611306e-01  2.18584371e+00 -6.97454989e-01  1.12671566e+00
  2.03042936e+00  4.30086881e-01 -1.16790259e+00 -1.39487475e-01
 -9.93936181e-01 -1.00602674e+00 -7.13035047e-01 -1.04296005e+00
  6.65962517e-01  3.01042819e+00 -1.25529563e+00  1.26567805e+00
  1.00955379e+00  1.15289509e+00  1.32230926e+00  1.63136259e-01
  1.67550647e+00  7.81837627e-02 -5.21910608e-01 -6.64058805e-01
 -1.57227501e-01 -1.11916375e+00  6.61237836e-02  5.90692461e-01
  3.95275429e-02 -1.42289317e+00  2.16258717e+00  2.07475901e+00
  1.07654047e+00 -2.44893104e-01 -6.49749398e-01  1.69370666e-01
 -2.21340179e+00  2.64724445e+00  2.21999377e-01 -2.63590860e+00
 -9.87366259e-01  1.32601368e+00  8.86690021e-01 -1.51044083e+00
  1.68345821e+00 -2.20939994e-01  9.98475105e-02 -2.92511910e-01
  1.35090137e+00 -1.78666675e+00  1.59957492e+00  3.04130673e+00
 -2.82341313e+00 -1.85781050e+00 -1.83121562e+00 -1.76424897e+00
  1.89181238e-01 -1.53496051e+00  8.94874334e-01 -1.46785450e+00
 -1.27732432e+00  1.00542998e+00  2.89552510e-01  1.00617385e+00
 -1.68321237e-01  2.21849179e+00  2.27480245e+00 -2.64304996e-01
 -9.08458710e-01  1.70426548e+00  4.75001276e-01 -2.57047820e+00
  7.66072512e-01 -8.75149965e-02  1.76211253e-01 -1.78471386e+00
  1.34138989e+00  3.22575063e-01 -6.79841280e-01 -1.56797445e+00
  2.26874661e+00  1.69620061e+00 -2.73446858e-01  2.72854447e-01
  1.60295057e+00  2.10831428e+00  1.41974545e+00 -8.21878910e-01
  3.43739367e+00 -1.90867114e+00 -1.02539873e+00 -7.09185600e-01
 -1.95935011e-01 -2.66901195e-01 -6.54438045e-03  4.63318634e+00
 -1.37194562e+00  1.08662188e+00  1.18390810e+00  1.10811806e+00
 -1.66901493e+00 -1.44040751e+00  6.94012463e-01 -3.47739995e-01
 -1.93587527e-01  1.24318051e+00  2.15809512e+00  8.24520588e-01
 -2.87192750e+00  9.44229960e-01 -7.61859357e-01  1.05175078e+00
  2.35012507e+00 -1.41351908e-01 -1.03948808e+00  1.04628873e+00
  4.81901824e-01 -5.21625638e-01  1.56450498e+00  1.22748613e+00
  2.98364449e+00  1.55567563e+00  1.02860808e+00  3.99836272e-01
  5.70558786e-01  1.32317054e+00 -6.54769018e-02 -4.21776921e-01]