[ 0.45578    -0.89920497 -0.125405    0.22625     1.244285   -0.83915
 -0.8117     -1.2974299   0.84858     1.2971499  -0.537185    1.542515
 -0.289085   -1.075215   -0.435015   -0.861015   -1.39246     0.31671
 -1.583215    1.180275   -1.029365   -0.23918    -0.424515   -1.08295
  0.30922    -1.75537     0.791325    1.1485      1.16486    -1.071315
  1.51016    -0.40073997 -0.937115   -0.43493     1.1565601   0.81716
 -0.37549     0.56872     1.280995   -0.28165    -0.61274    -0.353625
  0.43385    -1.202945    0.15932     1.3602     -0.92983496 -1.705665
  0.004675    2.42864    -0.94332504  1.125635   -0.65189     0.041085
 -0.937765    0.42284998  1.019405    3.312665    0.81781995 -0.141925
 -0.36550498  0.251155   -1.420545   -1.8968301   0.11815     1.6238999
  0.571805    1.5265951   0.3186      0.16436501  1.6457801  -1.7007201
  2.38594     1.35453    -2.4625702  -1.317445    0.833495    0.34426498
 -1.257715    0.40826    -0.26305    -1.90616     1.37038    -0.933395
  0.54757     0.36137     1.5954549   1.4359651   2.2028     -0.370565
  0.503365    2.1842952  -0.492755    1.234115   -0.74714494 -0.297505
 -0.897955   -0.151425    0.57542    -0.631555    1.222375   -0.225815
  0.997855    1.746335    1.7059749   0.714285    0.87689495  0.300755
 -0.368025   -1.12976     0.12742999 -0.37575    -0.246625    1.4016999
  0.15379     0.20886499 -0.986185    0.21527     1.1562799   0.74252003
  2.01057    -1.7215849   1.063545    1.0578151  -0.255675   -1.392765
 -0.47643    -0.951865   -1.706595   -0.156865    0.2749     -2.6155047
 -0.390485    0.913415    0.66602     1.68566    -1.22333     0.930145
 -1.09429     1.1663     -0.5403      0.7376      1.307575   -1.665495
 -1.199635   -1.87169    -0.4242     -0.04609     2.62614     0.21952
 -1.54708    -1.667925    1.625815    0.41138    -0.538405    0.79711497
 -0.87554     3.7205      2.92839    -0.45821998  2.523705   -2.355515
  0.613035   -1.264545   -0.37056     1.16196     2.7132652   1.61092
 -2.388335   -2.49016     1.201675    1.905135    1.3689201  -0.55056
  0.51954     0.24474001  1.2803     -0.21096     2.214765    0.760085
 -0.632275   -0.409585   -0.218005    0.73494005  2.77586     0.223915
  0.284915   -0.684715   -0.39071    -0.367055    2.727915    1.516165
  1.934955    1.524405   -0.67272997  0.87139004  0.03727     0.63600004
  0.60676503 -1.3388001 ]