[-5.84950030e-01  8.23873162e-01 -1.21710606e-01  1.85446179e+00
  1.86022535e-01 -1.04892373e+00  3.04377246e+00  9.24994409e-01
 -1.15597451e+00  3.31960678e-01  2.88555622e-01  1.85802555e+00
  7.09404945e-01 -9.29535627e-01 -1.27924681e-02  3.49380672e-01
 -9.31673169e-01  1.03673184e+00 -1.16089928e+00  3.01887178e+00
  9.84144986e-01  3.48249388e+00 -7.43515015e-01 -4.66029376e-01
 -2.15458202e+00 -2.89064378e-01 -9.66784239e-01  3.10919547e+00
  7.11090624e-01 -1.15063012e+00  1.83308816e+00  5.15024886e-02
 -2.71466225e-01 -2.27449372e-01  2.39650536e+00  1.38565874e+00
 -7.91461110e-01 -6.25578105e-01 -1.30293107e+00 -3.97968084e-01
 -3.84340715e+00  1.18232560e+00  5.59036255e-01 -3.62625718e-01
  1.08640623e+00  1.95025921e+00 -9.92502570e-01 -1.06804311e+00
 -4.92911875e-01 -1.91682744e+00  3.38118166e-01  1.56403494e+00
 -1.51233092e-01  2.83425570e+00 -1.95115495e+00  7.87151873e-01
 -1.16367745e+00  1.21667302e+00  2.20015311e+00  2.45269227e+00
  6.66240573e-01  1.62450814e+00  2.18527699e+00 -1.29682755e+00
  1.03504384e+00  1.67429388e+00  1.32875061e+00  2.37648201e+00
  1.15811741e+00 -7.44312182e-02  2.38184166e+00 -1.90833044e+00
  1.09103560e+00  2.23545051e+00 -7.41940081e-01  1.97241902e-01
  1.63856947e+00 -8.45914364e-01 -9.00108933e-01 -3.84420538e+00
 -1.28480613e-01 -1.10128570e+00 -1.49700499e+00 -4.20500636e-01
  5.45395553e-01  1.84649432e+00 -1.21684682e+00  5.15646815e-01
 -1.02883172e+00  2.02447295e+00  1.14463997e+00 -2.14213789e-01
  1.38018799e+00  1.67770433e+00  6.56618118e-01  7.33655035e-01
 -4.46250066e-02 -5.28384447e-01  5.03056496e-02  2.31551504e+00
  1.39706635e+00 -5.75206935e-01  2.17289853e+00  9.79296207e-01
  6.91015601e-01  2.26336598e+00 -7.62226999e-01  7.01181293e-01
 -3.68363678e-01  1.20629549e+00  1.89092472e-01 -1.79786825e+00
 -4.47902441e-01  2.74931908e-01  1.16256708e-02 -1.78918958e+00
 -1.70231313e-02 -2.85193145e-01  1.89337522e-01 -1.25368744e-01
  4.16911268e+00 -2.38612741e-02  1.36418509e+00  2.45999265e+00
 -2.90247798e+00 -3.37941647e+00 -7.20571935e-01 -2.23365426e-03
  1.27968758e-01 -1.89907503e+00 -3.73353720e-01 -6.90661788e-01
 -6.56009316e-01 -1.42349362e-01  1.30899441e+00  3.01104367e-01
 -4.09310669e-01  1.12308514e+00  1.06741250e+00 -1.41830754e+00
  3.03536892e-01  1.01549387e-01 -2.22887322e-02 -2.78310347e+00
  1.24005938e+00 -9.92343307e-01  8.15047503e-01 -2.13328695e+00
  1.92814732e+00 -2.81311870e-01 -1.31763256e+00 -5.49820662e-01
  3.51362586e+00 -3.17267507e-01  3.95532548e-01  7.02728152e-01
  2.54095697e+00  3.91874647e+00  2.77663732e+00 -1.36330736e+00
  1.52235818e+00 -1.58052611e+00  4.67718124e-01 -6.24667525e-01
 -5.21374941e-01 -2.08696580e+00  2.15492511e+00  3.64351654e+00
 -1.26879060e+00 -1.16983449e+00 -1.05530572e+00  2.01149404e-01
 -1.24964058e+00 -2.29451823e+00  1.99962497e+00  1.04116261e-01
  9.45218951e-02  3.51456022e+00  1.31177500e-01 -1.78770316e+00
 -3.87158561e+00  1.82459509e+00 -6.98274970e-01  1.98146379e+00
  2.55864310e+00  1.81738925e+00  1.10479689e+00  8.05501223e-01
 -5.96833169e-01  1.13211131e+00  1.77763569e+00  1.47714257e+00
  2.86561751e+00  1.64133120e+00  5.22807598e-01 -2.31929392e-01
  1.95703566e+00 -2.97387503e-02 -3.11993718e-01  4.91816938e-01]