[[-1.98340471e-01  9.28789077e-01 -7.93927738e-02  8.96870309e-01
   1.14191184e+00  3.78851546e-01  6.90371226e-01 -2.74002461e-01
  -1.52438110e+00  5.43801498e-02  4.99739228e-01  2.01784370e+00
  -9.19294925e-01 -2.29525723e+00  2.06651522e-01 -1.66873079e-01
  -7.25877854e-01 -2.58530936e-01 -1.69665168e+00  1.32972479e+00
   3.73848616e-01  2.07885553e+00 -7.32340007e-01 -1.64026075e-02
  -4.37163982e-01 -7.57747224e-01  1.07900184e+00  2.13753446e+00
  -4.76813543e-01 -1.20852187e+00  6.42261984e-01 -9.14234926e-01
  -1.04770693e+00 -2.08976940e-02  2.34030742e+00  1.52504692e+00
  -1.25780292e+00  2.66619235e-01 -1.69526647e+00  2.26386460e-01
  -2.16356923e+00 -7.05522777e-01  1.52134751e+00 -4.07628772e-01
   1.05472429e+00  1.22076155e+00 -4.11516158e-01 -4.31258012e-01
   6.41044566e-02  5.90678143e-01  1.19261392e-01  3.18462613e-01
   9.23346258e-02  1.30799892e+00 -9.82550312e-01  1.48272278e+00
  -6.16832306e-01  5.57924931e-01  6.57698603e-01  1.45054017e+00
  -6.52051541e-01  1.21108539e+00  5.07163832e-01 -1.30997585e+00
   7.73041687e-01  7.24240295e-01  4.71675848e-01  8.11208461e-01
   7.56772004e-01 -1.41175081e-01  1.56414091e+00 -9.43844455e-01
   5.19932144e-01  1.32989309e+00 -1.29568677e+00  1.28627185e+00
   1.27361354e+00  3.71391536e-01 -1.23089788e+00 -6.36167756e-02
  -3.29815088e-01 -1.03329968e+00 -5.01319852e-01 -1.14277999e+00
   5.48795997e-01  2.31597493e+00 -1.06753708e+00  1.07018708e+00
   1.06394742e+00  9.09834153e-01  5.50517077e-01  2.82744759e-01
   9.12389533e-01 -1.67876963e-03 -1.42576846e-02 -5.23625551e-01
  -7.88084005e-01 -9.71958027e-01 -5.98679094e-01  9.62868905e-01
   6.43451406e-01 -1.24937276e+00  2.06671782e+00  1.12876353e+00
   6.65886147e-01  8.14453404e-01 -1.43692922e-01 -1.73947687e-01
  -1.42245016e+00  1.72803767e+00  5.42781546e-02 -1.31165985e+00
  -1.15954292e+00  7.13046771e-01  6.86854761e-01 -1.93780877e+00
   3.47382915e-01  6.28223068e-01  3.85578295e-01  1.78489691e-01
   1.46410431e+00 -1.45424538e+00  1.29719800e+00  1.80397998e+00
  -8.60281827e-01 -2.09653261e+00 -1.08560876e+00 -5.40095546e-01
  -3.08516885e-02 -1.05131142e+00  4.74786609e-01 -1.46023073e+00
  -7.15496762e-01  7.26958617e-01 -3.30295541e-01  3.14067695e-01
  -5.96998006e-01  9.45729838e-01  1.16233998e+00  4.18727075e-01
   2.27270805e-02  1.66987092e+00  9.50433853e-01 -1.51325662e+00
   1.34315371e+00 -5.66965855e-01  2.58772912e-01 -1.60596983e+00
   1.46446279e+00 -2.95823686e-01 -3.75255226e-01 -7.12228310e-01
   7.65110904e-01  6.39475541e-01 -2.65516824e-02  1.31226444e-01
   1.17599891e+00  1.82831030e+00  1.47484661e+00 -4.86991082e-01
   2.10988340e+00 -1.54930815e+00 -6.84942763e-01 -4.87893400e-01
   5.24955404e-02  1.25076467e-01  3.08267995e-01  2.66158201e+00
  -5.72878931e-01  5.19720001e-01  7.79681530e-01  1.12545123e+00
  -7.38062456e-01 -1.02719431e+00  2.17289070e-01  5.42233868e-02
  -3.15915409e-02  7.52090783e-01  6.47429544e-01  6.26899983e-02
  -2.33014121e+00  1.45290910e+00 -3.78974316e-01  1.77158016e+00
   2.61219292e+00  5.18003698e-01 -3.92444008e-01  1.05493002e+00
   3.84521546e-02 -5.58806213e-02  1.69450862e+00  1.27008461e-01
   1.45758155e+00  7.47213687e-01  1.15489045e+00  1.85675094e-01
   3.55442925e-01  7.01130008e-01 -6.07210433e-01 -1.72167069e-01]]