[-5.12624741e-01  1.09117949e+00 -2.26415277e-01  1.51434326e+00
  1.65901423e+00  5.75905263e-01  6.09592199e-01  1.58048406e-01
 -2.74186325e+00  4.42587405e-01  6.71079457e-01  2.85535383e+00
 -1.06595778e+00 -2.20385242e+00  6.27222121e-01  2.43872643e-01
 -1.34143007e+00 -8.57079983e-01 -1.61112630e+00  1.81788254e+00
  6.00264251e-01  2.06235313e+00 -1.13274050e+00 -1.33671259e-04
 -2.48983666e-01 -1.54340112e+00  7.65734792e-01  3.29778266e+00
 -3.26528460e-01 -1.65065634e+00  1.34375155e+00 -9.14768934e-01
 -7.76321530e-01  6.45060480e-01  3.54212022e+00  1.75516570e+00
 -1.36098385e+00  1.25946879e-01 -1.45026743e+00 -1.99198440e-01
 -3.08563876e+00 -8.64700496e-01  3.17794323e+00 -3.34323734e-01
  1.35548925e+00  1.81103134e+00 -8.05689991e-01 -9.63237345e-01
  3.63628954e-01  1.35016048e+00  1.23893213e+00 -6.65262481e-03
  7.51747414e-02  2.12332916e+00 -1.27578425e+00  1.71583331e+00
 -9.05916095e-02 -3.06763016e-02  1.65023780e+00  1.63997507e+00
 -4.67554241e-01  9.05121028e-01  6.18402004e-01 -1.41985309e+00
  9.66694176e-01  6.40116870e-01  6.32024229e-01  1.25705421e+00
  6.08695745e-01 -1.07864745e-01  2.36267900e+00 -1.08728731e+00
  1.85072267e+00  2.27969694e+00 -1.02685475e+00  1.09142685e+00
  1.90728223e+00  1.37198418e-01 -1.36584008e+00 -1.87952116e-01
 -2.07417354e-01 -1.02745473e+00 -7.83137500e-01 -1.54044902e+00
  6.77573204e-01  2.73554349e+00 -1.21768117e+00  2.09199473e-01
  1.01587462e+00  1.01410472e+00  2.45642662e-01  5.54834187e-01
  6.08234823e-01  4.90556329e-01  3.64186257e-01 -9.90516365e-01
 -4.41302538e-01  2.43631657e-02 -8.25374126e-01  1.37389684e+00
  6.58869445e-01 -1.75454557e+00  2.90019679e+00  1.04754794e+00
  1.04722524e+00  3.38291615e-01 -3.90807897e-01 -3.16489965e-01
 -2.01029611e+00  2.31389642e+00  7.00104237e-01 -1.31946313e+00
 -2.04772210e+00  6.92647874e-01  3.90735239e-01 -2.22294331e+00
  1.32849205e+00  4.16677892e-01  6.51308954e-01  2.91307896e-01
  2.01307702e+00 -2.43365526e+00  1.79925632e+00  1.95599627e+00
 -5.84882617e-01 -3.14775276e+00 -2.34621835e+00 -1.84768308e-02
 -3.57857943e-02 -1.52016795e+00  1.17876911e+00 -1.31627166e+00
 -4.99200016e-01  5.17587304e-01 -1.13282835e+00  8.18669498e-01
 -1.33316159e+00  1.33408093e+00  2.06275630e+00 -2.62434721e-01
 -2.32953146e-01  1.55784416e+00  9.81607854e-01 -2.39366627e+00
  2.14894772e+00 -5.45415759e-01  6.50396824e-01 -1.96195257e+00
  2.28508592e+00  7.25776851e-01 -4.89781529e-01 -1.61305845e+00
  8.36558938e-01  7.56433725e-01 -4.37996298e-01  6.41395867e-01
  2.15001631e+00  2.89189696e+00  1.17423475e+00 -9.09408450e-01
  2.07670879e+00 -1.99845624e+00 -8.48023772e-01 -5.39094687e-01
 -6.59882665e-01  6.13097906e-01  9.03800070e-01  3.88413286e+00
 -7.54562140e-01  8.00476432e-01  4.86208349e-01  1.39278948e+00
 -1.62795949e+00 -1.33471358e+00  9.17927265e-01  3.54472667e-01
 -2.62116283e-01  2.00061154e+00  1.41373098e+00 -4.38883193e-02
 -2.56561875e+00  6.18342161e-01 -4.04872596e-01  2.62836480e+00
  3.44210863e+00  4.55943704e-01 -1.56683981e+00  2.22061467e+00
  6.57692671e-01 -1.31318450e-01  1.76857078e+00  1.74485803e-01
  2.12024236e+00  1.52324831e+00  2.50013041e+00  6.67884290e-01
  7.84075797e-01  8.93217385e-01 -7.01507807e-01 -3.93078811e-02]