[[-0.42550322  1.48703521  0.00651144  1.11818041  1.02145692  0.44489183
   0.71737003  0.38281706 -1.75898784  0.93213926  0.11281037  2.19101252
  -1.01648392 -2.94724083 -0.05773394 -0.39632753 -0.81868744 -0.5983057
  -1.52662672  1.58773041 -0.51868609  2.53634071 -0.95035778  0.11816284
  -1.15173258 -1.26558495  0.97917734  3.02520834 -0.93663549 -0.67712614
   0.78647893 -0.9931828  -1.57219451  0.10981541  2.38409478  1.78168637
  -1.14010681  0.46087892 -2.31005614  0.13714817 -2.5979132  -1.64846161
   1.80075659 -0.0843507   1.10667079  1.7582625  -1.70471709  0.12335072
   0.34759964  0.90837792  0.55239681  0.68828855 -0.17426392  1.49272796
  -1.16785622  0.93756396 -0.23394927  0.35430285  0.79436425  1.71441446
  -0.6881968   1.52471651  0.13522501 -1.59954984  0.82613897  0.61162921
   0.22580322  0.62489823  1.19466795 -0.01922465  1.59396199 -0.41866929
   0.94336394  1.55067008 -1.6699152   0.7578625   1.38131496  0.7687147
  -1.37528678  0.14519715 -0.00523678 -0.16669786 -0.55862679 -1.32595621
  -0.0077746   3.58419555 -1.22467136  1.10780498  0.92097821  1.36065524
   0.46354008  0.35995214  1.76347869 -0.98937614  0.01109647 -0.7380196
  -0.72359174 -0.95017678 -0.41131755  0.76059389  0.80574424 -1.99409866
   1.91922065  1.58291272  0.3305614   0.70415688 -0.03917966 -0.24088003
  -1.7380897   1.3770959  -0.13700787 -1.05148397 -1.77154187  0.93853998
   0.18005681 -1.98084368  0.83812455  0.24274962  0.2343615   0.80434615
   2.13298048 -1.34473746  1.98338359  1.55005046 -1.57052135 -2.16182995
  -1.14427253 -0.72234787  0.53205967 -1.12184504  0.59358788 -1.9406068
  -1.36719663  1.06584004 -0.72274889  0.94067669 -0.25938642  1.99168314
   1.57772677  0.88590935 -0.36284941  1.66977869  1.17436586 -1.50223255
   1.77708639 -0.54118439  0.40337249 -1.70859173  1.22467559 -0.3179668
  -0.35616217 -1.02515418  1.50389222  1.59694753  0.47273033 -0.48517891
   1.38418674  1.37436049  1.77989646 -0.62844828  2.32116209 -1.78341566
  -0.26916502 -1.12937471 -0.06019711  0.00666678  0.60888038  3.056424
  -0.95170675  1.08542088  0.62894957  1.47909927 -0.54134243 -0.96442127
   0.20948855 -0.02782287  0.04539217  1.01405907  1.60371889 -0.62315294
  -3.12875693  1.40425777 -0.52263863  1.70009123  2.35459137  0.65506635
  -0.16769106  1.26824379  0.61600896  0.17330035  1.54014574 -0.13647463
   1.98559434  1.43193572  0.82221855 -0.29314361  1.02979251  1.18118136
  -0.9776422  -0.82297495]]