[[-3.60014142e-01  5.72440285e-01 -9.67313772e-03  6.74495290e-01
   1.37742771e+00  2.17291161e-01  9.88499541e-01 -1.02629550e-01
  -1.86125496e+00  3.54969167e-01  3.37352547e-01  2.20343348e+00
  -6.27222871e-01 -2.11024782e+00  8.87295796e-02 -1.17740283e-01
  -9.43220152e-01 -6.73402882e-02 -1.25751725e+00  1.06998393e+00
   2.70740024e-02  2.26770928e+00 -1.06244441e+00  2.99701424e-01
  -6.17382743e-01 -1.14014209e+00  4.98738006e-01  2.22819996e+00
  -4.53325154e-01 -1.04430256e+00  1.02678811e+00 -9.29757263e-01
  -9.80528273e-01  2.04280012e-01  2.28115537e+00  1.63443996e+00
  -9.17884299e-01  2.59746012e-01 -1.61608414e+00  4.57775408e-01
  -2.23736628e+00 -1.02594225e+00  1.60451024e+00 -8.47670709e-01
   9.51185227e-01  1.20806728e+00 -7.88479427e-01 -2.29982582e-01
   2.55185732e-02  6.24548149e-01  6.28264988e-01  5.63551563e-01
  -1.05759287e-01  1.56110492e+00 -6.46372582e-01  1.53712653e+00
  -1.56420577e-01  3.49091148e-01  8.64013704e-01  1.53589211e+00
  -1.45455711e-01  1.13964168e+00  1.83588991e-01 -1.14930326e+00
   4.79873259e-01  4.17847000e-01  2.52095291e-01  8.28911438e-01
   6.25493291e-01  1.37478568e-01  1.45455898e+00 -1.23782689e+00
   8.39438708e-01  1.23170711e+00 -1.07192527e+00  9.93179268e-01
   1.57692899e+00 -4.43168438e-02 -1.35279098e+00 -1.45627267e-01
  -4.96245714e-01 -9.37613959e-01 -1.61325587e-01 -1.60862733e+00
   4.97841146e-01  2.29285702e+00 -9.80382698e-01  6.38725700e-01
   6.80608505e-02  6.74355728e-01  3.92627573e-01  4.58346576e-01
   7.83466719e-01  2.35536722e-01  4.03982956e-02 -8.00594887e-01
  -6.88881583e-01 -7.10653594e-01 -1.54044585e-01  6.05270723e-01
   8.12960968e-01 -1.73332873e+00  1.95584399e+00  8.83068455e-01
   4.60237681e-01  4.35233139e-01 -6.74915013e-01  1.43585865e-03
  -1.50519628e+00  1.44195257e+00 -5.34030029e-02 -1.47614207e+00
  -1.29369114e+00  9.41179854e-01  4.54713147e-01 -1.77733291e+00
   8.14909290e-01  2.55267270e-01  4.92605261e-01  2.93850045e-02
   1.09429771e+00 -1.38175841e+00  1.62518755e+00  1.83905865e+00
  -7.63251014e-01 -1.92250835e+00 -1.47484683e+00 -3.63697850e-01
  -7.40787202e-02 -1.02115646e+00  5.87516859e-01 -9.70528284e-01
  -7.92829120e-01  9.59401129e-01  4.23487096e-02  5.36582696e-01
  -5.91231729e-01  1.26284591e+00  1.05478774e+00  2.22543878e-01
  -1.74082428e-01  1.28169638e+00  8.27724580e-01 -1.80413476e+00
   1.38868846e+00 -3.53210291e-01  3.76868017e-01 -1.65332922e+00
   1.13385904e+00  1.31891582e-01 -1.46705430e-01 -4.51876277e-01
   1.16705512e+00  7.84841046e-01 -4.13932854e-02  6.75372266e-01
   1.36734903e+00  1.91806217e+00  9.50077568e-01 -3.84811000e-01
   1.97988145e+00 -1.70413396e+00 -7.98595714e-01 -5.26931737e-01
  -3.26719994e-01 -1.46114496e-03  2.56251434e-01  2.90603282e+00
  -9.24092987e-01  4.91534433e-01  3.72925715e-01  9.91201858e-01
  -6.65647293e-01 -1.14938444e+00  8.19933289e-01  1.29238576e-01
  -4.16679859e-01  1.30804785e+00  1.26249438e+00 -6.51758505e-02
  -2.16603645e+00  1.62892568e+00 -5.61061565e-01  1.73878854e+00
   2.78255259e+00  3.55854296e-01 -1.50504719e-01  9.76535689e-01
   5.56737856e-01 -3.42575703e-01  1.38563870e+00  2.08827694e-01
   1.66963929e+00  6.42418426e-01  1.57256546e+00 -1.17016417e-01
   8.78287834e-01  5.48734855e-01 -1.91087285e-01  3.66661157e-01]]