[-0.04995444  0.8993352  -0.21371414  0.94498634  1.0551009   0.71366733
  1.1246082  -0.37504864 -1.7794293   0.8870324   0.6332889   1.9218163
 -1.3398416  -3.0435438  -0.19242302 -0.04345806 -0.94217616 -0.64503276
 -1.3415729   1.0754485  -0.6835352   2.0274727  -1.0414853  -0.5612503
 -0.34383726 -1.3107996   1.4885556   2.57555    -1.289182   -0.6322567
  1.5067478  -1.1931643  -0.6651598  -0.06640661  3.1890469   2.2887886
 -1.5708878   0.38115585 -2.0723107   0.1641216  -2.3711665  -1.1060036
  1.7801509  -0.5494603   0.9762676   1.8090528  -0.20503137 -0.62968916
  0.92576164  1.2606158  -0.21252277  0.22834219 -0.03338696  1.9329904
 -1.0109769   1.376697   -0.28042585  1.228209    0.26792753  0.99274474
 -0.809162    1.617435    0.15933248 -1.3277304   0.41896388 -0.00659308
  0.20241138  1.195142    1.0301735  -0.21319994  2.4267805  -0.64742035
  1.2451445   2.140975   -1.8434637   1.2413601   1.6541185  -0.05096195
 -1.1301503   0.08391252 -0.26991832 -0.7240434  -0.20505612 -1.6369197
  1.1313695   3.3894358  -1.1924899   1.3466029   1.2644188   0.96112335
  0.13834001  1.0466672   1.3310323  -0.8084219  -0.22791807 -1.1587708
 -1.0524201  -0.9774926  -1.0855286   1.2183272   1.1173797  -2.2202995
  2.669208    1.2925286   1.1472632   1.0536702   0.03134333  0.4180139
 -1.3293344   1.0913353   0.2678272  -1.4776151  -1.6707914   0.17546555
  0.18885723 -1.5238539   1.2646734   0.63987315  0.48450089  0.6522389
  2.1314783  -2.2698636   1.8044951   2.117871   -1.2496076  -2.1960335
 -1.5591937   0.1143211   0.03173919 -1.8045474   0.48952532 -1.4659777
 -0.5849171   1.0034785  -0.30251947  0.52024627 -1.5667953   1.5212989
  0.49428546  0.9608222   0.5896081   1.9089342   1.7607716  -0.9170937
  1.1082435  -1.1489093   0.5731123  -2.3449488   2.0296211  -0.38861832
 -0.7227312  -1.1313578   1.5088353   1.1775594  -0.22171858  0.14529753
  1.2137048   2.106927    1.5861428  -0.0068342   2.7040417  -1.1591722
 -0.4499925  -1.3280898  -0.36037117 -0.38824552 -0.00691248  3.90173
 -1.0296988   1.0084804   0.6887656   1.4315777  -0.62517244 -1.512596
  0.20643388  0.26997915 -0.4537128   0.87001663  1.3068238  -0.22091061
 -2.2748284   0.8247806  -0.02033331  1.4112973   2.7911458   0.8366961
 -0.41625613  0.8885761   0.48344305 -0.7779478   2.3005106   0.6625712
  1.8631167   1.5075805   0.6769761   0.1962372   0.73016554  1.2549363
 -0.728238    0.2132636 ]