[[ 0.05029515  0.50134714 -0.27544229  0.87475657  0.68249888 -0.66190999
   0.69660681  1.03865747 -1.63386849  0.59554253  0.60515003  2.370203
  -0.03906575 -2.33456185  0.39298317  0.01934626 -1.23782795  0.00489117
  -1.18870583  1.72781941  0.4768523   2.41151619 -1.16647774  0.06165054
  -1.30437202 -0.64052454  0.86982574  2.83151059  0.66038223 -1.27179528
   0.86122939 -0.26150659 -1.43681318  0.23065173  3.61863766  1.39924489
  -0.83673599  0.5538766  -2.15769945  0.47389399 -1.70760883 -0.88100197
   1.51692946 -0.65820282  1.69736173  1.75467685 -0.71116406  0.0341643
   0.17253285  0.74559739  0.30883336  0.27463771 -0.03201372  1.91611917
  -1.26129242  2.14592843  0.58022256 -0.17531314  1.361822    1.29043501
  -0.71759661  1.39746222 -0.35326175 -1.15938806  0.97596376  0.82723056
   1.20856704  0.87693713  1.50330974  0.05492455  1.24848378 -1.23148451
   0.37686714  1.98380523 -1.77702882  1.82804645  1.41401965 -0.08353999
  -0.14286203 -1.43510978 -0.133662   -0.41964    -0.48300775 -1.24837111
   0.76118709  2.71148173 -1.20640236  0.40719971  0.73983544  0.74790707
   1.55593735 -0.22754257  1.20547938  1.19783944  0.07681943 -0.39485541
  -0.37567712 -0.3496977   0.48109746 -0.21443741  0.43423514 -1.2626873
   1.95769386  1.6414877   1.19102692  1.66658836 -0.68256003 -0.04777026
  -1.02226108  0.99862997  0.13815655 -0.65485687 -1.6251462   0.30783256
   0.28252595 -2.45987553  0.39380002  0.52350399  0.91513058  0.12962001
   1.99932759 -1.50168233  0.75077313  1.69424716 -1.01610926 -2.88181792
  -0.78603001 -0.71971826 -0.02693227 -1.46284285  0.12178823 -1.52546426
  -1.35104998 -0.12071717 -0.37175116  0.10567227 -0.46822944  1.04398861
   2.04386117  0.36802168  0.25290459  1.42055551  0.66195632 -1.18582945
   1.64809938  0.01660941  0.48887914 -1.65416229  1.44028141 -0.341142
  -0.38820883 -0.76216594  1.21254235  0.60880945  0.15956055  0.84425338
   1.60938963  1.21025825  1.16651402 -1.10735086  2.67204571 -2.50306258
  -0.83399736 -0.605792    0.11476541  0.46754654  0.08659462  2.91077644
  -0.5868375   0.37012971  0.33558597  0.56358861 -1.56549207 -1.05354253
   0.53214951  0.36060942  0.17949143  1.38897349  0.78891858 -0.45303892
  -1.81266676  2.05782182 -0.72601284  2.6777706   3.29859916  0.84581774
  -0.10149198  1.52620186  0.09043942  0.04497686  1.42688486  0.03237029
   2.42589935  1.35273955  1.6481841  -0.06730657  0.90019091  0.9422617
  -0.20657885 -0.90118632]]