[[-4.20845675e-01  9.73670573e-01  1.13126662e-01  1.12843826e+00
   1.66262152e+00  1.07326655e-01  8.09392143e-01  1.54099200e-01
  -1.72505660e+00  3.86382937e-01  4.93647437e-01  2.28101816e+00
  -9.82589824e-01 -2.97753340e+00  3.75521352e-02 -5.23141292e-02
  -9.50456687e-01  1.16417833e-01 -1.96402427e+00  1.34166590e+00
  -6.04358724e-02  2.92230864e+00 -1.15129136e+00 -1.70054894e-01
  -5.79114731e-01 -1.31436021e+00  7.60108042e-01  2.82702884e+00
  -9.26856267e-01 -9.36364127e-01  6.83373530e-01 -6.56814699e-01
  -7.27914727e-01  8.91117643e-02  2.48722488e+00  1.68644279e+00
  -1.32711905e+00  7.40580589e-01 -1.82232580e+00  3.77125693e-01
  -2.31443853e+00 -1.04927218e+00  1.99934825e+00 -5.09311580e-01
   1.11670002e+00  1.25457378e+00 -8.45326871e-01 -2.30822929e-01
   2.25942735e-01  9.43852552e-01  6.53107641e-01  3.39369000e-01
  -4.15646859e-01  1.33551295e+00 -1.31337395e+00  1.58282750e+00
  -2.05164507e-01 -7.27256110e-03  8.16999019e-01  1.56057985e+00
  -3.48695670e-01  8.96761983e-01  7.96682332e-01 -1.82237292e+00
   7.62815697e-01  5.25446475e-01  2.38802030e-02  1.15274234e+00
   1.06294016e+00 -1.77069597e-01  1.80011165e+00 -1.18954022e+00
   8.05043275e-01  1.57570123e+00 -1.38331666e+00  1.09158864e+00
   1.97752645e+00  5.56740397e-01 -2.06235574e+00 -2.68714491e-01
  -5.07435519e-01 -1.03775133e+00 -7.41727844e-01 -1.76142843e+00
   1.06449100e+00  2.83335063e+00 -9.29993740e-01  4.72004905e-01
   7.41439603e-01  8.88425701e-01  6.52068802e-01  7.82735307e-01
   1.15392585e+00  2.49382747e-01  1.89639216e-01 -5.49928636e-01
  -8.08559213e-01 -1.04671095e+00  2.96596091e-01  1.09570632e+00
   9.33393934e-01 -2.09697387e+00  2.33563861e+00  1.61693233e+00
   8.26177802e-01  6.92496872e-01 -3.13701952e-01 -3.13139139e-02
  -1.85600034e+00  2.27234296e+00  4.62933142e-01 -1.89718807e+00
  -1.55512827e+00  1.43625625e+00  5.78047664e-01 -2.07743140e+00
   7.14887851e-01  2.76826866e-01  3.01327234e-02  6.41284095e-01
   1.72726571e+00 -1.94816567e+00  1.86527063e+00  2.11201934e+00
  -7.13977047e-01 -2.23504921e+00 -1.11884276e+00 -4.23265447e-01
  -4.80799909e-02 -9.28327874e-01  7.99136891e-01 -1.41719016e+00
  -4.92837055e-01  9.70543712e-01 -2.85831371e-01  3.20930015e-01
  -3.77714524e-01  1.61038097e+00  1.59046415e+00  7.30601199e-01
  -6.34313369e-01  1.77616744e+00  1.02085490e+00 -1.62597864e+00
   1.96078818e+00 -8.05441366e-01  5.04617055e-01 -2.06009473e+00
   1.87231826e+00 -1.92913434e-02  6.45866302e-02 -5.23300209e-01
   1.06613178e+00  8.37131348e-01  4.43021580e-01  3.74220594e-01
   8.11208071e-01  2.44661724e+00  1.01313881e+00 -2.70828997e-01
   2.44504509e+00 -2.46708468e+00 -6.96233908e-01 -7.34779220e-01
   1.56654121e-01 -1.11848954e-02  6.57671958e-01  3.51139714e+00
  -1.08304314e+00  5.05692949e-01  6.59714716e-01  1.34084883e+00
  -7.41290416e-01 -8.06768825e-01  4.90866251e-01 -6.53666679e-02
  -3.27275562e-03  9.33002125e-01  1.00363195e+00 -8.53813901e-02
  -3.15574844e+00  1.22446859e+00 -5.12840012e-01  1.43886413e+00
   3.33830083e+00  7.23277879e-01 -5.62623926e-01  8.81431187e-01
   1.60910977e-01 -6.82549622e-01  1.84516748e+00  3.89608221e-01
   2.21903688e+00  1.27125060e+00  2.06484864e+00 -4.10448654e-01
   7.44736079e-01  2.30862543e-01 -7.81957441e-01 -4.66981148e-01]]