[[-7.02802720e-01  3.43919104e-01 -6.05261360e-01  9.05603190e-01
   1.30948270e+00 -4.63486498e-02  2.70037696e-01  6.76246349e-01
  -1.78890865e+00  2.53535053e-01  6.87650417e-01  2.40897127e+00
  -4.12455447e-01 -2.22112047e+00  4.65604997e-01 -8.38772600e-02
  -3.80439963e-01  4.61245288e-02 -1.61322629e+00  1.07327682e+00
   1.84434520e-01  2.06533766e+00 -1.32736494e+00  3.12144987e-01
  -9.85347667e-01 -1.88740457e-01  8.11387238e-01  2.55381406e+00
   4.51495546e-02 -4.03729555e-01  1.18873863e+00 -6.46824066e-01
  -1.02009361e+00  8.81731896e-02  2.20224591e+00  2.05265421e+00
  -3.83212281e-01  6.89974577e-01 -1.95079683e+00  1.18869503e+00
  -2.32503768e+00 -3.53229532e-01  2.04702317e+00 -6.01925037e-01
   1.88517641e+00  1.44231047e+00 -4.57114585e-01 -3.88337719e-01
  -8.82454758e-03  1.37777223e+00  8.05882697e-01 -9.68572505e-02
  -9.65645530e-02  1.77649994e+00 -1.03609318e+00  1.74030813e+00
  -4.64017313e-01 -3.72897737e-01  7.34571370e-01  1.65406230e+00
  -3.84781813e-01  1.31658905e+00  6.63918677e-01 -9.68102768e-01
   9.90401804e-01  5.13793636e-01  3.96128642e-01  8.02542246e-01
   2.69632732e-01 -3.58464036e-01  1.26113219e+00 -1.15358363e+00
   1.31256952e+00  1.08739952e+00 -6.62776829e-01  8.65278144e-01
   1.33609271e+00  6.75159979e-01 -1.44214231e+00 -8.37386370e-01
  -6.77319559e-01 -9.42542210e-01 -6.84475002e-01 -4.94114534e-01
   2.58731837e-01  2.57926583e+00 -7.69922254e-01  5.04785911e-01
   1.73648545e-01  9.68838212e-01  1.00701451e+00  4.92761788e-01
   6.54031363e-01  5.78581317e-01 -2.60156333e-01 -6.76532734e-01
   3.62597723e-01 -5.96843644e-01  7.48207270e-01  6.62548163e-01
   5.58840446e-01 -1.12938180e+00  2.05064807e+00  4.11717703e-01
   8.74930482e-01  7.50043265e-01 -8.46912315e-01 -9.87272764e-02
  -1.14223318e+00  2.58498056e+00 -1.97705431e-01 -1.42494822e+00
  -1.88656314e+00  2.19680458e-01  4.54836361e-01 -2.56923581e+00
   4.75457262e-01  7.35545467e-01  4.45830472e-01  1.09228492e-03
   1.77001133e+00 -1.79777772e+00  8.45400887e-01  1.29007583e+00
  -4.64193648e-01 -2.59549872e+00 -1.38430636e+00 -4.08052224e-01
  -4.38249951e-02 -2.25526130e+00  4.03889984e-01 -1.22576682e+00
  -5.15055039e-01 -7.87740827e-02 -9.77140977e-02  5.46961859e-01
  -9.84444114e-01  1.07280047e+00  1.27132456e+00  2.19258195e-01
   3.47060914e-01  1.54294323e+00  9.48891810e-01 -1.52919146e+00
   1.29601674e+00 -3.90338643e-01  4.71097280e-01 -1.20177588e+00
   8.18798160e-01  7.61159242e-02  8.79332071e-02 -2.08132046e+00
   8.37214555e-01  1.40746909e+00  6.85818073e-02  9.27676800e-01
   1.08803362e+00  1.24477178e+00  2.19837638e+00 -5.94157273e-01
   2.05050951e+00 -1.04236954e+00 -8.84590940e-01 -6.29289581e-01
   4.99399900e-02  6.10550446e-01  7.26615949e-01  3.63054327e+00
  -7.57434575e-01  1.06332818e+00  4.35516827e-01  8.02227306e-02
  -6.62139979e-01 -9.21910048e-01  2.35386410e-02 -2.85441049e-02
  -8.33821331e-01  2.53650936e-01  8.73395427e-01 -2.36677305e-01
  -2.39696906e+00  8.56530340e-01 -5.98930458e-01  2.33106222e+00
   2.80606773e+00  1.55113632e-01 -4.15206354e-01  1.87074551e-01
   5.16158188e-01 -5.26171827e-01  1.24812269e+00  1.27283644e-01
   6.75641371e-01  4.53965891e-01  1.63774591e+00 -2.87489081e-01
   3.75409465e-02  3.70100471e-01  1.57382488e-02  5.75250901e-01]]