[[-3.25688854e-01  1.03998270e+00 -1.74142713e-01  6.43786277e-01
   1.14040065e+00 -7.11868103e-01  9.04472802e-01  2.06394704e-01
  -1.57420398e+00  7.02239141e-01 -3.09313974e-01  2.60433246e+00
  -7.58497298e-01 -2.18848534e+00  3.00519133e-01  1.23051192e-02
  -7.81189254e-01  4.48884292e-01 -1.24228212e+00  1.55812096e+00
  -5.26363458e-01  2.53065824e+00 -4.24693848e-01 -4.55810421e-01
  -9.07391114e-01 -7.29370544e-01  8.61429796e-01  2.42711326e+00
  -6.20891125e-01 -3.39180741e-01  4.39556851e-01 -7.66661530e-01
  -1.12608025e+00  3.91499437e-01  2.09487624e+00  1.56517328e+00
  -8.11982298e-01 -8.28980144e-01 -1.71627387e+00  4.34590141e-01
  -1.77514026e+00 -1.34423617e+00  1.75879948e+00 -4.99751860e-01
   1.22355993e+00  1.20373942e+00 -4.07818414e-01 -2.97176716e-01
  -1.79069588e-01  2.47471125e-01 -2.95466424e-01 -2.58368582e-01
  -6.27961427e-01  1.24494656e+00 -7.51182866e-01  1.09806973e+00
  -6.64809871e-01  6.94880022e-01  1.06491301e+00  5.71978589e-01
  -6.98228272e-01  1.59573347e+00  2.53902974e-01 -1.07627217e+00
   1.14559027e+00  2.56167859e-01  6.67115565e-01  1.33849173e+00
   1.18517504e+00 -3.08136216e-04  2.25325497e+00 -6.90889995e-01
   5.79061252e-01  1.26724697e+00 -1.27411725e+00  1.10378099e+00
   1.45807835e+00  8.14825688e-02 -1.51144387e+00 -8.97667852e-01
  -4.84604677e-01 -1.06304542e+00 -5.81112400e-01 -8.56913413e-01
   6.52820145e-01  3.10069964e+00 -1.23321373e+00  2.84546428e-01
   1.09385815e+00  1.53112493e+00  6.46679730e-01  5.11008645e-02
   1.22138914e+00  4.75342295e-01 -1.82889866e-01 -1.34814143e-01
  -2.79191142e-01 -6.76506005e-01  5.65859870e-02  7.45340157e-01
   1.10471626e+00 -1.05698706e+00  1.53166236e+00  1.33744526e+00
   1.59540913e+00  1.54969879e+00 -4.30497428e-01  4.02544446e-01
  -6.38171455e-01  1.37479172e+00 -2.77524159e-01 -1.42601367e+00
  -1.49035546e+00  6.96178723e-01 -2.76313424e-01 -2.06372265e+00
   1.07560801e+00  6.66262994e-01  7.36355702e-01  5.01963561e-01
   1.54099761e+00 -1.32227527e+00  1.32657357e+00  1.83352199e+00
  -1.45744822e+00 -2.44866986e+00 -7.67060815e-01 -5.38652578e-01
   4.00963132e-01 -1.71645620e+00  2.61289029e-01 -1.80745803e+00
  -1.15991384e+00  4.24505868e-01 -3.56741706e-01  3.61117839e-01
  -2.15066602e-01  1.62781410e+00  1.55241378e+00  4.18826891e-01
   3.42044282e-01  1.66035263e+00  7.23875725e-01 -1.76043236e+00
   7.97046696e-01 -1.46870437e-01  9.43433015e-01 -1.40087257e+00
   2.24204638e+00  2.47552715e-01 -6.17961718e-01 -1.64342277e+00
   7.54706197e-01  6.33560140e-01  3.95760610e-01  5.48010849e-01
   8.75293182e-01  1.41117626e+00  1.56235280e+00 -7.80198835e-01
   2.39874663e+00 -1.87112502e+00 -8.09537274e-01 -9.48857720e-01
   2.47518846e-01 -1.81496703e-01  2.41170006e-01  2.75093689e+00
  -7.56952269e-01  3.38518137e-01  1.14362628e+00  1.26581944e+00
  -6.66050909e-01 -1.14140227e+00  4.56830854e-01  1.62952284e-01
  -2.19575454e-01  1.39860868e+00  1.60205439e+00 -3.90450297e-01
  -2.17178651e+00  1.36408152e+00 -5.91676309e-01  1.74256002e+00
   3.18440104e+00  6.18180723e-01  2.05355283e-01  1.84388092e+00
   1.35247853e-01  4.97691390e-02  2.07343258e+00  4.20465162e-01
   1.91340619e+00  8.16005324e-01  1.09017448e+00  3.52406991e-02
   3.35646839e-01  1.31557883e+00 -5.05165299e-01 -1.16224863e-01]]