[ 0.18214634  0.5010064   0.14138286  0.7389272   1.410712   -0.7098293
  2.2025971   0.6621572  -2.1825736   0.669755    1.0992571   2.7389665
 -1.3657686  -2.850815    0.34452358 -0.48784643 -1.0927479  -0.04781924
 -2.1750312   1.9550593  -0.31235933  3.0119164  -0.60689217  0.13916072
 -1.2055827  -0.85914284  0.6535786   2.8394887  -0.41767365 -0.91162366
  0.9536365  -1.2490293  -0.43425354  0.83138996  1.9791908   1.2454978
 -0.5437186   0.6599164  -1.3354778   0.24887858 -2.6799464  -1.5323063
  2.6489987  -0.6835157   1.2553686   1.7238935  -0.82005215 -0.4516143
  0.7388143   1.3757256   0.37325144  0.9666379  -0.47768858  1.6417401
 -0.7819851   2.0501592  -1.0121292   0.8604165   1.50888     1.3280678
  0.04981073  1.8174722  -0.20560138 -0.8044736   1.2881773   0.19638143
  1.6404351   0.9619107   1.2357178   1.096053    1.9527578  -0.9826064
  1.2228315   1.1154436  -1.7721107   0.97124     2.5924783   0.16372931
 -1.7255237  -0.8947106  -1.0787135  -0.98027    -0.01749928 -1.7770656
  0.45648357  2.7194216  -1.7116556   0.6487299   0.07593855  1.8488874
  0.25921437 -1.4316548   1.5967085   1.055577    0.31065997 -0.7725
 -0.10027714 -0.533605   -0.04641712  0.7850343   0.76931065 -0.5501593
  2.1562073   2.2819822   1.212187    1.5987157  -0.88166773 -0.0818757
 -2.770985    1.868728    0.07619284 -1.5706815  -1.5268079   1.7593106
  1.2588235  -1.907668    1.1206328   0.08683647  0.58652073 -0.16424572
  1.6437143  -1.947655    2.3393958   1.7945014  -0.79689276 -1.775737
 -1.1617887  -0.6276415   0.3513457  -1.9582046   1.0438186  -1.6298493
 -1.3760892   1.5656263  -0.19300792  0.30173996 -0.7002329   1.7644308
  1.54385     1.0144664  -1.6088735   2.9109347   0.8603236  -2.5075657
  1.6710414  -0.47494432  0.04264428 -1.8806306   1.5529186   0.05769429
 -1.1728834  -1.663703    1.35151     1.2982213   0.29627866  0.67447156
  0.48880133  1.8961245   1.2408192  -0.9336378   1.6337407  -1.375868
 -0.81202585 -1.00146    -0.33610645  0.15639925  0.88848704  3.2415128
 -0.75820214  1.0494407   1.1655279   1.6314335  -0.75126    -1.9681609
  1.1017814   0.32018855 -0.8181443   1.9614743   1.1205266  -0.6117264
 -2.3898008   2.4915833  -0.34241787  1.1118786   3.4006805   0.62455356
 -0.0082457   1.9792279   0.38846928  0.256865    2.4186442   1.4337608
  2.1699443   1.4246027   0.5626728  -0.16767715  1.5135429   0.38260287
 -0.06312144 -0.13401711]