[[ 1.08991799e+00 -2.47119933e-02 -3.57597005e-01  7.24911997e-01
   1.16458803e+00 -1.73782496e+00  5.52339984e-01 -2.13633009e-01
  -1.77891399e+00  2.15708298e+00  8.50675052e-01  2.74371502e+00
  -7.60027009e-01 -3.12792399e+00  1.22885899e+00 -6.49951014e-01
  -1.20702088e-03 -5.00673014e-01 -4.66334984e-01  1.17372602e+00
   6.50989992e-01  2.64322796e+00 -1.94926507e+00  7.96140432e-02
  -1.32468047e-01 -6.82370010e-01  5.28519008e-01  2.65791904e+00
  -1.56701700e+00 -1.81819041e-01  1.45930988e-01 -3.84088008e-01
  -4.99043000e-01  9.55896983e-01  1.83487000e+00  1.15533002e+00
  -2.96749984e-01 -5.84427020e-01 -2.75040203e+00  4.62259012e-01
  -9.67013001e-01 -7.94260033e-01  2.81002001e+00 -7.37402992e-01
   1.88975502e+00  6.98554024e-01 -9.39821965e-01 -7.64400008e-01
   1.68090999e-01  5.28239991e-01  4.29100014e-01 -2.22223984e-01
  -9.27374959e-01  1.60818597e+00 -7.65508987e-01  4.78759012e-01
  -4.69577980e-01 -1.44086987e-01 -2.05280977e-01  1.06111001e+00
  -5.32828024e-01  1.81010200e+00  7.50227000e-01 -7.46038984e-01
   1.32416298e+00  6.21013990e-01  4.23461996e-01  6.61728995e-01
   1.24130603e+00  7.08011973e-01  9.87400022e-01 -8.71335006e-01
   4.26328018e-01  9.60329971e-01 -1.97001204e+00  1.45256898e+00
   8.37407959e-01  1.27941000e-01 -1.86498499e+00 -1.39810001e+00
  -7.01878968e-01 -3.71044011e-01  2.55662990e-01 -6.20957005e-01
  -5.52036008e-01  4.36503496e+00 -4.35456993e-01  3.18774027e-01
   2.95608020e-01  8.15218991e-01  3.23660389e-02 -2.23666042e-01
   1.05285096e+00  9.15134999e-01  3.01729977e-02 -3.27831998e-01
  -1.15060003e+00  1.91193957e-01 -6.92818996e-01  6.97194001e-01
  -4.75325955e-01 -2.23204101e+00  2.54277494e+00  8.31048013e-01
   2.05610500e+00  9.54491948e-01 -1.38609799e+00  2.55302969e-01
  -6.77545995e-01  1.36167701e+00 -8.49391026e-01 -1.26252299e+00
  -1.19636102e+00  1.17121796e+00  2.17659014e-01 -2.59710503e+00
   1.30032499e+00  7.73677975e-01  1.33963401e+00 -1.04856503e+00
   1.33499198e+00 -1.70871900e+00  1.36393099e+00  9.26157993e-01
  -1.82681201e+00 -1.60037499e+00 -9.02040970e-01 -9.63801012e-01
   1.10236202e+00 -2.55033199e+00 -1.59004004e-01 -2.05767602e+00
  -6.88460004e-01  1.04051803e+00 -1.95826600e+00  3.28458023e-01
  -6.71159974e-01  2.98209976e-01  1.01917204e+00  3.02010987e-01
   7.46645022e-01  1.90115895e+00  9.48023024e-01 -1.47581304e+00
   6.65282021e-01 -2.77083021e-01 -2.17199743e-02 -5.89832976e-01
   1.48463901e+00  4.99349818e-02 -1.23968300e+00 -2.48898103e+00
   1.33765603e+00  1.35708599e+00  3.49463965e-01  2.01372305e+00
   6.20613003e-01  1.05640299e+00  2.75374800e+00  2.73061013e-01
   3.16137995e+00 -9.61919969e-01  6.15400016e-02 -1.35172505e+00
   3.85604018e-01 -8.88439995e-01 -4.23620950e-01  2.52031795e+00
  -8.63428023e-01 -1.16764985e-01  1.33641604e+00  1.01250700e+00
  -1.30536596e+00 -1.31152002e+00  1.86339988e-01 -1.92138010e-01
  -4.87303019e-01  2.97606402e+00  2.20563603e+00 -6.43760026e-02
  -2.13778606e+00  2.53871698e+00 -9.26721999e-01  1.99211096e+00
   2.19010398e+00  3.17743975e-01 -2.10092025e-01  1.63157301e+00
  -1.22489984e-01 -2.38910991e-01  3.48727963e-01  1.51089604e+00
   1.71532702e+00  4.15051994e-01  1.05379299e+00 -1.05584975e-01
   1.32069602e+00  6.34857954e-01 -3.42388977e-01  3.24750386e-02]]