[-0.30340663  0.39277673  0.279335    2.3690467   2.0618317  -0.15562503
  1.3221351  -0.32756662 -1.6617283  -0.09138342  1.7763015   1.8333368
 -0.6018583  -3.3625734   1.1058367  -0.23917674 -1.9135118  -1.0330516
 -0.7250767   1.5589634  -0.4209467   3.1738634  -1.8896499   0.5279684
 -1.4985584   0.14246166 -0.17583005  2.5040467  -0.9018484  -1.5501151
  0.15903167  1.2035517  -2.1317017   0.49372163  4.648025    1.4292551
 -1.1622233   2.222435   -1.4570016  -0.6777716  -1.5083035  -1.4517616
  2.9131114  -1.036835    1.9192967   2.5595934  -1.10885    -0.71561337
 -1.3664516   1.5955232  -0.6645383   0.5745333  -0.14352502  2.075605
 -1.3596951   2.5315983   1.0166799   0.7930434   1.1509633   0.72561836
 -0.65269     1.0550267   0.7500749  -2.1731417   1.2148749  -0.05461836
  0.04628166  2.5757635   1.9512534  -0.24568164  1.3463516  -0.65378666
  1.8486649   3.1701066  -1.1537434   1.8635734   2.57216    -0.24066164
 -1.9829367   0.53724    -0.84941334 -2.1794617  -1.3174866  -1.8389734
  0.55574834  3.511015   -1.176555    1.25817     0.88433164 -0.7982299
  1.9067768   0.71714664  1.2054683  -0.44485497 -0.4334217   0.54197997
 -1.2585868  -0.95015836  0.2478833  -0.6431851   0.9063867  -1.6827165
  2.1725283   0.9171017   0.5163099   0.9810067  -0.976445    0.5005067
 -2.40029     1.8495849   0.434625   -0.37421668 -1.8109883   0.23345499
  1.7866317  -3.0313435  -0.1268767   1.7915684  -0.18333499  0.12193835
  0.632865   -2.2942533   1.2733334   2.0940866  -2.1486948  -3.3995895
 -1.77678     0.4204967  -0.3549168  -1.7556282   0.13357    -0.73609
 -1.8684665   0.63416666 -1.3558067   0.8810349  -0.826155    1.9227667
  2.7902067  -0.45642832 -0.63033503  1.874545    0.6127133  -0.8893017
  3.12059    -0.17303835  0.07391163 -1.2167      2.902748    1.5193967
 -1.013765   -0.9111233   1.089645    0.7613316   1.1369284   0.8367017
  3.1529486   2.9893034   1.6916183  -0.26513162  1.3185252  -3.0411398
 -2.1893284  -0.53254664  0.04860666  0.13275167  0.7640932   4.017162
 -0.76874495  0.02237002  0.35187998  0.86949664 -1.2078032  -0.78499824
 -0.58587503 -0.19582169 -0.04607165  0.83259344  1.4003419  -0.826745
 -1.7928184   1.8924948  -1.5243698   1.8210117   4.7075734   1.2955867
 -1.2038633   1.5413384   0.7531033  -1.1392716   2.3589566   0.50582665
  2.8227336   1.1785699   2.05289    -0.61165    -0.20308499  0.78420335
 -0.8957432  -0.91706675]