[-1.3316859   0.5695201  -0.53873193  0.937016    2.549582    0.61259604
  0.99902     0.148222   -2.546662   -0.83603     0.99118006  2.30121
 -0.89595604 -3.3467178   0.94034195  0.15779996 -0.661438    0.06529198
 -1.599082    0.85516196  0.607504    2.290414   -1.708258   -0.06711399
 -0.654062   -1.7141559   1.515658    2.4804502  -0.422192   -1.343518
  0.44946998 -0.15866797 -1.3898461  -0.23002598  3.6599877   2.6839242
 -3.135798    0.97263795 -2.739518   -0.21527202 -2.7434478  -1.427878
  2.58192    -1.5394341   1.3272799   2.2691998  -1.395454   -0.63730395
 -0.265502    0.48517603  1.234256   -0.598804    0.58571     2.882258
 -2.4388218   2.1454458  -0.57979    -0.24594598  1.8062159   3.22075
 -1.544822    1.0603161   0.379674   -2.21613     0.887694    0.908504
  0.25945798  0.52930605  0.69877803  0.52858007  0.29514003 -1.3016441
  0.94004405  1.843392   -1.341988    1.6110642   2.066226    1.08874
 -1.344382    0.23260197  0.83080596 -0.62327397 -0.5542241  -2.0869222
  2.184288    3.220628   -2.0855958   1.127816    1.7099202   0.5614241
  0.41796598  0.796738    0.92138994  0.43957204 -0.32689002 -1.4315699
 -1.400352    0.005852   -0.56177807  1.084386    1.145904   -2.710992
  2.1300862   1.314204    1.4775599   1.198236   -0.302846   -0.31565398
 -2.831864    3.3129458   0.76288    -2.804834   -2.183734    2.104182
  1.1825501  -2.3336983   0.47965202  0.8951839   0.44532996  0.60894
  0.95242596 -1.308616    3.28624     1.084486   -0.38373598 -1.8344681
 -1.5798259  -0.31918     0.18165798 -0.618616    0.27365997 -2.25697
 -1.8839939   1.12713    -1.316848   -0.5675761  -0.862912    0.65550596
  1.9028599  -0.13705797 -0.10417201  1.655288    0.326692   -1.8288361
  2.6562562  -0.829576    0.30584002 -3.104176    2.163318   -0.14786202
 -0.699306   -0.83252203  0.45119     0.36656004  0.586764    1.937652
  1.939502    1.97944     0.28737402  0.013376    1.793998   -3.310164
 -0.81967795 -0.87320805 -0.164392   -0.31692997  0.164174    3.520658
 -1.4695461   1.0052401   0.40446195  1.588158   -2.5858421  -1.7596681
  0.82896596 -0.82618207  0.30100197  0.572282    1.4480041   0.45806408
 -2.762802    1.3022699   0.23387198  2.254322    4.074952   -0.49117202
 -1.0458      1.2222121   0.98302805  0.12521602  1.237398   -0.29825002
  2.061564    1.824386    3.342364    0.29578     0.09783201  0.33655
 -1.6875938   0.40412197]