[-3.3021778e-01  1.0105989e+00  3.0467001e-01  1.0069878e+00
  1.5846511e+00  2.7392668e-01  4.6718448e-01 -2.3536222e-01
 -2.3860190e+00 -2.6949337e-01  8.7854423e-02  2.4495001e+00
 -4.9500221e-01 -2.0229347e+00  2.0414335e-01  5.3454418e-02
 -1.8348287e+00  2.9691112e-01 -1.1167634e+00  1.1910822e+00
 -8.4406894e-01  2.9527178e+00 -4.4258225e-01 -9.0061098e-02
 -1.9345890e-01 -1.1908522e+00  9.9255329e-01  2.3269088e+00
 -3.9522889e-01 -1.2546355e+00  1.3168255e+00 -4.4497892e-01
 -1.0128534e+00 -3.1154552e-01  2.8827965e+00  1.9001399e+00
 -1.8067644e+00  2.1134445e-01 -1.4627776e+00 -3.9568889e-01
 -1.9868855e+00 -4.0345219e-01  1.9860854e+00 -7.5276780e-01
  8.9110780e-01  1.7392845e+00 -5.8822441e-01 -9.2612106e-01
  3.0017889e-01  1.1151112e+00  3.9557561e-01 -2.9712665e-01
  1.2632778e-01  1.3807677e+00 -1.8026689e+00  1.7240710e+00
 -4.0310553e-01 -2.6723662e-01  1.4584544e+00  1.9934523e+00
 -8.2745445e-01  1.3657366e+00 -8.7750040e-02 -8.0080336e-01
  7.5839108e-01  7.4944663e-01  7.6997334e-01  1.9561509e+00
  6.0255337e-01  4.0026221e-01  1.5569468e+00 -1.1599078e+00
  9.3804103e-01  2.2870646e+00 -9.6592331e-01  5.0668782e-01
  1.8367934e+00 -7.9811126e-02 -3.6656442e-01 -1.7280114e-01
 -1.5235332e-01 -1.0382112e+00 -7.6658660e-01 -1.1071343e+00
  1.1034822e+00  2.6718266e+00 -1.3675466e+00  1.3577211e+00
  1.8055831e+00 -2.4836665e-01  9.1446221e-01  3.0116007e-01
  1.1624999e+00  8.1028670e-01  2.2899111e-01 -9.5890343e-01
 -7.2028893e-01  3.8631104e-02 -8.1897777e-01  7.8604561e-01
  1.4736645e+00 -1.8923955e+00  2.0335333e+00  1.1305189e+00
  1.0942245e+00  2.3779003e-01  7.8410774e-01  6.0278004e-01
 -1.9926444e+00  9.0070891e-01  9.7204441e-01 -1.5085856e+00
 -6.5413785e-01  4.6950892e-01  2.2382776e-01 -2.0486166e+00
  2.5427330e-01 -1.8358223e-01  1.0344344e+00  5.7236999e-01
  1.5108266e+00 -1.3528044e+00  1.7576323e+00  1.5438889e+00
 -4.6765995e-01 -2.1099067e+00 -1.4697633e+00  2.1432447e-01
 -2.3294888e-01 -4.2997777e-01  1.6811824e+00 -1.5407001e+00
 -6.0654557e-01  4.6287781e-01 -7.1771556e-01  3.7605006e-01
 -2.3702891e-01  1.4636767e+00  1.1269232e+00  3.6022669e-01
 -5.1758444e-01  1.3783956e+00 -2.1346223e-01 -1.5087767e+00
  2.3890610e+00 -3.4035003e-01  6.1049110e-01 -2.3802512e+00
  1.1424166e+00  5.4251552e-01 -7.8936225e-01 -7.8121883e-01
  9.3839002e-01  5.9083337e-01  3.0903888e-01  7.9085559e-02
  1.3036911e+00  2.3602867e+00  1.0673789e+00 -3.1902444e-01
  1.6662067e+00 -1.1620444e+00  3.2033259e-03  4.7238773e-01
 -2.4490558e-01  2.8174224e-01  5.5948442e-01  3.0243556e+00
 -6.7683780e-01  7.7823883e-01 -8.0081075e-02  1.2842277e+00
 -1.9843211e+00 -1.0553511e+00  2.6835892e-01 -1.7754111e-01
  7.6140553e-01  7.6292443e-01  7.5308108e-01  3.6502257e-02
 -1.1832122e+00  7.7024776e-01 -3.7678778e-01  1.3549944e+00
  2.8760500e+00  3.0308554e-01 -5.8013785e-01  1.1846766e+00
  5.0082222e-02  3.0304554e-01  1.6588266e+00 -2.0388961e-03
  1.4588000e+00  1.4977422e+00  1.9496477e+00  5.5891669e-01
  1.0005734e+00  1.2736112e-01 -1.1051456e+00  4.8775333e-01]