[[-0.16811467  1.2932131  -0.32305068  0.58586177  1.34509499 -0.23901962
   0.6485004   0.03476574 -1.68032734  0.18414032  0.13602667  1.75918752
  -0.44468333 -1.98744143 -0.02627701  0.08376701 -0.89485433  0.12520234
  -1.1702266   1.07891976  0.15328135  2.52120195 -0.86061069  0.78552793
   0.11010801 -0.83831367  0.25906667  1.84492386 -0.26773204 -0.441757
   0.71049203 -0.38008204 -1.03244336  0.07025598  2.28533896  1.72398597
  -1.20280472  0.10806769 -1.2251043   0.26108503 -2.01094768 -1.09560533
   1.03931867 -0.11847534  1.15932436  1.52504533 -1.0222831  -0.56523762
   0.25469502  0.50475437  0.25702332  0.433487    0.12497567  1.22226938
  -0.58350165  1.27120969  0.05683733  0.474681    0.73071733  1.09949428
  -0.74234139  1.50239803  0.51589431 -1.32391246  0.96392434  0.16437068
  -0.07575762  1.14006184  1.12251557 -0.40206464  1.84152872 -0.25420837
   0.82088903  1.35280027 -1.25834209  1.23787801  1.31959942  0.62480539
  -1.79048835 -0.54262834 -0.97065249 -1.01497344 -0.08509633 -1.45709836
   0.17669634  2.75007784 -1.38058484  1.00124898  1.16854164  0.68351701
   0.53465038 -0.18079667  0.68376832  0.01468403 -0.07355168 -0.34947238
  -0.90702406 -1.60220777  0.16394166  0.91744366  0.99433245 -1.58132878
   1.90968188  0.97700472  0.58411764  1.24221563  0.25072035  0.06360669
  -1.22514836  1.62261536  0.25427933 -1.21185764 -1.48070251  0.26221035
   0.50720773 -2.40253207  0.65262264  0.46569401  0.62455691  0.78067096
   0.7794161  -1.42995723  1.45935217  1.73510477 -1.28167645 -2.34312984
  -1.28439526 -0.43013167  0.45961029 -1.24566035  0.6468453  -1.36874158
  -0.29088067  0.66326402 -0.23055367  0.66828333 -0.5538734   1.06770829
   0.47453235  0.6075446   0.14255966  1.67276063  0.9107006  -1.67399763
   0.8436844  -0.26913133 -0.26626103 -1.41571596  1.86754229  0.3437667
  -0.37575398 -0.81979735  0.86041899  0.43846968 -0.4871953   0.677298
   1.55342407  1.65276685  1.36852272 -0.32866232  2.42573311 -1.60556531
  -0.54011606 -0.64394532 -0.13352632 -0.62822235  0.33189035  2.53261598
  -1.03225587  0.365413    0.73985233  1.0884474  -0.99173768 -1.16331034
   0.5707224   0.11710201 -0.40737301  0.72376535  1.0564373  -0.20677101
  -2.17388864  1.34954547 -1.1767989   1.62560698  3.14115775  0.46746337
   0.05334902  1.08234431  0.23334535 -0.06200567  1.29053612  0.63530569
   1.37244168  0.70194498  1.15600945  0.21656667  0.69834736  0.68369832
  -0.4486867  -0.21758602]]