[ 0.08580799 -0.21196802 -0.66157204  0.38872004  1.16331    -1.1913879
  2.6748621   1.3341959  -2.059698   -1.091944   -0.13544396  3.33923
 -0.47800398 -1.283934    1.0154699  -0.36732    -1.19209     2.043374
 -0.49756604  1.644994    0.665718    2.8439977  -1.245762   -0.124874
  0.10930004 -0.09858207  0.14035201  3.6713822   0.9132959  -2.45935
 -0.703704   -1.9488199  -2.572558   -1.306622    1.3127699   1.586416
 -1.1478479   2.1507478  -1.8018398   0.37023395 -2.376484   -0.93153
  1.400986   -1.03085     1.61901     1.332068    1.170788    0.817502
  0.81081617 -0.57039607 -0.23782405 -0.7450061  -0.53925794  2.863948
 -0.721282    2.2313058  -0.66043407 -1.481788    2.0889258   1.7645798
 -0.45836607  0.92756194 -0.486068   -0.47572798  1.016944    0.438984
  1.7879801   1.5050441   2.1896698  -0.658634    2.467462   -0.9748939
  1.5722681   0.565416   -0.966442    1.201172    0.538144   -0.35027808
 -1.09072    -1.485446    1.00896    -0.7728059  -0.12478401 -1.897726
  0.849878    3.501718   -2.037974    0.5569401  -0.47165793  0.369774
  1.6989021  -0.168576   -0.30171603  0.35517603  1.126778   -0.187498
 -0.05867402 -0.26213402  1.247602   -0.22420196 -0.51315004 -0.620298
  2.540998    0.80406606  1.401644    0.29846197 -0.67467797 -0.561984
 -1.49403     2.3114278   0.6659439   0.05234396 -0.875518    0.91834
  0.15475199 -4.4469323   1.783776   -0.20777401  1.910074   -0.54456204
  2.8517659  -1.29515     2.459086    1.812686   -1.626578   -3.9366238
 -1.3855938  -0.856012   -1.0611141  -3.4290118   1.3628759  -0.10601802
 -2.263012    1.0186341  -0.20528002 -0.20218799 -1.058696    0.79427594
  2.2422538  -0.02891202  0.49045405  1.42678     0.790678   -2.64136
  1.737204    0.44645005 -0.68484795 -0.13091603  1.065078    0.849216
 -0.8472139  -0.06742596  0.40822992 -0.56743     0.08459399  1.900354
  3.236548    2.827758    1.717994   -1.576072    2.826846   -2.0164762
 -0.784292    0.36577997 -0.553198    0.615368    1.978208    2.291484
 -1.220292    0.606318    0.45591602 -0.168184   -1.8467261  -0.38152203
  2.0225778   0.197956   -0.885104   -0.837988    1.659272   -0.44292998
 -2.388788    1.7507598  -0.549278    3.293874    3.167506    0.56214803
 -0.983772    1.829944    1.1584901   1.5548221   1.6419079   0.769742
  1.363398    0.623102    1.058196    0.6058361   1.391816    0.92848194
  0.966016    0.04379199]