[[ 0.36910891  0.27963225  0.09180111  1.80003892  1.28451665  0.88286208
   1.5403778  -0.49782224 -1.22449124  0.76898664  0.61929116  1.35803228
  -1.36103686 -2.54326346  0.12481222 -0.31087556 -0.94192772 -1.16759332
  -2.49467659  2.18644336 -0.1418767   2.50987988 -1.2200788  -0.9230634
  -0.37689993 -2.3691757   0.32379331  2.8026522  -0.31039109 -2.71041229
   0.84290887 -0.38628217 -1.18133565  0.07626666  2.26886765  2.25128667
  -1.0697333   0.20905    -1.57089117  0.06708888 -2.48662106  0.04474335
   2.69079892  0.09752113  0.20996989  2.34350888 -1.20219656 -0.37845667
   0.16267109  1.00347437  0.8866423   1.08535112 -0.0156166   1.43286345
  -1.10405779  1.20135437 -0.19578222  0.65482444  0.10110884  1.73574225
  -0.10152557  1.67095102 -0.24458109 -1.64179447  1.10965675  0.67122779
   1.52819215  1.0778812   1.68650781 -0.69863552  0.81163005 -1.20293882
   1.55567453  2.50401664 -1.92925669  1.80602434  2.14168885  0.61946448
  -1.28367223 -0.4831111   0.17634667 -0.44457552  0.23688779 -1.43887115
   0.73825668  2.25314105 -0.6785745   0.95472002  0.19488552  1.10378661
  -0.28597216  1.18151991  0.97588105  0.49527002 -0.19684888 -0.3338422
  -1.56083339 -1.39546111 -0.29288998  1.56866116  0.20385444 -2.12860786
   2.6466368   0.63578444  0.05939001  1.55586108 -0.20338665 -0.45256779
  -2.47021755  0.69657885  0.92070333 -1.08179    -2.1127189   1.04225561
   1.22865556 -1.84389551  0.18145336  0.66776988 -0.73677557  0.37716336
   1.29409995 -1.69772347  2.50861446  1.67438687 -1.06104331 -1.29525007
  -1.60329448 -1.23384772 -0.2998422  -1.54744563  0.87151223 -2.88603001
  -1.02316552  0.58751445  0.21763553  0.5752378  -1.23994222  0.9535989
   0.1155789  -0.27047441 -0.49695448  2.63843346  0.10297112 -1.54365105
   1.03441008 -0.92740668 -0.48621554 -2.44907435  2.46854561 -0.15567891
   0.05803999 -0.15383441  1.1668822   0.8402389  -0.99359324 -0.73889881
   1.40421002  3.03158787  1.58196664 -0.44012559  2.60671775 -2.08529879
  -0.08539001 -1.42192001  0.41209443  0.15803001  0.24980883  3.28531681
  -1.48641994  1.11467898  1.26708663  0.94462225 -0.53611668 -1.19070998
   0.15705556  0.17085891 -0.59461322  0.73818999  0.60039671 -0.17505889
  -2.95329107  1.76418655 -0.39049221  1.01133662  3.46025336  0.27825664
  -1.21609661  0.87055776  0.26303888 -0.10754667  2.37097221 -0.33884668
   2.05796321  1.0398133   1.09766777  0.95178666  0.34907228  0.88298999
  -0.30655003 -0.45784444]]