[[-3.06871724e-01  6.39936762e-02 -2.65723897e-01  7.84884352e-01
   1.42732512e+00 -5.85301825e-01  1.19014831e+00  4.85519315e-01
  -1.66380011e+00  3.26902953e-01  1.79833716e-01  2.30458023e+00
  -9.12258321e-01 -2.18669385e+00  4.35048016e-01 -3.33427947e-01
  -6.29967976e-01  2.30168741e-01 -9.70728203e-01  1.42173088e+00
  -3.00464216e-02  2.18498857e+00 -6.59628275e-01 -3.03625080e-01
  -6.48474412e-01 -7.13357245e-01  2.35838297e-01  2.25143906e+00
  -3.14200175e-01 -1.45350639e+00  4.49914435e-01 -3.80197610e-01
  -9.69341797e-01 -2.13333560e-01  2.13212981e+00  1.29913707e+00
  -7.05358640e-01  4.94944149e-01 -1.63727240e+00  4.31667409e-01
  -2.15690246e+00 -9.54050448e-01  1.54819255e+00 -8.71604826e-01
   1.34536640e+00  1.19852321e+00 -4.97165253e-01 -4.89819853e-01
  -4.08371035e-01  9.03328613e-01  5.61836766e-01  2.24330529e-01
   1.05069318e-01  2.03469554e+00 -6.72303192e-01  1.94885753e+00
   3.73350433e-01  1.29269327e-01  1.07912451e+00  8.46786380e-01
  -1.97990503e-01  1.30528957e+00  1.56306402e-02 -1.24901850e+00
   1.69069491e-01  5.59720656e-01  3.17993378e-01  5.28202859e-01
   8.24681469e-01  4.07420175e-01  1.32854807e+00 -8.25067108e-01
   4.20043157e-01  1.44097338e+00 -6.68126846e-01  9.58004644e-01
   6.69666767e-01 -1.71909668e-01 -1.15795020e+00 -5.24790158e-01
  -4.38418982e-01 -8.36017388e-01 -1.85191519e-01 -1.24119912e+00
   5.65269418e-02  2.26102615e+00 -1.37578925e+00  1.21564383e-01
  -2.26775691e-01  5.98840402e-01  8.29647311e-01  3.05904265e-01
   3.64320970e-01  2.38520372e-02  5.47895123e-02 -3.45590673e-01
  -2.04881011e-01 -3.29989839e-01  2.71633823e-01  7.92725351e-01
   4.71758988e-01 -1.25730358e+00  1.97652481e+00  1.03118741e+00
   8.25047592e-01  3.57859596e-01 -7.20886940e-01  2.16069345e-01
  -1.12100263e+00  1.29690187e+00  1.21501522e-01 -8.40722532e-01
  -1.43885480e+00  5.78472236e-01  3.24895271e-01 -2.23923668e+00
   7.50020822e-01  2.29174206e-01  6.33824499e-01 -1.55915099e-01
   1.50086451e+00 -1.35769773e+00  1.28052516e+00  1.87522471e+00
  -1.08474237e+00 -1.77347099e+00 -9.39164626e-01 -4.62471722e-01
  -4.86418777e-02 -1.56216663e+00  4.10749637e-01 -1.01606124e+00
  -1.65641215e+00  6.44528508e-01 -2.73906931e-01  3.60233285e-01
  -2.84338113e-01  9.28998602e-01  1.35929140e+00  2.19545587e-02
   9.72376557e-02  1.19072551e+00  3.92029509e-01 -1.65200781e+00
   1.16606444e+00 -2.19555746e-01 -3.53355493e-01 -9.42638931e-01
   5.42209544e-01  2.17538815e-01 -4.37024715e-01 -1.17124387e+00
   1.04515058e+00  5.03428364e-01  4.81036039e-01  1.04623948e+00
   1.14748837e+00  1.73251083e+00  1.25806101e+00 -5.72906788e-01
   1.96175207e+00 -2.00406922e+00 -1.10815050e+00 -3.34322729e-01
  -1.61108476e-01  4.35632341e-01  9.15657413e-02  2.82389987e+00
  -8.33463095e-01  7.64762163e-01  3.10828130e-01  9.13696297e-01
  -8.21291112e-01 -7.00976194e-01  9.88623346e-01  4.89490044e-04
  -3.19495215e-01  1.25957732e+00  1.44671120e+00 -2.38555187e-01
  -1.82413227e+00  1.37136458e+00 -5.05263234e-01  1.76471484e+00
   3.03753444e+00  3.55001375e-02 -4.14846776e-01  1.16975755e+00
   3.92623394e-01  4.07539202e-02  1.33927487e+00  6.61356554e-01
   1.80929216e+00  8.91263593e-01  1.52226873e+00  1.48591352e-01
   9.82999228e-01  1.13075753e+00 -1.42402884e-01 -3.32641017e-01]]