[-0.51370746  1.1028433  -0.00693642  1.7429119   1.7333927   0.48230773
  0.6485855  -0.15841748 -1.9800828   0.34772772  0.41448408  2.2356708
 -0.8535445  -2.8683825   0.01431768  0.535358   -1.1532216  -0.33019415
 -1.7299131   1.7346951   0.16440724  3.1004763  -1.2324052   0.08606955
 -0.33260077 -0.79032886  1.2000291   2.529509   -0.4342174  -0.46347076
  0.7723104  -0.58805263 -0.69725615 -0.06143103  2.618687    2.2111666
 -1.3204397   0.31243518 -1.606802    0.57915676 -2.1387813  -0.70750034
  1.9292935  -0.32626635  1.4331697   1.4348888  -0.45400155 -0.79314363
  0.41613612  1.1915362   0.01101641  0.37520227  0.36845794  1.1679462
 -0.43222925  1.4530938  -0.38075536 -0.0353828   0.5723392   2.0898013
 -0.63108224  1.2358656   0.3586864  -1.0087811   0.41435692  0.32101437
  0.3220202   1.3906103   0.74266315 -0.27966124  1.9128674  -1.6585969
  1.0712904   1.8996558  -1.3467362   1.1813511   1.4569231   0.7614832
 -1.743749   -0.03826152 -0.5939172  -1.2412301  -0.22884819 -1.612136
  0.93322605  3.026791   -0.982995    1.6395701   1.0562552   1.0452547
  0.7323575   0.713082    0.72693205  0.02884952 -0.05237103 -0.20812257
 -0.49000627 -0.902113   -0.8126907   0.6825793   0.7986046  -1.7485784
  2.2553473   1.6044337   0.73521745  0.86478436  0.18768257  0.00380637
 -2.074462    2.0700583   0.9395541  -1.7819034  -0.933447    1.1505375
  0.5100899  -2.4372668   0.95865476  0.96502775  0.6299664   0.83710325
  1.5651854  -1.9818732   1.6525202   2.5378675  -0.57027006 -2.786754
 -1.6760404  -0.04133461  0.20272489 -1.4616036   1.1979988  -1.8115122
 -0.52084714  0.7780534  -0.6056703   0.4083946  -0.6673769   1.1475441
  0.75921947  0.20406848 -0.3427833   2.1512272   1.1734599  -1.4467208
  1.5341421  -0.9682808   0.52415127 -1.889411    1.7309927   0.10747026
 -0.10970644 -0.79775566  1.4993238   0.76893353 -0.619691    0.33426592
  1.2813296   2.3543324   2.0838358  -0.75602424  2.368016   -1.8445904
 -0.612503   -0.71639675  0.31902897 -0.2838841   0.9748103   3.0016031
 -1.2702993   0.85165524  0.583799    1.495372   -0.63806593 -1.2263459
 -0.0427549   0.29900512  0.03596127  1.1764705   1.3407125  -0.03592948
 -2.6313975   0.6882091  -0.5766233   2.0512097   3.4790168   0.82396334
 -0.57576054  1.1020765  -0.16759309 -0.14276664  1.8892956   0.09576719
  1.9531671   0.8807768   1.8313293  -0.6289106   0.5689384   0.39723307
 -0.91000885  0.3124828 ]