[[-0.39411291  0.78686868 -0.53427185  0.80548369  0.99883972 -0.13831711
   0.87817028  0.78866975 -1.14000473  0.42656893  0.59866947  1.94287922
  -1.52691236 -2.44832973  0.41309316 -0.20727815 -0.85916474  0.12047108
  -1.34138157  1.85986871  0.18393736  1.89621185 -0.6140608  -0.28451367
  -0.07026895 -0.71902105  0.73486263  2.34339555  0.03079103 -1.25208868
   1.02634395 -0.53928105 -0.61093157  0.08574395  2.45421578  0.84168107
  -0.49156132  0.44611501 -1.42257475  0.71722344 -1.68193974 -0.65041158
   1.5705734  -0.65871317  1.19203132  1.20602394 -0.09932235 -0.65500368
  -0.19944079  1.28363421  1.16096656  0.20704156  0.44357975  1.40282711
  -0.81448894  1.54086633 -0.01809106  0.26897106  0.62538897  1.34194156
  -0.3097929   1.7101805   0.51482711 -0.95331553  0.45608791  0.51548315
   0.65354658  1.44168738  0.76772131  0.18488552  1.19860451 -0.93703001
   1.3701179   1.544615   -1.27860027  0.90761211  1.28440632  0.81433447
  -1.41620447 -0.95196475 -0.71379476 -1.12573866 -0.24307238 -1.17503631
   0.10833395  2.49658843 -1.01392289  0.60509868  0.79810839  0.66731052
   0.19219316  0.97383051  0.2612608   0.34215896  0.45484291 -0.52926185
  -0.64235265 -0.98614238  0.32632605  0.69275841  1.07618105 -1.63820262
   1.5019955   0.14675922  0.77534684  0.59465054 -0.35150394 -0.00813369
  -1.42892631  1.21455681  0.40113816 -1.13068685 -1.10489     0.55402999
   0.47917027 -2.40058506  0.16520606  0.17856918  0.34648763 -0.07139235
   1.91049552 -1.98275763  1.91138023  1.48525157 -0.96609869 -2.30878318
  -1.52371948 -0.46868764 -0.81160106 -1.53158817  0.539635   -1.36700395
  -0.75291947  0.02804158  0.26596211  0.5765692  -1.04181499  1.00672658
   0.63208394 -0.26467237  0.01226656  1.47821841  0.61635053 -1.09589001
   0.96952315 -0.51569343  0.70362369 -1.27799739  1.14331053 -0.03869
  -0.28992604 -0.9097966   0.77843737  0.49343237 -0.37077029  0.7023558
   1.12917553  2.14155683  1.78337814 -0.46136605  2.03799579 -1.41866341
  -0.9724034  -0.59646263  0.02109999 -0.1350579   0.44106314  2.4089866
  -0.82423551  0.36163947  0.62002131  0.9728292  -1.03938238 -1.68418869
   1.13106628  0.12961315  0.08889475  0.85948053  1.1794853   0.03198341
  -1.87730108  1.43424317 -0.68438556  2.14778867  2.82235104  0.80625893
  -0.69579211  0.74136998 -0.17907212 -0.6424092   1.81911865  0.59826922
   1.33459814  0.90192264  1.55379525  0.09113815  0.29974816  0.87026922
  -0.53790789 -0.18324658]]