[[-0.73325551  1.40702677  0.16304643  0.89457123  1.1552168  -0.01981932
   0.37050499  0.2494841  -1.65506183  0.59646287  0.30333647  2.11547882
  -0.92682703 -2.94658315 -0.14290587  0.15000931 -1.44253914 -0.60160586
  -1.36389919  1.60886077  0.17309865  2.29539524 -0.65763893  0.15662382
  -0.98553243 -0.73286012  0.50530357  2.180524   -0.5206818  -0.72392531
   0.2825305  -0.5411932  -1.09682661 -0.04670164  2.29335993  1.38973874
  -1.37709512 -0.34025415 -2.31889929  0.16871781 -1.69302722 -1.55006017
   1.64832253 -0.61757396  0.95198129  1.15043449 -0.66203918 -0.8655937
  -0.10331616  1.05775679  0.25995301  0.31187181 -0.14338018  1.26561613
  -0.52360918  1.8883118  -0.42221489  0.59486529  0.48245258  1.41164369
  -0.45510785  1.52996511  0.30068656 -1.51040229  0.59058266  0.39495769
   0.46681475  0.55475182  1.1237644  -0.13200357  1.94839136 -0.69899584
   0.60395375  1.48784988 -1.47644297  0.94013146  1.48702672  0.47287578
  -1.47318146 -0.20961298 -0.24008523 -1.01156166 -0.6386994  -1.72032645
   0.46163235  2.84095906 -1.45996469  0.95966284  0.74879028  0.75469897
   0.70421403  0.54622802  1.12181336  0.01018357  0.02503012 -0.53467095
  -0.47529922 -0.84626606 -0.53329998  1.10683821  1.08127981 -2.05285002
   1.63633204  1.28959765  0.55926777  0.87730306 -0.61309305  0.32430748
  -1.47906238  1.64209591  0.27290696 -1.99109013 -1.32738572  1.04561489
   0.48239615 -2.0392951   0.74667794  0.68528468  0.03219482  0.15509013
   1.40020734 -1.65094434  1.70009066  1.86917669 -1.2559528  -2.14618374
  -1.14351262 -0.89469907  0.279401   -1.15798096  0.41811654 -1.54755337
  -1.12075221  0.58545498 -0.69299812  0.3956114  -0.51818926  1.24782373
   1.20819233  0.57192274 -0.04109493  1.17962073  0.98777816 -1.73084392
   1.63381931 -0.43475738  0.9776351  -1.61711485  1.63140447  0.03490425
  -0.40803967 -0.60800638  0.93300056  0.99137066  0.23375302  0.36234868
   1.35574617  2.00556483  1.71978564 -0.51812199  2.52590923 -1.78454837
  -0.47122656 -0.91009693  0.35155683  0.29536378  0.27520875  3.13664385
  -0.87432475  0.84307131  0.67630251  0.80309726 -0.82171502 -1.09599492
   0.66930171  0.17501452 -0.21652015  1.15747913  1.7510657  -0.30455422
  -2.00007064  1.26318038 -0.73358901  1.77621302  2.88225845  0.70172617
  -0.19950343  1.41080872  0.10078933 -0.15600328  1.43530143  0.08478239
   1.76338733  1.15645479  1.88772884 -0.16175627  0.65175263  0.75954962
  -0.6060742  -0.06694562]]