[[-0.04527547  0.80725649 -0.31488063  1.11743646  1.47820806  0.29716872
   1.19188708  0.96868586 -1.54200579  0.30219484  0.71680652  2.31975162
  -0.98347225 -3.27969773  0.2705513  -0.43490291 -0.67976547  0.2930035
  -1.98333902  2.02326162 -0.88213678  3.38654914 -1.00234546 -0.41058711
  -0.71733128 -0.94973999  0.83061128  3.01581687 -0.45430869 -1.00888835
   1.34613005 -0.13878355 -1.43840323  0.17362097  3.1581034   1.91965453
  -1.6137236   0.45154643 -1.38851901  0.17709387 -1.54184163 -0.66136321
   2.22353035 -0.52277455  0.9202013   0.98533582 -0.73053    -0.50222903
   0.17931774  1.33992289  0.09687773  0.95680515  0.38837459  1.35199577
  -1.07017327  1.67892929 -0.76156453  0.33220875  0.7230774   1.60013184
  -0.98634709  1.32460809 -0.03182552 -1.0740887   0.50808969  0.62703774
   0.7479739   1.33471713  0.87479097 -0.32665742  1.59669579 -0.92880642
   0.11454192  2.32732173 -1.57627647  1.38637388  1.83558688  0.8534119
  -1.36269035 -0.85159971  0.35334256 -1.11386777 -0.76637031 -1.16704743
   0.53456129  2.85280839 -0.94779739  0.99846642  1.00025801  0.98471776
   0.42731775  0.00517712  0.95292224  0.00824708  0.30733679 -0.20726385
  -1.01578066 -1.31150388 -0.14895354  0.50132162  0.64256483 -1.57081518
   2.30668259  2.22381969  1.15097063  1.55749319 -0.37970387  0.66303774
  -1.45836449  1.20022066  0.594189   -1.61544064 -1.80592418  0.72956222
   0.58163452 -1.8534113   0.50282161  0.30265644  1.58621226  0.40377225
   2.00317357 -1.87749097  2.52206063  1.93963317 -1.62464163 -1.46416774
  -1.06922254 -0.10716902  0.05236165 -1.09965839 -0.00981968 -1.76988035
  -1.09883161  0.95092772  0.07650063  0.6190348  -1.09126646  1.49154386
   1.56446197  0.69230548 -0.41812226  1.72030414  0.07952355 -0.95388129
   1.48199546 -1.13178196  0.29380481 -2.85048738  1.07942223  0.10928225
  -0.07711421 -1.28048123  1.07232261  1.28845647  0.29180225  0.64503544
   0.70939032  2.44581903  1.07092739 -0.3144487   3.46966947 -2.49469806
  -0.5862942  -1.51505904 -0.43311774 -0.88359516 -0.28145453  3.12392047
  -0.93890163  0.07751096  1.25012774  1.49900133 -0.79842647 -0.86750677
   0.49777999 -0.83239645  0.34002457  1.33248353  0.73114353  0.03825126
  -2.95070134  1.95565294 -0.94030808  2.34669191  3.16665453  0.56084901
  -0.08698646  0.90969288  0.3259387   0.11414421  2.07805484  0.39653486
   1.67236515  1.65916587  1.03091484  0.37683933  0.90703191  1.05049708
  -0.38983258  0.24395257]]