[ 4.2227000e-01  9.0498060e-01 -1.1137842e-01  7.3788744e-01
  8.0715621e-01 -1.9404592e-01 -7.4963763e-02  1.0266858e+00
 -2.1347187e+00  7.1342617e-01  1.3895753e-01  2.7116747e+00
 -6.9514477e-01 -2.1078510e+00  5.7980973e-01  2.5658125e-01
 -9.0468091e-01 -3.9289844e-01 -9.9740690e-01  1.4895412e+00
  2.5291878e-01  2.4159808e+00 -8.1670338e-01  1.2915599e-01
 -1.3692913e+00 -5.5822033e-01  5.1250744e-01  2.2463162e+00
 -1.8611498e-01 -8.3840334e-01  8.1023306e-01 -1.3581443e-01
 -1.6932478e+00  7.1916592e-01  2.9256318e+00  1.9835732e+00
 -1.0397024e+00  4.1642278e-01 -1.1279126e+00  5.6278402e-01
 -1.8081502e+00 -2.2965686e+00  1.9731448e+00 -5.7331342e-01
  1.9598579e+00  1.1196641e+00 -4.2938027e-01 -7.4073738e-01
 -2.3456094e-01  4.6282342e-01 -2.8413033e-01  5.7705313e-01
 -5.7190020e-02  1.0896934e+00 -7.4738526e-01  1.4662364e+00
 -4.5197123e-01  7.1405435e-01  1.4750110e+00  1.1567597e+00
 -1.0346632e+00  1.1613632e+00  6.4178526e-01 -1.8260729e+00
  7.7480352e-01  5.8555025e-01  3.5264471e-01  1.7450782e+00
  1.3386371e+00  3.9673936e-01  2.0521412e+00  1.8404357e-02
  8.3625174e-01  1.0767502e+00 -1.6403457e+00  8.5721684e-01
  1.5633061e+00 -2.8243965e-01 -1.6734685e+00 -7.4868105e-02
 -4.2846873e-02 -8.4432995e-01 -9.9410433e-01 -1.2691075e+00
 -1.1841346e-01  3.1249938e+00 -1.3468008e+00  8.6740190e-01
  8.3585656e-01  7.2167003e-01  8.1552106e-01  1.7737064e-01
  1.6118450e+00  4.0265274e-01  1.0037687e-01 -9.6042883e-01
  1.5220121e-01 -1.3665938e+00 -1.4013310e-01  9.3349057e-01
  9.8991871e-01 -1.7657592e+00  1.9624207e+00  1.1670756e+00
  1.2086308e+00  1.0208199e+00 -3.3515313e-01  4.7466120e-01
 -1.4140508e+00  1.3830655e+00 -4.8125014e-02 -7.2117424e-01
 -2.1149471e+00  8.0705190e-01  4.2119974e-01 -2.3111508e+00
  1.6654562e+00  7.4568027e-01  4.5874313e-01 -2.1302834e-02
  1.7260485e+00 -1.5938182e+00  1.6674997e+00  2.0883112e+00
 -1.6404533e+00 -2.9600704e+00 -1.0522178e+00  3.5351408e-01
  5.5477780e-01 -1.7541250e+00  5.1844215e-01 -1.3317032e+00
 -9.4034749e-01  6.6886497e-01 -3.1763315e-01  1.0761718e+00
  5.1935971e-02  1.8628954e+00  1.6389652e+00  3.6314097e-01
  4.5329565e-01  1.4815664e+00  1.2866611e+00 -1.7948809e+00
  1.5309144e+00 -3.5132998e-01  5.1512533e-01 -2.1031227e+00
  2.0853701e+00  8.0669069e-01 -9.2784530e-01 -1.4525284e+00
  1.5014387e+00  7.7865505e-01  6.2470996e-01  1.4063100e+00
  1.7799283e+00  2.4067428e+00  1.2428529e+00 -5.7066351e-01
  2.4162443e+00 -1.7449619e+00 -2.0295908e-01 -9.0170467e-01
  3.2573104e-02  9.3258105e-02  4.8991904e-01  3.1117723e+00
 -9.5625132e-01 -3.0881464e-03  6.6522378e-01  1.3467646e+00
 -7.8203684e-01 -1.2555081e+00  7.2511739e-01  2.1347533e-01
  1.7345467e-01  2.2203732e+00  1.2184054e+00 -6.9477278e-01
 -2.0974309e+00  2.0686879e+00 -1.1564754e+00  1.4880991e+00
  3.2028525e+00  2.5052407e-01 -7.3762834e-01  1.8308201e+00
  5.6536245e-01 -2.0858565e-01  1.6226635e+00  7.9431278e-01
  1.8810787e+00  1.1858752e+00  1.6023726e+00 -1.3025561e-01
  1.3512983e+00  6.3976955e-01 -6.8505055e-01  1.8363448e-02]