[[-1.28254533  1.24553705 -0.07110116  1.16604354  1.47571467  1.19506945
   1.81175236  0.9920988  -2.28790118  0.55146177  1.11070412  1.89289999
  -0.08547119 -1.25433235 -0.20779235  0.37555353 -0.59221235  0.35767531
  -0.88277943  2.17602118  1.09442645  2.7441018   0.44984766  0.44744882
  -1.07500703 -1.36177941 -0.42988827  2.51626299  0.53271886 -0.61091412
   1.57073352  0.34416886  0.65871117 -0.51184354  2.11518296  1.53296941
  -0.45049944  0.83795297 -3.27320475  0.3703747  -1.86885475 -0.55692177
   0.47337765  0.3943147   0.96108118  1.55615531 -1.35351766 -2.22514704
  -0.54396939 -0.58086467  0.35436409  1.43411646  0.1426341   1.34080527
  -1.0897288   1.09909351  0.41991119  0.45405766  1.73280175  1.26899881
   0.5516      0.79306765  1.56248355 -2.32781941  0.55905295  0.63838767
  -0.48737292  0.90691352  1.19322001  0.67273001  2.54983001 -1.50752702
   0.85328175  2.17550464 -0.51389706  1.04348473  1.11073943  0.58025293
  -0.78840707 -2.03244949 -0.10176059 -1.1050853  -2.07937175 -1.24699766
   0.75328999  1.76892762 -1.53636064  0.37348529  0.41025532  1.16005526
   0.7682612  -0.24821469  0.62180585  0.61181471  0.17378118 -0.13641296
  -0.52875704 -1.19475766 -0.00478646  1.32444589  1.69863764 -0.81406594
   0.89863586  1.36049474  0.90788058  0.22813414 -0.63997765 -0.11019177
  -0.43379771  1.73230764  0.30846998 -2.57598593 -0.21916411  1.14268057
  -0.06928056 -1.34653882  0.75681706  0.65344352  0.10955352  0.1852
   2.29150588 -0.92777467  0.96290588  3.06367117 -2.4598559  -2.82388532
  -1.93965054  0.29176294 -0.90243062 -1.59603945  0.29445589 -0.79598648
  -1.27396061 -0.11702409  0.31328707  1.47321822 -0.10729883  0.84631942
   1.13617881  0.21078823 -0.05909823  0.63576822  0.11978824 -2.21298589
   1.58680646 -0.62163003  0.58836885 -2.42554884  1.29677411  0.47020117
  -0.87256354 -0.55969295  2.06996705  0.61406648  0.38662058  0.31074647
   1.30040528  2.68409826  1.93306414 -0.73448647  0.84986119 -2.5104941
  -0.69335468 -0.59223351  0.32366177 -1.01066293  0.24795176  3.75719941
  -1.16621469  1.1037006  -0.03691883  0.0744694  -0.50907647 -1.0615241
   0.29990998 -0.21025588  0.6557594   1.27969765  0.71808884 -1.12497351
  -3.48722066  1.31224942  0.02305822  1.47563176  2.3570606   1.28699529
  -0.6817412   0.59407471  0.50844827 -0.8369394   0.95519528  0.71672351
   2.38158292  0.86078585  1.97246884 -0.78582177  0.54898883 -0.31520822
  -0.07970352  0.56487939]]