[[-0.15575215  1.23633972 -0.23411813  0.81082044  0.84141356 -0.35866012
   0.37057114  0.203155   -1.81978785  1.045817    0.29764143  2.33285927
  -0.86684329 -2.34200029  0.092918    0.18905029 -0.61285728  0.41243243
  -1.1792523   1.28242144 -0.19884029  2.75131555 -0.59363571 -0.17743329
  -0.68595986 -1.26242259  0.7316743   2.39355644 -0.33588872 -0.77030687
   0.49308343 -0.9380977  -1.14664186 -0.06112044  2.39413556  1.47669086
  -0.73408786  0.18821658 -1.59164199  0.56681728 -2.03213359 -0.8963313
   1.59951443 -0.77081129  0.76116671  1.13547943 -0.58011901 -0.56777645
   0.25043257  0.51074685  0.341301    0.03322442 -0.16450771  1.79637084
  -1.20226429  1.0014454  -0.20857571  0.10202373  0.99123629  1.02071343
  -0.68117743  1.58386799  0.39674014 -1.23517514  0.96346858  0.77244172
   0.39965199  0.966613    1.21668042  0.34005971  1.23144417 -0.82898401
   0.860001    0.94599715 -1.24349344  0.85935771  1.19968271  0.45078314
  -1.29612244 -0.60666486 -0.24951586 -1.10353428 -0.48180229 -0.97131001
   0.56335042  2.74127028 -1.2188404   1.07813569  0.86476657  1.12735773
   0.73741113 -0.02907843  1.22519702 -0.07142398  0.0272953  -0.02812199
  -0.39812501 -0.85204642 -0.12177101  0.68103928  0.60127043 -1.67341714
   2.01127558  1.45715728  0.97931429  1.08530214 -0.44651357  0.08015257
  -1.33399557  1.49369542 -0.02212344 -1.04478072 -1.30126014  0.66780457
   0.29868943 -2.09252057  0.70152456  0.39647828  0.29618299 -0.25428885
   1.30500599 -1.21276828  1.45164714  1.71813214 -0.81697186 -2.26702302
  -0.44313258 -0.67807915 -0.16414384 -1.435684    0.39040312 -1.54664312
  -0.89995413  0.89019373 -0.25109329  0.59706356 -0.92210243  1.17598643
   1.48891198  0.39938856 -0.23243999  1.65943743  0.51471344 -1.42093742
   1.22876871 -0.30313227  0.44123828 -1.62928771  1.17832771 -0.28326128
  -0.673245   -1.36131     1.03029228  0.51958844  0.45624428  0.41960401
   0.93270472  1.55021184  1.55793356 -0.59624102  2.3036016  -1.904344
  -0.30767429 -0.52105827 -0.14077029  0.10284128  0.47090455  2.82380113
  -1.21738673  0.36190857  0.293123    0.58717099 -1.18205743 -1.17751016
   0.70820872 -0.02171843 -0.2602297   0.791546    1.25532915 -0.48341401
  -2.44237114  1.49098671 -0.8428503   1.61820528  2.67356558  0.298542
   0.07102772  1.03391928  0.32307643 -0.23660358  1.22430829  0.59071585
   1.66600872  0.64213843  0.90590229  0.44412301  0.65093658  0.46454373
  -0.60222572 -0.15158901]]