[[ 0.01354269  1.19918218  0.15115398  0.89560667  1.05450743  0.53775835
   0.52656384 -0.37314513 -1.6021109   0.64864883  0.32760014  2.21368859
  -0.9488355  -2.99171322 -0.13193129 -0.02521411 -0.60769717 -0.32534769
  -1.73656179  1.2402518  -0.11784027  2.6945805  -1.16679488 -0.26272219
  -0.70292475 -1.14400268  1.00569936  2.31992051 -0.6251586  -1.10675219
   0.47607525 -0.76653217 -0.51156642 -0.35369461  2.27579347  1.71571604
  -1.28413065 -0.02260692 -1.49614679  0.32444064 -2.2969254  -1.35734849
   1.33022808 -0.25065294  0.96330127  1.33012038 -0.69311064 -0.70575602
   0.28064834  0.54108205  0.09814629  0.53702794 -0.19113103  1.36405692
  -1.03993896  1.31275935 -0.30075193  0.22968834  0.14119846  1.7135941
  -0.08733897  1.14613513  0.34113564 -1.17129077  0.58860616  0.4683468
   0.35021218  0.77523819  0.70837103 -0.35592909  1.67583103 -1.17682577
   0.92539538  1.25695423 -1.3607813   0.99698282  1.53949962  0.33045345
  -1.40655744  0.00877602 -0.4116836  -0.89506219 -0.5384077  -1.3865028
   0.84874717  2.55557372 -0.93133269  1.08529204  1.05197489  0.88953822
   0.26751423  0.57035308  1.38083294 -0.16455396 -0.19756576 -0.49574077
  -0.63460616 -1.04930023 -0.6174432   1.18219809  0.9355586  -1.77752589
   2.37511498  1.17591155  0.85822206  0.62925642 -0.36259295  0.22931229
  -1.48849949  1.52946052  0.51428859 -1.39130127 -1.30432973  0.9938218
   0.33018513 -1.73387012  0.69207435  0.65601602  0.69688268  0.44532256
   1.27895322 -1.89248808  1.60593219  1.36590922 -1.13438692 -1.95197603
  -1.40969717 -0.59449604  0.03113758 -0.87200461  0.57287871 -1.35535333
  -0.63244718  1.21387743 -0.00540526  0.49936795 -0.85532873  1.52073412
   0.77752179  0.70152102 -0.13067244  1.57760629  1.00527473 -1.96353462
   1.45802231 -0.61514602  0.38077525 -2.26244217  1.529185   -0.03811884
  -0.12640552 -0.63679577  0.92873115  0.88040154  0.22981025 -0.16103693
   0.74209422  2.07852869  1.54152936 -0.42015499  2.52996217 -1.91965166
  -0.68957037 -0.77299807 -0.08695936 -0.11099193  0.26437936  2.87154064
  -1.26083551  0.82467808  0.7858332   0.92495177 -0.49499089 -0.8739573
   0.32483641  0.10096514 -0.22022114  0.89928308  1.05287206 -0.22587
  -2.49439321  1.06614283 -0.25138783  1.45595358  2.5140105   0.62632617
  -0.38921654  0.8098282   0.34727013 -0.1966446   1.38666769 -0.04257835
   1.37143423  0.95352411  0.93855678 -0.05276846  0.55768538  0.46667641
  -0.95458754 -0.07957666]]