[[-0.73323519  1.00418206 -0.126845    0.80374792  1.17380952 -0.00810623
   0.54751353  0.3176452  -1.25360834  0.44888478  0.32051436  1.76318809
  -0.85880606 -2.31633229  0.15446168 -0.13943043 -0.73688994  0.36923187
  -1.6069239   1.44743789 -0.24409498  2.0974604  -0.86491687  0.28791688
  -0.72594874 -1.010866    0.74218732  2.09616584 -0.42583915 -0.92203211
   0.19295313 -0.77326022 -0.43062252  0.55908395  2.18993744  1.90705643
  -0.82626521  0.2444448  -2.08603611  0.5341773  -1.94027624 -1.40714712
   1.55287874 -0.36786708  1.08295898  0.91906021 -0.60916461 -0.72297146
   0.24724689  0.77022026  0.89056062  0.43241061 -0.25053979  1.54820185
  -0.73954541  1.340986   -0.26924021  0.32339294  0.66363287  1.07842877
   0.10306501  1.20202293  0.33277686 -1.39294891  0.77059978  0.62341145
  -0.06052396  1.29901877  0.71297253 -0.04298583  1.4932631  -1.04899587
   0.89698101  0.86939941 -1.54376439  1.12482209  1.30134851  0.68768728
  -1.18644855 -0.63563293 -0.61876768 -1.02590088 -0.57047419 -1.37950335
   0.27870772  2.49208138 -1.56556956  0.81192211  0.82443458  1.25652934
   0.86328418  0.55837899  0.86988353  0.18352103  0.19325918 -0.20736482
  -0.36281582 -0.40509853  0.07426354  0.6290685   0.74193537 -1.74136065
   1.65967791  1.32684353  0.98284457  0.76572521 -0.67756729  0.46569606
  -1.46630578  2.18411026 -0.55402291 -1.44878144 -1.58583501  1.16192629
   0.43658461 -2.31045917  1.00069666  0.66187041  0.42662626  0.24426729
   0.92784351 -1.19762958  1.27551668  1.57214391 -0.74446458 -2.2379436
  -1.01606661 -0.6390752  -0.18176334 -1.04975516  0.80699247 -1.30346392
  -0.23818479  0.40749352 -0.44629146  0.69378461 -0.20008354  1.69916172
   1.52009722  0.86754122 -0.24457456  1.52821312  1.15293602 -1.81626449
   1.48109832 -0.2570077   0.47549146 -1.5113352   1.74422003  0.21791732
  -0.51284439 -1.19883772  1.17209952  0.92214792  0.59022454  0.45790459
   1.2610138   1.78654625  1.10373523 -0.34058457  2.36710518 -2.16852185
  -0.77694797 -0.91882415  0.30610561 -0.05863103  0.51296831  3.06553908
  -0.70404146  0.72370709  0.82791793  1.09683206 -0.77820064 -1.31432687
   0.13506751  0.24960979 -0.34095333  1.02251063  1.82317292 -0.38575042
  -2.26612735  1.30135436 -0.57300041  1.24426126  3.09440063  0.18160209
   0.13600811  1.45550045  0.53372042  0.03264271  1.64766999  0.6285125
   1.73502312  0.4057525   1.63677394 -0.08040792  0.48189916  0.2484752
  -0.57127623 -0.10997313]]