[[ 0.11623001  1.08952902 -0.59649093  0.77550016  1.11858631 -0.13547601
   0.45458231  0.67750769 -1.4404409   0.34715062  0.76559382  2.31132038
  -0.55357821 -2.01499963  0.13348278  0.26203806 -0.64095957 -0.41917856
  -1.08365909  1.59229467 -0.24115602  2.27222923 -0.55442632  0.03956249
  -0.70078222 -0.40815275  0.4907566   2.43579807 -0.8911445  -0.67055173
   0.41091219 -0.77005109 -0.43591538  0.34051092  2.5674433   1.44003204
  -1.27885604 -0.01868216 -1.86393707  0.49142074 -1.92362585 -1.02911426
   1.37151622 -0.75952968  1.20172691  1.46355968 -0.90073443 -0.36040452
  -0.41749294  0.81144876  0.19463631  0.426332   -0.1870297   1.18108673
  -0.93344241  1.59773287 -0.26695584  0.28084183  1.04573721  0.56964
  -0.41280632  1.55396519  0.38930675 -1.49263268  1.02786235  0.3904957
  -0.00388891  1.07732614  1.17567109  0.20450185  1.90029693 -0.70922387
   0.64283538  1.26889666 -1.27573671  1.15883522  1.50942681  0.04556247
  -1.92868769 -0.70047218 -0.14176968 -0.78288263 -0.73903365 -1.31492975
   0.56206663  3.18185636 -1.45368765 -0.08705539  0.57531892  0.62684418
   1.11613004 -0.10133324  0.82654232  0.62406143  0.04672571 -0.27159739
  -0.43151758 -0.90848265  0.20222108  0.83917705  1.20520637 -1.49337051
   2.11518708  0.79869451  0.74814186  1.43573077 -0.78563276  0.08952769
  -1.05998291  1.53824407  0.08498598 -1.08887455 -1.98595261  0.81509618
  -0.0305169  -2.50257551  0.9312603   0.60585003  0.15324201  0.50211629
   1.15168091 -1.51765954  1.48479274  1.70887774 -1.1324747  -2.540248
  -0.72662541 -0.46237001  0.57173369 -1.44353016  0.58492799 -1.304893
  -0.58012416  0.19838014 -1.12229822  0.56278232 -0.44131999  1.14773131
   1.18779956  0.4973191  -0.11499154  1.23755305  1.2367793  -1.32974433
   1.37356111 -0.19396154  0.41925615 -1.64619277  1.92008391  0.20240817
  -0.84054246 -0.95078999  1.04374281  0.70241681  0.08032935  0.75476662
   1.18423001  1.62496695  1.69327313 -0.35094629  1.98118333 -1.83679842
  -0.20889338 -0.93147551 -0.15535723  0.24410585  0.10722308  2.78665126
  -1.11716638  0.58281401  0.61557753  1.15739583 -0.92028753 -0.7385023
   0.3952081   0.31703741 -0.83848371  1.24910523  1.33546306 -0.43910234
  -2.33756821  1.43010246 -0.67300816  1.41109494  2.91286122  0.50192387
  -0.19065783  1.43981274 -0.1549223  -0.16955906  1.67528935  0.30596139
   1.75409821  1.16459564  1.54301017 -0.04563277  0.52012217  0.72904169
  -0.63834815 -0.62517751]]