[[-6.44946003e-01  1.56401500e+00 -3.10246616e-01  9.13985232e-01
   1.11708174e+00 -4.81856183e-01  1.02432342e+00  1.00766002e-02
  -1.45716049e+00  4.11064395e-01  3.02360393e-01  2.00370254e+00
  -1.08855383e+00 -2.05635942e+00  1.81551960e-02 -1.41164217e-01
  -9.78964216e-01 -6.05878288e-02 -1.62037846e+00  1.25851635e+00
   4.09024052e-01  2.08739240e+00 -8.31216599e-01  1.29306005e-01
  -7.64059590e-01 -8.70765637e-01  8.36338402e-01  2.04623384e+00
  -6.08603758e-01 -5.14465603e-01  4.40071794e-01 -7.77077591e-01
  -1.22966563e+00  3.03998414e-01  2.71522069e+00  1.41108921e+00
  -1.03617562e+00  7.35933774e-01 -2.10353897e+00  1.19242398e-01
  -2.03573735e+00 -1.24891056e+00  1.41848036e+00 -5.38790594e-01
   1.06231555e+00  1.10662757e+00 -4.68515607e-01 -1.11244394e-01
  -4.76428056e-02  8.99083596e-01  3.02099802e-01  1.70462983e-01
  -2.32309782e-01  1.28622087e+00 -8.64116002e-01  1.60021223e+00
   1.27796610e-01  6.35054061e-02  1.15789017e+00  1.16662430e+00
  -6.42032799e-01  1.25936617e+00  4.42028527e-01 -1.72308827e+00
   8.48573398e-01  1.61183776e-01  1.73070604e-01  1.05761702e+00
   7.85769786e-01  2.30739325e-03  1.67632737e+00 -1.07375156e+00
   4.96501203e-01  1.46950542e+00 -1.15291838e+00  9.70047593e-01
   1.27278919e+00  5.77026063e-02 -1.39396787e+00 -3.62350772e-01
  -6.19414816e-01 -8.28117019e-01 -7.17270418e-01 -1.41343804e+00
   8.42734976e-01  2.62836978e+00 -1.19600859e+00  8.62030543e-01
   6.56559598e-01  5.29187802e-01  1.02427057e+00  4.51129200e-01
   6.62570179e-01  2.06604833e-01 -2.81912608e-01 -7.67939370e-01
  -4.64267430e-01 -4.45758225e-01 -1.14574194e-01  7.83570033e-01
   1.17615278e+00 -1.54977574e+00  1.75551937e+00  1.32476741e+00
   1.14080073e+00  7.74261217e-01 -3.40528399e-01  6.33356788e-01
  -1.40358716e+00  1.65349344e+00 -3.76336037e-01 -1.62347868e+00
  -1.29886398e+00  4.42629820e-01  6.14391458e-01 -2.14019337e+00
   5.45859600e-01  3.12474811e-01  6.37475988e-01  5.35856806e-01
   8.75152784e-01 -1.13650118e+00  1.52287604e+00  1.49303493e+00
  -9.08648012e-01 -2.13033663e+00 -6.96182395e-01 -7.39360219e-01
  -3.39593392e-01 -1.01277642e+00  1.06291732e+00 -1.57196224e+00
  -3.30859020e-01  9.65846400e-01 -3.48968989e-01  4.35665172e-01
  -4.78603977e-02  1.59282717e+00  1.43902641e+00  5.84797795e-01
  -3.98609821e-01  1.55606641e+00  6.69226581e-01 -1.65507777e+00
   1.94396956e+00 -4.91000418e-01  6.77842404e-01 -1.77368861e+00
   1.63789339e+00 -1.59022995e-01 -5.14961610e-01 -9.62707788e-01
   9.95231813e-01  8.52951450e-01  4.60293392e-01  6.41428823e-01
   1.19944408e+00  1.86356224e+00  1.17815577e+00 -1.39297428e-01
   1.95467757e+00 -1.54827358e+00 -2.78156231e-01 -6.86871199e-01
   8.09599888e-02 -1.91519208e-01  3.27013800e-01  2.76132522e+00
  -6.99659204e-01  5.40748400e-01  1.30309792e-01  1.23665818e+00
  -1.44573941e+00 -8.16903020e-01  4.86290574e-01 -6.93356019e-02
  -1.12449410e-01  8.57294406e-01  9.20580798e-01 -3.99264008e-01
  -2.27625100e+00  9.56361993e-01 -3.55193839e-01  1.29702840e+00
   3.04139628e+00  4.21773809e-01 -2.70151610e-01  1.36081579e+00
   3.02616598e-01 -4.23284617e-01  1.44795220e+00  3.00634000e-01
   2.04969536e+00  5.07280807e-01  1.51508955e+00 -1.97225797e-01
   7.59492196e-01  2.49950824e-01 -8.40751236e-01 -3.47929404e-01]]