[[-0.63723254  0.4751262   0.11947676  1.30072999  1.00231097 -0.40930871
   1.11805777 -0.09737817 -1.3644514  -0.23339522  0.49874705  2.08259508
  -0.7960062  -2.36232192  0.10139014  0.19374028 -0.99703087  0.13575718
  -1.11110242  1.10399044  0.12401958  2.37912547 -0.96414057  0.45040929
  -0.50494775 -0.94855972  0.6116807   2.04139552 -0.10924887 -1.37189366
   0.68847861 -0.47355266 -1.03412271 -0.18157648  2.49847916  1.33643252
  -1.28843787  0.03970916 -1.49859832  0.37266112 -1.89137166 -0.8875617
   1.64636435 -0.9381983   1.27626999  1.46944803 -0.28028493 -0.27380212
  -0.35897973  0.66215324  0.14325479  0.35974832  0.14517988  1.68639846
  -0.90648831  1.77235861 -0.22427014  0.28217224  0.74887493  1.7116537
  -0.36818676  0.90884762  0.00938211 -1.01729931  0.45706815  0.5590324
   0.80430126  0.95945438  0.74361253 -0.2882962   1.38737128 -1.5150351
   0.64593718  1.13952252 -1.30963226  1.26445423  0.95039901  0.04658775
  -1.12517594 -0.19584169 -0.17788157 -1.12334635 -0.46886057 -1.30651338
   0.57318295  2.11588642 -0.88164789  0.56409295  0.24464     0.63293647
   0.82532368  0.51623058  0.5834086   0.22716199  0.0216086  -0.5523731
  -0.45691705 -0.74618804  0.08650578  0.52825832  0.5680031  -1.59129945
   2.13186845  1.19252494  0.70456071  0.48503802 -0.39051199  0.0579876
  -1.71762927  1.56650549  0.34575549 -1.02523464 -1.58590281  0.45900395
   0.62658521 -2.09147815  0.65279633  0.3712538   0.6136203   0.16608901
   1.02956519 -1.42194494  1.43693762  1.78683719 -0.86429986 -1.60095692
  -1.11122227 -0.28642127 -0.17906605 -1.29332478  0.62867846 -1.4707952
  -0.53868817  1.18226154 -0.2695879   0.10406479 -0.92999112  1.11714113
   1.61370415  0.02737886 -0.17643887  0.98754635  0.70487549 -1.27088534
   1.11665704 -0.34336861  0.45351043 -1.28660816  0.90373494  0.39178352
  -0.22088436 -1.00359898  1.12142368  0.94555408 -0.10455704  0.36275676
   0.96951678  2.04328143  0.70138816 -0.68837027  2.03077609 -1.63990663
  -0.85639719 -0.53135676 -0.20782479  0.15957309  0.42885689  2.85876418
  -0.50296958  0.68562282  0.4451162   0.72262254 -0.8889127  -1.15931197
   0.27356424  0.09241648  0.11440649  0.91982607  1.02373677 -0.16210578
  -2.12818323  1.35140679 -0.6667952   1.75574466  2.80462124  0.34689929
  -0.22492466  0.98519662  0.26564381 -0.13339522  1.25110196  0.24677212
   1.23936409  0.76171817  1.61796383 -0.52719241  0.40611282  0.52428001
  -0.61900647 -0.14949449]]