[[-0.24878134  0.71591528 -0.05301226  1.00086885  1.43075105 -0.07542433
   1.08534652  0.15581909 -1.82219622  0.45424457  0.62568655  2.49798796
  -0.65588021 -3.0389443   0.14001956 -0.08709413 -0.84621107 -0.11217133
  -1.08049717  1.60268301 -0.20869795  2.82757278 -0.86210197 -0.43366612
  -0.53511295 -0.48465495  0.12875408  2.41520396 -0.81280488 -0.98251907
   1.11795534 -0.79954665 -1.35626691 -0.44639384  2.75501063  1.35031635
  -1.09254871  0.3072966  -1.58147594 -0.05872748 -2.13175779 -0.96750157
   2.05759716 -1.0247318   1.168487    1.17484454 -0.57290176 -0.92561273
  -0.02305886  1.05505039  0.46875386  0.69446884 -0.01131909  1.31270207
  -1.12394752  1.59083007 -0.42999141  0.24454813  0.6915775   1.06571454
  -0.57145284  0.77660382 -0.33072367 -1.20009734  0.79949836  0.85416634
   0.62877916  1.03378813  0.80901521 -0.48905771  1.46553859 -0.53829343
   0.42583884  1.49236727 -1.28022347  0.92651735  1.70203123 -0.32766112
  -1.6789475  -0.83804542 -0.75128662 -1.11848946 -0.54951617 -1.08530718
   0.61031662  2.43680776 -1.18695103  1.00399292  0.75041051  0.60875295
   0.83508909  0.1065118   0.91316591  0.53232432  0.34767044 -0.5672982
  -0.61741686 -1.75720111 -0.12382023  0.18945474  0.7024902  -1.01425316
   2.01385551  1.12520409  0.73143883  1.5356223  -0.53988202  0.3809736
  -1.83248902  1.87867106  0.06982863 -1.20106116 -1.34332422  0.44333635
   0.82341139 -2.29261382  0.55954294  1.02396435  0.4390309  -0.49374888
   1.90067274 -1.40317082  1.61279013  2.40108809 -1.33278615 -1.9168362
  -0.99995926 -0.70924271  0.13398201 -1.60954429  0.34799118 -1.13159562
  -0.80399201  1.19425201 -0.03164771  0.78675362 -0.18990545  0.91878747
   1.63265847  0.34565407  0.29279499  1.63010833  0.09274161 -1.54569097
   1.06116668 -0.46598296  0.38842567 -1.96270625  1.24713733  0.1875416
  -0.65787746 -1.2590403   1.31925484  0.68590655  0.43164096  1.18500064
   0.7483266   1.96731617  1.62456598 -0.39485478  2.48782648 -2.39691152
  -0.93942007 -0.840962   -0.18701479 -0.01858249  0.10931885  3.43104466
  -1.01909294  0.3735473   1.04969115  1.20774977 -0.93596995 -1.28928883
   0.43554543  0.03927025 -0.27893548  1.46029118  1.22754661 -0.18134437
  -2.1248087   1.71280117 -0.38201411  1.74351676  2.95683991  0.4690032
   0.05365456  1.59253166  0.77447501  0.02376821  1.40557855  0.47604709
   1.44412563  1.06720129  1.19227344  0.2386239   0.54613346  1.00935981
  -0.70184022  0.29086319]]