[[-0.5436055   0.64251613 -0.25375421  0.80067347  1.19042091 -0.44347062
   1.00416071  0.60946002 -1.38957288  0.38711964  0.13226096  2.61809977
  -0.74410349 -2.48038523  0.66747386  0.06112708 -0.97126001  0.33934742
  -1.00027389  1.88426579  0.02733066  2.89051349 -0.65655803 -0.45270777
  -0.40837224 -0.17320932  0.71174253  2.52648547 -0.77269161 -0.83192
   0.42325936 -1.16086189 -1.18708026  0.44669099  2.63070992  1.72042636
  -0.89369065 -0.14385711 -1.893142    0.32491062 -1.72658095 -1.01045482
   2.13409926 -1.37687253  1.25198619  0.8142277  -0.27697232 -0.38208837
   0.05605927  1.22741799  0.06544871 -0.25115095 -0.30711738  1.58113155
  -1.10447446  1.12022868 -0.31027062  0.02748196  1.15097524  0.96306786
  -0.42462225  1.43013859  0.2746077  -1.16614365  0.76578194  0.36585418
   0.97100226  1.53809669  1.18735715  0.14474486  1.9737499  -1.4811115
   0.59253384  1.62261505 -1.11501456  1.86511613  1.48005067  0.14767774
  -1.77672163 -0.84974446 -0.46383741 -1.57967393 -0.21586387 -0.93024644
   1.08840802  3.35391085 -0.72638418  0.36479774  0.6647442   0.83240552
   0.71889481 -0.31086908  1.46845093 -0.37544583  0.25765293 -0.40574452
  -1.22521911 -0.86096317  0.18557418  1.0494597   0.88510745 -1.49408806
   2.38767533  1.35951103  1.15850459  1.77687191 -0.40843138 -0.40702455
  -0.45922676  0.79517901 -0.32027807 -1.17619763 -1.26658807  0.66799355
  -0.13317938 -2.53449002  1.84738787  0.04004162  0.63999195 -0.05548422
   1.95146674 -1.18877813  1.57434172  2.05988247 -1.19518647 -2.02178541
  -0.41232676 -0.27182709  0.32987065 -1.71336739  0.32369356 -1.84571097
  -0.77597491  0.87351583 -0.25134452  1.09639774 -0.82359773  0.95627646
   0.96918223  0.2797797   0.03675423  1.28679325  1.03371776 -1.42102112
   1.05052271 -0.33732322  0.99240673 -1.26729766  1.36501777  0.16571773
  -0.42656776 -0.80948031  1.53136678  0.63227517 -0.69282259  0.81602875
   1.14005583  1.28211836  0.94688023 -0.74536934  2.13850079 -2.23296356
  -0.78696455 -1.21319261 -0.13717775 -0.70069554  0.4280987   2.83033285
  -0.60881937  0.08415774  1.02228041  0.95129252 -0.43402378 -0.89834392
   1.28704603 -0.02148032 -0.44882386  1.66353604  0.9830115  -0.57484934
  -2.48849197  1.4453565  -0.91826994  2.01337064  3.09135403  0.41779769
   0.2548761   1.82235084  0.29826394  0.35702324  2.48321442  0.53053681
   1.92138672  1.29331129  0.57886386  0.49541453  0.60145421  0.95577163
  -0.23293771  0.09445877]]