[-7.00506628e-01  8.11659932e-01 -1.28031671e+00  6.64128780e-01
  1.34238887e+00  1.02059662e+00  9.87402201e-01  1.76223353e-01
 -1.69558775e+00  5.63140035e-01  8.72602224e-01  1.77117777e+00
 -9.32254493e-01 -2.73443222e+00  2.38665612e-03  2.91756690e-01
 -5.80774426e-01  5.18548906e-01 -1.46011436e+00  2.06594634e+00
 -1.03865206e+00  3.42543459e+00 -2.45941103e-01  2.17091098e-01
 -3.94298911e-01 -1.14488566e+00  8.43987763e-01  2.93384314e+00
 -9.74947810e-01 -8.05188894e-01  1.62146771e+00 -8.95084381e-01
 -7.67939985e-01  3.72122198e-01  3.75626373e+00  2.25335884e+00
 -1.35663009e+00  8.15296769e-01 -2.94182444e+00  1.91008881e-01
 -2.75914812e+00 -2.01400995e+00  2.37715340e+00 -1.28916323e+00
  1.44203234e+00  1.48557115e+00 -1.07021439e+00 -6.17252111e-01
  9.67354476e-01  1.38319337e+00 -4.71521109e-01  9.83723342e-01
  7.87398815e-01  1.50509357e+00 -1.03456330e+00  1.71110678e+00
 -1.43191084e-01  7.12162197e-01  1.13163996e+00  9.56557810e-01
 -1.37869924e-01  7.12027729e-01  9.36428905e-01 -1.76019669e+00
  6.85875595e-01  4.07278895e-01  5.24844408e-01  2.05401230e+00
  2.33733341e-01  3.05645555e-01  2.47069669e+00 -2.35816550e+00
  1.53609335e+00  1.95301223e+00 -2.05723333e+00  9.72510040e-01
  1.83585119e+00 -4.62563396e-01 -1.70428014e+00 -4.58111241e-02
 -1.59882021e+00 -1.56901670e+00 -3.82880062e-01 -2.66318107e+00
  1.81255555e+00  3.25090551e+00 -1.20701993e+00  5.86971045e-01
  1.17821896e+00 -7.00530052e-01  7.67871141e-01  3.86728883e-01
 -4.71670087e-03  6.75945520e-01  3.67827773e-01 -8.01327765e-01
 -1.19861782e+00 -1.32019556e+00 -9.88888890e-02  1.04289675e+00
  4.46196675e-01 -1.14867103e+00  3.62710786e+00  1.00975335e+00
  1.39362764e+00  9.29075539e-01  5.61634481e-01  7.06348896e-01
 -2.14161110e+00  2.73630667e+00  1.07010329e+00 -2.42195225e+00
 -2.69390464e+00  8.98911059e-01  4.60454464e-01 -2.45829439e+00
  1.69073772e+00  4.68401104e-01  6.40321076e-01  5.91887712e-01
  1.86017013e+00 -1.27784443e+00  2.37092018e+00  2.72858572e+00
 -4.94216651e-01 -2.50455785e+00 -1.49305439e+00  6.65035486e-01
 -5.97599894e-02 -1.95239556e+00 -7.72333294e-02 -1.40739214e+00
 -5.70818841e-01 -5.56488559e-02 -3.26713324e-01 -2.65289992e-01
 -4.25117761e-01  5.50146759e-01  1.86075342e+00  7.94870019e-01
 -2.59348869e-01  1.90127230e+00  1.55892897e+00 -5.71586668e-01
  1.96444106e+00 -9.14063215e-01  6.32070005e-01 -2.69495893e+00
  1.60310674e+00  2.93829978e-01 -1.46136332e+00 -3.74176763e-02
  1.37872660e+00  2.08227324e+00 -3.86813253e-01 -1.65635541e-01
  1.03447223e+00  2.24696112e+00  1.98445785e+00 -3.71855617e-01
  2.32369757e+00 -3.49040413e+00 -1.15659666e+00 -1.48402452e+00
 -5.04984438e-01  8.47097754e-01 -2.51293272e-01  3.50734019e+00
 -1.66749895e+00  7.66842186e-01  1.03427339e+00  1.20004666e+00
  5.81944771e-02 -1.44501436e+00  4.02846605e-01  5.20944372e-02
 -4.27322149e-01  2.38631114e-01  8.99560094e-01  2.01782227e-01
 -3.86853576e+00  1.98737550e+00 -1.22125521e-01  1.25911224e+00
  3.03419113e+00  3.62601131e-01 -4.61585581e-01  1.23238993e+00
  9.76228952e-01 -6.68153346e-01  2.45287228e+00  1.13305554e-01
  1.97113752e+00  1.42723775e+00  1.92619109e+00 -9.79115605e-01
  3.80859971e-01 -9.19033661e-02 -8.73274386e-01 -8.02826643e-01]