[ 5.7557774e-01  1.0218611e+00  8.0105994e-04  1.2343132e+00
  1.4379324e+00 -1.2984767e+00  1.0052000e+00  5.7199997e-01
 -2.0208144e+00  5.7988781e-01  8.9170009e-02  2.4077301e+00
 -6.7780781e-01 -2.3479066e+00 -7.7747107e-01 -3.7971893e-01
 -3.5401556e-01 -2.3947337e-01 -1.5899322e+00  2.2502179e+00
 -1.0192667e-01  2.7562056e+00  2.0999664e-01 -9.2402661e-01
 -1.0891721e+00 -1.5144001e-01  1.5824065e+00  2.2556477e+00
 -9.7813338e-02 -1.1287179e+00  1.8763781e-01  4.4770443e-01
 -1.1253256e+00 -3.5585999e-01  2.8127713e+00  1.1204790e+00
 -1.4920355e+00 -1.0792667e+00 -2.2014055e+00 -4.1056997e-01
 -8.8737226e-01 -7.2945112e-01  2.2948024e+00 -7.4077773e-01
  8.3401000e-01  1.0891457e+00 -1.0742366e+00  4.4231778e-01
 -2.8685889e-01 -7.7580214e-01  1.4046288e+00 -1.9388229e-01
  2.6727778e-01  1.0965689e+00 -1.8648000e+00  7.0065892e-01
 -4.3637779e-01 -4.1849667e-01  1.0228190e+00  1.7764112e+00
 -1.0556043e+00  1.7024300e+00 -2.0587802e-02 -1.5114099e+00
  1.6463844e+00  1.0605744e+00  7.1605557e-01  1.1425122e+00
  6.4154220e-01  2.4107668e-01  1.2644831e+00 -4.2204669e-01
 -1.8469112e-01  2.3528166e+00 -1.4041289e+00  1.4362922e+00
  2.2639709e+00 -7.5301564e-01 -1.9941256e+00 -3.3830115e-01
 -1.1378167e+00 -6.0006332e-01 -1.4704100e+00 -1.0507112e+00
  1.3362823e+00  3.5343568e+00 -9.8737007e-01 -2.0605335e-01
  6.3032222e-01  6.0261780e-01  1.9930689e+00 -9.7303557e-01
  6.4943439e-01  8.5487223e-01  8.8429004e-01  2.8368109e-01
 -8.9484763e-01 -2.0081401e+00  4.3725336e-01  3.7991109e-01
 -5.3150666e-01 -1.3354689e+00  1.6660100e+00  1.4936155e+00
  1.5522845e+00  7.2680449e-01 -7.0207560e-01 -5.5132228e-01
 -9.2255890e-01  9.6853328e-01 -7.6982224e-01 -8.4829664e-01
 -8.0776447e-01  7.3363662e-01 -2.5588664e-01 -3.2233152e+00
  1.2246323e+00  2.8519216e-01 -3.3625668e-01 -1.5901883e-01
  1.9270456e+00  2.2121114e-01  1.6193243e+00  3.8417757e+00
 -6.6685998e-01 -2.5762012e+00 -9.6222889e-01 -1.7559767e+00
  4.6849665e-01 -1.0578020e+00 -1.9293332e-01 -2.1989834e+00
 -2.2808224e-01  4.1548783e-01 -7.2826445e-01 -3.5417563e-01
  1.3386912e+00  1.4484777e-01  3.1290677e+00  1.5403011e+00
  7.6363318e-02  2.4524708e+00  9.6681213e-01 -1.7387935e+00
  2.1741436e+00 -5.5266994e-01  4.8188999e-01 -5.8035553e-01
  1.3378966e+00 -3.8151109e-01 -9.1572106e-01 -1.2235445e+00
  2.5217345e+00  1.1801789e+00 -2.6639333e-01  6.8302226e-01
  2.4414647e+00  2.1180511e+00  1.7961524e+00 -2.3432524e+00
  3.7815464e+00 -2.2470443e+00 -2.5877228e-01 -1.4673822e+00
  7.5692672e-01 -4.8902220e-01  6.7851996e-01  2.6820090e+00
 -6.8806553e-01  5.6384343e-01  9.3526775e-01  2.4845955e+00
 -1.4090766e+00 -1.4576912e+00  7.6487988e-01 -2.3912247e-02
 -2.5258890e-01 -1.1741082e-02  1.8022012e+00  1.0639911e+00
 -3.2604322e+00 -7.0955623e-03 -4.1670001e-01  2.4408348e+00
  3.9960222e+00  1.6635121e+00 -3.7376553e-01  3.4234746e+00
 -4.8789003e-01  1.1829400e+00  1.4482855e+00 -3.1910113e-01
  1.9982588e+00  1.0103989e+00  2.0534258e+00 -6.7435449e-01
  9.1461003e-01  9.8037553e-01 -3.6273998e-01 -5.1530671e-01]