[[-0.43097279  0.87759588 -0.09566973  0.61588838  1.28849796  0.14937427
   0.7772666   0.60936846 -1.29112245  0.56089928  0.72172151  2.230116
  -0.89812424 -2.32995125  0.36300969 -0.16788498 -0.65448407  0.02293959
  -1.63202229  1.4881176   0.13217595  2.58647338 -0.95249803 -0.56351839
  -0.7795949  -0.84924617  0.82381927  2.28484558 -0.57517432 -0.9060204
   0.69609487 -0.43037008 -0.86794466 -0.02553371  2.4607698   1.75875748
  -0.62456847  0.19518715 -1.61461397  0.50832757 -2.27766547 -1.00186571
   1.42096776 -0.61631372  1.21855621  1.44731633 -1.03860507 -0.96617567
  -0.03833971  0.5058091   0.49576544  0.49839102  0.21281356  1.08991309
  -0.76903415  1.32604463 -0.11419044  0.44897002  0.41013143  1.06335811
  -0.24109742  0.96479649  0.43356085 -1.17404889  0.49965589  0.67195481
   0.15246743  1.10038535  0.78078704 -0.25928444  1.83665717 -0.78518829
   0.92902467  1.42289972 -1.6112507   0.98051325  1.28734169  0.33029826
  -1.42920795 -0.14820827 -0.50894177 -0.69672451 -1.01300284 -1.13379662
   0.66748037  2.11184173 -1.28912879  0.55139974  1.51762725  0.85026983
   0.32740999  0.72787645  0.5660552  -0.04529286  0.035796   -0.40695929
  -0.48655367 -1.10857541  0.12878172  0.82329772  0.98116438 -1.84272154
   1.90452842  1.57052705  0.48749124  0.69560236 -0.56637243  0.18437942
  -1.24215757  1.72191681  0.25446737 -1.34556638 -1.13304815  1.24262383
   0.3828678  -2.06932147  0.5714818   0.29940242  0.17282813  0.42782402
   1.71537634 -1.43569404  2.0454186   1.66849586 -0.36063419 -2.41641928
  -1.18094721 -0.87130019  0.02070398 -1.44674217  0.51364658 -1.23964274
  -0.79700313  0.69776765  0.1746713   0.36247227 -0.75136012  1.45790385
   0.95747843  0.51706968  0.22644986  1.29577779  1.12429344 -1.48104371
   1.4562603  -0.64338898  0.60721994 -1.87807706  1.44269716  0.18519886
  -0.17384887 -0.68054411  1.013211    0.65749734  0.30996244  0.42750399
   1.22692496  2.03259254  1.37992847 -0.61557285  2.02907168 -2.28835936
  -1.03925586 -0.87554337  0.38438514  0.075247    0.43569775  2.80589331
  -0.91214558  0.50492255  0.73257766  1.20271246 -0.80047144 -1.29033147
   0.30021043 -0.12569656  0.0506573   0.89780145  0.7382104   0.08143417
  -2.4279121   1.06764776 -0.34262829  1.72727577  3.03840405  0.66717684
  -0.57642185  0.84622355 -0.13561826 -0.10930776  1.63316337  0.2758523
   1.74841143  0.79125428  1.6860641  -0.57653402  0.53583406  0.69043358
  -0.35810968 -0.28567431]]