[[-0.36724141  0.57304017 -0.19372019  0.65197125  0.86481412 -0.00522412
   0.87936231  0.13848464 -1.62827576  0.29255157  0.97878963  2.07499643
  -0.84600984 -2.50090552  0.15674717  0.10297266 -0.66197569  0.14869696
  -1.49480378  1.16297125 -0.4772573   1.99292506 -1.06284857 -0.10256376
  -0.68653874 -0.69779018  0.79484109  1.95426876 -0.57039339 -0.73801447
   0.70936697 -0.92128374 -0.86820091  0.58815411  2.67908774  1.75224623
  -1.13352998  0.26479516 -1.52982639  0.2386825  -2.17279097 -0.92323039
   1.50374247 -0.44752177  0.93962088  1.39944946 -0.20601587 -0.52306304
   0.02949856  1.0469659   0.20693072  0.59056678  0.27320053  2.01292717
  -0.71381252  1.29936877 -0.35414622  0.63002787  0.56773161  1.07645353
  -0.70933642  0.85904215 -0.31402036 -1.40687391  0.99962322  0.69329464
   0.24145554  0.93274821  1.21303736 -0.19668035  1.40402058 -0.58822357
   0.74768219  1.46797855 -1.39504592  1.12937165  1.47158946  0.20421875
  -1.40641303 -0.3308562  -0.11543518 -1.05061004 -0.63510216 -1.05358339
   0.69167678  2.55276835 -1.10374477  0.86103875  0.90965515  0.7211402
   0.88888535  0.4567293   0.74198926 -0.18671623  0.45033519 -0.47625715
  -0.62096574 -0.59519321 -0.21182415  0.63043623  0.89150821 -1.40297034
   2.0284964   1.33789593  0.93237678  1.13545735 -0.71067231  0.21495071
  -1.44551767  1.661838   -0.00955378 -1.20138121 -1.14895447  0.52098284
   0.59625929 -2.09735662  0.92853162  0.53695273  0.40005109  0.30434073
   1.39221305 -1.19477608  1.42175517  2.05236806 -1.32593984 -2.1439735
  -1.26553658 -0.16745697  0.05447535 -1.72705922  0.42005359 -1.09921659
  -0.79625337  0.83839947 -0.11201252  0.59928638 -0.90949644  1.2438009
   1.22590495 -0.10955056  0.57607322  1.12954769  0.85631373 -1.52050305
   1.16672983 -0.58111839  0.57227408 -1.43458701  1.04771648  0.19350767
  -0.19828555 -1.08166566  1.10859999  0.96041199  0.34635019  0.89848069
   1.3194414   1.78617698  1.61729141 -0.62385339  2.28671944 -1.76581035
  -0.96208824 -0.77868856 -0.5804393   0.3598523  -0.04468052  3.06096611
  -0.77030268  0.85836483  0.86778104  1.20499502 -0.50524467 -0.90001126
   0.56542357  0.1330725  -0.23380894  1.07505409  1.37906569  0.18565805
  -2.37660601  1.32194052 -0.47540517  1.83712377  2.77584302  0.87687106
  -0.67276496  1.2454763   0.31608072  0.00811053  1.79498357  0.67785677
   1.68003931  1.23162835  1.07869128  0.31895625  0.67512906  0.88140482
  -0.18895445  0.15236696]]