[[-0.50276808  0.67616131 -0.38274472  0.63304868  1.26013633 -0.24907866
   0.79081984  0.68871987 -1.91376082  0.28745176  0.27126587  2.24437542
  -0.79179501 -2.30535823  0.20824089  0.46268663 -0.80515896  0.15660074
  -0.82488573  1.52334203 -0.00994617  2.46630079 -0.60454103  0.09478766
  -0.75876367 -0.89621416  0.36243205  2.27784086 -0.66376514 -1.17187605
   0.96208118 -0.72407308 -0.88234264 -0.07070618  2.2492516   1.72470982
  -0.90902648  0.18481265 -2.12738971  0.33929721 -1.88917031 -1.2311784
   1.9815447  -0.62046604  1.17446236  0.83671675 -0.84954956 -0.81032236
  -0.07935823  0.96006263  0.44011473  0.17768574  0.3257903   1.71336633
  -0.7953991   1.56382956  0.29886986 -0.11054456  1.27413503  1.0728947
  -0.12777839  1.34455412 -0.19727485 -1.57615145  0.61421073  0.41913339
   0.30581794  0.90193752  1.0025669   0.17133573  1.64671457 -0.49987515
   0.84731529  1.30909694 -0.98436706  0.93141898  1.00133719  0.23861426
  -1.47948019 -0.06634779 -0.50782999 -1.09975469 -0.43965147 -2.15440749
   1.05090691  2.62336414 -1.50152748  0.38039734  0.48782368  0.64397148
   0.78755735  0.42248898  0.96687735  0.25228192 -0.10857808 -0.49381384
  -0.54891575 -0.87155884 -0.1196519   1.03945868  0.62226779 -1.32322412
   1.89219529  1.32874719  0.89961513  0.4239872  -0.72328178  0.47758501
  -1.51094956  2.02369586  0.19972159 -1.65373547 -1.68812602  1.23672618
  -0.0817481  -2.25187438  1.13975282  0.35215661  0.38419985 -0.04150458
   1.19024321 -1.59922059  1.34570045  1.84470015 -0.85217158 -2.17039307
  -0.94451001 -0.41891016 -0.00814882 -1.86503279  0.56070366 -1.39942206
  -0.87315545  0.72496883 -0.17220543  0.34426087 -0.20972751  1.41471972
   1.86393764  0.06209146 -0.02695809  1.50576736  0.80726693 -1.70922026
   1.25855557 -0.35244131  0.20438559 -1.51492575  1.85427615  0.32267247
  -0.82796482 -0.59345837  1.39603913  0.82389808  0.61031     0.74773135
   1.04551824  1.91847536  1.14045427 -0.31913854  1.99646178 -2.34205383
  -0.72587985 -1.08855512 -0.13582468  0.27884529  0.41376545  3.27968175
  -0.85503295  0.56577809  0.48419822  1.3128279  -1.04732104 -0.93721294
   0.92366306 -0.14758751 -0.25350574  0.8829894   1.49413808 -0.33580853
  -2.63193103  1.21311031 -0.69999368  1.45448705  2.87458884  0.09323587
  -0.34879088  1.57467663  0.49372398 -0.44972074  1.66250972  0.72410118
   2.09321078  0.85799045  1.70312605 -0.05651735  0.90698162  0.59936104
  -0.39039662 -0.52410088]]