[[-0.88918988  1.2307639   0.07996286  0.67777559  1.03347856 -0.68271051
   0.87660298  0.41552157 -1.43863923  0.44178052  0.17701261  1.94979132
  -0.68954466 -2.87207662  0.05199572 -0.24053701 -0.64379272  0.06663883
  -1.47776339  1.42781897 -0.00652429  2.5438257  -0.53699974  0.14473714
  -0.59792246 -0.66736079  0.53822869  2.19915858 -0.59435727 -0.87038455
   0.18823013 -0.80101337 -0.98859166  0.00647689  2.27231155  1.60494389
  -1.26270909  0.3846761  -1.51413557  0.10521883 -1.92733833 -1.26749819
   1.5003074  -0.57910598  1.24861375  1.28048442 -0.47049961 -0.35960547
  -0.22020441  0.76684598  0.26130468  0.21181013  0.10249441  1.73143806
  -0.59949623  1.40662324 -0.30854689  0.25709468  1.01594911  1.44221012
  -0.49010934  1.14447245 -0.00676739 -1.20578364  0.60691623  0.67045002
   0.53814585  0.93280143  0.63327558  0.14289674  1.61713895 -1.00627169
   0.72254025  1.73983856 -1.6269265   1.22660612  1.32119     0.08878597
  -1.40454391 -0.42285156 -0.1150596  -0.91666078 -0.67738336 -1.30460051
   0.55465053  2.53203403 -1.48921519  0.61711818  0.82196534  0.86513973
   0.73840596  0.49704273  0.53124506  0.3261065   0.29678312 -0.56355546
  -0.78142779 -0.27261246 -0.2429461   0.98763143  0.67615026 -1.55944351
   1.69394909  1.47290093  0.80510766  0.88954884 -0.55094806  0.05673441
  -0.94569766  1.3721418  -0.00471093 -1.21200363 -1.34009441  1.09339934
   0.58553506 -2.51554818  0.79675908  0.07731348  0.30890182  0.00842558
   1.44369324 -1.50669013  1.59692648  1.70603741 -1.12219506 -2.5571057
  -0.90665546 -0.74323649  0.27019181 -1.35439935  0.36972298 -1.38451506
  -1.17549949  0.4349648  -0.13132675  0.10477494 -0.71686209  1.21361117
   1.33130362  0.46386338  0.26603753  1.50802297  1.05241766 -2.00190832
   1.01347157 -0.52108076  0.70185753 -1.69367726  1.34756611  0.13757325
  -0.26239571 -0.87898961  0.80561767  0.92372027  0.28511415  0.32695157
   1.17381144  1.85070792  1.39336701 -1.064831    2.58750091 -1.80355074
  -0.54698496 -0.55838831  0.02413506 -0.0846661   0.18706688  2.89834883
  -0.42897727  0.85804844  0.71832649  1.29724819 -1.0931404  -1.25421066
   0.63148454  0.08072935  0.05841598  1.28788985  1.14609519 -0.16995076
  -2.19264637  1.49699933 -0.59127496  1.9425731   3.26765182  0.52912688
  -0.48956312  1.38144404  0.13483181 -0.12130922  1.6011779   0.17796713
   1.84203158  1.06373285  1.19252974 -0.02810649  0.60371301  1.01241142
  -0.16960454 -0.14115285]]