[[-6.60937205e-02  8.19872493e-01 -5.82641238e-01  1.27745126e+00
   1.56077126e+00  2.76643768e-01  1.19419379e+00  4.63925004e-01
  -2.03230503e+00  5.41477494e-01  1.20368495e+00  1.56236875e+00
  -1.49292621e+00 -2.77418998e+00  1.10044979e-01  1.39588374e+00
  -1.31943248e+00  4.19857516e-01 -1.77250375e+00  1.42865374e+00
   4.80913728e-01  2.54262131e+00 -6.63457491e-01 -1.12378765e-01
  -6.71135015e-01 -1.00889000e+00  1.24410498e+00  1.93346250e+00
  -2.82230031e-01 -1.54652622e+00  1.39479751e+00 -2.26937443e-01
  -3.24130009e-01  1.29258257e+00  2.87520134e+00  1.35691125e+00
  -1.33120503e+00  1.14562370e+00 -1.26204252e+00  5.45023775e-01
  -2.89186376e+00 -1.26891503e+00  1.78776620e+00 -7.41829969e-01
   8.07452487e-01  1.81790129e+00 -5.25706243e-01 -6.69996247e-01
   1.27555012e-01  1.49476125e+00  2.31032009e+00  6.38335004e-01
   7.26140007e-01  7.68911265e-01 -1.79834626e+00  9.43480007e-01
   1.44283798e-01  3.83784981e-01  1.66952121e+00  6.86088771e-01
   5.39495006e-01  1.17204249e+00 -6.03976253e-01 -2.52288753e+00
  -1.89776286e-01  4.05689985e-01 -4.18695014e-01  5.29859981e-01
   1.49571250e-01  6.41641259e-01  1.63172747e+00 -6.66733682e-01
   5.52131283e-01  1.13965878e+00 -1.34483753e+00  1.14724251e+00
   2.76987121e+00  7.16754973e-01 -2.04308998e+00  5.91275096e-02
  -1.19963247e+00  2.90378727e-01 -1.05691500e+00 -9.68204997e-01
   3.18826213e-01  3.24323508e+00 -8.84422431e-01  3.07070032e-01
   1.37109252e+00  3.13168757e-01  1.43475370e+00  4.05196238e-01
   2.87981263e-01  1.14624625e+00  4.97736271e-01 -5.95287532e-01
  -6.87499903e-02 -8.01383756e-01  1.54165004e+00 -4.95031476e-04
   9.24166262e-01 -1.46692627e+00  2.90228375e+00  1.67579989e+00
   8.38040031e-01  1.66526260e-01  4.27151237e-01  8.31257522e-01
  -2.89763372e+00  2.62843117e+00  2.74103742e-01 -2.19793005e+00
  -1.72758500e+00  1.78579625e+00  3.91733758e-01 -2.44914499e+00
   5.74607499e-01  5.76052497e-01  5.19433744e-01  5.01041249e-01
   1.64123999e+00 -2.00631622e+00  1.94267003e+00  1.87585625e+00
  -1.46216217e-01 -2.96822377e+00 -9.39286217e-01 -8.08971282e-01
  -9.70618747e-01 -1.09476124e+00  1.22460752e+00 -7.53916219e-01
   4.09341247e-01  7.41671264e-01  1.73127498e-01 -3.69305015e-01
  -9.06041298e-01  4.58962500e-01  3.15908508e+00 -1.88186266e-01
  -5.58147505e-01  1.98379752e+00 -3.96937525e-01 -1.00168378e+00
   1.35700498e+00  1.07273780e-01  3.87463730e-01 -1.90675001e+00
   2.50328869e+00 -9.98837650e-02  8.01574960e-02  2.49414984e-01
   1.13324621e+00  3.74433782e-01 -5.61120734e-03  1.34129006e+00
   1.85506628e+00  2.62052242e+00  1.01149622e+00  5.24374978e-01
   1.28978254e+00 -2.84084502e+00 -1.03035126e+00 -1.18742628e+00
  -4.91782494e-01  9.76721232e-01  7.67809998e-01  3.93657261e+00
  -1.99636244e+00  1.06445627e+00  4.07082491e-01  1.20925003e+00
  -1.69006377e+00 -1.24303750e+00  1.55869987e-01  4.78355005e-01
  -5.63156251e-01  1.27824126e+00  5.48473783e-01 -3.18726256e-01
  -2.10184370e+00  1.24550129e+00 -3.56298760e-01  1.12894750e+00
   2.82325382e+00  1.00364998e+00 -1.10442252e+00  1.12578873e+00
  -4.52129994e-01 -1.03915998e+00  2.42175747e+00  3.42146199e-01
   2.77225748e+00  9.18247506e-01  1.76067253e+00  8.10406223e-01
   1.83286242e-01  7.40422487e-01 -9.00163744e-01 -9.18507487e-01]]