[[-1.79674412e-01  4.32776896e-01  1.23606628e-04  7.14536889e-01
   1.21096180e+00  9.19670582e-02  9.65728023e-01  2.64826248e-02
  -1.15487818e+00  1.14226234e-01  2.73305077e-01  1.68586967e+00
  -4.93147049e-01 -2.13056033e+00  6.18044598e-01  1.81538524e-01
  -7.83229527e-01 -2.25508681e-01 -7.86604914e-01  8.56347695e-01
  -2.71132631e-01  1.91140967e+00 -5.46046887e-01 -1.59688035e-01
  -2.81657367e-01 -7.73137222e-01  2.30815727e-01  1.97212705e+00
  -2.83807552e-01 -7.73577062e-01  7.43458360e-01 -7.37332772e-01
  -3.86339355e-01  1.25050977e-01  1.45696461e+00  1.42592852e+00
  -1.16200116e+00  5.70741059e-02 -1.21253034e+00  5.06124560e-02
  -1.83651854e+00 -8.70324268e-01  1.25022934e+00 -3.79162952e-01
   6.79939990e-01  1.16745721e+00 -9.45603944e-01 -4.83249018e-01
   1.88698023e-01  7.05818025e-01  2.17969505e-01  3.83910312e-01
   2.73181141e-01  1.64222431e+00 -8.74907692e-01  1.00186016e+00
  -1.22475910e-01  3.46276558e-01  7.74700484e-01  9.11303287e-01
  -3.79890981e-01  1.11543507e+00  2.71872193e-02 -9.36962306e-01
   3.45299667e-01  3.92126386e-01  1.52253448e-01  4.85970487e-01
   3.00575566e-01  2.21713928e-01  1.25042228e+00 -5.61548704e-01
   5.93346072e-01  7.95155749e-01 -1.11959722e+00  6.93811138e-01
   6.06981644e-01  1.12703264e-01 -1.17196573e+00 -1.42366732e-01
  -2.25697865e-01 -1.01812113e+00 -1.26555899e-01 -1.37546344e+00
   4.65127540e-01  2.04301493e+00 -1.16722460e+00  2.55910989e-01
   2.07516402e-01  6.31397541e-01  4.95458212e-01  2.62057204e-01
   7.61261969e-01  1.07788369e-01 -3.27207225e-01 -2.21131293e-01
  -9.00769018e-01 -3.61927716e-01 -6.33668352e-01  8.70845258e-01
   5.77112630e-01 -1.27445819e+00  1.68308097e+00  1.00811692e+00
   4.84757205e-01  6.90658673e-01 -2.71317870e-01  4.78386958e-02
  -1.02553507e+00  1.34204130e+00  5.81539346e-02 -9.70721486e-01
  -9.49982940e-01  9.28847685e-01  6.66638361e-01 -1.15990753e+00
   2.63373273e-01  5.89836557e-01  2.75690324e-01  6.91250812e-02
   9.59277714e-01 -1.26717180e+00  1.21309048e+00  1.47505491e+00
  -8.20335888e-01 -1.24045196e+00 -8.91461316e-01 -2.54077385e-01
   1.26255420e-01 -9.94719665e-01  4.36745901e-01 -1.20511280e+00
  -8.05101824e-01  7.56762458e-01 -2.96099507e-01  1.54794422e-01
  -6.91299501e-01  9.81226886e-01  7.79826223e-01  1.80448201e-01
  -3.67547648e-02  1.25289475e+00  3.07298687e-01 -1.19950607e+00
   7.67378353e-01 -4.28405580e-01 -9.95622930e-02 -1.21611787e+00
   1.02812147e+00  8.02426182e-02 -5.74965399e-01 -8.19230978e-01
   4.71056392e-01  5.76090659e-01 -3.90134535e-02  5.40470006e-01
   7.70752640e-01  1.35452441e+00  1.01341885e+00 -4.35893599e-01
   1.72744690e+00 -1.49254700e+00 -6.41758191e-01 -5.32614095e-01
  -1.04724578e-01  1.38455900e-01  2.39137045e-01  2.40180196e+00
  -7.70526722e-01  7.69044915e-01  3.93073129e-01  7.28083112e-01
  -6.81282932e-01 -7.36388194e-01  2.77503113e-01 -2.41422635e-01
  -1.83250981e-01  6.13547722e-01  8.65965089e-01 -5.07256560e-01
  -1.71831376e+00  1.08489425e+00 -1.87942635e-01  1.17387526e+00
   1.77749967e+00  3.19010001e-01 -4.09511806e-01  9.65428532e-01
   5.58752628e-01 -3.47065731e-01  8.86421805e-01  7.79398407e-02
   1.06439098e+00  9.48474097e-01  9.76885591e-01  2.47610489e-01
   6.25578371e-01  7.18381975e-01 -4.02293564e-02 -3.20685903e-01]]