[ 2.1916628e-03  9.7481173e-01 -9.0141661e-02  1.0591835e-01
  1.2293183e+00 -6.6750497e-01  8.6502171e-01  2.9881003e-01
 -2.9795151e+00 -2.8076503e-01  8.0603331e-01  2.1460383e+00
 -1.0923315e+00 -2.3927150e+00  6.9599992e-01 -2.6411173e-01
 -2.1997867e+00 -1.3157616e+00 -9.1002327e-01  1.1174234e+00
  7.4309486e-01  2.2345583e+00 -1.1160033e+00 -2.0369986e-02
 -5.2102840e-01 -1.3807117e+00  1.1376234e+00  3.6744883e+00
 -2.2305334e-01 -1.1787100e+00  2.0105450e+00 -1.5586067e+00
 -9.2625332e-01 -5.5278331e-01  4.1776786e+00  1.2930416e+00
 -2.0742083e+00  4.9401331e-01 -1.9146951e+00 -4.9512836e-01
 -1.7744700e+00 -1.2835500e-01  3.2805834e+00 -9.9679834e-01
  2.0982549e+00  2.1301534e+00 -3.2991168e-01 -2.9107001e-01
  1.6259617e+00  1.0910918e+00 -2.1196330e-01 -8.4891003e-01
 -2.3220001e-01  1.9958700e+00 -1.6098366e+00  2.5157664e+00
 -1.3524284e+00 -7.1304955e-02  2.1601498e+00  2.2030017e+00
 -1.3995734e+00  1.6206001e+00  1.7291832e+00 -1.9146351e+00
  1.3971683e+00  2.4613352e-02  3.8638997e-01  1.7489266e+00
  1.6533336e-02 -1.6344832e-01  2.4047732e+00 -8.0621338e-01
  1.3963432e+00  1.3378849e+00 -2.9012601e+00  1.1668149e+00
  2.2798533e+00 -1.4004084e+00 -1.3292733e+00 -1.2257667e+00
 -2.0556659e-02 -1.3535317e+00 -6.3706166e-01 -1.7861934e+00
  1.4473900e+00  3.2710831e+00 -1.3527517e+00  3.4218666e-01
  1.4496751e+00  1.4634267e+00  1.5064300e+00 -3.4068999e-01
  1.9495916e+00  1.3154484e+00 -1.2466999e-01 -1.2453800e+00
 -6.0969335e-01 -3.1907329e-01 -8.8140827e-01  1.8195049e+00
  1.4112568e+00 -1.5179750e+00  2.8353634e+00  1.0740267e+00
  1.8683901e+00  1.3536350e+00 -3.0723000e-01 -2.2950999e-01
 -1.8599650e+00  2.3627598e+00  8.2551670e-01 -1.7553684e+00
 -1.8445667e+00 -2.9992336e-01  1.8285484e+00 -2.8829086e+00
  3.3461162e-01  4.2879006e-01  9.7736168e-01  5.6311673e-01
  1.3919616e+00 -2.6895568e+00  1.1496619e+00  1.3654717e+00
 -5.8208162e-01 -3.5180099e+00 -2.5001318e+00 -4.8155496e-01
  5.5890995e-01 -1.6772799e+00  1.3369884e+00 -2.1503832e+00
 -4.7227159e-01  5.6479663e-01 -1.0900700e+00  8.9763492e-01
  3.8059831e-01  1.0000150e+00  1.4186083e+00  3.7360835e-01
 -4.8142502e-01  1.5102882e+00  1.0054616e+00 -2.0702183e+00
  2.7059367e+00 -5.4716668e-03  1.2387599e+00 -1.8948917e+00
  2.0681102e+00  6.5188164e-01 -2.0829818e+00 -2.0275319e+00
  5.4643995e-01  2.0744167e-01  9.9634999e-01 -9.2484988e-02
  6.5423167e-01  3.1605730e+00  9.3257827e-01 -4.6925998e-01
  1.9718150e+00 -8.2326156e-01  5.9223169e-01  7.7395326e-01
  4.2083335e-01 -3.0609500e-01  1.3620882e+00  3.4829848e+00
 -6.2212503e-01 -1.0186613e-02  1.8358828e-01  1.2814218e+00
 -2.8429387e+00 -1.2691283e+00  9.5588166e-01 -3.1823318e-02
  6.5492839e-01  7.5462002e-01  6.7800504e-01  1.9167836e-01
 -1.2169700e+00  1.5718366e+00 -1.6736841e-01  1.7909983e+00
  3.3232286e+00  7.7686834e-01 -1.1361568e+00  1.0158666e+00
  8.4970999e-01  1.1809583e+00  1.7487468e+00 -1.6273001e-01
  2.8309584e+00  2.1719332e-01  2.8146935e+00  6.2722170e-01
  1.5911283e+00  6.7385501e-01 -2.3181698e+00  1.3804216e+00]