[[-1.58338111e-01  9.38682154e-01 -1.09198601e-02  9.59745142e-01
   9.33703910e-01 -1.21715788e-01  7.95517430e-01  4.01224877e-01
  -1.61394920e+00  1.93156486e-01  5.63446211e-01  1.86800215e+00
  -6.50669054e-01 -2.10488136e+00 -1.01361345e-01  5.02085130e-01
  -1.18214527e+00  2.31533382e-01 -1.43543636e+00  1.25174906e+00
   2.23877571e-01  2.22171134e+00 -6.83895545e-01  1.21736090e-01
  -4.43202967e-01 -1.00611866e+00  7.04313519e-01  1.99441527e+00
  -7.14990531e-02 -1.20322527e+00  7.54870003e-01 -7.63116882e-01
  -1.07083783e+00 -5.10148642e-01  2.34790364e+00  1.13576555e+00
  -1.62548390e+00  7.20866489e-01 -1.30449364e+00  3.06093920e-01
  -1.85463569e+00 -4.76710954e-01  1.31766445e+00 -1.09730809e+00
   9.18881631e-01  1.39654974e+00 -5.46815532e-01 -6.29169190e-01
   2.67724170e-01  5.87606473e-01  6.20066482e-01  3.59652842e-01
   2.88306902e-01  1.54836068e+00 -5.66457020e-01  1.32153487e+00
  -4.52821672e-02  9.97989210e-02  1.20057151e+00  1.25889484e+00
  -6.46652708e-01  1.04047474e+00  5.40433918e-01 -1.09912933e+00
   6.02589127e-02  7.09924329e-01  2.81435949e-01  1.00211000e+00
   5.03192709e-01 -3.83777702e-01  1.40606633e+00 -1.44455271e+00
   8.34946208e-01  1.27653121e+00 -8.77487291e-01  1.39326878e+00
   1.01465027e+00  8.24366258e-03 -1.53970947e+00 -6.65379722e-01
  -4.56667047e-01 -5.55109456e-01 -6.18673640e-01 -1.19107649e+00
   8.87089999e-01  2.20040515e+00 -1.07853444e+00  7.41812691e-01
   3.26473105e-01  8.04668250e-01  8.85298245e-01  4.45591348e-01
   8.39172019e-01  5.09781096e-02  3.85867974e-01 -7.50579601e-01
  -4.70448930e-01 -4.92938238e-01  4.04512035e-01  6.58352982e-01
   9.36992569e-01 -1.36025081e+00  2.39381513e+00  7.82913909e-01
   6.21359597e-01  7.69798711e-02 -3.58270682e-01 -1.89004324e-01
  -1.74226934e+00  1.75152512e+00  6.75091881e-01 -1.11692324e+00
  -1.25016095e+00  3.96948657e-01  4.51237291e-01 -2.08220084e+00
   2.70434733e-01  6.09571207e-01  5.76310123e-01  3.96581084e-01
   1.84574745e+00 -1.72320378e+00  1.66089595e+00  1.66877988e+00
  -7.06134850e-01 -2.31585351e+00 -1.34705378e+00 -2.05502576e-01
  -7.89611615e-01 -1.66502110e+00  8.31974594e-01 -1.26953365e+00
  -6.88342972e-01  6.57162852e-01 -3.69100549e-01 -7.25459517e-02
  -8.20075007e-01  8.47791228e-01  8.83076488e-01  1.48635406e-01
  -1.34007440e-01  1.03195974e+00  1.01568312e+00 -1.47657770e+00
   1.49379566e+00 -3.01426773e-01  6.67741618e-01 -1.31629243e+00
   1.35474418e+00  4.30925669e-01 -2.96113647e-01 -6.70106463e-01
   1.13826392e+00  6.51213795e-01 -3.04033246e-01  3.40264469e-01
   1.31522917e+00  1.79547946e+00  1.20832285e+00 -4.64872029e-01
   2.04251190e+00 -1.83747609e+00 -6.11237835e-01 -3.63858370e-01
  -1.08717167e-01  1.97495264e-01  6.79321491e-01  2.34128365e+00
  -6.53234738e-01  6.79601632e-01  2.30840679e-01  1.08938501e+00
  -1.02249299e+00 -5.39872843e-01  6.76292833e-01  8.51260806e-02
   2.39094150e-03  6.25460684e-01  9.32796764e-01 -6.19324413e-02
  -2.00060770e+00  1.30329067e+00 -9.25891762e-01  1.99230727e+00
   2.90783026e+00  7.17500814e-01 -6.80393658e-01  9.29104321e-01
   3.75101361e-02 -3.08878798e-01  1.68465904e+00 -6.63994661e-02
   1.46596784e+00  1.03086878e+00  9.92512017e-01  8.13153959e-02
   2.15809854e-01  5.72037296e-01 -3.66883524e-01  2.43460673e-01]]