[[-0.516324    0.80388025 -0.22173298  0.19459575  0.97235097 -0.13938625
   0.8281745   0.32748425 -1.741257    0.55547376  0.31489826  1.663881
  -0.56963274 -2.72881177  0.56421577  0.07703249 -0.32838949 -0.2707095
  -1.44823001  1.56570873  0.01016626  2.61083375 -0.7878655   0.21711973
  -0.65727101 -0.61566425  0.69468975  2.29717101 -0.59278674 -0.65600126
   0.97195473 -0.71594249 -0.61803199  0.64749551  2.23217751  1.55774828
  -1.01882125  0.40009275 -1.34720775  0.599246   -1.80102049 -1.20429025
   1.5682535  -0.20494425  0.65144674  1.38258649 -0.84478826 -0.61624425
  -0.00470975  0.334363    0.32881675  0.73466749 -0.28358026  0.90457124
  -1.02335599  0.79055551 -0.67880676  0.37547825  0.56258302  0.61672898
  -0.43152477  0.54556201  0.59088724 -1.15888052  0.65187576  0.15296425
  -0.09169974  0.84894776  0.772013    0.16276425  1.04211999 -0.78093649
   0.553483    0.95994577 -1.6279715   1.16741425  1.2553435   0.17830275
  -1.54439127  0.11222199 -0.40238349 -1.03604353 -0.61646224 -1.18180399
   0.92814201  2.59945652 -1.50175049  0.53393025  0.88468803  0.72873425
   0.98498652  0.01578499  1.23725799  0.16806126  0.046779   -0.48950351
  -0.60533176 -0.392391   -0.22416976  0.60930224  0.37818877 -1.09729472
   1.60151671  1.21021651  1.2068015   1.53725076 -0.22670099  0.53254848
  -1.4229375   1.6973295   0.01913199 -1.54194474 -1.14493576  0.634772
   0.23924051 -2.05506726  1.11207425  0.76927875  0.88371199 -0.03033048
   1.4009085  -1.63378799  2.03304176  1.29258048 -1.26583851 -2.15466875
  -0.7962165  -0.52575149  0.05461225 -1.3110815   0.49208975 -0.89099625
  -0.59131151  0.76578677 -0.2571215   0.8342035   0.212494    1.60595477
   1.434913    0.4159955   0.234459    1.59655776  0.861855   -1.23178075
   1.11395849 -0.91318375  0.24588725 -2.09191724  1.44950149  0.29302575
  -0.38458375 -0.67167425  0.96244148  0.61942275  0.65627175  0.80582501
   0.8107805   1.23992152  1.67204552 -0.5324545   2.45471675 -2.23799899
  -0.62795275 -1.35948575 -0.39199851 -0.13276675 -0.01720125  2.43865678
  -0.48065451  0.09863451  1.2534285   1.54619524 -0.68316124 -0.63366925
   0.2382335   0.1128855   0.31020976  1.72781426  0.96131201  0.02807901
  -1.81053399  1.8781175  -0.338208    1.88788552  2.66405703  0.47588701
  -0.197397    1.48076     0.35232425 -0.18645601  1.90146525  0.45519526
   2.22462075  0.81766677  1.20264973 -0.2110405   0.80417851  0.22063799
  -0.51485199 -0.1766665 ]]