[[-9.07362123e-01  9.47484415e-01 -2.29982591e-01  1.03128439e+00
   1.08897001e+00 -4.67842134e-01  8.51842345e-01  5.84836261e-01
  -1.94666672e+00  3.44068458e-01  3.14218497e-01  2.18483205e+00
  -9.22408918e-01 -2.64952002e+00  2.18059586e-01  2.43111735e-01
  -1.08584763e+00 -1.64624327e-01 -1.50065651e+00  1.18054565e+00
   2.58214189e-03  3.19226236e+00 -4.61657823e-01  3.85980431e-01
  -6.22163936e-01 -4.36463051e-01  7.96128106e-01  2.20852460e+00
  -4.47964879e-02 -9.73395866e-01  4.13713458e-01 -7.66683466e-01
  -9.60745200e-01  1.39482407e-01  2.75144458e+00  2.05558452e+00
  -1.42129118e+00  3.75677809e-01 -1.85920204e+00  6.06578892e-01
  -2.41821929e+00 -1.30239858e+00  1.76351410e+00 -9.00841079e-01
   1.38800439e+00  9.92933262e-01 -7.83569991e-01 -3.41058709e-01
  -4.96999775e-02  7.22924390e-01 -2.42574774e-01  1.63352614e-01
   7.60565235e-02  1.45525547e+00 -8.47784968e-01  1.47419372e+00
  -1.73544340e-01  1.22462584e-01  1.24613803e+00  1.23130155e+00
  -2.29386731e-01  1.16149783e+00  2.72550621e-01 -1.63098704e+00
   1.14791939e+00  5.07968472e-01  5.14065657e-01  9.60730034e-01
   5.73655618e-01 -1.53888911e-01  1.46726425e+00 -9.82724555e-01
   4.38793243e-01  1.70369607e+00 -1.13492175e+00  1.54377891e+00
   1.42469060e+00 -1.26763490e-01 -1.12867486e+00 -8.70752832e-01
  -4.36353086e-01 -1.11987089e+00 -4.50820268e-01 -1.16846765e+00
   6.15576079e-01  2.79765069e+00 -1.16867604e+00  9.19788244e-01
   1.00818515e+00  7.81864164e-01  1.67763372e+00  8.34997864e-02
   1.07944531e+00 -6.70256240e-02 -1.98568878e-01 -1.93904145e-01
  -4.24182171e-01 -3.91163458e-01  3.19083895e-01  4.00664787e-01
   6.28253893e-01 -1.16253327e+00  2.00442937e+00  1.46853427e+00
   1.12430612e+00  1.19561643e+00 -7.40964986e-01  2.20117456e-01
  -1.90303184e+00  2.20080102e+00  2.14901105e-01 -1.29361171e+00
  -1.42628375e+00  7.35905851e-01  5.09771339e-01 -2.60598156e+00
   1.26425840e+00  3.84408292e-01  9.36995002e-01  2.58274145e-01
   1.58575887e+00 -1.17016524e+00  1.96571625e+00  2.17137718e+00
  -1.11748070e+00 -2.38960536e+00 -9.57728039e-01 -2.92265881e-01
   4.88238502e-01 -1.48108636e+00  7.57122333e-01 -1.53472330e+00
  -7.01202356e-01  8.44117179e-01 -2.96068261e-01  2.68300024e-01
  -3.84942847e-01  1.12500302e+00  1.74373389e+00  1.03472159e-01
   2.39108683e-01  1.57360297e+00  1.02093184e+00 -1.67899765e+00
   8.15003245e-01 -4.52048259e-01  1.03915361e+00 -2.14939341e+00
   1.51999518e+00  6.47906758e-01 -6.50289757e-01 -7.15815869e-01
   9.75672816e-01  8.12128674e-01 -4.87660633e-02  1.19357318e+00
   1.52915684e+00  2.04161163e+00  1.53055811e+00 -8.95278934e-01
   2.44384529e+00 -2.35230075e+00 -8.40978498e-01 -7.44885886e-01
  -1.31947148e-01  1.91140628e-01  6.77068940e-01  2.82924395e+00
  -6.41531555e-01  5.38320452e-01  8.07199107e-01  1.10352283e+00
  -8.61876767e-01 -1.16573225e+00  1.20712466e+00  1.34246016e-02
   5.55370748e-03  1.44609203e+00  9.74320694e-01 -3.25905015e-01
  -2.33507591e+00  1.92203775e+00 -5.26327376e-01  1.90982912e+00
   3.23341722e+00  8.20297559e-01 -3.34563952e-01  1.01319782e+00
   7.02371372e-01  3.16161503e-01  2.33323342e+00  1.69596492e-01
   1.62737191e+00  1.31968245e+00  1.51628507e+00  2.24589769e-01
   5.97133273e-01  5.42014103e-01 -4.19223265e-01 -8.75178177e-02]]