[[ 0.53279287 -0.06614428  0.26742286  0.66554145  0.58897001  0.32372143
   0.89141289 -0.12359431 -2.0931843  -0.94876429  0.04067138  1.07089289
  -1.27514282 -1.48196861  1.26527859  0.42474143 -1.51237004 -0.38698571
  -0.34923571  2.05711855  0.18764145  1.47393001 -0.51288285 -0.06935429
   0.35226144 -0.52894858  0.96207564  1.84285854 -0.26596429 -0.90806999
   1.36137718 -0.83312572  0.09498858  0.33209143  1.45812293  1.49393716
  -0.92047002  0.83883291 -0.54440282 -0.23672716 -1.58526564  0.05643857
  -0.31061573 -0.60944572  1.06629997  0.36905717  0.67807715 -1.40222996
   1.10298143  2.11773854  0.46493573 -0.30079857  0.04789284  0.67902431
  -0.50256429  1.30973858 -0.06695283 -0.60209285  0.77227425  0.86643854
  -0.70943571  1.94989858 -0.34878869 -0.46969146 -1.49267428  0.41326715
  -0.44660142  1.56739858  0.39112428 -0.37237998  2.0322914  -2.06019851
   1.11782287  1.31467427 -1.02005     0.98455286  0.99465856  1.24019713
   0.52056142  0.11025    -0.0744386  -0.5390614   0.36126712 -2.54176288
   0.9144857   1.63457431 -0.96520999  1.30807856 -0.34310716  0.58366001
   0.69598426  0.58981146 -0.04600429  1.35425855 -0.54453286  0.03846856
  -0.44385287  0.58632858  0.08337858  1.19159428  1.07287572 -1.34026141
   0.82784143 -0.4658357  -0.66281718 -0.05791716 -0.19992145  0.9118343
  -1.78981432  1.15547429  0.63763714  0.28860862  0.41322282 -0.30631716
  -0.3236786  -1.33765431  0.83018857 -0.37755002  0.21697709 -0.48660141
   1.27063284 -0.70787143  1.32730567  1.67932149 -0.14214    -1.89805576
  -0.73536574  1.06859718 -0.29029002 -0.65611143  1.31339858 -1.68135573
  -1.55990714  0.24012    -0.3327843  -0.57684717 -0.78460286  0.98853283
  -0.39113429  0.18312856  0.09284714  0.45560286  0.43503144 -1.27065995
   0.90408001 -0.39844716  0.51960288 -0.9492414   0.83683999  0.63229428
  -1.46326568 -0.69860426  0.56784001  0.56332573 -0.31000288 -0.79622288
   0.90336291  2.03345711  1.95669855 -0.01741141  1.1559914  -1.85181287
  -0.56211573 -0.95237858  0.03245429  0.56990288 -0.64302283  1.38717713
  -0.39772572  1.99172294  0.53513143  1.87983855 -0.99886855 -0.19875856
   0.99953858 -0.82877428 -0.69322574  0.93555998  0.97934141  0.12801859
  -0.85933569  0.16663573  0.17641997  2.2038328   3.30347858  0.93797001
  -0.92453     0.7169643  -0.92976999  0.23051855  1.41256712  0.09412428
   0.98615432  1.50975999  0.89713711 -0.77215572  0.84183574  0.12993855
  -0.25701711  0.92350143]]