[[-0.37207942  0.96660614 -0.27460081  0.90637354  1.1447714   0.04685108
   0.67124811  0.34739117 -1.5421279   0.32434753  0.29091095  2.17922069
  -0.58329377 -2.39275038  0.54846941  0.280636   -1.11857269 -0.07405635
  -1.05658577  1.21785023  0.48010388  2.35118671 -1.11532036  0.15363341
  -0.51842283 -1.04540752  0.644084    2.3006394  -0.42629377 -1.00634741
   0.58022401 -0.6094387  -0.98403423  0.154942    2.67725483  1.71529977
  -1.18542457  0.59667682 -1.83917389  0.00587235 -2.46763353 -1.50940115
   1.591848   -0.48951153  1.28776904  1.60948162 -0.71045237 -0.48814177
   0.01255317  1.04866742  0.09297448  0.48371164 -0.323276    1.65630376
  -0.93652907  1.78368446  0.09606541  0.13904459  0.82282624  1.63046834
  -0.60095235  1.09967872  0.19868164 -1.53157732  0.98441552  0.26164848
   0.24597083  0.9748293   0.77635858 -0.12715082  1.44071788 -0.83155212
   0.88745788  1.49334306 -1.30462588  1.29920801  0.95998213  0.49938835
  -1.17994211 -0.57899988 -0.3295873  -1.1635093  -0.40194306 -1.44860988
   0.57196659  2.45461377 -1.19686329  0.81177377  0.65531636  0.61155906
   0.68203353  0.51421612  0.92832611  0.16613409 -0.00742824 -0.41292129
  -0.23915237 -0.78141647 -0.36327011  0.49449058  0.79845977 -1.52021599
   1.80545836  1.43018118  0.89187423  0.52875613 -0.62729366  0.26814813
  -1.49677518  1.70615471  0.04747484 -1.38625791 -1.39804647  0.93141517
   0.56999177 -1.95865659  0.72414846  0.43751365  0.54187391  0.19816011
   1.03596893 -1.57979364  1.71729658  1.79874247 -0.90892834 -2.04559104
  -1.30926115 -0.27661412  0.01102259 -1.37459858  0.77805023 -1.34916704
  -0.96193765  0.57179177 -0.33162577  0.62746128 -0.9544999   1.148682
   1.5484474   0.25453953 -0.23449789  1.49925661  0.67985659 -1.59774543
   1.28841837 -0.36938447  0.28120754 -1.79002833  1.64220163  0.11201235
  -0.81258624 -0.78383104  0.87919553  0.6616886   0.24032105  0.54902601
   1.30790575  2.05364269  1.09348505 -0.44935918  2.03891127 -2.34708893
  -0.63990059 -0.51794412 -0.51716388  0.01991907  0.24071719  3.18063527
  -0.74098198  0.57166447  0.35207307  0.87715046 -0.89113647 -1.35302577
   0.82138752 -0.25690682 -0.13139447  1.13101319  0.9897486  -0.10336717
  -2.31866142  1.44192858 -0.84513249  1.6575334   3.24972341  0.18341718
  -0.55451672  1.30359671  0.64981636 -0.31724046  1.66770611  0.50616049
   2.07333633  0.85707059  1.5426759   0.03425976  0.70933364  0.65067459
  -0.5243887  -0.28431954]]