[-0.408176   -0.5259159  -0.373144   -0.80184793  1.667112   -1.849452
  0.64194804 -0.52936995 -1.2414881   0.757114    1.545932    1.726416
 -0.90608805 -2.513146    1.4222481   0.27060205  0.35259598 -0.13026601
  0.78155196  0.99182    -1.103318    1.057232   -0.72926605 -0.269624
  0.415416   -1.064184   -0.14988801  1.0096581  -1.4015181   0.31897002
  0.13178201  0.119944   -1.7147181  -0.810022    2.503736    1.749766
 -0.22374399 -1.584564   -2.4173882   0.408498   -1.8560082  -0.91386
  2.4007978   0.20975801 -0.03469004  0.71849793 -0.36323804 -1.0255259
 -2.005082    0.72044003 -1.2236059  -0.35048    -0.48927203  2.821404
  0.00652001  0.67706996 -0.290914    1.496842    1.1957939  -0.17274003
  0.06141     2.3869998   0.194608   -1.507244    0.42118603  0.74219596
  0.297428   -0.105904    0.330594    1.950072    2.396544    1.2362139
  1.45867     1.444726   -0.18157795  2.4877262   0.24439201  0.673552
 -0.68295205 -1.01826     0.327068   -0.90523994  1.22909    -1.9558799
 -0.68175     1.5180061  -1.1625841   0.77896804 -0.26734802  0.313392
 -0.03485     1.339468   -0.559194   -0.87881595 -0.93444806 -1.7021401
  0.28814402 -0.163378    0.97093993  0.26872     1.36595    -0.85159606
  0.6802499   0.18421602  1.574294    2.517416   -0.10513399 -1.2370698
  0.5282181  -0.19903402 -1.23602    -0.369488   -0.888254   -0.931056
 -1.25562    -2.5834498   0.38530797  0.80751    -1.178874   -0.466532
  1.6919619  -1.7044159   1.448332    1.096594   -2.154122   -0.43396598
 -1.392042   -0.6833     -0.09629007 -1.655214   -0.87305194  0.42753202
 -1.935634   -0.11375602 -0.9963039   1.578082   -1.295838    0.580734
  1.430556   -1.5826261   1.955278    1.927178   -0.26472598  0.84797204
  0.24658796 -0.176878   -1.448248   -0.789058   -0.10693598  0.24994805
 -0.628758   -2.318002    0.72056997  1.433202   -0.34584     1.2485399
 -0.09826796  0.626184    0.86478996 -1.15219     1.122644   -1.349024
  0.252492   -1.9571183  -0.138098   -0.71166795  0.8806      3.27245
 -1.14342    -0.514316    0.43606004  1.4276501   0.075574   -1.9646959
 -0.822234    0.034834   -0.030664    1.436562    2.3434942  -1.5970399
 -0.66798     1.410292   -0.88694     1.0421      0.8559      1.207724
  0.383654    0.52495396  0.41571397  0.02099602 -0.134666    2.073044
  0.993364    1.1355419   0.812322    0.20722802  0.907942    0.715116
  0.5071     -1.3300999 ]