[[-0.48597749  1.87799986 -0.02573333  0.40505836  0.82922163  0.56816414
   1.8778126  -0.17187087 -0.82726087 -0.21565749 -0.17312253  2.9210426
  -1.28042251 -2.4231658   1.02651743 -0.03130832 -1.45128336 -1.41834759
  -2.35136076  1.44073672  0.23900247  2.19291258 -0.1626067  -0.32920088
  -0.49157834 -0.50623164  1.15061588  1.99316678  1.13746328 -0.66056415
   2.23946591  0.63392087 -0.7625733  -1.01752091  2.18712423  1.94835833
  -1.38767665  0.40006082 -1.34416751  0.89550088 -2.24042995 -1.06374755
   1.39964084  0.19752498  2.24106067  1.48046915 -0.42932403  0.81355422
   0.10487248  1.6324126  -0.4370875   0.38083077 -0.61268083  1.5171925
  -1.34245421  1.68653756 -0.26785498  1.03728082  0.14219666  1.67732425
  -0.55761578  2.01233077  1.04031164 -1.02724167  0.26660838 -0.06264746
   1.16946245  1.87958824  0.80268663 -0.026555    2.10063997 -1.35419325
   1.74586321  1.71328247 -1.42740418  1.70620832  1.0614409   1.1065534
  -0.94420842 -0.25763153  0.50312076 -1.42073003 -0.35248831 -2.62035569
   1.07755084  2.30191511 -0.53072834 -0.24804997  2.31575171  1.91312505
   1.27346245 -0.27237082  1.04755253  0.50729003 -0.52618995 -0.09374835
  -1.43638835 -1.83625252 -0.42305746  1.13839087 -0.16242163 -1.29550168
   3.30284412  1.39318495  0.68024498  2.49183413 -0.1995375  -0.79862658
  -1.2108767   2.78602906  1.64906674 -1.19044835 -1.98425332  2.60347825
  -0.93808587 -1.96982166 -0.3363092   1.87212254  1.32349501  1.60325999
   1.77905244 -0.92434168  2.27349235  0.55541068 -0.60051746 -2.40422074
   0.20918826 -0.34411833 -1.287515   -1.67029498  0.83841929 -1.92330831
  -1.2862209   0.38099499 -0.18661748  0.31836583 -0.61490164  0.05108832
   0.27035916 -0.27669752 -0.77772006  2.29438267  1.36840494 -1.45596656
   1.01833747 -1.57365669  0.80895247 -1.93374338  1.52588594 -0.07176751
  -0.13959664 -1.29898594  0.51107503  0.32014164  0.24844667  0.45275339
   0.55724911  2.17693831  1.85247839  0.38844166  1.62552583 -2.50088066
  -1.43636006 -0.2332925   0.41559918 -0.53144499 -0.03419666  2.79847584
  -1.48899317 -0.44398675  1.57167252  2.25083504  0.62808578 -2.02589748
   0.69448747 -0.85610083 -1.15363582  1.10542163  0.48268006 -0.95032331
  -2.56101145  1.50961747 -0.98786999  3.00334152  2.2945032   1.14165078
  -0.15023418  1.59196917  0.53118075  0.91918924  2.42560109 -0.13171752
   1.7742659   2.13729321  1.60993589 -1.063505    0.41265586  0.36844572
   0.15783333 -0.13303081]]