[[-1.58876777e-01  2.84507083e-01 -7.38922882e-02  8.74192607e-01
   8.13587685e-01 -4.78206616e-01  1.03968107e+00  3.77645534e-01
  -1.38480584e+00  4.65936623e-01  3.70720910e-01  1.71286645e+00
  -6.96435680e-01 -2.40936384e+00  4.31728464e-01 -4.83485094e-01
  -6.88853544e-01 -5.85384568e-02 -1.09077047e+00  1.30370817e+00
  -3.22167397e-01  2.41090199e+00 -9.77541378e-01  4.55226315e-01
  -1.01318677e+00 -9.12413847e-01  4.91312767e-01  1.82281168e+00
  -2.84930302e-01 -1.21956771e+00  8.13933847e-01 -6.92826911e-01
  -1.10507077e+00  1.98000145e-01  1.88766122e+00  1.73051952e+00
  -9.67430011e-01  3.63281381e-01 -1.32210199e+00  1.32342146e-01
  -2.04534661e+00 -8.81737086e-01  1.51187921e+00 -8.41844780e-01
   7.64780306e-01  9.54329845e-01 -7.27117541e-01 -3.51260471e-01
  -2.98142139e-01  6.29630439e-01  5.34484775e-01  6.58432930e-01
  -1.01439229e-01  1.90741324e+00 -6.63722631e-01  1.49108877e+00
  -9.95433845e-02  3.39702298e-01  1.19552354e+00  1.37706107e+00
  -1.14502762e-01  1.08040815e+00 -1.03415858e-01 -8.79046004e-01
   7.35567857e-01  5.41824768e-01  9.84418465e-01  4.38181693e-01
   7.13913528e-01  2.42618004e-01  1.24545293e+00 -1.05779093e+00
   3.81601373e-01  1.16901523e+00 -1.53623664e+00  9.62946005e-01
   8.98214152e-01  2.58258150e-01 -1.02755647e+00 -5.25359845e-01
  -4.29089686e-01 -6.87797386e-01 -4.38983543e-01 -1.55784200e+00
   4.51998752e-01  2.12209941e+00 -1.08462783e+00  5.51750601e-01
   2.87209265e-02  4.11436914e-02  7.10374010e-01 -1.30991236e-01
   5.36981241e-01 -8.40544643e-02  1.24574000e-01 -4.88458466e-01
  -5.94108164e-01 -6.84723684e-01  1.48214317e-01  4.98127234e-01
   9.41849235e-01 -1.49834216e+00  1.85319291e+00  1.26754215e+00
   4.61999550e-01  7.01400610e-01 -6.70700310e-01 -2.79670682e-02
  -1.48331261e+00  1.74374645e+00 -2.10967543e-01 -9.20108935e-01
  -1.27437723e+00  9.19422454e-01  5.13112002e-01 -1.94541401e+00
   6.77488455e-01  7.76824693e-02  3.15819068e-01  4.11116867e-02
   1.83709045e+00 -1.32745091e+00  1.60140645e+00  1.66375953e+00
  -1.09709584e+00 -1.19189924e+00 -1.24386861e+00 -4.14272767e-01
   2.24381542e-01 -1.06414246e+00  5.37890758e-01 -8.53480926e-01
  -1.35956662e+00  5.86943541e-01 -1.00388471e-01  5.17565378e-01
  -7.11301702e-01  1.21936936e+00  1.44508506e+00 -1.63282318e-01
   2.40713730e-02  1.64549678e+00  2.48602299e-01 -1.31130986e+00
   1.14332047e+00 -3.26821533e-01 -1.07136162e-01 -1.37667676e+00
   5.06292764e-01  1.14576616e-01 -3.53842003e-01 -5.67277525e-01
   1.33276861e+00  5.25102931e-01 -6.59537739e-03  3.02836768e-01
   1.11812293e+00  1.33579861e+00  1.24436753e+00 -8.92375214e-01
   1.81452940e+00 -1.83546247e+00 -6.90226754e-01 -6.41420310e-01
  -5.16315353e-02 -6.83295384e-02  4.98454449e-01  2.75932429e+00
  -6.38075085e-01  6.49044767e-01  2.31667228e-01  9.32785378e-01
  -8.05388312e-01 -1.32225402e+00  1.05958693e+00  2.73799042e-03
  -4.67357524e-01  1.20203694e+00  1.50290708e+00  1.81738343e-02
  -1.95934352e+00  1.62392031e+00 -5.97919847e-01  1.69839814e+00
   2.73488416e+00  5.42095086e-01 -3.72732156e-01  1.07042062e+00
   2.92304309e-01 -3.97607557e-02  1.50653110e+00  1.96392780e-01
   1.48923908e+00  8.96031694e-01  1.24975445e+00  1.84162458e-01
   5.84378460e-01  7.29093690e-01 -5.63352616e-01  8.28095458e-02]]