[-1.170465    0.6927275  -0.9021025   1.439085    1.4658675  -0.2484125
  0.56747746  0.30281994 -2.7790449   0.75302744  1.3865474   2.3365173
 -0.20682497 -2.8462875   1.5257076  -1.2548975  -2.5114474  -0.47699493
 -1.9911876   1.6427075   1.6796275   3.3595674  -1.8931074   0.357705
 -0.319355   -2.262455    0.13420251  1.87148    -0.415785   -0.9718225
  0.04838999  0.49659252 -1.413105    0.12857501  3.6086826   2.3262424
 -1.640995    1.1679     -1.817675    0.2778975  -2.5187624  -1.9433776
  2.347825   -1.083555    1.9530475   3.0340276  -1.51828    -0.9579976
  0.38910502  0.1844675   1.12544    -0.4762175   0.70415246  2.09837
 -0.999265    2.2293077  -0.43954995  1.1605649   2.122235    3.7083626
 -0.8091425   0.28164002 -0.03879    -1.9916975  -1.27469     0.52026254
  1.0192025   0.98428     0.94851756 -0.7114375   1.8635325  -2.959045
  1.215165    2.9762151  -1.8780725   1.7140825   0.6111425   1.4198375
 -1.9433324  -0.9757926  -1.19701    -0.88752997 -0.749465   -2.6047251
  0.49851     3.9221249  -1.5415674   0.654805    1.8802251  -0.39398006
  0.18141496  1.5870476   0.37229     1.0157624   0.818295   -0.9992575
 -2.5231152   0.25721997  0.11226    -0.22031753  1.0526975  -0.9978625
  2.8842175   1.7018      0.52149755  1.6198074  -1.1411926  -0.15108503
 -3.7610078   3.0442624   1.1875325  -1.1410649  -2.41787     2.04681
  0.705955   -2.412415    0.9333476   0.1478375   0.40553498 -0.8187976
  1.05005    -1.7927151   1.275955    2.4300025  -0.5831625  -3.1543725
 -2.0371525  -0.55356497  0.63636    -0.79612994  0.57393503 -2.4693127
 -0.19209     0.8575075  -1.540375    0.36198002 -0.9757501   0.48096502
  2.1217074   0.2469825   0.14888999  1.631525   -0.41039252 -2.06281
  1.6010599   0.29827502  1.0267675  -2.3500476   0.24727249  0.2864425
 -1.2921325  -0.79510987  0.25810748  0.2649375  -0.0055025   0.56508005
  1.9727725   1.448115   -0.2369951  -0.64147747  3.45221    -4.3510847
 -0.57143754 -0.70706254 -0.675255    0.473445    0.52570003  4.66415
  0.24709255  1.3176599   0.7127425   1.4319475  -1.150605   -0.99905
  0.29233998 -0.01759748 -0.93214744  2.7187726   0.20900752 -1.0515599
 -3.1108074   1.490055   -2.0379176   1.6374925   3.0689774   1.1151824
 -1.0156701   0.9967649   0.722595   -0.799865    2.02737    -0.92093754
  3.3545823   2.7273726   3.2659748  -0.11155504 -0.30857497  0.11249751
 -2.2602525  -0.92133754]