[[-0.30680875  0.73728208 -0.23231054  0.60392513  1.10170555 -0.33217013
   0.81564458  0.62994388 -1.82974337  0.93336417  0.40302483  2.54337487
  -0.80067998 -2.6373593   0.45266918 -0.24941612 -0.72001153 -0.30492415
  -1.06049571  1.38996903 -0.08144223  2.82030372 -0.7311207  -0.31096873
  -0.86259432 -0.31713933  0.5226225   2.30349866 -0.97131319 -0.61399306
   0.79381042 -0.78099751 -1.14373266  0.00553598  1.96980375  2.12254695
  -1.05407876 -0.44692861 -1.7094418   0.46309207 -2.10411    -1.23040862
   1.54546904  0.0802236   1.43878264  1.07350626  0.06177597 -0.39444916
  -0.22363233  0.77343127 -0.07721861  0.98234208 -0.41728557  1.61848359
  -0.82582238  1.40312735 -0.10880112  0.57760777  0.28462388  0.61834708
  -0.5707186   0.89570445 -0.29905877 -1.52411778  0.50627443  0.56818972
   0.25103416  0.80262306  1.35579109  0.74003556  1.90008098 -0.21765777
   0.37320111  1.22281442 -1.73503986  1.15567819  1.15791443  0.23503126
  -1.59099973 -0.58170637 -0.13175514 -0.78026054 -0.38294625 -1.2349879
   0.35272472  2.71091778 -1.90112792  0.29131124  0.92236693  0.51416001
  -0.13411541  0.02018291  1.12708653 -0.38469931 -0.1518868  -0.62927263
  -0.50269027 -0.87821332  0.24791541  0.59870361  0.81173025 -1.12559334
   1.69905711  1.58488652  1.43305096  1.34995598 -0.39358279  0.15946944
  -0.74742292  0.98031819 -0.44836056 -1.45635723 -1.49057067  0.48185971
  -0.43643056 -2.08127457  0.77401899  0.29861111  0.52939527  0.38052237
   1.55772597 -1.38945304  1.44892488  1.83530375 -1.58589398 -1.74745806
  -0.55218278 -0.64800058  0.22367959 -2.03795012  0.64462984 -1.34668388
  -1.41062432  1.16691375 -0.26318444  0.93825971 -0.5347061   1.54569153
   1.10632539  0.68915236  0.322045    1.8979603   0.94097501 -2.12652166
   1.03536002 -0.65672736  0.42791208 -1.51167167  1.52058999  0.09494916
  -0.77383263 -1.67360237  1.05358487  0.667       0.63103697  1.20178334
   0.61809252  1.92716901  2.04685765 -0.80874902  2.21797959 -1.53547027
  -0.97677028 -0.78834599  0.09717417 -0.13713445  0.23366152  3.30220067
  -0.53997891  0.3228018   0.85095374  0.98286167 -0.40325235 -1.08106541
   0.63392042  0.20132654 -0.21390792  1.29611807  1.07925239 -0.87912056
  -2.37250502  1.57245779 -0.60629682  1.64637154  2.63750947  0.69490291
   0.2881211   1.57611734  0.31537805  0.08292138  1.26754973  0.57565
   1.92658874  1.13382569  1.28389807 -0.09119583  0.46227113  0.96348138
  -0.49573081 -0.32665139]]