[[-0.31488508  0.71240782  0.12626933  0.95514245  0.43580778 -0.12097177
   0.59015314  0.45815201 -1.80669326  0.42025433 -0.1642158   1.65408947
  -1.00234264 -2.0299882   0.6561036   0.2876015  -0.50887979 -0.11048867
  -1.36635226  1.60938536 -0.10851178  2.56111295  0.00923356 -0.55962133
  -1.11579394 -0.68140752  1.00065492  1.80330845 -0.47070904 -1.16782799
   0.4349451  -0.1771538  -0.42738132 -0.00829512  2.34042088  1.75233648
  -1.33566366 -0.10836801 -0.76763225  0.00519734 -1.47353143 -0.59636063
   1.70042601 -1.09763982  0.83600043  0.97511265 -0.34659819 -0.67003018
  -0.22598846  0.52629844  0.47959714 -0.11503488  0.13876114  1.29045076
  -0.63400396  1.14319704 -0.25761355  0.50887188  0.44632535  0.37631355
   0.29257246  1.31103209  0.64615608 -1.28753494  0.25539151  0.75880554
   0.49679868  1.08671558  0.53921533  0.10267134  1.54172828 -0.82646122
   0.08091974  1.08210862 -1.06123999  1.03043256  1.46728563  0.16669801
  -1.229549   -0.20962379 -0.23776866 -0.92227874 -0.71509115 -1.11577536
   0.76926782  2.34791032 -0.87312448 -0.25419888  1.64296078  0.93780024
   1.07814652  0.04927266  1.02967084 -0.05025579 -0.44574021 -0.08039092
  -0.58886751 -0.74862205  0.32713025  0.80014487  0.70308158 -1.18600418
   1.71867537  0.93661376  0.20962639  0.77705685 -0.17504311  0.25025291
  -1.11238491  1.07472511  1.19728328 -1.58643097 -0.88454402  0.62945603
  -0.21517536 -1.52815934  1.02768807  0.56707839  0.519964    0.47086802
   1.25736336 -1.47999086  1.07598019  1.69321305 -0.907168   -1.86414285
  -0.45689247  0.28413401  0.77543113 -1.55592747  0.08419509 -1.17875484
  -0.46791844  0.42981512  0.02883087  0.3335662   0.14437911  0.99631004
   0.92497422 -0.29675818  0.43162007  1.29397805  0.88549006 -1.04342925
   0.97188617 -1.10872106  0.61885644 -1.59579093  0.79867152  0.28635087
  -0.73229324 -1.1977698   0.02442423  0.5784107   0.15964095  0.66787868
   0.6981216   1.22573207  1.65966088 -0.52194266  1.91309302 -2.09422843
  -0.77503736 -0.65333665  0.10068042  0.44133712 -0.11417775  2.2003737
  -1.11258391  0.56146629  1.4437317   0.99548    -0.4489211  -0.81007135
   0.53896158 -0.22938508  0.24479823  0.83956932  1.52332018 -0.37627914
  -2.09034247  1.37655808 -1.11240434  2.01932271  2.71008527  0.61369284
  -0.199372    1.29625437  0.23391909 -0.18481311  1.35207535  0.21364843
   1.47274461  1.32799357  0.89074821 -0.40458603  0.66196952  0.78347584
   0.43380709  0.21884223]]