[[ 1.70542082e+00 -2.70647506e-01 -1.72594511e+00 -1.84961339e+00
  -6.30244203e-01  5.99997739e-04 -5.59051678e-01  1.93677170e+00
  -1.76157425e+00 -1.45529920e+00  2.31952518e-01  2.07564836e+00
   1.09557836e+00  4.44475936e+00  8.97437502e-01 -3.99414204e-01
  -9.27842547e-01  2.00752831e+00 -1.91890016e-01  2.29278331e+00
   8.68199115e-01  2.78710262e+00  9.96603401e-01  9.06746653e-01
  -5.63126653e-01 -1.60334671e+00  6.51296690e-01  1.75613581e+00
   2.97930017e-01 -2.05113830e+00  2.83249665e+00  1.70757488e-01
   1.93355008e+00 -8.48725826e-01  1.55074170e+00 -1.44468423e+00
  -3.04843323e+00 -1.34224251e+00 -1.30858496e+00  1.32367165e+00
  -2.14794084e+00 -2.59774874e-02 -2.06798173e+00 -5.01379174e+00
   1.33745502e+00  1.35754170e+00 -1.51370664e+00 -1.92748156e+00
  -1.90706086e+00 -6.69133291e-02 -7.34299183e-01 -5.08653333e-01
   1.62352251e+00  2.45197996e+00  1.44044752e+00  2.24728744e+00
  -5.54998358e-01  2.41184417e+00  2.26564761e+00 -1.19383336e+00
  -2.03961834e+00  2.40989076e+00  1.49552503e+00  5.31767512e-01
   3.36519986e-01  1.31268000e+00 -1.47449079e+00  1.61208749e+00
   2.59648427e+00 -8.78341690e-01  6.69161680e-01 -1.27634583e+00
   1.80208320e-01  3.17663266e+00 -2.41855814e-01  1.78520005e+00
   9.78473358e-01  1.69505842e-01 -1.90841168e+00 -3.06754758e+00
  -2.92011089e+00 -6.23447509e-01 -7.90319135e-01 -7.86063328e-01
  -3.09435580e+00  3.13594062e+00 -1.45468667e+00 -1.04319919e+00
  -1.17788168e+00  2.19073335e-01  6.61979164e-01 -1.20622834e+00
  -2.21806684e+00  5.77454136e-01  1.10166163e+00  2.40140493e+00
   7.95083327e-01 -6.27624159e-01  2.71417505e+00  3.06474174e-01
   3.60590251e+00 -9.74144975e-01  4.06998376e-01  2.91505044e-01
  -2.15174827e+00  3.24747545e-01 -1.29129914e+00  3.60470774e-01
  -1.50700584e+00 -1.10622464e-01  1.01017168e+00 -1.70397002e+00
  -2.84229511e+00 -4.68988371e-01 -9.64533341e-01 -6.34238446e+00
   8.55641638e-02  9.13056632e-01  3.25587531e-01  2.31560167e+00
   1.42203329e+00 -7.42275824e-01  2.62999972e-01 -7.11251646e-01
  -1.21080577e+00 -3.92816184e+00  1.58466846e-02  1.19268308e-01
   1.81398925e+00 -3.07403246e+00  1.95716679e-01 -5.08255785e-01
  -7.39814992e-01  1.77039992e+00 -2.93928330e-01 -6.21616741e-02
  -2.05073250e+00 -1.43024909e-02 -2.69671669e+00  1.88193001e+00
   1.11914253e+00  1.55866497e+00  1.07734251e+00 -3.98983246e+00
  -1.86295497e+00  9.54613321e-01 -6.92084213e-01  3.64678321e-01
   1.60644579e+00  1.46584996e+00 -1.91449945e-02 -8.05814986e-01
   2.27933659e+00  1.25532752e+00 -4.24960847e-01  2.59327503e+00
   2.49435689e+00 -9.42961693e-01  3.29308170e+00 -1.39181997e+00
   2.43314579e+00 -1.67200340e+00 -3.66944146e-01 -3.06478331e-01
  -2.27510678e+00 -1.89983090e+00  7.13809982e-01  1.14441713e-01
  -2.16112001e+00 -7.41016343e-02  1.20468505e+00  1.93202428e+00
  -2.56411163e+00 -1.35110168e+00  5.94574116e-01  2.95041903e+00
  -7.03140851e-01  6.12038324e-01  1.47786997e+00  1.54117838e+00
  -1.11227500e+00  2.48536754e+00 -1.75060241e+00  3.52064574e+00
   4.10041255e+00  1.74750498e+00  2.30465583e+00 -5.75080869e-01
  -1.69356006e+00  7.57258395e-01  7.60404115e-01  2.87474175e-01
  -8.58867532e-01  1.03307163e+00  4.83339970e-01  8.03981622e-01
  -2.41511248e+00  1.04954418e+00  4.59464128e-01 -1.55677330e+00]]