[-2.6654501e+00 -1.5137951e+00  2.1691725e+00  1.1442876e+00
  1.8075508e-01 -3.1666126e+00  2.7121775e+00 -3.2064998e-01
 -2.8055000e-01  4.7640997e-01 -9.3345255e-01  1.7953051e+00
  1.9575059e-03 -1.1672497e-02  1.0202574e+00  1.0301700e+00
 -2.4723325e+00  9.9679750e-01  6.0885501e-01  5.2187002e-01
  3.0549505e-01  2.3424399e+00  7.6546746e-01 -5.6959254e-01
 -1.3498925e+00 -5.2962512e-02  1.7448525e+00  2.5102301e+00
 -1.9117825e+00 -1.4546050e+00  1.4541050e+00 -2.0049745e-01
 -3.1413239e-01  3.1859499e-01  1.0209900e+00 -9.0760052e-02
 -6.4543748e-01 -1.0048625e+00 -4.7879986e-02 -3.3366746e-01
 -8.3401752e-01  1.3887224e+00  2.6444101e+00 -3.4033051e+00
  6.1962545e-02 -1.7212851e+00  5.4340255e-01 -4.5973003e-01
 -7.6384002e-01  2.2545500e+00 -2.2826247e-01  4.3502498e-01
 -8.9774495e-01 -2.8561249e-01 -1.2498525e+00  2.6667600e+00
 -1.2076175e+00  1.4742575e+00  2.2017975e+00  2.5141799e+00
  3.7540004e-01  1.8072876e+00  8.1732750e-01 -1.8132350e+00
  1.8966499e-01  1.0339875e+00  2.1042998e-01  3.5156000e-01
  1.1017250e+00 -1.3342974e+00  1.8120124e+00 -2.0129826e+00
  1.9151750e+00  2.1880548e+00 -3.0847996e-01  8.6857504e-01
  2.5636077e+00 -6.7822993e-01 -4.8691744e-01 -1.7394850e+00
 -2.1262326e+00 -1.7420976e+00 -9.0397269e-01 -2.1018651e+00
 -5.4799503e-01  4.8432007e-01 -1.8215175e+00 -4.5490000e-01
  4.8094502e-01  1.6858649e+00  2.5139925e+00  1.6457475e+00
 -7.0721251e-01  2.4673877e+00  3.1966925e+00 -7.9040998e-01
  5.0944977e-02 -1.4657025e+00  2.1973176e+00  1.4783450e+00
  3.1586498e-01 -2.5099201e+00  1.0081725e+00 -3.5135061e-02
 -6.7423254e-01  1.2725496e-01 -1.7197175e+00 -1.2819475e+00
 -6.2266749e-01  1.6032701e+00  1.2092925e+00 -2.8192549e+00
 -7.7241504e-01  2.6744747e-01  6.0382754e-01 -3.7062101e+00
  3.4090700e+00  2.0142300e+00 -1.4663401e+00  1.8230951e+00
  2.0747426e+00 -2.9339676e+00  3.9263505e-01  3.9255750e-01
  1.0864874e+00 -4.1614199e+00  4.3913499e-01  1.9334126e+00
 -7.5193995e-01 -1.8792751e-01 -6.1908990e-01 -2.3147248e-01
 -2.2161751e+00 -8.8765979e-01 -2.3937049e+00  2.9337752e-01
  9.0567255e-01  2.8501496e-01  2.7881925e+00  3.6156747e-01
  1.0917375e+00  2.4576499e+00 -4.8519745e-01 -3.5095224e+00
  2.2991076e+00 -2.4660021e-02  3.0576348e+00  1.2976999e+00
  1.9696025e+00 -6.7408997e-01 -2.2532375e+00 -1.3014007e-01
 -6.7189747e-01 -2.2812223e+00  1.9422475e+00  2.2746048e+00
  1.0542375e+00  3.0745552e+00  2.1753700e+00 -2.1775227e+00
  4.2116327e+00  7.0071745e-01  1.6159700e+00 -2.3797450e+00
  1.5036000e+00  2.5508001e-01  7.0490253e-01  2.6109450e+00
  3.2404000e-01  1.8322375e+00  8.7676007e-01  2.1439025e+00
 -1.0301225e+00  9.5231998e-01  6.4278507e-01 -9.4115996e-01
  1.4279325e+00  5.5199248e-01  3.6752725e+00 -1.0173475e+00
 -1.6418350e+00  3.1594076e+00 -1.7959199e+00  2.0966449e+00
  5.3647499e+00  6.0204998e-02 -2.2142200e+00  1.0169600e+00
 -1.1990250e+00 -2.9633492e-01  1.6665924e+00  1.9202976e+00
  1.9112449e+00  5.6769001e-01  1.7629999e+00 -1.0649074e+00
  1.0874050e+00 -6.1644751e-01 -1.7161075e+00  1.4522625e+00]