[[-3.26090305e-01  1.36968894e+00 -3.38398457e-01  6.61108604e-01
   1.12701105e+00  3.22187686e-02  8.93072607e-01  4.97135309e-02
  -1.69016094e+00  4.05385381e-01  5.42194469e-01  2.50402598e+00
  -1.37314107e+00 -1.79863584e+00  9.87864587e-02 -2.29595415e-02
  -7.50585219e-01 -3.09650155e-01 -1.42292646e+00  9.92876456e-01
   2.76487698e-01  2.08480707e+00 -8.38230473e-01  4.29886934e-01
  -8.28528455e-01 -8.01881527e-01  7.53303542e-01  2.43435754e+00
  -2.62531841e-01 -1.38340108e+00  5.83973234e-01 -8.64065987e-01
  -5.31200772e-01 -2.59256146e-01  2.51240522e+00  1.80949246e+00
  -1.43762754e+00  2.59455526e-01 -1.93805738e+00  4.39425389e-01
  -2.17232401e+00 -1.11763045e+00  1.58360722e+00 -1.12129584e+00
   1.30784122e+00  6.98910155e-01 -5.14997997e-01 -7.18032318e-01
   1.72757998e-01  6.10916452e-01  7.15505862e-01  3.40064598e-01
  -3.75111989e-01  1.99459507e+00 -9.93662767e-01  1.70726339e+00
  -1.21035998e-01  4.80967613e-02  9.58880455e-01  1.50127108e+00
  -4.79491529e-01  8.37971073e-01  7.57311845e-01 -8.85532785e-01
   6.00122455e-01  7.28356774e-01  7.89881079e-01  8.93887389e-01
   9.94349077e-01 -1.77509071e-01  1.58451017e+00 -9.33669396e-01
   8.60533235e-01  8.29009996e-01 -1.17371970e+00  1.18332831e+00
   1.06745248e+00  1.59916756e-01 -1.53914846e+00 -1.35091843e-01
  -6.18531382e-01 -7.52812160e-01 -1.23891701e-01 -1.44109553e+00
   6.09903073e-02  2.44964909e+00 -9.88119689e-01  8.89099845e-01
   1.77144154e-01  1.23868324e+00  8.42873555e-01  1.31140782e-01
   9.25454456e-01  2.83132309e-01  3.77311996e-01 -6.77152947e-01
  -8.60172160e-01 -7.41417836e-01 -5.20615847e-03  8.30414630e-01
   2.93986922e-01 -1.67086570e+00  2.34886767e+00  1.01318770e+00
   3.41384146e-01  5.57187227e-01 -7.39256156e-01 -7.10996618e-01
  -2.12661909e+00  2.23937060e+00  2.78008158e-01 -1.37617909e+00
  -1.15051968e+00  1.20848984e+00  8.28094467e-01 -2.15749432e+00
   6.40179684e-01  3.58971997e-01  2.55279693e-01  2.23455385e-01
   1.82006691e+00 -1.72710938e+00  1.38955922e+00  1.69633630e+00
  -5.09315089e-01 -2.41160050e+00 -1.36771615e+00 -5.32623063e-01
  -1.93398003e-01 -1.44375447e+00  7.07187082e-01 -1.32513645e+00
  -8.46739225e-01  8.27942922e-01 -6.18331085e-01  1.76461687e-01
  -1.20588508e+00  1.03683523e+00  1.09055968e+00  2.10703858e-01
  -4.30055508e-02  1.74340154e+00  1.14098431e+00 -2.07307816e+00
   1.12680431e+00 -5.14598782e-01  3.74972924e-01 -1.46042891e+00
   1.88091569e+00 -2.91260908e-01 -3.09028772e-01 -1.14335630e+00
   1.07557247e+00  8.26866302e-01 -6.48806443e-01 -1.57194616e-01
   1.64077234e+00  1.75184232e+00  1.31067877e+00 -7.85265534e-01
   2.21627860e+00 -2.09585941e+00 -3.55667534e-01 -4.94706305e-01
   2.12279093e-01  4.07242307e-01  3.68118010e-01  3.45150339e+00
  -9.50121383e-01  9.17159554e-01  5.13774609e-01  7.38553082e-01
  -9.71299229e-01 -1.37439526e+00  8.27213517e-01 -1.77461637e-03
  -6.49389690e-01  7.62303095e-01  1.11491815e+00  1.51864511e-02
  -2.77748139e+00  1.15253799e+00 -7.17520487e-01  1.95565291e+00
   2.72179243e+00  4.50184628e-01 -1.19181260e+00  1.06953262e+00
   6.92476899e-02 -1.77170463e-01  1.39575093e+00  3.24435687e-01
   1.26163262e+00  7.64039849e-01  1.53330923e+00  2.79243537e-01
   4.33103699e-01  5.50149704e-01 -5.45363229e-01 -1.21695697e-01]]