[-2.24596664e-01  6.70922041e-01 -6.63680017e-01  6.27927959e-01
  1.73532593e+00  4.03550059e-01  8.77801955e-01 -1.27598003e-01
 -1.75892794e+00 -4.17406559e-02  8.25418651e-01  1.63874507e+00
 -6.17440581e-01 -2.28061199e+00  2.90600467e-03  3.82380009e-01
 -1.37864411e+00 -5.65954745e-01 -2.05606580e+00  1.51763260e+00
  2.49335304e-01  2.64569736e+00 -1.19188464e+00  2.01060027e-01
 -3.33374023e-01 -9.09797311e-01  4.23562020e-01  2.49034786e+00
 -3.30732673e-01 -7.31110632e-01  1.08996928e+00 -2.19872013e-01
 -8.02954674e-01  6.19437397e-01  2.97982001e+00  1.93599737e+00
 -1.91059577e+00  1.01841342e+00 -1.87421203e+00  2.74888009e-01
 -2.52413917e+00 -5.11484027e-01  2.39146066e+00 -5.40015221e-01
  1.05458391e+00  1.46067607e+00 -1.34502196e+00 -3.96073967e-01
 -6.05653301e-02  3.01888645e-01  9.43272650e-01  7.70553276e-02
  3.68715346e-01  1.41250861e+00 -1.10796583e+00  1.05506730e+00
 -3.74369323e-01 -2.85681993e-01  1.20233667e+00  2.07267213e+00
 -2.26208642e-01  6.78093314e-01  6.85245335e-01 -1.33321786e+00
  5.01744688e-01  8.72383356e-01  7.41465986e-01  9.55541968e-01
  1.30271804e+00 -4.42711979e-01  1.25370944e+00 -1.77059472e+00
  1.54193342e-01  9.03622627e-01 -1.83756864e+00  1.46295059e+00
  2.22163129e+00  8.23594630e-01 -1.24455082e+00 -5.13559341e-01
  6.53906912e-02 -1.46806335e+00 -5.47608018e-01 -1.37746322e+00
  1.01261604e+00  3.04336524e+00 -1.59260929e+00  1.13904595e+00
  1.36090600e+00  1.01567459e+00  8.67943406e-01  4.36501354e-01
  8.02308679e-01  8.70331466e-01 -1.75392017e-01 -5.40907323e-01
 -1.42813945e+00 -1.96573567e-02 -3.34137350e-01  1.17065406e+00
  4.46921349e-01 -2.17198944e+00  2.51137328e+00  1.09957397e+00
  8.12865376e-01  5.77849388e-01  2.55462676e-01 -4.58039254e-01
 -2.37037492e+00  2.74398112e+00 -3.36400676e-03 -2.12264180e+00
 -1.11461401e+00  1.24444997e+00  9.51123416e-01 -2.03468871e+00
  5.70782602e-01  9.69055891e-01  4.43566479e-02  6.47128046e-01
  1.38694739e+00 -1.95339060e+00  1.17857528e+00  2.15212655e+00
 -4.30324674e-01 -2.27057719e+00 -1.52072871e+00 -6.07285321e-01
  1.38329357e-01 -1.31400335e+00  8.42243314e-01 -1.68160450e+00
 -1.34270930e+00  1.20204079e+00 -9.93430734e-01  8.44599977e-02
 -2.71546692e-01  1.27574468e+00  1.54150927e+00  6.25802696e-01
 -5.88642001e-01  1.08114612e+00  8.30290020e-01 -1.28699267e+00
  2.13206196e+00 -8.99710000e-01  2.57090688e-01 -2.16508341e+00
  1.87150073e+00  1.84030011e-01 -3.05696666e-01 -3.11854661e-01
  3.31350166e-04  4.53420669e-01  2.20238671e-01  2.38415346e-01
  1.92376661e+00  2.12126398e+00  1.01963866e+00 -4.27899957e-01
  2.34799552e+00 -1.98987937e+00 -2.13825986e-01  1.68725967e-01
 -4.94813398e-02  1.75811335e-01  5.15747964e-01  3.36821342e+00
 -4.33583349e-01  4.69898731e-01  7.11094677e-01  1.31779325e+00
 -2.23648906e+00 -6.17379367e-01 -4.77456659e-01 -8.55804026e-01
  1.37499318e-01  1.04968798e+00  7.40166605e-01  1.26686655e-02
 -2.37041187e+00  1.58178282e+00 -6.17307961e-01  1.94366062e+00
  3.39022779e+00  8.94290686e-01 -6.25284016e-01  6.39171898e-01
  3.33864659e-01 -2.10898653e-01  1.73409915e+00 -4.12821382e-01
  1.67697930e+00  1.33067381e+00  2.59168029e+00  3.53009343e-01
 -3.17479312e-01  1.28557467e+00 -7.57814586e-01 -3.43899727e-02]