[-0.59824     0.26383498 -0.28544003 -1.7754751   0.26177496 -0.33694494
 -0.86041     0.12777507 -2.28109     0.49869496 -0.11326003  1.3906851
 -1.1010399  -2.311895    1.276855   -0.37339497  1.27907    -1.1443648
 -2.43521     0.95179    -3.4798748   2.012935   -0.50988495 -0.88871497
  0.60486     1.76405     0.8545799   0.698345   -2.3340049   2.35119
  0.35885498  0.540835   -0.76041     3.4073648   2.18015     3.0220802
 -2.5324402   0.481375   -2.09393     0.921065   -2.890645   -1.372835
  4.6106453   0.00968499  1.048795    2.7368798  -2.6988049   0.01325005
 -0.69387496  0.507885    0.37211502 -0.5398102   0.81185496  0.285605
  0.554765   -3.6796398  -1.44593    -1.35803     0.023485    0.10637999
  0.06244001  2.7292452  -0.36458    -0.9613949   0.417065    3.763935
  2.280535    0.03997993  2.846145    0.95395994  1.8003349  -1.11728
 -2.153905    1.4180951   0.10076    -0.41981     3.434345   -2.26051
 -3.1851048  -0.03427002  0.28232503 -2.69035    -1.033865   -1.0586948
  1.772075    4.68358     0.07811001  1.132685    1.7750399   2.58847
 -0.33887    -1.52646     3.871885    1.64748     1.8348601   1.1990099
 -1.98171     0.21525007  0.58458495  0.44545     0.11158496 -2.418035
  2.97008     2.6576848   4.7953153   4.36798    -1.5995901  -0.060585
 -1.1825701   1.25279    -1.8274902  -1.721165   -1.7307651   0.02444997
 -1.6988051  -1.138985    1.324145   -0.9368249  -0.5026599   1.5652001
  2.4342852  -0.48908997  5.130745    3.7253     -3.1709948  -4.38033
 -2.4507      0.36101002  0.07587999 -2.355055   -1.7899499  -1.5101451
 -0.27274     1.42803    -1.924675    3.19194     2.663615    0.88243496
  0.5661951   2.386915   -1.22983     1.123575    1.570875    0.894485
  0.12845    -0.30479997 -0.531335   -5.25036     1.4029601   1.2626151
  2.2753701  -1.0778899   0.60880506 -0.775665    0.21686    -0.05477
  2.1396499   3.556845    2.6899052   0.9719101   6.58345    -2.597445
 -3.4908     -2.86348    -2.620905   -2.4500299   1.673735    2.812585
 -1.425775   -1.739855    1.264905    5.2111454   1.770685   -0.25164008
  1.3913     -1.354285   -2.7002501   0.70808     0.47649503  0.82855
 -3.259385    1.38731    -1.8482951   2.0234299   4.180195    2.66344
  1.7036     -0.08963501  0.39779    -0.79017997  3.6498647   1.0650101
  4.7998447   1.970995    0.06268004  0.574795   -1.211195    1.2552749
  0.807865    0.25823   ]