[ 0.38793996 -0.18681996  0.45723    -0.06575996  2.0574033   0.5226566
  1.3360833   1.5288099  -0.53298    -1.4340967   0.84824663  3.5125968
 -0.3731967  -2.5684233   2.9279432   0.70340663  0.29948005 -1.28337
 -1.7601299   1.6689568  -0.5952434   1.4644066  -0.78392005 -2.4094765
  0.33982667 -1.47436     1.3703699   2.2891665   1.3543633  -2.07637
  1.5204633   0.69454    -0.8239467   0.12099329  2.03416     2.3418634
 -3.7584734   0.18818998 -0.35183668 -2.3716834  -5.69248    -0.53226
  2.6682634  -1.5104866   1.0545733   1.30027    -1.5618433  -0.14588666
 -0.5097833   2.7185166   0.7867901   1.5067201   1.9927734   2.5509632
 -0.09364665  2.16431    -1.1434866   0.60493     1.3090401   2.17948
 -1.2577533   1.9163367  -0.36508    -2.1496868  -0.2082      1.4089699
 -0.20736666  1.6296633  -2.6109233  -0.75958997  1.6248866  -1.8993267
  0.5962      1.8884634  -1.3228201   1.16864     1.0501167  -0.34128666
 -2.2250998  -1.7943732  -0.42605004 -1.1108      0.31803656 -2.9833667
  2.4266634   2.5450532  -1.6908368  -0.21341665  2.1515067   1.8839564
  1.3159599  -2.0057068   1.0008768  -0.09562663 -0.63972664  0.10566666
 -1.2330467  -2.2949834  -1.4370235   0.6468933   1.0902468  -0.2515801
  4.038733    1.1332401   0.34944     1.6944433  -0.21389668  0.03699
 -0.3561233   1.1691767   0.14740999 -2.1751235  -1.5190433   3.76692
  0.15169333 -2.0435233  -1.0765933   0.02649665  1.59001    -0.20346332
  2.16101    -0.62664336  2.6269367   2.6228034  -0.73503    -0.42535663
 -2.2696836   0.97385997  0.17692669 -2.3232067  -2.2692432  -1.7131833
 -2.2838233  -2.7978735   1.1483966   0.8387701  -0.6808867   1.8362466
 -0.39318    -0.97448325  0.36543998  0.8189133   0.99850005  0.5593333
  0.27636003 -1.4112166   0.8741133  -3.2871933   2.4149969  -0.00977337
 -2.66273    -1.59587    -0.3653833   1.2439567  -0.45974335  2.7460067
  1.2311367   2.1286533  -0.3380934  -1.6705832   4.0214067  -3.1268399
 -1.6932834  -0.58676    -1.2486833   0.5074267  -0.8742301   4.94648
 -2.6745665   0.81643337  1.0579534   1.6849732  -0.6169733  -2.81013
  1.3695866  -1.19417    -1.0284101   1.71128     0.18807332 -0.12107
 -1.73661     1.9287233   0.5583566   3.1605332   5.1622767   1.8130769
 -0.95781994  1.50379     0.84863335  1.8507367   1.9782966  -0.9726067
  2.54402     2.7132835   0.71156    -0.4865133   1.1992301   3.2171469
  0.24059327  1.0945067 ]