[[-0.06308361  0.96699311  0.10232705  0.44422655  1.21396852 -0.62333013
   0.31440753  0.51651132 -1.71125049  0.40439     0.14109656  2.09347821
  -0.66884148 -2.2089841   0.20122377 -0.14453247 -1.08767918 -0.38969015
  -0.7231413   1.23230361 -0.15630852  2.11370951 -0.66612606 -0.06123753
  -0.56984245 -0.87156181  0.53511475  2.35842279 -0.26179492 -0.98502508
   0.8497818  -0.84592164 -1.59680459  0.11283918  2.24035802  1.50120673
  -1.07340475  0.29998066 -1.71242147  0.24169969 -2.32288294 -1.21046476
   1.99673769 -0.55436541  1.35825771  1.07267541 -0.79133361 -0.52260279
  -0.27416034  0.92307969  0.13875    -0.09573261 -0.23169     1.37779213
  -1.10848197  1.22785755 -0.12048641  0.5775182   1.03012952  1.08767079
  -0.61386     1.50126804 -0.04127378 -1.44738704  1.01341179  0.30849066
   0.64292229  0.81051918  1.2019872   0.40572164  2.03066442 -0.50106065
   0.65826033  1.42634507 -1.48689641  1.13467588  1.41460426  0.30576886
  -1.6355928  -0.7968936  -0.05521    -0.81119    -0.43372328 -0.99334802
   0.68085361  2.50240889 -1.33933378  0.41884376  0.27992493  0.8649987
   0.83845263  0.02987165  1.02151588  0.10298607  0.1388841  -0.37308001
  -0.42967262 -0.54043885  0.47006606  0.34962916  0.84794066 -1.55339771
   2.12709213  1.41509017  0.89347524  0.7395646  -0.47246657  0.2943923
  -1.33797982  1.47018295 -0.0967664  -1.22554754 -1.53651493  1.06164968
  -0.17423345 -2.26220721  0.75777525 -0.04518261  0.54219967  0.17746624
   1.3735541  -1.34529638  1.31297376  1.3237131  -1.37147542 -2.01226803
  -0.85522573 -0.17381328  0.19437116 -1.38181476  0.48066099 -1.29179739
  -0.64692771  0.89690591 -0.28999427  0.29119459 -0.84407754  1.22978229
   1.75721984 -0.06632788  0.44791181  1.64737344  0.63987524 -1.528699
   0.71779869 -0.53376574  0.6085587  -1.58375081  1.33626475  0.2827159
  -0.84103688 -0.90022934  0.7807323   0.87165018 -0.0578395   0.51074836
   1.59925492  1.36445739  1.83194656 -0.61226524  2.43412476 -1.9238423
  -0.50609148 -1.15278197 -0.26829032  0.03226394 -0.20455244  3.09847955
  -1.03332328  0.72399197  0.79424883  0.95952378 -0.73749426 -0.9523846
   0.93576014  0.09227441 -0.01641524  1.37475688  1.1053323  -0.30605165
  -2.33345951  1.81489344 -0.94308738  1.8486287   3.10640459  0.32784722
  -0.28034575  1.81582131  0.02024344  0.46062558  1.02934213  0.36865002
   1.50740819  1.41340015  1.33363639 -0.07672591  1.04023854  0.99729884
  -0.35429361 -0.03389345]]