[-0.98497003 -0.18644665  1.3654366   3.21654     1.7746433   1.20077
 -0.25076663  0.46638334  0.0730867   1.5055267   0.7669634   1.7033701
 -1.1471334  -3.8170402   2.9547932   0.13935669 -1.7266134   2.4805033
 -2.1150367   3.8312235   1.5814533   4.2896705  -0.8570533   0.38707998
 -0.92615     0.27003327 -0.43047008  2.5664399  -0.91843003 -1.3167299
  1.6603101  -1.6019901   2.122      -0.17614333  1.5648432  -0.13178332
 -1.48528     0.42592666 -0.65832335  0.3563167  -0.5016767  -2.6089199
  3.0490599  -0.53942007  0.8465867  -0.16053663  0.45874    -2.09786
 -0.50756     1.6890169  -0.33313343 -1.1099733  -1.3752832   1.3338666
  0.20652993  1.4057268  -1.9418367  -0.17405994 -0.67483664  2.4544034
  1.8677899   1.3014566   1.5923767  -1.9361634   1.9579166   1.8777002
  0.77456665  1.7199134  -0.6856     -2.1025534   0.12382337 -3.1240368
  0.6288734   3.2239733  -1.71911     1.5104767   0.8252767   2.29868
 -0.7535266  -3.4471798  -1.2945067  -1.0498668  -2.4529266  -0.6602567
 -2.6094835   0.63716334 -1.5422667   0.9700834   3.3794      2.0904999
  0.75869006  0.7741367   1.5815033   0.41860333 -1.0699934   0.64523
 -0.04325007 -0.44347668  1.9359899  -1.7467035   0.20928001 -1.6931667
  3.4975731   2.4547234   3.6124704   3.2385967   0.16706334  2.818393
 -0.5566533   2.633767    0.39899334 -3.4016268  -2.58092     2.72552
 -0.01892328 -1.4629368  -0.5812333   0.9233467   2.4543035   1.3409266
  1.40663    -0.2262966   0.5502767   2.32051    -1.7027898  -3.22785
 -0.09045333  0.68789    -0.33879337 -1.7473234   0.47912    -2.30112
  0.07351327 -2.9965231  -0.56382    -1.6711601   0.10686664  1.5904235
  4.538257   -1.2417567  -0.21417327  1.3102967   0.6162301  -1.60208
 -1.3936266   1.3208733   2.6824067  -2.46263     1.0628567   1.43653
 -0.36514333  0.21585333 -1.5218201  -0.58203     1.7602634   1.7310667
 -0.3085967   1.6991967   1.3458533  -0.6690934   0.50253    -3.50121
 -1.9486233  -1.1487334   0.77768     1.4858135   3.1480067   1.8397765
 -0.11476997 -1.3641      1.52038     2.3107033  -0.53851    -3.0323498
  0.01329664 -1.2247534   1.0715567   1.4831434   0.2634233   0.6093233
 -3.3241866   3.82516    -2.996847    1.9237334   3.9013536   2.04918
 -0.57651335  0.55661005  2.1298902   1.5780767   2.4701834   1.8256234
  2.1675367   2.1828668   2.6150734  -0.25365672  0.00980667 -0.06466675
  0.45752     0.11446667]