[-1.9316544e-01 -5.6453538e-01  3.8024691e-01  1.8345877e+00
  1.0965185e+00 -2.1095616e-01  1.1406591e+00  6.6393846e-01
 -1.3544761e+00  1.0122670e+00  1.5439515e+00  2.0146592e+00
 -6.4162230e-01 -2.1523361e+00  8.5503608e-01 -4.3683845e-01
 -3.7912387e-01  4.1719612e-01 -1.3186239e+00  1.3069215e+00
 -8.5219771e-01  1.3778007e+00 -1.0214531e+00 -5.0813615e-01
  2.0398927e-01 -7.8573614e-01  3.5934082e-01  1.9855437e+00
 -9.4022244e-02 -7.0607543e-01  1.3227900e+00  2.2859386e-01
 -7.4159390e-01  1.1753794e+00  3.1634688e+00  1.4772600e+00
 -1.3603978e+00  1.4088092e+00 -7.6351231e-01  5.2661002e-01
 -2.8477678e+00 -3.0685613e-01  1.9290106e+00 -1.1026307e-01
  1.2115954e+00  2.2184045e+00 -4.3991697e-01 -1.2117616e+00
  3.9269190e-02  1.6922061e+00  4.4867924e-01  1.1741484e+00
 -7.9670005e-02  1.9945654e+00 -6.4261919e-01  1.7418061e+00
 -8.1259236e-02  4.9331766e-01  2.3584302e-01  5.6831920e-01
 -9.8444760e-01  1.3651916e+00 -8.2497609e-01 -1.4368761e+00
  4.2049998e-01  9.6786922e-01  8.9775693e-01  1.2199368e+00
  5.5345070e-01  1.0510893e+00  1.2165731e+00 -5.2907228e-01
  8.4272003e-01  1.8945425e+00 -1.8263716e+00  1.6681461e+00
  1.1697499e+00 -1.4835462e-01 -1.9418138e+00 -1.2763953e+00
 -1.1296134e-02 -1.8240000e-01  3.2448456e-02 -1.0334723e+00
 -1.7861693e-01  2.3889353e+00 -1.0029092e+00  1.0350516e+00
  5.3891307e-01  3.5596997e-01  6.2445843e-01  2.5818771e-01
  8.9579839e-01 -6.2270540e-01  9.4060999e-01 -1.4934078e-01
 -1.0346838e+00 -6.3305306e-01  6.5523845e-01 -5.1689154e-01
  1.6720431e+00 -1.0932592e+00  1.7206571e+00  1.6163107e+00
  9.3160778e-01  1.1473308e+00 -1.9683994e-01  4.8184314e-01
 -1.5660146e+00  8.2745701e-01  2.6962307e-01 -5.8354157e-01
 -1.1926976e+00  2.4249536e-01  8.5468155e-01 -1.9516737e+00
 -6.8538463e-01 -5.4764688e-01  1.4595769e-01 -6.7339949e-02
  2.4617717e+00 -1.7521217e+00  1.6400039e+00  2.0322907e+00
 -5.3180003e-01 -1.9472363e+00 -7.0575058e-01 -4.5834315e-01
 -7.9953003e-01 -2.1244769e+00  9.3627620e-01 -2.9776841e-01
 -4.5813152e-01  6.8852764e-01 -2.0684920e-01  6.4371151e-01
 -1.6652323e+00  8.3623153e-01  1.9350854e+00  1.1656160e-01
 -5.3722288e-02  1.8379900e+00  3.9257002e-01 -1.1229962e+00
  6.4329380e-01 -7.8442228e-01  8.2884926e-01 -1.6771407e+00
  1.4397731e+00  1.1063842e-02 -2.1380846e-01 -1.4053054e+00
  1.4248716e+00  1.4732923e-01 -2.2865385e-01  1.4955308e+00
  1.5980645e+00  2.3879461e+00  9.8525846e-01 -7.2749466e-01
  2.3574131e+00 -2.4478676e+00 -1.3113869e+00 -7.8347313e-01
 -7.2055399e-01  1.9219001e-01  8.1114583e-02  2.8352392e+00
 -9.9169308e-01 -3.1975618e-01  4.1378924e-01  8.1647462e-01
 -4.2400926e-01 -1.6578492e+00  2.1924618e-01  5.1939923e-01
 -9.0980001e-02  1.4542130e+00  4.1994536e-01 -1.5306616e-01
 -2.5508132e+00  2.3273551e+00 -5.5222684e-01  1.2553730e+00
  3.0938387e+00  8.9050770e-01 -5.3718001e-01  3.9525387e-01
  3.9647073e-01  4.3564540e-01  2.4303477e+00  5.4617083e-01
  1.7745569e+00  1.4790876e+00  7.5342929e-01  1.3432075e-01
 -6.2999816e-04  7.9481846e-01  1.9993305e-01  5.8902925e-01]