[-1.77158999e+00  1.37943995e+00 -5.28869987e-01  1.20103002e+00
  2.64824009e+00  4.91719991e-01  3.03399980e-01 -1.26510990e+00
 -1.95158005e+00 -1.02540004e+00 -1.30382001e+00  3.19136000e+00
 -5.15400022e-02 -4.16675997e+00 -1.72179997e-01 -1.11433995e+00
 -1.87396002e+00  3.74840021e-01 -2.61589003e+00  3.32493997e+00
  1.25286996e+00  3.88280010e+00 -2.26269007e+00  1.36196005e+00
 -1.13455999e+00 -2.21123004e+00  2.01900005e-01  2.44503999e+00
  2.28061008e+00 -2.19940996e+00  1.58133006e+00  3.71179998e-01
 -4.12220001e-01  2.24039006e+00  2.32370996e+00  2.37154007e+00
 -1.44042993e+00  7.11439967e-01 -1.19887996e+00  1.47907007e+00
 -3.37440014e-01  2.46280000e-01  3.23253989e+00 -2.49025011e+00
 -1.58641994e+00  1.62735999e+00 -1.93498003e+00 -1.45972991e+00
  3.34190011e-01 -5.27400002e-02  1.15588999e+00 -3.84319991e-01
  4.14570004e-01  1.13549006e+00 -9.35649991e-01  8.99220049e-01
 -3.28399986e-01  6.61709964e-01  1.85517001e+00  3.24391007e+00
 -9.47000012e-02 -1.38069999e+00  8.23799968e-02 -2.23336983e+00
  1.46094990e+00  1.49968004e+00  3.24751997e+00  3.39743996e+00
 -4.15100008e-02 -2.39039987e-01  2.37636995e+00 -3.44996977e+00
  3.02209997e+00  2.07586002e+00 -2.90446019e+00  3.47113991e+00
  1.11149001e+00  5.61500005e-02 -3.80533004e+00 -1.75989008e+00
 -1.23862004e+00 -2.34909987e+00 -1.69268990e+00  9.97500047e-02
  2.30592990e+00  2.89968991e+00 -5.95620036e-01  1.11050999e+00
  2.51275992e+00 -7.95269966e-01  3.29131007e+00  2.05329984e-01
  1.68290004e-01  2.25259990e-01  1.09283996e+00 -2.10118008e+00
 -7.38430023e-01 -9.59820032e-01  1.16729997e-01 -1.00428998e+00
  2.12790990e+00 -2.93404007e+00  2.98691010e+00  3.75340009e+00
  6.19390011e-01  1.82070002e-01 -1.19027996e+00 -9.03890014e-01
 -2.37667990e+00  3.56478977e+00  2.96226001e+00 -2.21701002e+00
 -2.45450997e+00  1.66185009e+00  2.29172993e+00 -3.08095980e+00
  3.37679982e-01  1.57582998e+00  4.30440009e-01  3.88520002e-01
 -1.62470013e-01 -2.80489981e-01  1.51645005e+00  3.35720992e+00
  1.49101007e+00 -4.61910009e+00 -2.97745991e+00  1.13126004e+00
 -1.28741002e+00 -6.57249987e-01  5.00310004e-01 -1.42054009e+00
  6.60549998e-01  1.81051004e+00 -7.27630019e-01 -8.65089953e-01
  2.33640000e-01  1.21872997e+00  1.88106000e+00  9.93750036e-01
  7.04210043e-01 -8.41899961e-02 -5.19760013e-01 -2.89380026e+00
  3.57856011e+00 -7.32650042e-01  1.14040995e+00 -3.03122997e+00
  2.30069995e-01  1.98534000e+00 -5.57699978e-01  2.37923002e+00
  1.74404001e+00  7.07549989e-01 -9.53790009e-01  1.16323996e+00
 -2.59499997e-02  1.89581013e+00  8.42590034e-01 -1.95847011e+00
  2.99675989e+00 -4.71644974e+00 -2.56682992e+00  1.40524006e+00
  1.51633990e+00 -5.54000027e-03  1.50964010e+00  2.77847004e+00
 -2.52660012e+00  1.05721998e+00  1.58129001e+00  1.86017013e+00
 -3.08541012e+00 -2.80570000e-01  2.84000020e-03 -7.55499959e-01
  1.74873996e+00  3.54139984e-01 -1.03662002e+00  5.09119987e-01
 -2.48090005e+00  1.96571004e+00 -1.59623003e+00  3.68314004e+00
  3.86397982e+00  2.51711988e+00 -6.55160010e-01 -4.07779992e-01
 -1.87769994e-01 -1.77461994e+00 -1.14829995e-01  3.42469990e-01
  3.49749982e-01  3.12793994e+00  3.12509012e+00 -8.11119974e-01
 -3.24539989e-01 -7.99039960e-01  9.84050035e-01  1.18641996e+00]