[[-3.46029284e-01  8.68883220e-01 -4.18699968e-01  8.52181315e-01
   3.65864642e-01 -5.50853093e-02  4.06653984e-01 -1.16269290e-01
  -1.44825266e+00  7.48420699e-01 -4.32839978e-02  2.61264529e+00
  -2.74685947e-01 -1.51996129e+00  5.83036654e-01 -1.57878669e-01
  -1.19917539e+00 -2.44094006e-01 -1.24460994e+00  1.18621540e+00
   2.30005328e-01  2.06462329e+00 -8.05205319e-01  7.30433379e-01
  -1.06346196e+00 -1.66610264e+00  6.23875356e-01  2.55567654e+00
   4.30186709e-02 -1.60165869e+00  1.11603263e+00 -1.64152131e+00
  -7.67124629e-01 -2.03361311e-01  2.93090165e+00  1.32860865e+00
  -1.27943471e+00 -1.46264664e-01 -2.26204862e+00  3.37242007e-01
  -7.92279402e-01 -3.20441347e-01  1.00172348e+00 -7.00061385e-01
   1.37658395e+00  1.53900404e+00 -5.33100756e-01 -3.41168722e-01
  -7.25875998e-01  1.80477349e-01  7.02259922e-01  1.20324692e-01
   3.27914655e-01  2.00698212e+00 -1.30629994e+00  2.62432804e+00
   9.52789363e-01 -7.86979318e-01  1.28329593e+00  1.59402212e+00
   2.05332736e-03  1.27094533e+00  5.51083940e-01 -1.12319267e+00
   2.34973391e-02  1.69705997e+00  2.14680636e-01  8.68750048e-01
   5.96653326e-01 -3.70305997e-01  1.68277198e+00 -1.75220637e-01
   1.17634734e+00  1.33220340e+00 -1.45081001e+00  1.63574336e+00
   1.37400057e+00 -5.33804663e-01 -2.23152731e+00 -2.39627361e-01
  -7.07171267e-01 -9.25124701e-01 -1.00438019e-01 -2.08436604e+00
  -3.40402635e-01  3.68825944e+00 -9.57166647e-01  1.92978668e-01
   4.24922721e-01  3.19650650e-01  1.13944270e+00  4.89257314e-01
   6.20822636e-01  5.25678080e-01  4.20628663e-01 -7.81280764e-01
   3.68098640e-01 -2.89023318e-01 -1.08170064e-01  3.42209331e-01
   1.56613336e+00 -2.14149408e+00  2.45839206e+00  8.18346695e-01
   9.29943057e-01  9.06970127e-01 -1.59890412e+00 -3.31513309e-01
  -1.45160861e+00  1.99563212e+00 -1.47397333e-01 -1.82401388e+00
  -1.36565728e+00  1.64247358e-01  3.31816014e-01 -1.96759539e+00
   1.34328811e+00  7.37595356e-01  1.32924716e-01  9.71986969e-02
   1.22847530e+00 -2.02627071e+00  1.26992332e+00  2.98632778e+00
  -1.61077455e+00 -2.24352744e+00 -1.82494414e+00 -6.13898691e-01
   6.28334681e-03 -1.83185530e+00  8.39822022e-01 -7.45413359e-01
  -3.75818030e-01  1.11326609e+00 -1.77192656e-01  5.44110664e-01
  -4.96914697e-01  8.40200710e-01  2.01581604e+00  4.28588732e-01
  -1.80718017e-01  2.27602606e+00  1.21828197e+00 -1.99149618e+00
   1.79313134e+00 -7.65031316e-01  2.03850667e-01 -1.60016200e+00
   1.19642925e+00  4.62721352e-01 -7.72215343e-01 -1.77031816e+00
   2.06614804e+00  1.05002940e+00 -2.45559339e-01  1.41085536e+00
   1.34879929e+00  2.13421196e+00  1.01198936e+00 -1.05788604e+00
   1.95608868e+00 -2.80829321e+00 -4.46875993e-01  1.10912017e-01
   3.26814707e-01 -2.21068684e-01  7.14585268e-01  2.47729273e+00
  -9.11508743e-01  8.12707356e-01  3.07023982e-01  1.75738071e+00
  -1.71128795e+00 -1.00426865e+00  1.44980539e+00  5.01858013e-01
   2.77013540e-02  1.65860597e+00  1.71760004e+00 -1.00836007e-01
  -2.18009025e+00  1.39858669e+00 -9.58465338e-01  2.14913723e+00
   2.75877279e+00  2.19245354e-01 -1.26086704e-01  1.53649131e+00
  -5.43373187e-02  6.24482028e-01  3.29202032e-01  4.76324677e-01
   2.88242815e+00  1.27181339e-01  1.69227723e+00 -7.11459875e-02
   6.59036684e-01  1.22542536e+00 -4.04099345e-01  5.52200168e-02]]