[-0.072457    0.8249669  -0.15688507 -0.263581    1.148106   -1.6740959
  1.2177022   1.042543   -0.953843   -0.74532205 -0.940324    2.549718
  0.08568098 -2.420158    0.517541    0.647764   -0.573273   -0.08693693
 -1.503089    1.393776   -1.1976478   3.499382   -1.5757259  -0.39091098
 -1.538625   -0.525515    2.229436    2.6373112  -0.59073496 -0.7524959
  2.1895041  -1.42553    -1.5640371   0.839547    3.02105     2.0561569
 -1.590147   -0.726063   -0.77589196 -0.36205596 -2.26723    -1.210232
  1.7253622  -0.683332    0.96451503  2.824801   -0.87722     0.37368798
 -1.479543    0.65334207 -0.327856   -0.624742   -0.781935    1.429568
 -1.1233848   1.682607   -1.5649401   0.41129503  0.7882849   0.700887
 -0.17507     1.3628619  -0.46440202 -0.84821796  1.216576    0.4717079
  1.3332701   1.33672     1.3912671  -0.09909499  1.027671   -1.0084311
 -0.095163    2.194535   -1.5419939   0.44271898  2.449102   -1.582761
 -1.078964   -1.0910109   0.11959501 -1.015614   -0.75989395 -0.12121101
  0.737194    4.6830373  -1.439082    0.519502    1.2707192   1.48543
  1.2326639  -0.69191396  2.143389    1.6951611   1.352607   -0.795249
  0.142472   -0.778099   -0.771142    0.409391    0.43325195 -1.41582
  2.111477    1.6443279   1.8486679   2.4108868  -0.696461    0.17097601
 -1.0419799   0.557417   -0.16968197 -0.68184304 -1.0212028   0.261571
  0.37350303 -2.4839568   0.489179    1.0808469   2.6794689   2.382729
  2.195417   -1.829685    1.9054301   2.455533   -1.74044    -2.4183261
 -1.1700301  -0.635685    0.67098916 -1.9489921  -0.114685   -1.348425
 -0.51924795  1.2347591  -0.520162    0.793843   -0.9789001   1.5499879
  2.5713668  -0.27922896  0.312568    2.4983401   0.96881616 -1.289802
  1.004067    0.5420361   1.1330609  -1.6545041   1.0541661   0.37731397
 -0.34613103 -1.90828     1.38719     0.696416    0.66382295  1.6816719
  1.4794319   1.3264972   2.4318948  -1.088162    3.2067077  -0.72353196
  0.14745098  0.18962796 -0.85235405  0.057306    1.10364     2.905685
 -2.1214051  -0.30848104  0.563511    2.053347   -0.92133    -1.2381752
  0.67449003 -0.44762507 -0.06377897  2.3041701   1.288236   -1.5332559
 -1.7180172   2.049043   -0.40286607  2.485718    3.172143    0.974189
  0.710964    1.754175    0.03416     0.60101104  1.828071    0.487156
  2.4250028   0.421305   -0.21849804  1.787646    0.23988505  0.82986003
 -0.43662196 -0.10988502]