[ 1.9668898e-01  1.2140650e+00 -6.1145902e-01  6.3629401e-01
  1.5289319e+00 -1.0795910e+00  1.1930230e+00  3.8516694e-01
 -1.7059510e+00  3.1826797e-01  1.1441420e+00  3.3422470e+00
  3.0669976e-02 -2.6422939e+00 -5.5730056e-02 -3.9629406e-01
 -1.6039200e-01  1.5304050e+00 -8.5347205e-01  1.6009461e+00
 -7.4722499e-01  3.5003209e+00 -5.5493003e-01  5.5945700e-01
 -1.4773439e+00 -3.9616799e-01  4.1485596e-01  2.9627159e+00
 -1.3668489e+00 -3.2034299e-01  8.2258099e-01 -1.4996980e+00
 -1.6273609e+00  2.7544999e-01  1.9017971e+00  2.2276680e+00
 -8.8102388e-01 -5.9404958e-02 -2.4660449e+00 -8.2282998e-02
 -2.2374389e+00 -7.1175200e-01  1.8511438e+00 -1.0862230e+00
  7.2293299e-01  9.9172801e-01 -1.3353550e+00 -4.9477983e-02
  5.3019798e-01 -1.7882103e-01  2.7995604e-01  1.3027796e-01
 -1.2665110e+00  4.1498798e-01 -1.5305250e+00  5.8647197e-01
 -6.1249799e-01  7.9788014e-02  1.1050289e+00  1.1769041e+00
 -2.5430995e-01  9.0320003e-01  8.2971096e-01  2.3439798e-01
  1.1466190e+00  1.7237542e+00  9.4833499e-01  9.9217796e-01
  1.2764280e+00 -1.7301047e-02  1.2862980e+00 -7.5743210e-01
  2.2060600e-01  1.4774311e+00 -6.6523898e-01  1.1873081e+00
  2.3857019e+00 -1.4067390e+00 -2.0940762e+00 -7.6697892e-01
 -1.0383919e+00 -2.2440550e+00 -1.0039650e+00 -4.3079001e-01
  4.3454799e-01  4.0486474e+00 -4.9914399e-01 -4.6978897e-01
 -3.8371497e-01  1.6803888e+00  1.2586110e+00 -4.8922500e-01
  1.4708282e+00  4.6768802e-01  6.7986596e-01 -2.8615403e-01
 -8.5962898e-01 -1.5974630e+00  5.0147694e-01  5.6922001e-01
  1.5940498e-01 -2.5433240e+00  2.4644179e+00  2.4117649e+00
  7.6040709e-01  2.0667341e+00 -4.1898498e-01  8.2976006e-02
 -1.6572498e+00  1.4500080e+00 -5.5532587e-01 -4.3568999e-01
 -1.5783079e+00  1.1861891e+00 -5.4975289e-01 -3.2708099e+00
  1.1824908e+00 -1.0803220e+00  8.6260989e-02 -2.2182998e-01
  2.3478179e+00 -1.0238792e+00  1.1034641e+00  3.0951152e+00
 -2.2196481e+00 -2.3216548e+00 -9.6207201e-01 -1.3818190e+00
  1.1105101e+00 -1.4211352e+00  1.0694220e+00 -1.2691979e+00
 -1.4620198e-01  1.7371620e+00 -7.7959198e-01  7.5966203e-01
  2.2957397e-01  7.3367500e-01  1.4010880e+00  1.3818105e-01
 -5.8201903e-01  1.4007610e+00  1.0188019e+00 -2.3609660e+00
  1.8552691e+00  7.7725902e-02  2.0619097e-01 -2.5226209e+00
  9.7293597e-01  1.2139299e-01  5.7686985e-02 -6.1483014e-01
  2.6072860e+00  5.8751303e-01 -7.7245936e-02  4.1193509e-01
  7.1276031e-02  9.7380102e-01  1.0265291e+00 -8.1212902e-01
  2.9711945e+00 -2.3814390e+00 -1.6495900e-01 -5.0715972e-02
 -3.4759203e-01 -5.4834902e-01  1.4119079e+00  2.4612210e+00
 -1.3764540e+00 -8.5221902e-02  5.0731093e-01  9.0597093e-01
 -9.5826596e-01 -1.3124430e+00  2.1288929e+00 -2.9038802e-01
 -1.0240078e-03  2.9942200e+00  1.7692060e+00 -2.9452592e-01
 -2.9311340e+00  1.0970370e+00 -1.4584339e+00  8.7636507e-01
  2.9360952e+00  5.7880706e-01  1.4400539e+00  2.7915559e+00
  8.2176602e-01  2.3670802e-01  1.9539191e+00  8.2279795e-01
  1.7879318e+00  1.0452191e+00  3.2501808e-01  9.7980702e-01
  9.0639794e-01 -1.4185295e-01 -1.5651300e+00 -7.9848200e-01]