[[-1.58516685e-01  1.09832672e+00 -3.15749973e-01 -1.04993224e-01
   1.33375496e+00 -2.66048008e+00  1.27138335e+00  2.92603334e-01
  -7.79184987e-01  8.42733324e-01 -1.45038327e-01  3.56637665e+00
  -1.13568336e-01 -2.35101660e+00  6.45183317e-01 -5.91851686e-01
  -3.78756642e-01 -9.97803330e-01 -1.36626163e+00  2.45238324e+00
  -6.11183335e-01  2.39925489e+00 -4.97889976e-01 -5.46144943e-01
  -3.44331694e-01 -4.04408375e-01  1.47116669e+00  1.83134337e+00
  -5.11524995e-01 -3.93834968e-01  3.27578326e-01 -1.17108166e+00
  -5.03340006e-01  1.15642496e+00  1.99964331e+00  1.30074332e+00
  -8.86869987e-01  3.20160031e-01 -4.78269994e-01 -1.10021661e-01
  -1.70776330e+00 -2.63469827e+00  2.63918487e+00  2.37419998e-01
   8.26997062e-03  2.05980670e+00 -6.67449978e-01 -3.45061714e-01
   5.76885064e-01  5.83136660e-01 -7.23050018e-01  1.29220003e-01
   4.69618350e-01  5.25204996e-01 -1.18166667e+00  1.25080501e+00
  -1.94520833e+00  1.17567667e+00  1.32102165e+00  8.61388326e-01
  -7.77440031e-01  1.94955658e+00  1.16579501e+00 -4.52311655e-01
  -2.76285003e-01  1.32629164e+00  4.49305008e-01  1.58800505e+00
  -8.58566761e-02 -1.16516650e-02  1.48665500e+00 -5.87379992e-01
   8.05081705e-01  1.85585666e+00 -1.47266334e+00  3.23704985e-01
   2.66399825e+00 -1.21994501e+00 -2.69592183e+00 -4.83311658e-01
  -8.74963323e-01  8.93334548e-04 -1.16744168e+00  8.43939980e-01
   8.25803320e-01  3.30753167e+00 -1.43791167e+00  3.03900003e-01
   1.81673002e+00  1.50998678e+00  7.71375040e-01 -4.42033331e-01
   1.18121163e+00  1.25392161e+00  6.40503332e-01 -8.79776696e-01
   1.70266648e-01  4.20818320e-01 -3.48481675e-01 -5.71233431e-02
  -3.24039996e-01 -1.18152998e+00  2.34828325e+00  5.48461666e-01
   2.41041837e+00  1.53181010e+00 -1.29501002e+00  4.33074991e-01
  -1.37794332e+00  1.60389832e+00 -1.35188308e-01 -1.73397338e+00
  -1.16886832e+00  5.97589990e-01  5.36749999e-01 -1.03519168e+00
   1.17504662e+00  7.33210047e-01 -2.88751662e-01  4.73293329e-01
   1.35677669e+00 -1.62476495e+00  1.88739510e+00  1.19054000e+00
  -9.36949934e-01 -3.00619829e+00 -7.25301584e-01 -5.94493356e-01
   6.44049995e-01 -1.59481158e+00  1.39894835e+00 -1.20277333e+00
   1.71346645e-01  7.82833378e-01 -6.66468342e-01  9.06711618e-01
   4.34640050e-01  1.46596324e+00  1.65617991e+00  3.78076653e-01
  -2.20445017e-01  1.97842330e+00  8.15268338e-01 -1.63486163e+00
   1.37218994e+00  1.36968000e+00  9.70710029e-01 -1.56732168e+00
   2.42819500e+00  4.43178316e-01 -2.65461653e-01 -1.64390663e+00
   1.51482002e+00  6.24654998e-01  4.13706688e-01  8.51789939e-01
   2.69723371e-01  2.45916325e+00  5.75164994e-01 -1.18602005e+00
   2.55587848e+00 -7.28700007e-01  6.93326652e-01 -3.15976659e-01
  -2.24521637e-01 -1.10681507e+00  1.56315829e+00  1.93636835e+00
   9.40751632e-01  3.33373328e-01  1.14214009e+00  1.53320832e+00
  -4.20999979e-01 -2.36227330e+00  2.20840015e-01  5.44011613e-01
  -3.88355000e-01  1.39869166e+00 -2.49641647e-01  7.30405023e-01
  -1.98249666e+00  1.63230164e+00  2.13988334e-01  1.34478494e+00
   2.48470493e+00  4.35539986e-01  3.53918354e-01  2.16644172e+00
   9.27528361e-01 -6.72760000e-01  7.89873332e-01  6.79258356e-01
   2.16930004e+00  3.53361654e-01 -1.14590502e+00  3.77176662e-01
   9.88506655e-01  4.73453273e-01 -4.43345055e-01  6.84166451e-03]]