[[-4.51797185e-01  1.05886752e+00 -1.89391833e-01  3.10672484e-01
   5.77577674e-01 -6.38251656e-01  3.31065502e-01 -7.04123414e-02
  -1.33257634e+00  3.29524655e-01  6.53196861e-01  2.04717471e+00
  -3.91491169e-01 -2.19086634e+00 -1.26723669e-01  2.81169826e-01
  -5.52396980e-01 -1.99569322e-01 -1.50361511e+00  1.52057284e+00
   7.36153452e-02  2.25698403e+00 -8.26364983e-01 -1.94647970e-03
  -4.87647010e-01 -1.12442967e+00  1.03892251e+00  1.94688934e+00
  -7.25711147e-01 -5.93776487e-01  4.73836498e-01 -9.58595157e-01
  -7.70376661e-01  1.41416656e-02  1.47567289e+00  1.20417565e+00
  -6.85915672e-01  2.57063522e-01 -1.56533966e+00  2.55630341e-01
  -1.46500883e+00 -9.84425815e-01  1.20243534e+00 -8.39514162e-01
   9.90414815e-01  1.20890215e+00 -7.89977502e-01 -2.64028000e-01
  -9.29239981e-02  7.69059505e-01  5.10335008e-01  8.65838185e-02
  -3.19077012e-01  1.45443052e+00 -1.08164817e+00  1.24377454e+00
  -4.99506176e-01  3.02311013e-01  2.57387667e-01  1.14183134e+00
  -4.28799154e-01  1.16916616e+00  1.66400338e-01 -9.79484651e-01
   8.93506169e-01  4.43474843e-01  6.55134841e-01  8.30659993e-01
   9.81554165e-01  1.76881510e-01  1.68882415e+00 -5.96979495e-01
   8.44191169e-01  1.02423883e+00 -1.41285066e+00  8.77695005e-01
   1.59622463e+00 -6.28985220e-02 -1.43913415e+00 -4.66585648e-01
  -6.36356819e-01 -1.17171383e+00 -4.72212674e-01 -6.43399837e-01
  -5.02283290e-02  2.57760718e+00 -1.13518065e+00  6.66310496e-01
   8.10658989e-01  9.10953821e-01  7.00312001e-01  3.12420802e-01
   9.33533172e-01  6.29416413e-02  1.51584336e-01 -5.35500012e-01
  -3.39084510e-01 -5.27839337e-01 -2.06274662e-01  9.38291968e-01
   6.58629840e-01 -1.57747084e+00  1.71065133e+00  1.18059950e+00
   8.59138997e-01  1.12743101e+00 -8.87831002e-01  4.04148329e-01
  -8.35554340e-01  1.36004264e+00 -2.04242509e-01 -1.12650634e+00
  -1.39987000e+00  8.92463494e-01  5.33622859e-01 -2.06720329e+00
   7.94901316e-01  5.09397658e-01  1.77179343e-01 -2.62165348e-01
   1.35793604e+00 -1.27857353e+00  1.24940296e+00  1.45395669e+00
  -1.03555249e+00 -2.12456484e+00 -1.08688253e+00 -5.85527671e-01
   1.43899500e-01 -1.30456284e+00  2.00357808e-01 -1.50138685e+00
  -6.95295839e-01  7.66044992e-01 -6.00503009e-01  4.34041503e-01
  -8.30280511e-01  1.47864552e+00  1.22316648e+00  6.60103009e-01
   2.19020998e-01  1.22348200e+00  8.03568651e-01 -1.82908415e+00
   1.38925666e+00 -4.97657160e-01  2.94354826e-01 -1.36422966e+00
   1.18401319e+00  1.55712004e-01 -3.15421153e-01 -1.37231963e+00
   1.23819302e+00  6.06945007e-01  2.48003338e-01  5.67510203e-02
   1.27741585e+00  1.28524017e+00  1.78716118e+00 -8.37843326e-01
   2.26534967e+00 -1.56560150e+00 -3.52659507e-01 -7.54173190e-01
   3.46587327e-01  2.20296177e-01  4.96242510e-01  2.59891084e+00
  -1.04739331e+00  5.01850018e-01  4.30600990e-01  8.59993493e-01
  -9.42680806e-01 -1.06678132e+00  3.08958145e-01  2.70762649e-01
  -2.82371649e-02  1.01189468e+00  1.34259718e+00 -3.40872170e-01
  -2.20589616e+00  1.32060599e+00 -6.76173512e-01  1.57880220e+00
   2.46225554e+00  4.89506515e-01 -1.71633697e-01  1.15710434e+00
  -3.95638249e-02 -1.06764905e-02  1.47114779e+00  3.49490328e-01
   1.36510282e+00  5.25743350e-01  1.23281437e+00  2.14287669e-01
   4.09403845e-01  5.65193361e-01 -8.93832495e-01 -2.45416567e-02]]