[[-0.43594837  0.57627645 -0.19860759  0.77553227  1.05320695 -0.28704076
   0.59770532  0.11725177 -1.2443771   0.58419862  0.55049974  2.19939507
  -0.89035381 -2.40599343  0.09055671  0.03341671 -0.61184392 -0.01181075
  -1.38595317  1.63960128 -0.00795127  2.16055973 -0.72931582 -0.25407622
  -0.65296951 -0.69219329  0.58741152  2.24475569 -0.36982898 -0.50806873
   0.49415659 -0.69634823 -0.93240873  0.30568254  2.47289697  1.57532203
  -1.26509761  0.10562026 -1.57618672  0.0630057  -1.51682684 -1.14994506
   1.68186036 -0.38486316  0.74658417  1.36081    -0.28965962 -0.1580462
   0.17554013  0.80701962  0.1501233   0.1801853  -0.30743065  1.27772706
  -0.9398447   1.60223178 -0.01050354  0.16889734  0.4009024   1.00937747
  -0.52018532  1.25645456  0.26138544 -1.37844392  0.67990481  0.23905467
   0.62685203  0.78715419  1.06614849  0.15450494  1.45254494 -0.72638747
   0.63515746  1.84968151 -1.16508267  1.43268696  1.15770456 -0.07406177
  -1.72805266 -0.63252443 -0.17445759 -0.61169293 -0.71878911 -1.31043418
   0.79271241  2.52493734 -0.64420025  0.58683049  0.68887355  0.41125962
   0.54763924  0.37760392  0.94758417  0.14831999 -0.15359456 -0.69294822
  -0.7215238  -0.61939063 -0.01565607  0.63609024  1.18848658 -1.58238253
   1.83383504  0.91078584  1.0535062   0.79438203 -0.42616076  0.34373202
  -0.9543343   1.09532733  0.07177265 -1.49923291 -1.25763609  0.58295519
  -0.12557544 -1.76848862  0.31724759  0.36585595  0.73796379  0.48493495
   1.26689518 -1.33455432  1.48456051  1.55760328 -1.46298011 -1.96372746
  -0.95147305 -0.6321238   0.1120686  -1.58957519  0.2218176  -1.74246646
  -0.72603861  0.45317354  0.22136673  0.59346632 -0.54194165  1.26770353
   1.45815758  0.12564089  0.15087267  1.62873571  0.85731785 -1.48777304
   1.13134455 -0.49949696  0.99602089 -1.74255454  1.67177088  0.2571962
  -0.19075962 -1.13198947  1.28917898  0.82378569  0.2871148   0.60623798
   1.08898178  1.4728619   0.91648481 -0.63423392  2.52836634 -1.61057252
  -0.63921075 -0.86426596 -0.19655444 -0.07029089 -0.14931252  2.74509176
  -0.47069493  0.39498229  0.90813568  1.34505026 -0.6862829  -0.7485776
   0.70772873  0.22371836 -0.04963127  0.92260089  1.3847814  -0.2719538
  -1.85902507  1.44743317 -0.64113799  1.30324077  3.08399925  0.9167305
  -0.24692432  0.99631204  0.21408608 -0.1718386   1.50592483  0.4811795
   1.67545355  1.28573405  1.02518989  0.02188304  0.64316014  0.74465886
  -0.30329264  0.00589241]]