[[-0.13007404  0.91004388 -0.5109542   0.38553359  1.12923775  0.11342525
   0.65717611  0.13153237 -1.84635135  0.78900315  0.12670103  1.98161461
  -1.06488236 -2.18752566 -0.02480417  0.42086566 -0.75033583 -0.14917224
  -1.45080358  1.42300776 -0.46504882  2.31872149 -0.82958971 -0.14259941
  -0.38958342 -0.61110476  0.93130672  2.1301358  -0.06500566 -1.1417706
   0.65776462 -0.64604716 -0.4690112   0.07139822  2.86448154  1.48490494
  -1.34887002  0.3142145  -1.37142777  0.41345657 -2.12897729 -0.6343697
   1.57513357 -0.55127267  0.86740999  1.02948957 -0.51925239 -0.54421179
   0.3766006   1.14172103 -0.02051583 -0.09972166  0.02286418  1.33623939
  -0.84171238  1.50356341 -0.36164627 -0.00721165  0.4578706   1.1968957
  -1.07967627  1.33435194  0.35907119 -0.94248522  0.7178561   0.40393223
   0.78387691  0.90436416  0.44853089 -0.03592135  1.59862136 -0.75573597
   0.8145191   1.23704209 -1.26591687  1.04625388  1.4000742   0.14247343
  -1.4275382  -0.77783598 -0.50372314 -1.03747658 -0.2220797  -0.76570999
   0.45024387  2.46809818 -0.79135969  0.9378779   0.77542166  0.69392002
   0.71658137 -0.09763269  0.65161433  0.03156613 -0.24256733 -0.58033403
  -0.41747717 -0.67494119 -0.0100358   0.84636521  0.75620717 -1.22103566
   1.84202045  1.02966908  0.8611973   0.6827097  -0.33633956 -0.03772598
  -1.43611375  1.65610688  0.5910161  -0.97111897 -1.10785582  0.23194343
   0.4270861  -1.81739596  0.73162238  0.43201894  0.64663986  0.41896584
   1.15976672 -1.41393328  1.74140435  1.81814927 -0.80668552 -2.08812374
  -1.29956342 -0.35857851 -0.44472463 -1.42019583  0.47670687 -1.40220026
  -1.07199357  0.65398523  0.06544418  0.56562777 -1.36868928  0.64195149
   1.05215017  0.31287851 -0.13856417  1.55631673  1.04912179 -1.30226491
   1.02001522 -0.63523492  0.76339924 -1.67021493  1.42211136  0.38531568
  -0.30094806 -0.64108583  1.01002624  0.54156878 -0.3301433   0.55354344
   1.15701717  2.06174955  1.57738714 -0.55505254  2.38324943 -1.72008987
  -0.73943268 -0.5604418  -0.28706821  0.01589642  0.10311508  2.89550666
  -1.18186269  0.48466207  0.66223954  0.63601657 -1.01834792 -1.05417821
   0.66893194 -0.12083985 -0.20447283  0.96136495  1.02592716 -0.14927195
  -1.88888462  1.51009897 -0.3926018   1.86339791  2.7891337   0.76477001
  -0.41776986  0.89016193 -0.09492209 -0.41906835  1.66783181  0.22122329
   1.36705656  0.66998669  1.01231072  0.18431163  0.62266581  0.51993881
  -0.2379788   0.09070955]]