[[-0.46840269  0.57716657 -0.14376761  0.84002462  0.47481715 -0.05780865
   0.89580986  0.24831745 -1.77339941  0.34974583 -0.30406015  2.38470177
  -0.65820849 -2.36092938 -0.04028134  0.25867567 -0.8647385  -0.12778105
  -1.40240327  1.38707881  0.38007209  2.48693313 -0.70817342  0.12494403
  -1.20794792 -0.77299685  0.73795717  2.48361627 -0.42656493 -0.86455912
   0.98827178 -0.81752041 -1.18795135 -0.05289001  2.10193168  1.54868263
  -1.07705583  0.20993792 -2.04228631  0.21053224 -1.87469643 -0.96822629
   1.20860732 -0.50055418  0.95895     1.26075477 -0.59378357 -0.47574973
  -0.02692328  0.7416891   0.37373196  0.13670462 -0.45894418  1.54344865
  -1.11683536  1.43246958  0.05604612  0.16420298  0.70999059  1.45284998
  -0.5838288   1.54816642  0.28109835 -1.11116746  0.82230357  0.95716778
   0.50423687  0.86207718  1.35174506 -0.30846179  1.50632956 -0.62628655
   0.37141689  1.41265582 -1.2995924   1.21456883  1.3208542   0.27370596
  -1.4631909  -0.12010389 -0.27607969 -0.77066416 -0.72782806 -1.45285569
   0.66161418  2.32971417 -1.12693402  0.36101924  0.5736012   0.99775763
   0.90649343  0.10011821  1.05493288 -0.02534939  0.30873688 -0.38163938
   0.20633954 -0.90038985  0.33449597  0.80711958  0.96508686 -1.36246221
   1.42915883  1.1972791   0.74526732  1.12948551 -1.00791088  0.65656717
  -1.70271539  1.58828155 -0.22289671 -1.64873507 -1.5579609   0.7587585
   0.15882374 -2.4090952   0.68146163  0.32874149  0.47694715  0.73061583
   1.18368477 -1.19894311  1.32595507  1.46015358 -1.4326397  -2.22869691
  -0.53129791 -0.4654079   0.34405148 -1.71435675  0.40500074 -1.40311299
  -1.21694195  1.17497493 -0.30992627  0.05869431 -0.24126406  1.52807642
   1.21266523  0.28548699  0.43868493  1.38984016  0.70430267 -1.76546525
   2.03034868 -0.2018161   0.61086671 -1.69806595  1.86201772  0.09773463
  -0.35042641 -1.03435866  1.34272806  1.10562118  0.65644894  0.82826839
   0.80455776  1.46792718  1.24559537 -1.03376464  2.4180224  -2.08772746
  -0.84841791 -0.78917162  0.2249191   0.07443985  0.20750105  3.10821972
  -0.85212553  0.45293854  0.48962314  1.2766573  -0.78782014 -0.92592776
   0.70064088 -0.18617074  0.13420389  1.27007775  0.95828212 -0.26423688
  -2.04642496  1.32313073 -0.83520194  1.65911655  3.05470749  0.69800119
   0.43744566  1.73579821  0.28737866  0.02134344  1.88151719  0.49554567
   2.28135929  0.81415809  1.41617509  0.27195673  0.35223343  0.74810359
  -0.33231134 -0.43811955]]