[[ 0.01955223 -0.42268613  0.67067222  1.10228221  1.6905511  -2.07279389
   0.52338888 -0.07896222 -2.25769054 -0.12255167 -1.36307889  3.22419055
  -0.3093578  -2.48384166  0.41265892  0.44331055 -1.45171724  0.45286614
   0.19207221  0.49725444 -0.59902719  3.87552389 -0.50485329 -0.74771444
  -0.14172278 -0.80656944  0.91488393  2.02318389 -0.60897334 -0.61295334
   0.63586388 -0.33900887 -2.33255838  0.07669444  2.92496727  1.17128613
  -0.82801113 -0.60912277 -1.94349663  0.35553997 -1.58174831 -1.40461222
   1.44398943 -0.37935113  0.87278886  2.64219721  0.1893272   0.09464224
  -0.71228113  0.033135   -1.19828556 -0.07191889 -1.13787001  2.30985173
  -1.29811947  1.86613224  0.25625004  0.43592721  0.90448498  0.61260669
  -0.82891003  2.09915889 -0.28685949 -2.30144445  0.36614218 -0.00468945
  -0.0786322   0.88820556  1.2924489   1.16129831  1.9694311  -0.78629443
   0.50849227  1.63941889 -0.7792344   1.17056553  1.06200889 -1.42551666
  -1.18242889 -1.0387478   0.93840276 -0.67021608 -0.80453168 -1.33314889
   0.61235391  2.99816998 -1.70405504  0.23593444 -0.18813447  0.77385331
   1.02910666  0.09907554  1.49758225  0.5631878  -0.06399055  0.03898778
   0.95718223  0.0137872   0.40578224  0.33163332 -0.12162391 -1.43094446
   1.42363776  2.08889555  2.09048838  1.82378058 -0.63354443  0.3296689
  -0.73276666  0.26161836 -0.96088334 -1.36390334 -2.45561718 -0.10660333
   0.10211111 -3.00590553  1.04617499 -0.06118394  0.63311109  0.53097831
   1.19415057 -1.8203783   1.25736551  1.89698779 -2.28489444 -2.29416054
  -0.21397888 -0.91189611  0.7243461  -2.45267613  0.55118554 -1.66060335
  -2.13597115  1.23367556 -1.20788056  0.49553    -0.80451279  0.5698778
   2.45285887 -0.15409223 -0.31480278  1.88078386  0.89179777 -0.90354497
   0.90721834  0.36494723  0.27689832 -1.58027723  1.85263221  0.75996833
  -0.963735   -1.50509054  2.0339656   0.22025058  0.65160332  1.89572834
   0.25387779  2.119725    0.86495164 -1.12241002  3.38346558 -1.34598502
  -1.16763607 -1.43938776 -0.34289335 -0.38407001  0.46099447  3.01016219
  -1.82086726  0.02597225  0.34261277  0.92061279 -0.40704886 -1.23283777
   1.57729277  0.78129834 -0.0092889   1.41583279  1.96649946 -1.78339222
  -2.02981222  1.65825833 -0.72600222  1.64012555  3.1877422   0.4118772
   0.48956666  2.06808449  0.80186612  0.51886773  1.1654361   1.44784278
   2.93631723  0.98733278  1.25099     0.07878221  2.01207166  0.42845391
  -0.62252555 -1.52323111]]