[[-0.31159615  0.53457578 -0.11206885  0.7232755   1.07586523 -0.19926718
   0.70594254  0.2318245  -1.44091384  0.23233794  0.16518256  1.96070359
  -0.70522641 -2.02336769  0.08889886 -0.05687654 -0.57129694  0.17825474
  -1.10599899  1.0551839  -0.26264425  2.50228738 -0.61168706 -0.0532546
  -0.77751386 -0.74604859  0.5894163   1.94233284 -0.81687424 -0.99984487
   0.86908206 -0.58708832 -1.24758014  0.02674897  2.17504259  1.40027778
  -0.78054576 -0.03757    -1.44927703  0.4083377  -1.95283486 -0.78201782
   1.4058995  -0.90087063  0.9034564   1.47081299 -0.79260062 -0.49558861
   0.15201807  0.53005743  0.05575335  0.5402495  -0.07200192  1.42584885
  -1.11705797  1.33121039 -0.01313013  0.6085618   0.69033451  0.89564502
  -0.25701307  0.95209539  0.18083218 -0.66304642  0.4849146   0.65421448
   0.1665473   0.66663039  0.74032103  0.27703167  1.32243685 -0.74503923
   0.4739123   1.42778177 -0.91991676  1.36502972  0.98973476 -0.04746398
  -1.38230232 -0.29973217 -0.22098665 -1.27303193 -0.6634373  -0.83151034
   0.48617155  2.51004902 -0.97855358  0.17374459  0.44249423  0.69576346
   0.63165448 -0.05760372  0.93753781  0.04147462 -0.07915679 -0.19640692
  -0.61486808 -1.31547934 -0.25963962  0.71670257  0.71282986 -1.38724247
   1.68950356  1.37402893  0.6359232   1.00592886 -0.85880706 -0.02879038
  -1.0247335   0.89312471 -0.0650386  -0.86414616 -1.477516    0.67231987
   0.29724089 -2.12391412  0.30268986  0.09470641  0.48360474  0.34585524
   1.15530232 -1.29525232  1.43590515  1.77545385 -1.26704284 -1.46357977
  -0.83663781 -0.71793102  0.30177975 -1.4090245   0.22620963 -1.3646786
  -1.14763894  0.91796025 -0.11716076  0.18618167 -0.4902778   0.86665038
   1.09028308  0.9040649   0.10655756  1.44063836  0.60609999 -1.51726592
   0.97728653 -0.57477821  0.16630807 -1.61102011  1.04643062  0.17793064
  -0.24189744 -0.67062078  1.04658635  0.61991424  0.09339319  0.91334242
   0.75085325  1.50754757  1.10818359 -0.94634641  2.31657128 -1.64960307
  -0.86094615 -0.60543603 -0.05427859 -0.25853308  0.58998883  2.32561162
  -0.70437189  0.4123782   0.55884269  0.89703706 -0.82101498 -0.84111104
   0.58378333  0.07186192  0.02038091  1.27479819  0.75278424 -0.45119025
  -2.32297251  1.16708628 -0.4964318   1.3048708   2.64697598  0.65618501
   0.26984627  1.30473887  0.20912359 -0.26587592  1.15134087  0.30440256
   1.37107617  0.84867438  0.82029823  0.23468     0.32041923  0.41989064
   0.07088283 -0.28195293]]