[-0.17275253 -0.02892495 -0.43926746  0.95978     0.15603247 -0.81346256
  0.2072875   1.7146325  -2.3646276   0.9876425   0.43969753  3.0787249
 -0.15723751 -2.7920551  -0.07710743  0.84592503  0.0240225   0.47881
 -0.10552758  1.5905799   0.477785    4.1942725   0.546135    1.0453424
 -2.2562325  -0.9566699  -1.0988125   3.15874    -2.5634024  -0.90216744
  0.86433256 -1.57468    -2.3874798  -0.03963752  0.59541     1.3263775
 -0.6714775   0.16668496 -3.319655   -0.9015801  -3.9664826  -0.7343425
  1.63882    -0.602555    0.2937975   0.30622995 -3.2565274   0.854715
 -0.12223749  2.7802825   1.9436101   2.27461    -0.64005244  0.545035
 -1.799135    2.54263    -0.02210252 -1.2027875   1.7192726   0.67032754
  0.92132497 -0.45097747 -1.71475    -0.8483075   1.580755    1.4427326
  0.23763753  0.4914275   1.3672874  -0.32339498  2.6167674  -1.0376074
 -0.4463      0.8388175   0.35522503  2.3156226   1.3890326   0.50393
 -1.37947    -2.05396    -1.045865   -1.6691625  -1.067785   -1.7469001
 -0.27773     1.0061475  -2.0655     -0.9571175  -1.6267123   1.6540674
  1.1481099  -0.38446495  1.6808925  -1.3646725   1.38961    -0.07683501
  0.56404746 -1.5943124   1.0769525   0.6892075   0.8842751  -1.5127649
  1.3445125   2.6875377   0.2198025  -0.57328    -2.2047477   0.6891675
 -3.9588826   2.5277777  -2.0129623  -2.9890625  -2.0005774   2.9440327
  0.68849754 -2.285475    2.4291525  -0.89586    -0.25184003 -0.5450325
  1.5970324  -1.1696625   1.8699999   3.8569627  -1.39001    -0.76225996
 -0.99429494 -0.39951244  0.9600525  -1.975205    2.006895   -1.5440626
 -2.4028275   1.084495   -1.519255    0.50629497  0.14587507  2.8835275
  2.9311624  -0.15400502 -1.1538875   1.4169899   0.03385749 -1.9513501
  2.7848551   0.641335   -0.39755002 -0.81531495  1.81207     1.12627
 -0.94349504 -0.23909503  3.4498825   1.877795    1.7574201  -1.9964625
  0.8297974   1.3920925   1.4921551  -1.85684     2.4994526  -3.0291324
 -2.9111776   0.31343496 -0.67483747  0.42483744  1.5243651   3.466975
 -0.9577875   1.5342151   1.308385    0.04750007 -1.6553376  -1.0768576
  2.568005   -0.96712494 -0.31335998  2.8297675   1.962105    0.88389754
 -2.7633324   2.1317675  -1.5329      2.1546776   2.1881452  -0.70612997
 -0.31309998  2.0728774   1.1707275  -1.3525851   1.7928575   1.3181001
  2.8367548   0.8955925   3.26856     0.432825    1.6769226   1.4174426
  0.05121501 -0.23076001]