[-0.85476     0.65288204 -0.3597545   0.9921495   1.4215666  -0.66496503
  1.2624254  -0.04198895 -1.958448    0.31851548  0.87350845  2.4724407
 -0.89634454 -3.0958962   0.09113349 -0.25389346 -0.01987102  0.42624003
 -1.7545254   1.9316641  -0.18219258  3.4615874  -0.4102375  -0.531085
 -1.5140902  -1.4305865   0.5397655   2.0136821  -1.2946699  -1.9309778
  1.7115672  -0.96023905 -1.8140786   0.04884101  2.334084    1.810108
 -1.6471208   0.62932646 -1.9356782   0.26877898 -2.529859   -1.7567503
  1.6586735  -0.8483569   0.40438652  1.5136659  -0.51677686 -0.35082155
 -0.23836198  1.1732553   0.4390325   0.82671845  0.03633101  1.9383633
 -1.078513    1.5910515   0.7152745  -0.72933143  0.6335271   1.32044
 -0.98435897  0.80199146 -0.43842706 -2.05881     1.2478936   0.81400645
  1.0191231   1.0462492   0.8463605  -0.01354851  1.996131   -0.99125403
  0.0639285   2.4150217  -0.70092905  1.4049566   1.4618776  -0.47080755
 -1.980284   -0.59757    -0.24892497 -1.1847471  -0.929597   -1.620652
  1.051136    2.5070748  -1.1183879   0.252878    0.43666396  0.8083509
  0.9204265   0.11445703  0.5038845  -0.33336756 -0.879094   -0.8813505
 -0.71097004 -1.0024531   0.5026115   0.9928916   1.2319114  -1.6049912
  1.8847306   1.8180841   1.1295949   0.80567706 -1.3495      0.098902
 -2.1613004   1.5025437  -0.24839397 -2.3253524  -1.9295475   0.51633596
  0.26693395 -2.4722507   0.74605197  0.31101653  0.87568456  1.0060384
  1.7094085  -1.2595737   1.9898561   2.676121   -1.888685   -1.2303255
 -1.1763569  -0.52139497 -0.13235748 -1.4217765   0.4634549  -1.9378573
 -1.3736799   0.9940484  -0.4755005   0.45330954 -0.47440353  2.2260418
  2.5345204   0.5924955  -0.17840399  1.835935    0.7986044  -1.0976946
  1.9410414  -0.2759485   0.7719985  -1.9424471   1.123484    0.5997035
 -0.49067956 -0.645727    1.5088625   0.7421509   1.006013    1.3427079
  0.758028    2.4126306   1.2114365  -1.0798199   3.2598147  -2.9948869
 -1.164046   -1.1968147  -0.77947396 -0.33605796  0.19298351  2.8761728
 -1.025987    0.2339495   0.14672549  1.7862715  -0.79591554 -1.6354841
  0.78287804 -0.28136653  0.02067851  1.7738254   1.2426665  -0.181483
 -2.9624054   2.0286653  -1.0429434   1.9316254   3.5030556   1.1670876
  0.4933125   1.30641     0.08414652 -0.19663699  1.9511278   0.7920155
  2.489271    0.92591494  1.5903934   0.36767253  0.4948814   1.2504556
 -0.08318501 -0.5838475 ]