[-0.5947955   1.907771   -0.0227011   1.0975628   0.63199663 -0.01682385
  1.2969822  -0.37045664 -0.681926    1.3175666   0.06147612  3.2672992
 -1.8391573  -2.8408766  -0.4814789   0.6222045  -0.7394277  -0.3538078
 -1.350369    1.4068189  -0.1418111   2.5714324  -1.1836011  -0.16581
 -0.23059222 -1.4858724   1.900547    3.2254057  -1.1643462   0.13432778
 -1.1248817  -0.8596067  -0.9095579  -0.89676887  1.8363936   1.8738155
 -1.0964729  -0.5413116  -2.7043486  -0.59147775 -1.8486903  -1.8910635
  1.1121116  -0.7392988   0.8014405  -0.14446999 -1.1626328  -1.06149
 -0.59532285  0.85674053  0.12471613  0.32981998 -1.0586967   0.27558053
 -1.502315    0.6806672   0.38846833  0.3980389   0.16572165  0.70243347
 -1.2097287   1.9229817   1.0319467  -1.7048296   0.5580523   0.95888776
  0.30484226  0.30981     1.82842     0.5198967   2.5592792  -0.9148267
  0.6670846   1.2796328  -0.8688867   1.7121416   1.2334874   0.6751039
 -1.9529366  -0.34434658 -0.72951955 -1.229293   -0.75441384 -1.989172
  0.4396945   3.6448975  -1.313271   -0.5488278   0.44726053  1.4509567
  0.35533607  0.10083444  1.3025174   0.5383356   0.22362058 -0.24536501
  0.57710445 -1.7055435  -1.4351679   1.6004233   1.0722599  -1.7287894
  2.4155705   0.60147053  1.1631262   0.4935683  -0.42641392  0.61248994
 -0.7921583   2.3354995  -0.14583445 -1.6522284  -2.0741327   1.1875873
 -0.2086467  -2.194625    1.0869117   1.2588403  -0.6657772   1.1682768
  0.94746166 -1.2395415   1.5172112   2.2062783  -0.97236943 -3.6328554
 -0.6150372  -0.8922189   0.24601886 -1.7269028   1.2623466  -1.7972045
 -0.8761733   1.6779866  -0.8149055   1.5268594  -0.9848901   0.9833934
  1.4958196   0.7682622  -0.09198999  1.7398422   1.1353989  -2.716959
  1.0831977  -0.07758501  1.2743299  -0.8700574   2.6849136  -0.45084667
 -0.45782602 -1.7950807   0.81287664  0.17892054  0.5726083   0.3394667
  1.6089779   1.82357     2.5957835  -0.80974007  2.0554197  -2.6259143
  0.7221683  -2.1554976   1.3967729   0.10083279  0.37376893  3.3346946
 -1.8415434   1.2829593  -0.12792279  0.14286886 -1.0581127  -0.47499168
  1.3883556   0.29728943 -0.5917916   1.4191642   1.6922096  -0.1532855
 -2.723752    1.0472778  -1.3971317   0.6549533   2.4478633  -0.1261222
 -0.3581989   1.2503879   0.47037336 -0.71914047  2.040277   -0.9076128
  1.5202779  -0.50579894  1.4464984  -0.9181807   0.8285991  -0.4296739
 -1.8413606  -0.2033561 ]