[-0.8114025   0.23868044  0.4156908   1.3511559   1.2208673   0.31340832
  0.8705542   0.4189783  -1.4839114   0.46751583 -0.24837251  2.7730274
 -0.9807933  -1.2223483   0.66185504  0.40350962 -1.1195879   0.63757676
 -0.3746841   2.4173524  -0.21913709  2.429595   -0.3934979   0.12071834
 -0.76614076 -1.1235121   0.77641875  2.4917552  -0.2179975  -0.9892791
  0.97346634 -0.49493122 -1.3668121  -0.16014665  2.0719566   1.5347086
 -0.8963809   0.64827996 -2.5415804   0.3842691  -1.7578902  -1.9179082
  2.165172   -0.6914255   1.0681696   1.1171243  -0.15940009 -1.0813242
 -0.67016333  1.1966542   0.17811167  0.5239883  -0.20709252  1.1827583
 -0.8069132   1.9010996   0.23429205  0.03012792  0.86405754  0.69999665
  0.5368604   0.791658    0.19120455 -1.9283472   1.0335022   0.6134446
  0.10164416  1.0059046   0.96253544 -0.07969335  1.7586817  -0.8317408
  1.2498446   2.5048993  -1.4546379   1.2317221   1.23764     0.1968621
 -1.3714951  -1.1465704  -0.1691284  -0.8537366  -1.0277084  -1.5066546
  0.20044707  2.130036   -1.1942948   0.14667337  0.7256932   0.56929964
  1.6639284   1.4001322   0.7067072   0.47902492  0.48907042  0.00789669
 -0.37305212 -1.0749408   0.46391377  0.9401508   0.6628158  -2.399417
  1.5440205   1.529472    0.96751934  0.9089403  -0.7548668   0.7854867
 -1.858637    1.784769    0.42543992 -2.0266445  -2.1283748   1.219719
 -0.733717   -1.6900177   0.8043079  -0.13183832  0.03498168  0.5370046
  2.2074234  -1.5539688   1.4509416   1.6113877  -0.6641225  -2.8402078
 -0.7964812  -0.97349125 -0.15595627 -1.5095363   0.35390005 -0.4707025
 -0.8438196   0.1869337   0.09383164  0.81828374 -0.28385374  1.7170544
  2.4046485   0.07916541 -0.3393621   1.710546    0.13632625 -2.0354946
  1.7964363  -0.74319583  0.6405691  -1.8169621   2.141104    0.51451784
 -0.22849213 -1.0829829   1.0406653   0.8086304   0.6836083   1.1712575
  0.12574413  2.2430267   0.7370045  -0.9095629   2.1339648  -3.3956883
 -1.2653246  -1.2268425   0.24931456  0.38664412  0.20044583  3.8827162
 -0.82860035 -0.09717288  0.17943418  1.7281475  -0.45005038 -0.7307125
  0.95504373  0.4827238   0.2388417   1.4341965   1.3766966  -0.35432044
 -2.4302142   1.3540454  -0.33083373  0.8762463   3.6967103   0.24580376
 -0.59321004  1.8287659   0.4483625  -0.6654113   0.99002916  1.0649437
  2.5460308   1.3818113   2.0523007   0.02716422  0.56021875  0.43339667
 -0.21929085 -0.05668835]