[[-0.5362864   0.8658642  -0.69946952  1.20535579  0.97609731 -0.53981369
   0.94976204  0.45578585 -1.64451328  0.67141739  1.04237637  2.15112726
  -0.30219946 -3.32042634 -0.35827157 -0.24673    -0.98821791  0.11841474
  -1.57558903  1.46525112 -0.53122636  4.01459423 -1.36218523  0.24920268
  -0.896569   -0.04342472  0.44933891  3.06201573 -0.73862472 -0.92737218
   0.60640255 -0.75162682 -1.11402943 -0.1851305   1.75316801  1.60465582
  -0.22159263  0.64271581 -1.39041901  0.47025098 -2.3707432  -1.26426265
   2.48501446  0.27851948  0.76666722  1.54037516 -0.30469473 -1.02597166
   0.15016053  1.89877922 -0.11103842  1.16719848  0.31489947  1.50406787
  -0.67351949  1.19397063 -0.15933628  0.23700423 -0.0926474   1.05758476
   0.05022946  1.06271172  0.02859365 -1.42257199  0.81036959  0.90112746
   0.40878893  1.79152619  0.79856953  0.30724365  3.03993185 -0.70541844
   0.29903999  1.92193322 -1.51824208  1.75680301  1.5104853   0.6965979
  -2.54905339 -0.78385052 -0.67402584 -1.80346901 -0.72985263 -1.65032045
   0.8426074   2.97362398 -1.31105835 -0.21381481  0.85238527  1.03944517
   1.18684729 -0.64709523  1.20687214 -0.99143319  0.25865    -0.96567114
  -1.1887195  -2.06646508 -0.44910682  0.91936533  1.20188101 -1.4976911
   1.79380015  2.83306804  1.04325054  1.26075624 -0.92282416  0.80401682
  -1.52921576  1.15592726 -0.82859371 -1.54139117 -1.33368311  1.51218384
   0.29276    -2.19439135  0.89731467 -0.13025422  0.59087367 -0.10584052
   1.73133208 -1.21596848  1.93009065  2.48646304 -1.2019568  -1.82892107
  -1.7839484  -0.16211477  0.45432427 -2.10257259  0.77617369 -1.56208099
  -0.52781266  1.40375097 -0.24389212  1.51366786 -0.79244789  1.35218259
   1.2963551   0.3449563   0.43783263  1.93726851  0.03459683 -1.07512946
   1.22709214  0.45238209 -0.09862633 -2.63806634  1.14825158  0.29654001
  -0.15288211 -1.51778854  1.63032482  1.35917222  0.33703686 -0.19896471
   0.56307677  2.33053087  1.26049162 -0.72283524  3.22238721 -2.13897484
  -1.50605091 -0.87219058 -0.42018421 -0.95878892  0.40822212  3.07492929
  -0.68198686 -0.58957742  0.60316216  1.35477096 -1.09944574 -1.21981791
   0.87618778 -0.35235262  0.21469417  1.13633045  1.28124478  0.02187795
  -3.28309832  1.76286597 -0.74057007  1.62199633  3.16775131  0.02803839
   0.28642521  1.46054258  0.32624737 -0.48600312  2.21844523  1.21606305
   2.45179668  1.19304376  0.69669789  0.27462789  0.80752212  0.76309264
   0.03824472 -0.38081892]]