[-0.38133258  1.1342895  -0.03588345  0.8144986   1.506312   -0.1736517
  0.99368906 -0.22955799 -1.8834794   0.75107515  0.55321485  2.2481184
 -1.076327   -3.9292665  -0.5783894  -0.18967599 -1.4539784  -0.4563817
 -1.862257    1.1864129   0.306738    2.2921872  -0.5369768  -0.5108829
 -0.73232883 -1.7012192   1.1464671   2.1682224  -0.9215537  -0.72983295
  0.8907663  -0.80035233 -1.2315449  -0.29660973  2.7409601   1.8588039
 -1.5677634   0.0781417  -1.7653027  -0.23612802 -2.244252   -1.1529189
  1.2739017  -0.7584092   0.69139665  0.93848234  0.01805913 -0.3789578
 -0.02387226  1.1813147   0.10956088  0.344416    0.06108028  1.2035086
 -0.9276507   1.5888139  -1.2451077   0.834893    0.42149118  1.9780862
 -1.0254833   1.1984149   0.15168051 -1.40021     0.63552994  0.39512482
  0.54704267  1.3348827   0.88112974 -0.01594712  2.7816312  -1.4280998
  1.1916453   1.3131601  -1.3913279   1.5680836   2.33578     0.14372659
 -1.6022156   0.19436029 -0.15193087 -1.1229966  -0.28709456 -1.4155265
  0.7257029   3.1818187  -0.938136    1.072458    1.6234224   0.8275273
  0.30298257  0.50191486  1.503263   -0.64505905  0.24193715 -1.0235982
 -1.0137606  -1.1127747  -0.95463085  0.6879339   1.1518743  -2.6547556
  2.602072    1.0759953   1.2806227   0.80807567 -0.5584354   0.7540508
 -1.420147    1.5668494  -0.04383719 -2.0447965  -1.4834664   0.77134484
  0.16382225 -2.2731478   0.8342587   0.49553195  0.8532165   0.34614542
  1.5125561  -2.4266253   1.6739173   1.7475581  -1.5615519  -1.6726912
 -1.1557572  -1.0054642  -0.2537774  -1.4275521   1.0188291  -1.9449492
 -1.0514778   1.144339   -0.5290617   0.6623477  -0.9348889   1.8223138
  0.6151633   1.2051041   0.3205088   1.853678    1.3748633  -1.5086137
  1.6004986  -1.4908897   0.679968   -3.2459893   2.1604757  -0.3030669
 -0.24253063 -0.78238726  0.8653513   1.4382885   0.25562114 -0.07384399
  1.0466      2.5162392   1.5860057  -0.34159753  3.5693107  -1.0586414
 -0.27028742 -0.6374977  -0.42769575 -0.19360572  0.10535484  2.8860424
 -1.5404987   0.58327806  0.86506605  1.5185329  -1.1652349  -1.4541016
  1.1449327   0.61318314  0.10602318  1.1957439   1.4086443  -0.43457428
 -2.4567275   2.3435314  -0.80994326  1.9405628   2.771668    0.9512123
 -0.32082486  1.4350928   0.3796223  -0.4618406   2.1006265   0.10948827
  1.1796926   1.5554298   1.2462708   0.75046206  0.6485368   1.0777843
 -1.0009298  -0.1497549 ]