[-0.51170504  0.76731    -1.685365    0.13441247  0.6906     -0.05962503
  0.06431501 -0.526345   -0.9654225  -0.1081475   0.79964     1.5524576
 -0.908105   -2.387675   -0.48123497  0.0296875   0.26411748  0.0347375
 -1.9365126   0.68398    -0.39133254  2.9760075  -0.4568125   0.23059501
 -0.44896752  0.02655745 -0.19114     1.609935   -0.26057747 -0.15467
 -0.0337725  -0.04574749 -0.81578004  0.620185    1.8811376   1.5496725
  1.057725    0.83545    -0.35454     0.3465675  -2.1849174  -0.037985
  1.1966076   0.86688     0.60264    -0.13039751 -1.41786    -1.259975
  0.3331725   0.86039996  1.122395    0.9168175  -0.11339499  0.1930775
 -0.41912997  1.2095375   0.10227501  0.11595251 -0.917555   -0.37598
  0.22849247 -0.3889925   0.4476575   0.28908998  0.01543999  1.4015601
 -0.26229498  1.4259725   0.0726725  -0.9997375   1.4272926  -1.0731875
  0.4302175   0.917165   -1.00625     0.56477     0.6996375   0.6999825
 -1.7446824  -0.255335   -0.35971498 -1.8281726  -0.30866    -0.52123004
  0.49269503  0.8757025  -0.980535    0.46727246  1.57356     0.4134925
  0.4546525   0.01504     0.6462325   0.358365    0.06867999 -0.104
 -0.56798756 -1.7822375  -0.53591    -0.3060075   0.54222    -0.26235998
  0.7245125   1.6827224   0.778615    0.30092    -0.0621975  -0.4118325
 -0.47150502  0.62481254 -0.9124225  -1.2011075  -1.0299499   1.7068275
 -0.04668249 -0.6449775   0.0556625   0.1479425   0.6208775  -0.22692499
  0.666355   -0.5738075   1.6821325   0.9182275   0.24518    -2.14423
 -2.2491798  -0.45330757 -0.1253875  -1.8799999  -0.8255     -1.9257326
 -0.25503498  0.28073     0.9660925   0.6343025  -0.51728     1.6825426
  0.3383075   0.8518      0.21361     0.32225996  0.92547745 -0.6796875
  1.0791526   0.5355425  -0.10604501 -2.087895    1.8801475   0.25512004
  0.25285998  0.11110747  1.25491     0.81658006  1.3221675  -0.6856175
  0.44023252  1.4494524   0.436845   -0.458125    2.0468576  -1.2147325
 -0.93552    -1.0090524  -0.52566004 -0.31685752  1.2306675   1.6233349
  0.3456975   0.40042     2.2872224   1.281255   -0.63415504 -1.0800426
 -1.115705   -0.3559575   0.72875     1.0424675  -0.77128744  0.411
 -1.6461124   0.382735    0.03608498  0.571885    1.4532726   0.5367875
  0.4711675   1.0428151  -0.23985751 -0.72569     1.7821826   1.616365
  1.18702     0.184615    1.5925801  -0.5502425   0.67091     0.9397325
 -0.39205754 -0.0380275 ]