[ 0.46755502  0.97938     0.677315    2.09089     0.41041502  0.61904496
  0.31614    -1.569935   -3.134085    2.9571252  -1.257515    6.4666348
 -0.93011    -2.7070749  -0.9895899  -0.638235    2.90115     2.98136
  0.76325     2.0920901  -5.428335    4.331805    2.08867    -2.519555
 -1.8769999   0.47160503  4.345375    0.59782994 -3.1748252   0.930655
  2.1026301  -3.819465    1.3472849  -2.2409449   2.946695    4.293315
 -2.24869    -2.558375    3.1591449   0.44827998 -3.452255   -1.3744199
 -1.5452601   0.408305    0.17649502  0.46481502  0.40832996  0.01675498
 -3.803855   -1.305515   -0.605255   -0.30211    -0.58309996  1.7934049
  2.9570599  -1.7167051  -3.8915348   0.32068503 -1.5380101  -0.46043497
 -0.47045     4.1775503  -1.524675   -2.20587     0.3065099   3.953435
  2.383575    1.138665    2.27215     1.5370501   2.3647249   0.17698503
 -1.3772349  -1.6895502  -2.010445   -0.38853502  1.3705299   1.0450749
 -2.3707852   0.22948492  2.854425    0.15555    -0.82966995 -1.184765
  0.48630503  4.2670803  -3.523365    1.934495    3.554975    0.48377013
 -0.19393504 -3.165425    1.377945    0.55221504 -1.260375   -0.32011998
  2.352525   -0.21802503 -1.68031     1.231065    1.8159451  -0.352565
  1.119685    3.553235    3.06427     2.05265    -1.46977     2.539145
 -0.072575   -0.18198991 -0.51214004 -2.53019    -3.10306     1.54002
 -2.8564901  -2.18085     2.48067     1.2416899   2.366635    3.67702
 -0.87267494 -0.45360994  3.992425    2.08252    -1.958275   -3.648475
  1.3285999   0.55067503  0.96766    -4.355095    3.4552798  -1.521625
 -3.12184     1.588805   -0.10958499  3.3860302   0.02836999  0.12261
  0.641065   -0.9920951   0.866025    2.95158     3.7515452   0.41197503
  0.33712506 -0.44305503 -0.4349301  -3.3218849   4.573285   -1.0503452
 -1.8265101  -0.94142    -1.18169     1.9451649   0.49653995 -1.167785
 -1.3987601   1.7577851   5.111015    2.946475    6.08961    -2.36606
  0.39259505 -1.69154    -0.98615    -1.972875    1.24527     1.2554
 -1.9093599   0.29092     3.6044497   1.816265    0.18850493 -1.353095
 -1.232305    0.517425   -3.3264701   1.91813     0.67417    -1.1554
 -5.7275047   0.75416994 -4.089775   -1.376935   -0.15513504 -3.045345
 -1.46756    -0.70575     1.00644     1.02122    -0.34065008 -0.41394496
  3.466565    3.43236    -3.269125    0.06283998  0.24491     0.558525
 -1.21996    -0.443155  ]