[[ 3.10159441e-02  5.95701603e-01 -3.54127529e-01  1.10107305e+00
   1.23371014e+00 -9.42620266e-02  1.09924854e+00  6.26096366e-01
  -1.48829622e+00 -3.92779684e-02  8.56171014e-01  1.40016001e+00
  -3.94289422e-01 -1.70244723e+00  3.24340439e-01  4.30970218e-03
  -4.80365643e-01  6.04118825e-02 -1.02760233e+00  1.67544493e+00
  -6.30599870e-02  2.10631073e+00 -4.29412182e-01 -1.30613328e-01
  -5.12379715e-01 -8.21946953e-01  6.25619712e-01  1.96777988e+00
   6.46913030e-02 -4.13208562e-01  1.21159173e+00  6.83443646e-02
  -2.25848559e-01 -3.59228391e-01  2.23902756e+00  1.16584882e+00
  -1.22102001e+00  2.34920251e-02 -1.10945653e+00 -1.27005943e-01
  -1.99112160e+00 -2.72172892e-01  1.00235853e+00  2.69585622e-02
   1.00420507e+00  1.31137826e+00 -5.87678552e-01 -7.68519555e-01
  -4.99553423e-02  1.05338852e-01  3.44055950e-01 -9.78478324e-02
   2.72359714e-01  1.57965999e+00 -7.40147691e-01  1.13278421e+00
  -1.98764041e-01  3.93216233e-01  1.01978347e+00  1.11108666e+00
   1.22894352e-01  1.07062160e+00  6.55251583e-01 -8.14756814e-01
   5.91058127e-01  2.06270441e-01  5.80944348e-01  1.19121608e+00
   3.89161890e-01  1.98207969e-01  1.81912567e+00 -1.21088509e+00
   5.54620719e-01  1.95518536e+00 -5.95696237e-01  7.23473771e-01
   1.26892087e+00 -2.22829009e-02 -9.49077682e-01 -1.67996190e+00
   4.37835229e-01 -9.97091583e-01 -9.62818397e-01 -5.46599997e-01
   5.03403331e-01  2.02029276e+00 -8.71353330e-01  3.76205797e-01
   5.80755367e-01  8.18932311e-01  1.06491276e+00 -1.40166730e-02
   4.42030293e-01  3.85340138e-01  2.09345792e-01 -5.40685411e-02
  -6.89941892e-01 -4.52145509e-01 -3.93434398e-03  7.42080132e-01
   1.14366508e+00 -6.98275225e-01  1.76187187e+00  8.81682161e-01
   7.04314208e-01  8.99081171e-01 -1.75748700e-01 -2.77147798e-02
  -4.43532608e-01  1.31604202e+00  5.36161602e-01 -1.53244145e+00
  -3.84405800e-01  3.16875244e-02  2.23773916e-01 -1.26143941e+00
   1.12913025e-01  8.96365139e-02  4.61441313e-01  4.69704066e-01
   1.97243678e+00 -7.38661894e-01  1.49545115e+00  1.64805883e+00
  -1.33001796e+00 -1.64488811e+00 -1.14302362e+00  1.15883198e-01
  -5.27805074e-01 -1.15155421e+00  2.01863918e-01 -1.19564419e+00
  -7.33540435e-01  1.44478708e-01  4.66813326e-01  8.51295939e-01
   1.18817824e-01  3.98781745e-01  9.01639568e-01 -6.54797548e-01
   3.16311155e-01  9.03778407e-01  3.31080447e-01 -1.11164737e+00
   8.57339719e-01 -5.76189423e-01  8.62147965e-01 -1.76234624e+00
   9.32233911e-01  3.77439119e-01 -8.80622607e-01 -1.09826130e+00
   1.49755624e+00  3.61490297e-01  1.08952749e-01  6.51436530e-01
   1.31024782e+00  2.08909812e+00  1.81759928e+00 -5.17085519e-01
   1.51333491e+00 -1.40909332e+00 -4.37091161e-01 -7.69701596e-01
  -3.36886518e-01 -6.94176801e-01  2.25029418e-01  2.73303391e+00
  -9.28718544e-01  1.61587026e-02  6.86461728e-01  1.02159478e+00
  -4.97913478e-01 -8.92911892e-01  4.93287543e-01 -1.29682031e-01
   6.87103017e-04  1.15979768e+00  4.28463042e-01 -7.92860008e-01
  -2.30314145e+00  1.07769564e+00 -3.16232320e-01  2.11037099e+00
   2.56246462e+00  1.16957001e+00 -6.60634890e-02  5.60206523e-01
   6.38871151e-02  1.04562901e-01  1.15058681e+00  4.17242462e-01
   1.74870855e+00  1.06400420e+00  5.88893752e-01 -3.15191155e-01
   7.74805646e-01  2.04895085e-01 -6.59371728e-01  3.99655662e-01]]