[[ 0.51556285  0.71269551 -0.78126917  0.76822834  0.39011783 -0.694863
   0.1360375   1.0549845  -1.112005   -0.14512167 -0.23708867  1.58248684
   0.32748782 -0.04779064  0.04694399  0.18727684 -0.8903375   0.74029798
  -0.78356783  1.35634017  0.4749895   2.45010132 -0.17312299  0.25918766
  -0.75671617 -1.12214417  0.54055132  1.93248584 -0.13702917 -0.73292085
   1.69821233 -0.48456333 -0.4699445   0.06862965  2.27076316  0.76481184
  -1.47456268 -0.03941967 -1.33785383  0.41522167 -1.41213149 -0.28664533
   0.31732147 -1.537777    1.39848201  0.7913635  -0.94532718 -0.88388883
  -0.78176369  0.54548201 -0.17398866  0.12737167  0.26378784  1.07026668
  -0.64701152  1.98698869  0.10094136  1.38851234  1.39288817  0.10790483
  -0.90573601  1.41078668  1.338479   -0.84525098  0.5529275   0.84207633
  -0.1016775   0.91015815  1.74728669 -0.16265117  1.4248715  -0.40483165
   0.776953    1.40758916 -0.65541285  1.09763999  1.06316733  0.3522385
  -1.33143869 -1.29106599 -0.94134617 -0.62383116 -0.69992283 -0.88038417
  -0.73449282  2.88322969 -1.37395633 -0.480727   -0.00722433  0.52632901
   0.70637551 -0.36597234  0.093343    0.80149718  0.33615566  0.42402632
  -0.05518667 -0.49465203  1.05665249 -0.07493299  1.62937652 -1.41065568
   1.62341232  0.86621983  0.40820818  0.67997968 -0.83153034 -0.08318317
  -1.11454067  0.87521483  0.10977733 -1.37102551 -1.78609317 -0.19467148
  -0.22874532 -3.27894765  0.47416601  0.81205599  0.25768401  0.85877501
   1.09119767 -1.02124584  0.50311499  0.86584566 -1.211676   -2.71784513
  -0.628364   -0.32420834  0.82661648 -1.95037516  0.64880335 -1.09384202
  -0.73907099  0.92078136 -0.42602134 -0.08805401 -0.69068582  1.138732
   0.56823816  0.34490267  0.40897     1.44114099  0.98331617 -1.88601115
   0.21108633  0.14551432  0.27616084 -1.05445516  1.50781834  0.30489383
  -0.42463683 -0.8311035   1.20256517  0.64316317 -0.04951316  1.36629499
   2.17549766  0.22883334  1.94382647 -0.85077634  1.9511935  -1.34282267
  -0.27859299 -0.242056   -0.22296501 -0.7770005   0.79098982  1.94229932
  -0.80479     0.21053235  0.76354232  1.3178445  -1.01638134 -1.15279199
   0.38843151  0.53991403 -0.06600699  0.98234515  1.4302185  -0.22314585
  -1.29524884  1.39574632 -1.37714634  2.04716816  2.70386781  0.98693683
   0.4422065   0.98909265 -0.36464984  0.24158101  1.39699033 -0.04763616
   1.15171698  0.74983451  1.42964283 -0.16403849 -0.34787316  0.87514417
  -0.30521268 -0.95593182]]