[[-3.62791991e-01  1.44729196e+00  3.66438025e-01  1.28198200e+00
   1.26243598e+00 -6.99715959e-01 -4.04270016e-01 -2.89757991e-01
  -2.06918805e+00 -1.53035998e-01  1.03687990e-01  2.31253805e+00
  -2.70436025e-01 -2.91903005e+00 -5.00839978e-02 -1.01326001e-01
  -1.83947401e+00 -5.99620022e-01 -1.10964998e+00  6.81611997e-01
   6.18005979e-01  1.91060004e+00 -4.02397993e-01  7.45578003e-01
   1.61399996e-01 -1.66920809e+00  9.17582011e-01  2.20700803e+00
   6.03908038e-01 -8.64377981e-01  7.35535970e-01 -2.55807990e-01
  -1.43663599e+00 -4.37460080e-02  2.80300193e+00  1.98881197e+00
  -1.33216399e+00  2.49461997e-01 -2.49452598e+00  5.18115982e-01
  -1.91975998e+00 -1.66803403e+00  2.07920601e+00  1.84900016e-01
   1.60282394e+00  1.84045799e+00 -1.48361402e+00  2.87712002e-01
   1.15926014e-01 -5.22259921e-02 -3.27176028e-01  6.82631986e-01
  -8.85575983e-01  1.03732402e+00 -7.33495998e-01  1.21296397e+00
  -6.88034034e-01 -6.27259973e-01  1.65003196e+00  5.49051988e-01
  -8.03816001e-01  1.00020998e+00  4.05705984e-01 -2.50877397e+00
   6.38602018e-01 -1.19800568e-03 -2.25779998e-01  7.44724011e-01
   8.26062018e-01  5.39050007e-01  1.92310996e+00 -6.91840011e-01
   9.15708005e-01  8.00733995e-01 -9.45428038e-01  1.99055188e+00
   1.81661994e+00  1.45999551e-02 -1.58590006e+00 -3.12864017e-01
  -5.11642011e-01  1.67436025e-01 -7.76444042e-01 -1.23085199e+00
   1.00903600e+00  2.88238003e+00 -9.56243980e-01  9.19444036e-01
   3.76875997e-01  6.21142003e-01  1.32148798e+00  7.44739980e-01
   7.79879981e-01  4.87332016e-01  1.22832042e-01 -5.41088009e-01
  -4.95210057e-01 -4.87490036e-01  9.05295968e-01  7.02631962e-01
   5.90354013e-01 -1.14623595e+00  2.19243202e+00  1.11926402e+00
   7.19618094e-01  7.79859984e-01 -1.31104801e+00 -4.74262011e-01
  -1.23529395e+00  2.34640000e+00  8.57852045e-01 -1.11792598e+00
  -1.64454005e+00  1.02684003e+00  5.84426022e-01 -2.13252199e+00
   1.50965999e+00  9.40783995e-01  1.35857989e-01  8.96012002e-01
   1.41652007e+00 -1.28864001e+00  1.57314994e+00  2.24900999e+00
  -1.32905403e+00 -2.65642803e+00 -2.30213194e+00  2.19781986e-01
   9.04249993e-01 -8.41527963e-01  5.40407968e-01 -8.65665960e-01
  -5.20100012e-02  1.31182609e+00 -1.67530200e+00 -2.08883977e-01
  -5.97809994e-01  8.81569997e-01  1.41302000e+00  3.14303991e-01
  -3.62551981e-01  9.72920012e-01  1.49758197e+00 -2.12429403e+00
   1.81219199e+00 -1.57126001e-01  2.62266004e-01 -1.52962003e+00
   2.06782594e+00 -2.62121987e-01 -5.31786020e-01 -8.55759799e-02
   1.90175000e+00  1.16973598e+00  5.29087997e-01  6.23671994e-01
   2.13698599e+00  2.43687601e+00  4.12607956e-01 -6.80576038e-01
   1.58647604e+00 -2.65852792e+00 -6.07864022e-01 -5.15343982e-01
  -1.29956010e-01  6.25312030e-01  4.56461990e-01  2.39885001e+00
  -9.47213981e-01  8.72764003e-01  4.06831992e-01  1.25499809e+00
   9.85800028e-02 -6.66470033e-01  1.03914200e+00  6.60098010e-01
  -3.73621998e-01  1.20134604e+00  1.38276799e+00 -2.11067998e-01
  -1.90580601e+00  1.26687200e+00 -1.04242002e+00  1.33951206e+00
   1.90458598e+00  4.87920053e-02 -1.71891997e+00  1.16170604e+00
   4.42034030e-01  4.08557993e-01  1.76109797e+00  1.56043988e-01
   2.69245400e+00  1.65528998e+00  2.78554592e+00  3.98052001e-01
   9.19578004e-01 -2.40600026e-01 -1.54117799e+00 -2.86036003e-01]]