[-0.25079244  0.93921405 -0.26563454  1.4909351   0.96949387  0.03919756
  1.0371705   0.27227303 -1.0947349   1.3282306   0.787674    1.7029765
 -0.6904715  -2.6749425   0.24282654 -0.4309775  -0.8764259   0.22940855
 -1.6360092   1.3673666  -0.40081802  2.5696585  -0.69057703 -0.11677849
 -0.96711046 -1.5231549   1.448559    1.8539126  -0.8467639  -1.4304916
  1.1021096  -0.05622848 -1.285096    0.11398001  3.4957397   1.1027194
 -0.53223544  1.2635316  -1.133023    0.17156947 -2.2774484  -0.02664659
  1.9772495  -0.50697005  1.4555519   1.6806952  -1.0872335  -0.98831606
  0.270127    0.86502445  0.5603244   1.1480703   0.38961     2.2196958
 -1.0763663   1.2294316  -0.124438    2.021525    0.6400155   0.65805304
 -0.9897151   1.8773575   0.38531053 -1.6051553   0.94297206  0.04955053
  0.333964    0.403601    1.0527794   0.07076897  1.082559   -1.5298616
  1.711819    2.6015294  -1.9391625   1.2051175   0.9440261   0.32659397
 -1.9035006  -0.8621909   0.546755   -0.3284865   0.08675953 -1.2609776
  0.6052055   2.6619456  -2.088533    0.796437    2.1687512   0.79364955
  0.5961005   0.68327606  1.024642   -0.67026347 -0.28613648 -0.9342125
 -1.1066251  -0.8763787   0.39382893  0.22423248  0.62081796 -2.084232
  1.947889    2.2061896   1.2113056   0.7941274  -0.403158    0.00998251
 -1.003633    1.3465555   0.60242546 -1.5960164  -1.3601681   0.743872
 -0.06696348 -2.2986405  -0.36735398  0.5147054   0.40070605  0.4564305
  1.9613796  -1.7600138   2.298685    1.5263008  -0.82466507 -1.7060292
 -0.9031621  -0.44270205 -0.42561203 -1.4855239   0.42474103 -1.0631045
 -1.156523    0.8441211   0.18061054  1.0640675  -0.90894145  1.1850481
  1.2914504   0.92615545 -0.05628848  2.179983    0.600731   -1.4064215
  1.8131218  -0.8555039   0.27580553 -2.0769668   1.923981   -0.2935105
 -0.37164348 -1.4669205   1.092431    0.88927805  0.5063189   0.581905
  0.50540197  1.6090034   1.9035585  -0.419326    2.599996   -2.8343487
 -0.08513401 -0.74456507  0.01924748  0.130743   -0.12265601  3.5772057
 -1.2873424   0.28474998  0.58855754  1.8031349  -1.4474599  -1.2049441
 -0.20848647 -0.23071504  0.655313    1.0577419   0.7802976  -0.790789
 -2.5390944   2.1608725  -0.76614296  2.380814    3.651701    0.9013015
  0.20241252  0.53819555  0.23191953  0.1655615   2.0172467   0.440059
  2.218629    1.7606232   1.0412498  -0.27839303  0.10127797  0.91601497
 -0.585456   -0.44739056]