[ 0.35147518  1.211834   -0.28147238  1.2686008   1.109881   -1.2132671
  0.7351101   0.33980316 -2.045781    0.10072728 -0.34240794  3.3591857
 -0.34981084 -2.8267667   0.28346837 -0.5327084  -0.09556403  0.71223086
 -0.878316    1.7304549  -0.09303958  2.5630617   0.21553038 -1.0688208
 -1.5753701  -0.19704483  0.4134576   2.2246401  -0.7897984  -0.9996845
  0.7229145  -1.1204865  -1.0957894  -0.21622124  2.6791456   2.2454429
 -1.7377146  -0.48790836 -1.4445565   0.56637955 -2.3550568  -0.8027835
  2.1212335  -0.68644124  1.2905132   0.8653588   0.09332841 -0.5753452
  0.04364758  0.94353676 -0.27817887 -0.06230279  0.16500717  0.34664717
 -0.79678327  1.0966195  -0.575658   -0.0977128   0.9788728   0.13239245
 -1.1821536   1.0483207   0.10499079 -1.9911444   0.34641472  1.2957067
 -0.16792843  1.2933501   1.3991188  -0.02076282  2.5850372   0.08098079
 -0.4747635   2.0723052  -1.2183844   0.833814    1.8218367   0.06455078
 -2.229623   -1.3971848   0.28213084 -1.2596759  -1.8711952  -1.0273112
  1.0624249   2.9844146  -1.341784   -0.810828    0.985338    0.8450837
  0.9931744   0.0107516   1.2396368   1.0137768   0.77060914 -0.35945278
  0.22778039 -0.94652677  0.7661412   1.1866884   1.0743663  -1.4742986
  1.37265     1.0742948   1.8811902   0.7938848  -0.6169284  -0.1025397
 -0.7590564   1.6010735   0.51539874 -1.9202782  -1.9668465   0.8183601
 -0.08426758 -2.2941515   2.1210861  -0.12747921  0.57980597  0.85448754
  1.1955936  -0.9770891   1.43365     1.8558544  -1.24765    -3.5267878
 -0.5793699  -0.749506    1.1573948  -1.3602071  -0.37696317 -1.5431535
 -0.74302447  0.52880645 -0.44770798  0.55955803  0.4554832   1.7870986
  2.347763    0.55631196  0.08036157  0.91586035  0.7282228  -1.8480147
  1.1814605   0.2807064   1.0234416  -2.2282825   2.3838348   0.8701739
 -0.5955224  -0.9756052   0.9799232   0.8322247   0.33943403  0.9279031
  0.896201    2.0459697   1.5706869  -1.4301765   2.74927    -2.1721041
 -0.3500688  -1.0424275  -0.12163078  0.04651235 -0.0713812   2.9674444
 -0.4392436   0.17954879  0.4025635   2.035195   -0.46310002 -1.2678081
  1.0545584  -0.08735479 -1.0681386   1.9480759   2.3110433  -0.02871518
 -2.0933425   1.7587953  -0.8053379   1.8271554   2.962955    0.72740316
  0.10009363  2.0994549  -0.5448168  -0.0454136   1.861114    0.33762124
  1.7595668   2.118348    1.72192    -1.0608699   0.3249548   1.4504256
 -0.526176   -0.16296001]