[-0.3708014   0.825324   -0.45768592  0.4745262   1.0076902  -0.60267603
  0.6603349  -0.04867363 -1.4093637   0.48427546  0.25051525  2.3955538
 -0.89707935 -2.5496721   0.34907576 -0.02836516 -0.83734417 -0.03580907
 -1.6567085   1.3705487   0.04975941  2.6190734  -1.085369   -0.05438882
 -0.9518948  -0.7856546   0.7022883   2.376749   -0.8846429  -0.535553
  0.38748035 -0.55519205 -1.3014864   0.45456758  2.316761    1.5832523
 -0.5181324  -0.06006465 -2.2598379   0.5328856  -2.2730124  -1.2936049
  1.7013988  -0.35834268  1.2302817   1.6015865  -0.36721772 -0.1005253
 -0.1211209   0.40052438  0.09242405  0.6654194  -0.35335013  1.9055152
 -1.1146142   1.5462593   0.24604502  0.7096247   0.64396715  0.8302316
 -0.3528417   1.6638209   0.05095116 -1.2287672   0.9731278   0.3734668
  0.1441115   1.1136494   1.173018    0.17220958  1.6583204  -0.3438063
  0.8652472   1.4719288  -1.1565716   1.1339049   1.5175085   0.35193682
 -0.9053084  -0.19969621 -0.23847716 -1.1741278  -0.13237548 -1.5246639
  0.474744    2.8540304  -1.5965054   0.6655239   1.1251707   0.99532294
  0.59585816  0.40691552  1.0812112   0.2938103  -0.01562724 -0.7144083
 -0.12808391 -0.777614   -0.06281351  0.7584715   0.4715774  -1.2108548
  1.4099222   1.8304261   1.4383588   1.3760273  -0.58879036  0.7426553
 -1.1161171   0.9461486  -0.7159805  -1.081413   -1.6056154   0.88264316
 -0.0797315  -2.2589774   1.1630777   0.53672695  0.847721    0.26085213
  0.88811207 -1.246139    1.3182505   1.406972   -1.548145   -2.454415
 -0.79031646 -0.5768917   0.32426563 -1.5650389   0.27099076 -1.4394484
 -1.0752479   0.8219716  -0.11991274  0.99340117 -0.35214132  1.6485835
  1.298207    0.49904644  0.09058835  1.8475246   0.954686   -1.6598786
  1.1797267  -0.30418536  0.6289892  -1.6525964   1.5299994  -0.05194622
 -0.5279777  -1.4300588   1.3853725   0.9443422   0.6312876   0.7869078
  1.0085021   1.3916935   1.0833148  -0.7843462   2.6564631  -1.6238997
 -0.6870554  -0.754815    0.081908   -0.15697987  0.2874615   3.2184782
 -0.6904224   0.06769381  0.47446424  1.0388099  -0.99952316 -1.4802489
  0.5924958   0.0846306   0.07295036  1.3456824   1.8280092  -0.43358892
 -2.6797543   1.4363635  -0.4000365   1.6528425   2.9086163   0.4426732
  0.00434453  1.4769762   0.30613938 -0.1200529   1.5547533   0.64496064
  2.249181    0.98430955  1.35455     0.34753916  0.43990797  0.861918
 -0.48380354 -0.7607775 ]