[-0.3147405   1.4604055   0.31712523  0.78642887  0.8461175   0.08399765
  0.71245253  0.2891418  -1.3827494   0.4587698   0.03354426  2.125236
 -0.77578974 -2.3405948  -0.05572324  0.23529746 -0.8961891  -0.32696614
 -0.74244916  1.2874547   0.25430343  1.7791508  -0.40710643  0.06614753
 -0.4300222  -0.8984712   0.7645541   1.6930548  -0.7206193  -0.7553118
  0.56527793 -0.72238564 -1.1497469  -0.19972666  2.3028312   1.092573
 -1.5287305   0.2690554  -2.0393465   0.04283597 -1.7743838  -1.3621395
  0.9654125  -0.6878094   0.80967784  0.86035347 -0.42007297 -0.43982998
  0.19454867  0.88150334  0.16454597 -0.05272212 -0.205514    0.8817712
 -0.72178876  1.1490496  -0.0804426   0.6770516   0.6245832   1.2726754
 -0.7325065   1.4685904   0.0859186  -1.265563    0.82184166  0.60175884
  0.02554075  0.7489256   0.7137542   0.11623156  1.3520347  -0.47881266
  0.6065306   1.2634141  -1.0041299   0.5536432   1.0852599   0.277391
 -1.2717174  -0.17593263 -0.26603544 -0.3625279  -0.30684933 -1.1993536
  0.63819325  2.2066271  -1.1278139   0.2983417   0.4054104   0.6502323
  0.29486662  0.67697334  0.9628613   0.08322363  0.11555894 -0.36035064
  0.10498103 -0.7546417  -0.2591218   0.62670773  1.4572712  -1.5558707
  1.4617181   0.91054726  0.6355188   0.45399722 -0.58282673 -0.00652143
 -0.7251526   1.2936234   0.11154818 -1.3985249  -0.8630691   0.39089432
  0.3662229  -1.86134     1.0400823   0.5928097  -0.17050004  0.6417672
  1.2866591  -1.0585668   1.4333397   1.4384133  -1.0349964  -1.6755787
 -0.6189072  -0.48983788 -0.09789997 -0.81196856  0.46651122 -1.1684362
 -1.1611546   0.55265623 -0.18782687  0.14937207 -0.24673182  1.4496053
  1.2036179   0.12298257  0.13034143  0.89433825  1.2313901  -1.4543883
  1.2715675  -0.28235254  0.52273726 -1.292885    1.4822274  -0.08207563
 -0.2885721  -0.85819095  0.48783636  0.8074059   0.38735613  0.10985055
  1.0336108   1.5787042   1.4889241  -0.75569284  1.435314   -1.7989616
 -0.00553298 -0.66614985  0.4316118   0.15510482  0.28807965  2.3824582
 -0.43225136  0.66704804  0.21513936  0.70581144 -0.7349746  -0.6765405
  0.8562716   0.07627764 -0.04693521  1.0909032   1.1778339  -0.47799587
 -1.6344321   0.5495214  -0.5064317   1.0452713   2.4861465   0.58957595
 -0.74413645  1.7163631   0.28577712 -0.16271624  1.664697    0.24556103
  1.7784574   0.78037477  1.6377318   0.08468464  0.5972958   0.72459835
 -0.9138064   0.02829183]