[[-4.80919127e-01  1.42912984e+00  1.27424654e-01  4.89457719e-01
   1.36287000e+00  2.26233387e-01  7.81042122e-01 -3.47606728e-01
  -1.60902436e+00  5.72562254e-01  3.82944393e-01  2.16334794e+00
  -7.65343247e-01 -2.91836278e+00  1.70418257e-02  3.86531415e-01
  -6.28020457e-01 -2.01038276e-01 -1.78523906e+00  1.41365894e+00
   1.13518170e-01  2.29359663e+00 -8.03408419e-01 -1.39009577e-01
  -3.31885344e-01 -1.06203981e+00  9.72370406e-01  2.65338859e+00
  -9.77070713e-01 -6.83916778e-01  8.30226882e-01 -8.04085870e-01
  -6.30302251e-01  6.41366137e-02  2.46561882e+00  1.71356944e+00
  -1.44250179e+00  1.96045374e-01 -1.54147619e+00  3.44460433e-01
  -2.14495483e+00 -1.47668006e+00  1.87226787e+00 -2.20418158e-01
   1.11565166e+00  1.27282756e+00 -6.46670760e-01 -3.32929283e-01
   4.12064806e-01  8.68910926e-01  3.04008443e-01  2.53056039e-01
  -6.67624932e-01  1.02521296e+00 -8.98703793e-01  1.27581213e+00
  -2.13802101e-01  3.86044083e-01  4.67400004e-01  1.19153170e+00
  -5.01698330e-01  1.22716189e+00  4.90440140e-01 -1.64224703e+00
   1.73242107e-01  5.61688921e-01  7.51181679e-02  7.55985070e-01
   9.12501837e-01 -7.97256436e-02  1.78764099e+00 -9.70882823e-01
   8.50964648e-01  1.37156105e+00 -1.48682166e+00  1.39044186e+00
   1.55375046e+00  6.77049056e-02 -1.81092613e+00 -2.72029712e-01
  -3.85551698e-01 -1.01494734e+00 -7.28637080e-01 -1.39733568e+00
   1.18789931e+00  2.78466975e+00 -9.63631173e-01  8.35800373e-01
   1.08836355e+00  1.02414511e+00  3.97131412e-01  5.68947708e-01
   1.18718519e+00 -1.57730587e-01 -1.87133084e-01 -6.57256381e-01
  -6.30121135e-01 -3.61924236e-01 -4.69619729e-01  1.11258160e+00
   1.10466223e+00 -1.71105270e+00  1.79192023e+00  1.11135806e+00
   7.45713372e-01  1.14974442e+00 -1.65715509e-01  1.87052113e-01
  -1.16990818e+00  1.83058743e+00 -2.87296665e-03 -1.69299121e+00
  -1.80129821e+00  9.40698819e-01 -2.61298742e-01 -1.71440694e+00
   8.30221977e-01  6.32531149e-01  5.58677589e-01  6.10874667e-01
   1.04859014e+00 -2.11519380e+00  1.55084907e+00  1.54923358e+00
  -1.34776056e+00 -2.56365671e+00 -1.18400570e+00 -2.33730971e-01
   4.78287614e-01 -1.18538974e+00  6.32473363e-01 -1.29820857e+00
  -6.53792569e-01  8.35662997e-01 -3.84355876e-01  4.18230837e-01
  -5.09247900e-01  1.59288432e+00  1.23885855e+00  7.05628705e-01
  -1.68044231e-01  1.43675860e+00  1.49873956e+00 -1.50061695e+00
   1.33449078e+00 -5.99439574e-01  6.50676042e-01 -2.28105125e+00
   1.92052851e+00  2.34664227e-01 -3.76582261e-01 -7.84748566e-01
   1.05797882e+00  8.34145231e-01  6.92821675e-01  2.54624091e-01
   1.34991821e+00  1.84511379e+00  1.20583381e+00 -4.34652550e-01
   2.49009957e+00 -1.61425398e+00 -5.23116921e-01 -1.21040166e+00
  -9.39743837e-02 -3.28592788e-02  4.86725943e-01  3.00370788e+00
  -5.77337177e-01  7.68068080e-01  7.17118722e-01  1.26813553e+00
  -5.50357327e-01 -8.93769587e-01  5.23102231e-01  6.47611165e-02
   1.94440713e-01  1.35166879e+00  1.17532429e+00 -3.75609430e-01
  -2.17088047e+00  1.26842873e+00 -3.71162954e-01  1.37906676e+00
   3.01914714e+00  5.85208587e-01 -3.85671294e-01  1.40138019e+00
  -1.56425211e-02 -7.88418168e-01  1.68723488e+00  1.94436336e-01
   2.01465273e+00  8.67265387e-01  1.34295332e+00  1.07513792e-01
   6.04928687e-01  5.49539194e-01 -9.17858827e-01 -3.80096066e-01]]